"userid","version","sum_gamerounds","retention_1","retention_7"
116,"gate_30",3,FALSE,FALSE
337,"gate_30",38,TRUE,FALSE
377,"gate_40",165,TRUE,FALSE
483,"gate_40",1,FALSE,FALSE
488,"gate_40",179,TRUE,TRUE
540,"gate_40",187,TRUE,TRUE
1066,"gate_30",0,FALSE,FALSE
1444,"gate_40",2,FALSE,FALSE
1574,"gate_40",108,TRUE,TRUE
1587,"gate_40",153,TRUE,FALSE
1842,"gate_40",3,FALSE,TRUE
2101,"gate_30",0,FALSE,FALSE
2132,"gate_40",30,TRUE,FALSE
2179,"gate_30",39,TRUE,FALSE
2218,"gate_30",305,TRUE,TRUE
2382,"gate_30",73,TRUE,FALSE
2392,"gate_30",14,TRUE,FALSE
2451,"gate_30",204,TRUE,TRUE
2482,"gate_30",108,TRUE,TRUE
2502,"gate_40",1,FALSE,FALSE
2530,"gate_40",9,TRUE,FALSE
2534,"gate_30",5,TRUE,FALSE
2695,"gate_40",45,TRUE,FALSE
2729,"gate_30",105,FALSE,TRUE
2829,"gate_30",4,FALSE,FALSE
2963,"gate_30",3,FALSE,FALSE
3095,"gate_30",0,FALSE,FALSE
3132,"gate_40",80,TRUE,TRUE
3186,"gate_40",4,FALSE,FALSE
3199,"gate_30",5,FALSE,FALSE
3204,"gate_40",53,TRUE,TRUE
3413,"gate_30",37,TRUE,FALSE
3690,"gate_30",13,TRUE,FALSE
3696,"gate_30",50,FALSE,FALSE
3993,"gate_40",202,TRUE,TRUE
4076,"gate_40",0,FALSE,FALSE
4162,"gate_30",23,FALSE,FALSE
4176,"gate_30",0,FALSE,FALSE
4283,"gate_30",103,FALSE,FALSE
4594,"gate_30",27,FALSE,FALSE
4653,"gate_40",15,FALSE,FALSE
4881,"gate_30",0,FALSE,FALSE
4902,"gate_40",1,FALSE,FALSE
4916,"gate_40",49,TRUE,FALSE
4918,"gate_30",7,FALSE,FALSE
4929,"gate_30",386,TRUE,TRUE
4945,"gate_40",25,TRUE,FALSE
5066,"gate_30",1,FALSE,FALSE
5215,"gate_30",13,TRUE,FALSE
5286,"gate_30",12,TRUE,FALSE
5345,"gate_40",6,FALSE,FALSE
5479,"gate_30",25,TRUE,FALSE
5550,"gate_30",29,TRUE,FALSE
5661,"gate_30",136,TRUE,FALSE
5712,"gate_30",105,TRUE,TRUE
5920,"gate_40",10,TRUE,FALSE
5943,"gate_40",76,FALSE,FALSE
6099,"gate_40",138,FALSE,FALSE
6123,"gate_30",0,FALSE,FALSE
6151,"gate_30",94,TRUE,TRUE
6156,"gate_40",1,FALSE,FALSE
6492,"gate_30",0,FALSE,FALSE
6664,"gate_40",26,TRUE,FALSE
6695,"gate_40",127,TRUE,FALSE
6833,"gate_40",6,FALSE,FALSE
6842,"gate_40",4,FALSE,FALSE
6924,"gate_30",21,FALSE,FALSE
6930,"gate_40",297,TRUE,TRUE
7124,"gate_40",108,TRUE,TRUE
7253,"gate_30",45,TRUE,FALSE
7321,"gate_40",33,FALSE,FALSE
7509,"gate_40",0,FALSE,FALSE
7527,"gate_30",80,FALSE,FALSE
7564,"gate_30",21,FALSE,FALSE
7582,"gate_40",3,FALSE,FALSE
7767,"gate_30",139,TRUE,TRUE
7866,"gate_30",14,FALSE,FALSE
8063,"gate_30",50,TRUE,FALSE
8254,"gate_40",14,FALSE,FALSE
8256,"gate_40",14,FALSE,FALSE
8288,"gate_30",9,FALSE,FALSE
8317,"gate_40",3,FALSE,FALSE
8379,"gate_30",0,FALSE,FALSE
8464,"gate_30",10,FALSE,FALSE
8465,"gate_40",4,FALSE,FALSE
8494,"gate_30",5,TRUE,FALSE
8644,"gate_30",2,FALSE,FALSE
8679,"gate_30",0,FALSE,FALSE
8692,"gate_30",3,TRUE,FALSE
8753,"gate_40",10,TRUE,FALSE
8788,"gate_30",19,FALSE,TRUE
8801,"gate_40",0,FALSE,FALSE
8885,"gate_40",5,FALSE,FALSE
9001,"gate_40",16,TRUE,FALSE
9308,"gate_40",95,TRUE,FALSE
9443,"gate_40",3,FALSE,FALSE
9589,"gate_30",8,FALSE,FALSE
9699,"gate_40",8,FALSE,FALSE
9828,"gate_40",1,FALSE,FALSE
9831,"gate_40",3,FALSE,FALSE
9849,"gate_40",1,FALSE,FALSE
10112,"gate_30",6,FALSE,FALSE
10200,"gate_40",106,FALSE,TRUE
10218,"gate_30",22,TRUE,FALSE
10276,"gate_40",1,FALSE,FALSE
10336,"gate_30",11,FALSE,FALSE
10476,"gate_40",4,FALSE,FALSE
10533,"gate_40",21,FALSE,FALSE
10598,"gate_40",8,FALSE,FALSE
10636,"gate_30",246,TRUE,TRUE
10637,"gate_40",0,FALSE,FALSE
10676,"gate_40",6,FALSE,FALSE
10756,"gate_30",16,FALSE,FALSE
10884,"gate_40",49,TRUE,FALSE
11093,"gate_40",54,TRUE,TRUE
11127,"gate_30",66,TRUE,TRUE
11297,"gate_30",0,FALSE,FALSE
11411,"gate_30",122,TRUE,TRUE
11420,"gate_30",75,TRUE,FALSE
11599,"gate_30",3,FALSE,FALSE
11675,"gate_40",17,FALSE,FALSE
11747,"gate_30",1,TRUE,FALSE
11840,"gate_30",24,FALSE,FALSE
11886,"gate_30",3,FALSE,FALSE
12053,"gate_30",11,TRUE,FALSE
12067,"gate_40",7,FALSE,FALSE
12163,"gate_30",47,TRUE,FALSE
12393,"gate_40",1,FALSE,FALSE
12461,"gate_40",4,FALSE,FALSE
12523,"gate_30",31,TRUE,FALSE
12558,"gate_30",13,FALSE,FALSE
12574,"gate_30",22,TRUE,FALSE
12749,"gate_30",6,TRUE,FALSE
12905,"gate_40",1,FALSE,FALSE
12951,"gate_40",2,FALSE,FALSE
12967,"gate_30",24,TRUE,FALSE
12979,"gate_30",6,FALSE,FALSE
13133,"gate_40",6,FALSE,FALSE
13216,"gate_30",24,TRUE,FALSE
13228,"gate_40",9,FALSE,FALSE
13320,"gate_40",34,FALSE,FALSE
13321,"gate_40",56,FALSE,FALSE
13376,"gate_40",12,TRUE,FALSE
13429,"gate_30",60,FALSE,TRUE
13494,"gate_40",10,TRUE,FALSE
13633,"gate_30",67,FALSE,FALSE
13664,"gate_30",42,TRUE,TRUE
13721,"gate_40",65,TRUE,FALSE
13758,"gate_30",1,FALSE,FALSE
13806,"gate_30",4,FALSE,FALSE
13856,"gate_30",3,FALSE,FALSE
13872,"gate_30",1,FALSE,FALSE
13893,"gate_40",14,FALSE,FALSE
13969,"gate_40",42,FALSE,FALSE
14143,"gate_30",13,FALSE,FALSE
14218,"gate_30",129,FALSE,TRUE
14290,"gate_40",6,TRUE,FALSE
14296,"gate_30",37,FALSE,FALSE
14381,"gate_40",9,FALSE,FALSE
14592,"gate_30",1,FALSE,FALSE
14644,"gate_40",2,FALSE,FALSE
14834,"gate_30",27,FALSE,FALSE
15157,"gate_40",38,FALSE,FALSE
15173,"gate_30",8,FALSE,FALSE
15294,"gate_30",51,TRUE,TRUE
15489,"gate_30",5,FALSE,FALSE
15597,"gate_40",2,FALSE,FALSE
15962,"gate_30",0,FALSE,FALSE
15970,"gate_40",16,TRUE,FALSE
16096,"gate_40",0,FALSE,FALSE
16145,"gate_40",7,FALSE,FALSE
16180,"gate_30",5,FALSE,FALSE
16224,"gate_40",0,FALSE,FALSE
16454,"gate_40",11,FALSE,FALSE
16504,"gate_40",0,FALSE,FALSE
16506,"gate_30",4,TRUE,FALSE
16638,"gate_40",51,TRUE,FALSE
16696,"gate_40",5,FALSE,FALSE
17085,"gate_40",33,FALSE,FALSE
17167,"gate_30",21,FALSE,FALSE
17270,"gate_30",49,TRUE,FALSE
17422,"gate_40",2,FALSE,FALSE
17461,"gate_30",1,FALSE,FALSE
17477,"gate_30",46,TRUE,TRUE
17506,"gate_40",127,TRUE,TRUE
17554,"gate_30",1,FALSE,FALSE
17814,"gate_30",14,FALSE,FALSE
17903,"gate_40",17,FALSE,FALSE
17947,"gate_30",104,TRUE,TRUE
17995,"gate_30",6,FALSE,FALSE
18013,"gate_40",21,TRUE,FALSE
18213,"gate_40",36,TRUE,FALSE
18235,"gate_30",8,FALSE,FALSE
18374,"gate_40",53,TRUE,FALSE
18731,"gate_30",1,FALSE,FALSE
18756,"gate_30",38,TRUE,TRUE
18778,"gate_30",13,FALSE,FALSE
18827,"gate_30",20,TRUE,FALSE
18849,"gate_40",74,TRUE,TRUE
18993,"gate_40",25,TRUE,FALSE
19077,"gate_30",11,FALSE,FALSE
19091,"gate_40",1,FALSE,FALSE
19474,"gate_40",2,FALSE,FALSE
19490,"gate_30",72,TRUE,FALSE
19529,"gate_40",22,FALSE,FALSE
19537,"gate_40",2,FALSE,FALSE
19593,"gate_40",18,FALSE,FALSE
19673,"gate_40",4,FALSE,FALSE
19721,"gate_40",18,FALSE,FALSE
19728,"gate_40",79,TRUE,TRUE
19746,"gate_30",65,FALSE,TRUE
19896,"gate_40",13,TRUE,FALSE
19993,"gate_30",5,TRUE,FALSE
20005,"gate_30",4,FALSE,FALSE
20052,"gate_30",8,FALSE,FALSE
20136,"gate_30",0,FALSE,FALSE
20358,"gate_40",19,FALSE,TRUE
20365,"gate_40",6,FALSE,FALSE
20465,"gate_30",108,TRUE,FALSE
20489,"gate_40",2,FALSE,FALSE
20587,"gate_40",26,FALSE,FALSE
20591,"gate_40",2,TRUE,FALSE
20721,"gate_40",99,FALSE,TRUE
20763,"gate_30",10,FALSE,FALSE
20790,"gate_40",5,TRUE,FALSE
20832,"gate_30",13,TRUE,FALSE
20940,"gate_40",1,FALSE,FALSE
21072,"gate_40",16,FALSE,FALSE
21130,"gate_40",1,FALSE,FALSE
21137,"gate_40",91,TRUE,FALSE
21228,"gate_40",149,TRUE,TRUE
21408,"gate_30",20,TRUE,FALSE
21442,"gate_40",68,TRUE,FALSE
21755,"gate_40",12,FALSE,TRUE
22069,"gate_40",7,FALSE,FALSE
22082,"gate_40",3,FALSE,FALSE
22167,"gate_40",277,TRUE,TRUE
22299,"gate_40",493,TRUE,TRUE
22398,"gate_30",4,FALSE,FALSE
22486,"gate_40",3,FALSE,FALSE
22676,"gate_40",8,FALSE,FALSE
22919,"gate_40",1,FALSE,FALSE
22935,"gate_30",274,TRUE,TRUE
22972,"gate_30",17,FALSE,FALSE
23023,"gate_40",32,FALSE,TRUE
23026,"gate_40",1,FALSE,FALSE
23084,"gate_40",85,TRUE,TRUE
23094,"gate_40",12,FALSE,FALSE
23126,"gate_40",1,FALSE,FALSE
23270,"gate_30",8,FALSE,FALSE
23333,"gate_30",9,FALSE,FALSE
23374,"gate_30",8,TRUE,FALSE
23525,"gate_40",191,TRUE,TRUE
23702,"gate_40",115,TRUE,FALSE
23748,"gate_40",45,TRUE,FALSE
24036,"gate_40",15,FALSE,FALSE
24222,"gate_30",134,TRUE,TRUE
24302,"gate_40",19,TRUE,FALSE
24328,"gate_30",2,FALSE,FALSE
24382,"gate_30",22,TRUE,FALSE
24397,"gate_30",6,FALSE,FALSE
24981,"gate_40",18,FALSE,FALSE
25047,"gate_30",0,FALSE,FALSE
25281,"gate_30",0,FALSE,FALSE
25293,"gate_40",12,FALSE,FALSE
25332,"gate_30",152,TRUE,TRUE
25466,"gate_40",2,FALSE,FALSE
25903,"gate_30",8,TRUE,FALSE
25941,"gate_40",73,TRUE,FALSE
25958,"gate_30",0,FALSE,FALSE
26083,"gate_30",100,TRUE,TRUE
26243,"gate_40",250,TRUE,TRUE
26253,"gate_30",10,FALSE,FALSE
26466,"gate_40",13,TRUE,FALSE
26502,"gate_30",147,TRUE,TRUE
26586,"gate_30",391,TRUE,FALSE
27135,"gate_30",18,FALSE,FALSE
27163,"gate_40",23,FALSE,FALSE
27605,"gate_30",19,TRUE,FALSE
27693,"gate_30",4,FALSE,FALSE
27754,"gate_30",14,FALSE,FALSE
27759,"gate_30",61,TRUE,TRUE
27849,"gate_40",61,TRUE,FALSE
27851,"gate_40",75,TRUE,FALSE
27979,"gate_30",75,FALSE,FALSE
28025,"gate_30",57,TRUE,FALSE
28091,"gate_30",35,TRUE,FALSE
28123,"gate_30",9,FALSE,FALSE
28332,"gate_30",13,FALSE,FALSE
28405,"gate_30",1,FALSE,FALSE
28433,"gate_30",20,FALSE,FALSE
28497,"gate_40",77,TRUE,TRUE
29185,"gate_40",3,FALSE,FALSE
29311,"gate_40",7,FALSE,FALSE
29317,"gate_40",6,FALSE,FALSE
29455,"gate_30",51,TRUE,TRUE
29522,"gate_40",197,FALSE,TRUE
29658,"gate_30",2,FALSE,FALSE
29677,"gate_40",22,FALSE,FALSE
NA,"gate_40",69,TRUE,FALSE
29861,"gate_40",4,FALSE,FALSE
29999,"gate_30",260,TRUE,TRUE
30039,"gate_40",20,FALSE,FALSE
30059,"gate_30",4,FALSE,FALSE
30274,"gate_30",7,TRUE,FALSE
30277,"gate_30",0,FALSE,FALSE
30343,"gate_30",8,TRUE,TRUE
30348,"gate_30",48,TRUE,TRUE
30594,"gate_40",15,TRUE,FALSE
30631,"gate_30",61,FALSE,TRUE
30868,"gate_30",1,FALSE,FALSE
30928,"gate_30",12,TRUE,FALSE
31073,"gate_30",270,TRUE,TRUE
31151,"gate_30",59,FALSE,FALSE
31200,"gate_30",141,TRUE,FALSE
31214,"gate_30",53,FALSE,TRUE
31222,"gate_40",20,FALSE,FALSE
31638,"gate_40",16,FALSE,FALSE
31691,"gate_30",0,FALSE,FALSE
31812,"gate_30",37,TRUE,FALSE
31903,"gate_30",467,TRUE,TRUE
32292,"gate_40",25,FALSE,FALSE
32403,"gate_40",2,TRUE,FALSE
32569,"gate_40",4,FALSE,FALSE
32595,"gate_40",11,TRUE,FALSE
32642,"gate_30",40,FALSE,FALSE
32730,"gate_30",9,FALSE,FALSE
32942,"gate_40",11,TRUE,TRUE
33097,"gate_30",12,FALSE,FALSE
33126,"gate_30",6,FALSE,FALSE
33189,"gate_40",9,TRUE,FALSE
33274,"gate_40",4,FALSE,FALSE
33316,"gate_40",18,TRUE,FALSE
33445,"gate_30",77,FALSE,TRUE
33489,"gate_30",4,FALSE,FALSE
33639,"gate_40",45,TRUE,FALSE
33703,"gate_40",43,TRUE,FALSE
33794,"gate_30",3,FALSE,FALSE
33954,"gate_40",30,TRUE,FALSE
33967,"gate_30",33,TRUE,TRUE
34016,"gate_40",47,TRUE,FALSE
34022,"gate_40",72,FALSE,TRUE
34027,"gate_40",16,FALSE,FALSE
34076,"gate_40",2,FALSE,FALSE
34447,"gate_40",93,TRUE,TRUE
34469,"gate_30",222,TRUE,TRUE
34597,"gate_40",334,TRUE,TRUE
34647,"gate_40",8,FALSE,FALSE
34706,"gate_30",29,TRUE,FALSE
34842,"gate_40",27,TRUE,FALSE
34859,"gate_30",16,FALSE,FALSE
34906,"gate_30",10,TRUE,FALSE
34942,"gate_40",8,FALSE,FALSE
35027,"gate_40",58,TRUE,FALSE
35056,"gate_30",84,TRUE,FALSE
35156,"gate_30",1,FALSE,FALSE
35458,"gate_40",56,FALSE,FALSE
35460,"gate_30",43,TRUE,FALSE
35730,"gate_30",50,TRUE,FALSE
35837,"gate_30",23,TRUE,FALSE
35886,"gate_30",5,FALSE,FALSE
35922,"gate_30",21,TRUE,FALSE
36003,"gate_30",48,TRUE,FALSE
36047,"gate_40",85,TRUE,TRUE
36077,"gate_30",13,TRUE,FALSE
36279,"gate_30",41,TRUE,FALSE
36280,"gate_30",5,FALSE,FALSE
36298,"gate_40",1,FALSE,FALSE
36356,"gate_30",303,TRUE,TRUE
36513,"gate_40",18,TRUE,FALSE
36560,"gate_40",48,TRUE,FALSE
36622,"gate_30",4,TRUE,FALSE
36664,"gate_40",51,FALSE,TRUE
36673,"gate_30",5,FALSE,FALSE
36761,"gate_40",134,TRUE,TRUE
36887,"gate_40",11,TRUE,FALSE
36921,"gate_30",3,FALSE,FALSE
36997,"gate_40",9,TRUE,FALSE
37155,"gate_40",3,FALSE,FALSE
37303,"gate_30",177,TRUE,TRUE
37366,"gate_40",11,TRUE,FALSE
37461,"gate_40",20,FALSE,TRUE
37740,"gate_30",39,TRUE,TRUE
37823,"gate_30",12,TRUE,FALSE
37872,"gate_30",12,TRUE,FALSE
37994,"gate_40",2,FALSE,FALSE
38151,"gate_30",9,TRUE,FALSE
38232,"gate_30",216,TRUE,TRUE
38249,"gate_40",30,TRUE,FALSE
38292,"gate_30",9,FALSE,FALSE
39069,"gate_30",227,FALSE,FALSE
39382,"gate_30",0,FALSE,FALSE
39494,"gate_30",87,TRUE,FALSE
39531,"gate_30",71,TRUE,FALSE
39774,"gate_40",567,TRUE,TRUE
39902,"gate_40",13,TRUE,FALSE
39932,"gate_30",55,TRUE,TRUE
39993,"gate_40",14,FALSE,FALSE
40233,"gate_40",78,TRUE,FALSE
40292,"gate_30",1,FALSE,FALSE
40359,"gate_30",3,FALSE,FALSE
40378,"gate_30",552,TRUE,TRUE
40427,"gate_30",96,TRUE,FALSE
40566,"gate_30",2,FALSE,FALSE
40593,"gate_30",12,TRUE,TRUE
40630,"gate_40",99,TRUE,FALSE
40653,"gate_30",107,TRUE,FALSE
40687,"gate_30",12,FALSE,FALSE
40749,"gate_40",2,FALSE,FALSE
40812,"gate_40",2,FALSE,FALSE
41112,"gate_30",4,FALSE,FALSE
41192,"gate_30",28,FALSE,FALSE
41378,"gate_40",9,FALSE,FALSE
41795,"gate_30",136,TRUE,TRUE
41842,"gate_40",15,FALSE,FALSE
41934,"gate_40",8,FALSE,FALSE
41988,"gate_40",1,FALSE,FALSE
42077,"gate_30",12,TRUE,FALSE
42316,"gate_30",6,FALSE,FALSE
42407,"gate_30",45,FALSE,TRUE
42457,"gate_30",12,FALSE,FALSE
42688,"gate_40",13,FALSE,FALSE
42703,"gate_30",9,TRUE,FALSE
42758,"gate_40",11,TRUE,FALSE
42994,"gate_40",113,TRUE,TRUE
43091,"gate_30",6,TRUE,FALSE
43368,"gate_40",32,FALSE,FALSE
43644,"gate_30",17,TRUE,FALSE
43744,"gate_30",141,TRUE,FALSE
43757,"gate_30",28,FALSE,FALSE
44400,"gate_40",95,TRUE,FALSE
44493,"gate_40",339,TRUE,TRUE
44498,"gate_30",24,TRUE,FALSE
44591,"gate_30",5,FALSE,FALSE
44670,"gate_30",6,FALSE,FALSE
44751,"gate_30",10,FALSE,FALSE
44780,"gate_30",9,FALSE,FALSE
44910,"gate_40",6,FALSE,FALSE
45066,"gate_30",85,TRUE,FALSE
45083,"gate_40",54,FALSE,FALSE
45167,"gate_30",19,FALSE,FALSE
45694,"gate_40",6,TRUE,FALSE
45698,"gate_30",452,TRUE,TRUE
45753,"gate_30",26,TRUE,FALSE
45813,"gate_40",12,TRUE,FALSE
45895,"gate_40",2,TRUE,FALSE
45896,"gate_40",11,TRUE,FALSE
45952,"gate_40",3,FALSE,FALSE
46007,"gate_30",6,FALSE,FALSE
46022,"gate_40",7,FALSE,FALSE
46347,"gate_30",57,FALSE,FALSE
46472,"gate_40",16,FALSE,FALSE
46576,"gate_30",15,FALSE,FALSE
46624,"gate_40",148,TRUE,TRUE
46629,"gate_40",57,TRUE,FALSE
46746,"gate_40",3,TRUE,FALSE
46806,"gate_30",163,TRUE,TRUE
46919,"gate_40",47,TRUE,FALSE
46938,"gate_30",54,FALSE,FALSE
47377,"gate_40",2,FALSE,FALSE
47816,"gate_30",220,TRUE,TRUE
47822,"gate_40",63,TRUE,TRUE
47990,"gate_40",25,TRUE,FALSE
48016,"gate_30",0,FALSE,FALSE
48116,"gate_30",1,FALSE,FALSE
48130,"gate_30",2,FALSE,FALSE
48201,"gate_40",84,TRUE,TRUE
48631,"gate_40",60,FALSE,FALSE
48658,"gate_30",216,TRUE,TRUE
48677,"gate_40",17,TRUE,FALSE
48942,"gate_30",290,TRUE,TRUE
48990,"gate_40",3,FALSE,FALSE
49147,"gate_40",24,TRUE,FALSE
49311,"gate_40",5,FALSE,FALSE
49330,"gate_30",18,FALSE,FALSE
49373,"gate_30",5,FALSE,FALSE
49600,"gate_30",20,FALSE,FALSE
49811,"gate_40",9,TRUE,FALSE
49995,"gate_40",15,TRUE,FALSE
50011,"gate_40",4,FALSE,FALSE
50158,"gate_40",87,TRUE,TRUE
50237,"gate_40",86,TRUE,FALSE
50339,"gate_40",0,FALSE,FALSE
50386,"gate_40",4,FALSE,FALSE
50547,"gate_30",356,FALSE,FALSE
50665,"gate_30",10,TRUE,FALSE
50686,"gate_40",3,FALSE,TRUE
50688,"gate_30",0,FALSE,FALSE
50794,"gate_40",0,FALSE,FALSE
50811,"gate_30",3,FALSE,FALSE
50850,"gate_30",34,TRUE,TRUE
51155,"gate_30",34,FALSE,FALSE
51267,"gate_30",0,FALSE,FALSE
51295,"gate_30",117,TRUE,TRUE
51310,"gate_30",23,FALSE,TRUE
51430,"gate_30",34,TRUE,FALSE
51636,"gate_40",8,FALSE,FALSE
51641,"gate_40",20,TRUE,FALSE
51823,"gate_40",54,TRUE,TRUE
51894,"gate_30",4,FALSE,FALSE
51970,"gate_40",76,FALSE,TRUE
52100,"gate_40",55,TRUE,FALSE
52177,"gate_40",3,FALSE,FALSE
52271,"gate_40",2,FALSE,FALSE
52357,"gate_30",22,TRUE,FALSE
52420,"gate_30",15,TRUE,TRUE
52636,"gate_40",3,FALSE,FALSE
53149,"gate_40",4,FALSE,FALSE
53373,"gate_40",298,TRUE,TRUE
53393,"gate_30",338,TRUE,TRUE
53450,"gate_40",1,FALSE,FALSE
53464,"gate_40",12,FALSE,FALSE
53470,"gate_40",7,FALSE,FALSE
53597,"gate_40",5,FALSE,FALSE
53638,"gate_30",16,FALSE,FALSE
53763,"gate_30",9,TRUE,FALSE
53935,"gate_40",4,FALSE,FALSE
53996,"gate_40",115,TRUE,TRUE
54069,"gate_30",170,TRUE,TRUE
54162,"gate_30",174,TRUE,TRUE
54178,"gate_30",21,FALSE,FALSE
54244,"gate_40",4,FALSE,FALSE
54256,"gate_40",6,FALSE,FALSE
54403,"gate_30",6,FALSE,FALSE
54580,"gate_30",22,FALSE,FALSE
54617,"gate_40",12,FALSE,FALSE
54680,"gate_40",2,FALSE,FALSE
54681,"gate_40",2,FALSE,FALSE
54754,"gate_30",70,TRUE,FALSE
54776,"gate_30",0,FALSE,FALSE
54975,"gate_30",3,FALSE,FALSE
55139,"gate_30",25,FALSE,FALSE
55213,"gate_40",141,TRUE,TRUE
55250,"gate_40",47,TRUE,TRUE
55480,"gate_30",1,FALSE,FALSE
55621,"gate_30",32,FALSE,FALSE
56116,"gate_40",3,FALSE,FALSE
56237,"gate_40",10,FALSE,FALSE
56269,"gate_30",2,FALSE,FALSE
56294,"gate_40",2,TRUE,FALSE
56446,"gate_30",15,FALSE,FALSE
56496,"gate_40",543,TRUE,TRUE
56522,"gate_30",10,FALSE,FALSE
56587,"gate_40",54,TRUE,FALSE
56815,"gate_30",202,TRUE,TRUE
56895,"gate_40",2,FALSE,FALSE
56997,"gate_40",41,FALSE,FALSE
57149,"gate_30",15,FALSE,FALSE
57321,"gate_30",54,FALSE,FALSE
57334,"gate_40",5,TRUE,FALSE
57339,"gate_40",22,TRUE,FALSE
57369,"gate_40",399,TRUE,TRUE
57401,"gate_30",13,TRUE,FALSE
57429,"gate_40",29,TRUE,FALSE
57516,"gate_30",38,TRUE,TRUE
57833,"gate_40",0,FALSE,FALSE
58180,"gate_40",19,TRUE,FALSE
58189,"gate_30",23,FALSE,FALSE
58289,"gate_30",237,TRUE,TRUE
58394,"gate_40",25,TRUE,FALSE
58592,"gate_40",85,TRUE,FALSE
58700,"gate_30",0,FALSE,FALSE
58768,"gate_30",11,FALSE,FALSE
58813,"gate_40",1,FALSE,FALSE
59164,"gate_30",7,TRUE,FALSE
59395,"gate_30",33,TRUE,TRUE
59531,"gate_30",18,FALSE,FALSE
60035,"gate_40",14,FALSE,FALSE
60103,"gate_40",18,FALSE,FALSE
60160,"gate_40",11,TRUE,FALSE
60410,"gate_40",26,TRUE,FALSE
60424,"gate_30",6,FALSE,FALSE
60619,"gate_40",65,TRUE,FALSE
60929,"gate_40",16,TRUE,FALSE
60956,"gate_40",17,FALSE,FALSE
60984,"gate_30",139,FALSE,TRUE
61104,"gate_30",0,FALSE,FALSE
61245,"gate_30",24,TRUE,FALSE
61462,"gate_30",23,FALSE,FALSE
61563,"gate_30",7,FALSE,FALSE
61595,"gate_40",29,FALSE,FALSE
61609,"gate_30",4,FALSE,FALSE
61651,"gate_30",3,FALSE,FALSE
61952,"gate_30",19,FALSE,FALSE
61979,"gate_30",2,FALSE,FALSE
62084,"gate_30",12,FALSE,FALSE
62145,"gate_40",1,FALSE,FALSE
62206,"gate_30",0,FALSE,FALSE
62434,"gate_30",6,FALSE,FALSE
62437,"gate_40",5,FALSE,FALSE
62566,"gate_40",67,TRUE,FALSE
62700,"gate_40",36,TRUE,TRUE
62704,"gate_40",2,FALSE,FALSE
62879,"gate_30",1,FALSE,FALSE
63001,"gate_40",33,TRUE,FALSE
63335,"gate_30",9,TRUE,FALSE
63370,"gate_30",179,TRUE,TRUE
63473,"gate_30",1,FALSE,FALSE
63478,"gate_30",202,TRUE,TRUE
63480,"gate_30",9,TRUE,FALSE
63555,"gate_40",43,FALSE,FALSE
63617,"gate_30",902,TRUE,TRUE
63766,"gate_30",6,FALSE,FALSE
63786,"gate_40",22,FALSE,FALSE
63832,"gate_30",1,FALSE,FALSE
63889,"gate_30",9,TRUE,TRUE
63962,"gate_30",4,TRUE,FALSE
64052,"gate_30",1,FALSE,FALSE
64224,"gate_40",15,FALSE,TRUE
64235,"gate_30",1,FALSE,FALSE
64309,"gate_40",125,TRUE,FALSE
64643,"gate_40",24,FALSE,FALSE
64646,"gate_40",1,FALSE,TRUE
64792,"gate_30",269,TRUE,FALSE
64849,"gate_40",31,TRUE,FALSE
64930,"gate_30",510,TRUE,FALSE
64944,"gate_40",62,FALSE,FALSE
65032,"gate_40",5,FALSE,FALSE
65452,"gate_30",16,FALSE,FALSE
65482,"gate_40",10,FALSE,FALSE
65511,"gate_30",4,FALSE,FALSE
66120,"gate_40",28,FALSE,FALSE
66509,"gate_30",46,TRUE,FALSE
66677,"gate_40",1,FALSE,FALSE
66713,"gate_40",4,FALSE,FALSE
66947,"gate_40",13,TRUE,FALSE
67078,"gate_30",9,FALSE,FALSE
67122,"gate_30",18,FALSE,FALSE
67190,"gate_40",15,FALSE,FALSE
67193,"gate_40",1,FALSE,FALSE
67234,"gate_30",3,FALSE,FALSE
67387,"gate_30",12,FALSE,FALSE
67654,"gate_40",8,FALSE,FALSE
67829,"gate_40",0,FALSE,FALSE
67910,"gate_40",18,TRUE,FALSE
67950,"gate_30",7,FALSE,FALSE
68020,"gate_40",52,FALSE,TRUE
68112,"gate_30",0,FALSE,FALSE
68151,"gate_40",136,TRUE,FALSE
68386,"gate_30",5,FALSE,FALSE
68394,"gate_40",474,TRUE,TRUE
68406,"gate_40",5,FALSE,FALSE
68485,"gate_30",26,TRUE,FALSE
68698,"gate_40",83,TRUE,FALSE
68856,"gate_30",1,FALSE,FALSE
68887,"gate_40",1,FALSE,FALSE
68915,"gate_40",121,FALSE,FALSE
68965,"gate_40",105,TRUE,TRUE
69027,"gate_40",2,FALSE,FALSE
69050,"gate_30",20,TRUE,FALSE
69392,"gate_30",46,FALSE,FALSE
69488,"gate_30",5,FALSE,FALSE
69649,"gate_40",80,TRUE,TRUE
69870,"gate_40",210,TRUE,TRUE
69917,"gate_40",16,TRUE,FALSE
69927,"gate_30",1906,TRUE,TRUE
69998,"gate_30",16,FALSE,FALSE
70074,"gate_30",0,FALSE,FALSE
70127,"gate_30",1,FALSE,FALSE
70175,"gate_40",35,TRUE,TRUE
70294,"gate_40",199,TRUE,FALSE
70522,"gate_40",6,FALSE,FALSE
70570,"gate_30",5,FALSE,FALSE
70899,"gate_40",3,FALSE,FALSE
71062,"gate_30",25,TRUE,FALSE
71119,"gate_30",118,TRUE,TRUE
71161,"gate_40",68,TRUE,FALSE
71165,"gate_40",105,TRUE,FALSE
71205,"gate_30",5,FALSE,FALSE
71235,"gate_30",38,TRUE,FALSE
71326,"gate_40",8,FALSE,FALSE
71489,"gate_30",7,FALSE,FALSE
71635,"gate_30",4,FALSE,FALSE
71698,"gate_30",6,FALSE,FALSE
71777,"gate_40",12,FALSE,FALSE
72085,"gate_40",103,TRUE,FALSE
72164,"gate_30",259,TRUE,TRUE
72353,"gate_40",5,FALSE,FALSE
72419,"gate_40",12,TRUE,FALSE
72470,"gate_40",6,TRUE,FALSE
72555,"gate_30",298,TRUE,TRUE
72614,"gate_40",3,FALSE,FALSE
72661,"gate_40",1,FALSE,FALSE
72752,"gate_40",15,FALSE,FALSE
72813,"gate_30",6,TRUE,FALSE
72872,"gate_30",10,FALSE,FALSE
72918,"gate_40",13,FALSE,FALSE
72977,"gate_40",12,TRUE,FALSE
73378,"gate_40",34,TRUE,FALSE
73412,"gate_30",3,FALSE,FALSE
73868,"gate_40",2,FALSE,FALSE
74231,"gate_30",7,FALSE,FALSE
74276,"gate_30",24,TRUE,TRUE
74369,"gate_40",7,FALSE,FALSE
74377,"gate_30",53,TRUE,FALSE
74422,"gate_40",38,FALSE,TRUE
74568,"gate_30",11,TRUE,FALSE
75029,"gate_40",98,TRUE,FALSE
75734,"gate_40",4,FALSE,FALSE
76062,"gate_30",5,FALSE,FALSE
76089,"gate_40",3,FALSE,FALSE
76133,"gate_30",50,FALSE,FALSE
76549,"gate_30",149,FALSE,TRUE
76573,"gate_30",20,TRUE,FALSE
76598,"gate_30",1,FALSE,FALSE
76662,"gate_40",30,TRUE,FALSE
76767,"gate_40",4,FALSE,FALSE
76784,"gate_40",53,TRUE,FALSE
76895,"gate_40",5,FALSE,FALSE
76917,"gate_30",113,TRUE,FALSE
76934,"gate_40",2,FALSE,FALSE
77151,"gate_40",2,FALSE,FALSE
77172,"gate_30",0,FALSE,FALSE
77195,"gate_40",25,TRUE,FALSE
77468,"gate_30",12,FALSE,FALSE
77495,"gate_40",59,FALSE,FALSE
77644,"gate_30",15,FALSE,FALSE
77731,"gate_30",106,TRUE,TRUE
77812,"gate_40",2,FALSE,FALSE
77821,"gate_40",7,FALSE,FALSE
77837,"gate_40",6,FALSE,FALSE
77850,"gate_30",59,TRUE,FALSE
78089,"gate_30",47,FALSE,FALSE
78142,"gate_40",1,FALSE,FALSE
78183,"gate_30",34,TRUE,FALSE
78237,"gate_30",4,FALSE,FALSE
78312,"gate_30",12,FALSE,FALSE
78409,"gate_30",15,TRUE,FALSE
78563,"gate_40",32,FALSE,FALSE
78846,"gate_30",0,FALSE,FALSE
78900,"gate_30",2,FALSE,FALSE
79646,"gate_40",34,TRUE,FALSE
79890,"gate_30",11,FALSE,FALSE
79929,"gate_40",16,FALSE,FALSE
80215,"gate_40",2,FALSE,FALSE
80282,"gate_30",128,TRUE,TRUE
80485,"gate_40",9,FALSE,FALSE
80496,"gate_40",0,FALSE,FALSE
80526,"gate_30",34,FALSE,TRUE
80582,"gate_40",7,FALSE,FALSE
80618,"gate_40",7,FALSE,FALSE
80634,"gate_40",215,TRUE,TRUE
80746,"gate_30",1,FALSE,FALSE
80754,"gate_40",0,FALSE,FALSE
80860,"gate_40",231,TRUE,FALSE
80884,"gate_30",5,FALSE,FALSE
80900,"gate_40",16,FALSE,FALSE
81447,"gate_30",34,FALSE,FALSE
81480,"gate_40",2,FALSE,FALSE
81524,"gate_30",34,TRUE,FALSE
81532,"gate_30",2,FALSE,FALSE
81668,"gate_40",12,FALSE,FALSE
81959,"gate_40",6,FALSE,FALSE
82064,"gate_30",41,TRUE,FALSE
82545,"gate_40",36,FALSE,FALSE
82655,"gate_40",13,FALSE,FALSE
82753,"gate_30",3,FALSE,FALSE
82783,"gate_40",36,TRUE,TRUE
82937,"gate_40",28,FALSE,FALSE
83072,"gate_30",11,TRUE,FALSE
83080,"gate_40",12,FALSE,FALSE
83103,"gate_30",7,FALSE,FALSE
83140,"gate_40",14,FALSE,FALSE
83254,"gate_30",3,TRUE,FALSE
83309,"gate_40",0,FALSE,FALSE
83317,"gate_40",5,FALSE,FALSE
83438,"gate_40",129,TRUE,TRUE
83732,"gate_40",95,FALSE,TRUE
83798,"gate_40",96,TRUE,FALSE
84100,"gate_30",160,TRUE,FALSE
84191,"gate_30",0,FALSE,FALSE
84208,"gate_40",17,FALSE,FALSE
84406,"gate_40",24,TRUE,FALSE
84816,"gate_40",11,TRUE,FALSE
84929,"gate_40",6,FALSE,FALSE
84961,"gate_40",26,FALSE,FALSE
85007,"gate_40",110,TRUE,TRUE
85277,"gate_30",61,TRUE,TRUE
85560,"gate_30",5,FALSE,FALSE
85601,"gate_30",15,FALSE,FALSE
85805,"gate_40",3,FALSE,FALSE
86342,"gate_30",12,FALSE,FALSE
NA,"gate_40",1,FALSE,FALSE
86821,"gate_40",65,TRUE,FALSE
87098,"gate_40",2,FALSE,FALSE
87220,"gate_40",18,FALSE,FALSE
87258,"gate_40",275,TRUE,TRUE
87276,"gate_30",19,FALSE,TRUE
87410,"gate_30",26,FALSE,FALSE
87419,"gate_30",46,FALSE,FALSE
87509,"gate_40",3,FALSE,FALSE
87542,"gate_30",40,TRUE,FALSE
87640,"gate_40",13,FALSE,FALSE
87649,"gate_40",8,FALSE,FALSE
87671,"gate_40",2,FALSE,FALSE
87697,"gate_40",3,FALSE,FALSE
87728,"gate_40",4,FALSE,FALSE
87827,"gate_30",37,TRUE,FALSE
88235,"gate_40",11,FALSE,FALSE
88282,"gate_30",22,TRUE,FALSE
88361,"gate_40",55,FALSE,TRUE
88392,"gate_30",20,TRUE,FALSE
88497,"gate_30",197,TRUE,TRUE
88521,"gate_40",44,FALSE,FALSE
88907,"gate_30",133,TRUE,FALSE
89272,"gate_40",0,FALSE,FALSE
89605,"gate_40",2,FALSE,FALSE
89618,"gate_30",21,FALSE,FALSE
90120,"gate_30",2,FALSE,FALSE
90233,"gate_30",5,FALSE,FALSE
90335,"gate_40",2,FALSE,FALSE
90481,"gate_40",14,FALSE,FALSE
90566,"gate_30",0,FALSE,FALSE
90640,"gate_30",44,FALSE,TRUE
90744,"gate_30",14,FALSE,FALSE
90755,"gate_30",76,TRUE,FALSE
90892,"gate_30",52,TRUE,FALSE
90916,"gate_40",88,TRUE,TRUE
90979,"gate_30",36,TRUE,FALSE
90992,"gate_40",66,TRUE,FALSE
91010,"gate_40",70,FALSE,FALSE
91027,"gate_30",2,FALSE,FALSE
91045,"gate_40",44,FALSE,FALSE
92061,"gate_40",98,TRUE,FALSE
92161,"gate_30",18,FALSE,FALSE
92162,"gate_30",9,FALSE,FALSE
92168,"gate_40",6,FALSE,FALSE
92286,"gate_30",3,TRUE,FALSE
92463,"gate_40",2,FALSE,FALSE
92638,"gate_40",54,FALSE,FALSE
92789,"gate_40",4,FALSE,FALSE
92914,"gate_40",13,FALSE,TRUE
93014,"gate_30",0,FALSE,FALSE
93131,"gate_40",8,FALSE,FALSE
93166,"gate_30",10,TRUE,FALSE
93241,"gate_30",18,FALSE,FALSE
93289,"gate_40",0,FALSE,FALSE
93646,"gate_30",33,FALSE,FALSE
93914,"gate_40",9,FALSE,FALSE
93957,"gate_30",6,FALSE,TRUE
93997,"gate_30",2,FALSE,FALSE
94159,"gate_30",79,TRUE,TRUE
94282,"gate_40",9,FALSE,FALSE
94407,"gate_30",1,FALSE,FALSE
94455,"gate_40",35,TRUE,TRUE
94639,"gate_30",4,FALSE,FALSE
94768,"gate_30",9,FALSE,FALSE
94904,"gate_30",43,TRUE,FALSE
95033,"gate_30",42,TRUE,FALSE
95357,"gate_40",6,TRUE,TRUE
95371,"gate_30",282,TRUE,TRUE
95530,"gate_30",11,FALSE,FALSE
95696,"gate_40",42,FALSE,TRUE
95946,"gate_30",16,FALSE,FALSE
96038,"gate_40",132,FALSE,TRUE
96058,"gate_30",49,TRUE,TRUE
96076,"gate_30",95,TRUE,TRUE
96123,"gate_40",3,FALSE,FALSE
96471,"gate_30",183,TRUE,FALSE
96535,"gate_40",24,FALSE,FALSE
96561,"gate_40",112,TRUE,TRUE
96675,"gate_30",70,TRUE,TRUE
96744,"gate_30",332,TRUE,TRUE
96745,"gate_40",100,TRUE,TRUE
97019,"gate_30",3,FALSE,FALSE
97308,"gate_30",798,TRUE,TRUE
97461,"gate_40",4,FALSE,FALSE
97741,"gate_30",0,FALSE,FALSE
97754,"gate_30",27,TRUE,FALSE
97777,"gate_40",41,TRUE,FALSE
97849,"gate_30",81,TRUE,TRUE
97873,"gate_40",49,TRUE,FALSE
97971,"gate_30",142,TRUE,TRUE
98151,"gate_30",31,FALSE,FALSE
98229,"gate_30",5,TRUE,FALSE
98354,"gate_40",35,FALSE,FALSE
98592,"gate_40",4,FALSE,FALSE
98833,"gate_30",3,FALSE,FALSE
98955,"gate_30",16,FALSE,FALSE
99178,"gate_30",12,FALSE,FALSE
99252,"gate_40",48,TRUE,FALSE
99264,"gate_30",8,TRUE,FALSE
99307,"gate_40",6,TRUE,FALSE
99411,"gate_40",13,FALSE,FALSE
99583,"gate_40",35,TRUE,FALSE
99630,"gate_30",4,FALSE,FALSE
99631,"gate_40",9,TRUE,FALSE
99806,"gate_30",7,TRUE,FALSE
99912,"gate_40",27,TRUE,FALSE
99928,"gate_40",83,TRUE,FALSE
99944,"gate_40",3,FALSE,FALSE
99976,"gate_30",3,FALSE,FALSE
100026,"gate_40",3,FALSE,FALSE
100084,"gate_30",143,FALSE,TRUE
100151,"gate_40",39,TRUE,TRUE
100214,"gate_40",114,TRUE,TRUE
100367,"gate_30",71,TRUE,FALSE
100511,"gate_30",13,FALSE,FALSE
100556,"gate_40",63,TRUE,TRUE
100585,"gate_30",75,TRUE,FALSE
100807,"gate_30",27,TRUE,FALSE
100899,"gate_40",15,FALSE,FALSE
100933,"gate_30",8,FALSE,FALSE
101024,"gate_40",17,TRUE,FALSE
101041,"gate_30",95,TRUE,FALSE
101248,"gate_40",6,FALSE,FALSE
101591,"gate_30",186,TRUE,TRUE
101601,"gate_30",50,TRUE,FALSE
101664,"gate_30",129,TRUE,FALSE
101675,"gate_40",1,FALSE,FALSE
101697,"gate_40",4,TRUE,FALSE
101864,"gate_40",30,FALSE,FALSE
101880,"gate_30",1,FALSE,FALSE
101884,"gate_40",3,FALSE,FALSE
101915,"gate_30",164,TRUE,TRUE
101953,"gate_40",1,TRUE,FALSE
101961,"gate_40",9,FALSE,FALSE
102182,"gate_40",6,FALSE,FALSE
102302,"gate_40",78,FALSE,TRUE
102540,"gate_30",249,TRUE,TRUE
102573,"gate_40",34,FALSE,FALSE
102598,"gate_30",29,TRUE,FALSE
102742,"gate_40",18,TRUE,FALSE
102748,"gate_40",4,FALSE,FALSE
102753,"gate_30",14,FALSE,FALSE
102931,"gate_30",2,FALSE,FALSE
102977,"gate_30",8,FALSE,TRUE
103095,"gate_40",47,TRUE,FALSE
103308,"gate_40",3,FALSE,FALSE
103414,"gate_30",345,TRUE,FALSE
103463,"gate_40",1,FALSE,FALSE
103498,"gate_30",50,TRUE,TRUE
103555,"gate_30",13,FALSE,FALSE
103557,"gate_40",57,TRUE,FALSE
103625,"gate_30",7,FALSE,FALSE
103714,"gate_30",13,TRUE,FALSE
103804,"gate_30",27,FALSE,FALSE
104157,"gate_40",59,TRUE,FALSE
104158,"gate_40",16,TRUE,TRUE
104211,"gate_30",51,FALSE,FALSE
104553,"gate_30",4,FALSE,FALSE
104563,"gate_40",7,FALSE,FALSE
104577,"gate_30",546,TRUE,TRUE
104592,"gate_40",45,FALSE,FALSE
104686,"gate_30",28,TRUE,FALSE
104694,"gate_30",82,FALSE,TRUE
104796,"gate_30",394,TRUE,TRUE
104800,"gate_30",5,FALSE,FALSE
104899,"gate_40",227,TRUE,TRUE
104999,"gate_40",258,FALSE,TRUE
105277,"gate_30",56,TRUE,FALSE
105342,"gate_40",0,FALSE,FALSE
105632,"gate_40",52,FALSE,FALSE
105700,"gate_30",8,FALSE,FALSE
105948,"gate_30",0,FALSE,FALSE
106093,"gate_30",5,FALSE,FALSE
106422,"gate_40",8,FALSE,FALSE
106423,"gate_30",1,FALSE,FALSE
106447,"gate_30",19,TRUE,FALSE
106487,"gate_30",11,FALSE,FALSE
106523,"gate_40",6,FALSE,FALSE
106600,"gate_30",375,TRUE,TRUE
106828,"gate_30",9,FALSE,FALSE
106895,"gate_30",4,FALSE,FALSE
107040,"gate_40",57,TRUE,FALSE
107169,"gate_40",2,FALSE,FALSE
107563,"gate_30",39,FALSE,FALSE
107617,"gate_30",8,FALSE,FALSE
107662,"gate_30",1,FALSE,FALSE
107670,"gate_30",7,FALSE,FALSE
107936,"gate_40",2,FALSE,FALSE
107981,"gate_30",51,TRUE,FALSE
108052,"gate_40",4,FALSE,FALSE
108068,"gate_30",0,FALSE,FALSE
108134,"gate_30",54,FALSE,TRUE
108287,"gate_30",10,FALSE,FALSE
108303,"gate_40",11,FALSE,FALSE
108320,"gate_40",3,FALSE,FALSE
108454,"gate_30",35,FALSE,TRUE
108535,"gate_40",39,FALSE,FALSE
108608,"gate_30",7,FALSE,FALSE
108668,"gate_40",19,TRUE,FALSE
108753,"gate_40",3,TRUE,FALSE
109109,"gate_30",7,FALSE,FALSE
109111,"gate_40",6,TRUE,FALSE
109151,"gate_40",109,TRUE,FALSE
109158,"gate_40",106,TRUE,FALSE
109300,"gate_40",0,FALSE,FALSE
109366,"gate_40",158,TRUE,TRUE
109431,"gate_30",60,TRUE,FALSE
109458,"gate_40",0,FALSE,FALSE
109556,"gate_30",13,TRUE,FALSE
109578,"gate_30",35,FALSE,FALSE
109745,"gate_40",7,FALSE,FALSE
109757,"gate_30",29,TRUE,TRUE
109796,"gate_40",0,FALSE,FALSE
109838,"gate_30",9,FALSE,FALSE
109991,"gate_30",519,TRUE,TRUE
110004,"gate_30",73,TRUE,FALSE
110329,"gate_40",2,FALSE,FALSE
110479,"gate_30",0,FALSE,TRUE
110528,"gate_30",5,FALSE,FALSE
110634,"gate_30",10,FALSE,FALSE
110750,"gate_40",10,FALSE,FALSE
111162,"gate_30",5,TRUE,FALSE
111196,"gate_40",52,TRUE,FALSE
111362,"gate_40",56,TRUE,FALSE
111382,"gate_40",42,TRUE,TRUE
111496,"gate_30",26,FALSE,FALSE
111540,"gate_40",19,FALSE,FALSE
111949,"gate_30",20,TRUE,FALSE
111961,"gate_40",34,FALSE,FALSE
111981,"gate_40",1,FALSE,FALSE
112127,"gate_30",7,TRUE,FALSE
112216,"gate_40",77,FALSE,FALSE
112251,"gate_30",9,FALSE,FALSE
112355,"gate_40",0,FALSE,FALSE
112365,"gate_40",41,TRUE,FALSE
112375,"gate_30",26,TRUE,FALSE
112718,"gate_30",553,TRUE,TRUE
113086,"gate_40",11,FALSE,FALSE
113087,"gate_40",260,TRUE,TRUE
113325,"gate_30",86,TRUE,TRUE
113378,"gate_40",47,FALSE,TRUE
113462,"gate_30",175,TRUE,FALSE
113497,"gate_30",28,TRUE,FALSE
113563,"gate_30",11,FALSE,FALSE
113607,"gate_30",25,FALSE,FALSE
113621,"gate_40",44,TRUE,TRUE
113666,"gate_30",81,TRUE,TRUE
113725,"gate_40",47,TRUE,FALSE
113800,"gate_30",37,TRUE,FALSE
113888,"gate_30",11,TRUE,FALSE
114118,"gate_30",3,FALSE,FALSE
114278,"gate_30",2,FALSE,FALSE
114320,"gate_30",26,TRUE,FALSE
114360,"gate_40",2,FALSE,FALSE
114521,"gate_30",0,FALSE,FALSE
114532,"gate_30",8,FALSE,FALSE
114626,"gate_40",11,TRUE,FALSE
114859,"gate_30",23,FALSE,FALSE
114985,"gate_40",3,TRUE,FALSE
115234,"gate_30",123,FALSE,TRUE
115235,"gate_30",2,FALSE,FALSE
115498,"gate_40",104,TRUE,FALSE
115774,"gate_40",28,TRUE,FALSE
115813,"gate_40",1,FALSE,FALSE
115854,"gate_40",21,TRUE,FALSE
115980,"gate_40",3,FALSE,FALSE
116002,"gate_30",281,TRUE,TRUE
116099,"gate_40",19,TRUE,FALSE
116198,"gate_30",20,FALSE,FALSE
116247,"gate_30",240,FALSE,TRUE
116336,"gate_30",2,FALSE,FALSE
116382,"gate_40",69,TRUE,TRUE
116423,"gate_30",33,FALSE,FALSE
116430,"gate_30",15,FALSE,FALSE
116439,"gate_40",14,TRUE,FALSE
116590,"gate_30",45,TRUE,FALSE
116653,"gate_40",17,FALSE,FALSE
116793,"gate_40",275,TRUE,TRUE
116828,"gate_30",11,TRUE,FALSE
117026,"gate_30",317,TRUE,FALSE
117186,"gate_40",2,FALSE,FALSE
117195,"gate_40",1,FALSE,FALSE
117242,"gate_30",90,TRUE,FALSE
117481,"gate_30",15,TRUE,FALSE
117700,"gate_40",90,TRUE,FALSE
117728,"gate_40",14,FALSE,FALSE
117763,"gate_40",6,FALSE,FALSE
117868,"gate_30",190,TRUE,FALSE
117918,"gate_40",11,TRUE,FALSE
117992,"gate_30",142,TRUE,TRUE
118091,"gate_40",8,FALSE,FALSE
118189,"gate_30",50,FALSE,FALSE
118204,"gate_30",3,FALSE,FALSE
118555,"gate_40",6,FALSE,FALSE
118654,"gate_40",192,FALSE,TRUE
118690,"gate_30",8,FALSE,FALSE
118773,"gate_40",0,FALSE,FALSE
119142,"gate_30",28,FALSE,FALSE
119209,"gate_40",343,FALSE,TRUE
119231,"gate_30",6,TRUE,FALSE
119331,"gate_30",10,FALSE,TRUE
119464,"gate_30",2,TRUE,FALSE
119507,"gate_30",3,FALSE,FALSE
119591,"gate_40",11,FALSE,FALSE
119742,"gate_30",191,TRUE,TRUE
119784,"gate_30",2,FALSE,FALSE
120131,"gate_40",3,FALSE,FALSE
120587,"gate_30",45,FALSE,FALSE
120662,"gate_40",8,TRUE,TRUE
120664,"gate_40",20,TRUE,FALSE
120771,"gate_30",16,FALSE,FALSE
120978,"gate_30",18,FALSE,FALSE
121148,"gate_40",52,FALSE,FALSE
121179,"gate_30",3,FALSE,FALSE
121303,"gate_30",1374,TRUE,TRUE
121409,"gate_30",2,FALSE,FALSE
121431,"gate_40",3,FALSE,FALSE
121476,"gate_30",4,FALSE,FALSE
121571,"gate_30",8,FALSE,FALSE
121738,"gate_40",19,FALSE,FALSE
122133,"gate_30",3,TRUE,FALSE
122211,"gate_30",4,FALSE,FALSE
122299,"gate_40",65,FALSE,FALSE
122334,"gate_30",1,FALSE,FALSE
122533,"gate_30",199,TRUE,TRUE
122635,"gate_30",24,TRUE,FALSE
122690,"gate_40",3,FALSE,FALSE
122817,"gate_40",74,TRUE,FALSE
122975,"gate_30",197,TRUE,TRUE
122981,"gate_30",40,FALSE,FALSE
123038,"gate_40",9,FALSE,FALSE
123083,"gate_40",29,FALSE,FALSE
123121,"gate_40",66,TRUE,FALSE
123318,"gate_40",48,TRUE,FALSE
123406,"gate_40",14,FALSE,FALSE
123522,"gate_40",15,FALSE,FALSE
123638,"gate_30",50,TRUE,FALSE
123904,"gate_30",2,FALSE,FALSE
123937,"gate_40",39,TRUE,FALSE
124004,"gate_30",16,FALSE,FALSE
124022,"gate_30",6,TRUE,FALSE
124379,"gate_40",124,FALSE,TRUE
124432,"gate_40",0,FALSE,FALSE
124568,"gate_40",4,FALSE,FALSE
124702,"gate_30",93,TRUE,TRUE
124729,"gate_30",41,TRUE,FALSE
124759,"gate_30",2,FALSE,FALSE
124945,"gate_30",16,TRUE,FALSE
125019,"gate_30",8,FALSE,FALSE
125035,"gate_40",4,FALSE,FALSE
125058,"gate_30",38,TRUE,FALSE
125379,"gate_30",91,TRUE,TRUE
125416,"gate_30",19,FALSE,FALSE
125523,"gate_30",344,TRUE,TRUE
125735,"gate_40",73,FALSE,FALSE
125749,"gate_40",11,FALSE,FALSE
125752,"gate_30",2,TRUE,FALSE
125925,"gate_30",51,TRUE,FALSE
125951,"gate_30",1,FALSE,FALSE
125996,"gate_40",33,TRUE,TRUE
126043,"gate_40",142,TRUE,FALSE
126289,"gate_30",44,TRUE,FALSE
126418,"gate_40",44,TRUE,FALSE
126645,"gate_30",222,TRUE,TRUE
126812,"gate_30",11,FALSE,FALSE
126972,"gate_40",14,FALSE,FALSE
127003,"gate_40",6,FALSE,FALSE
127428,"gate_30",12,TRUE,FALSE
127467,"gate_40",15,TRUE,FALSE
127487,"gate_30",200,TRUE,TRUE
127596,"gate_40",6,TRUE,FALSE
127794,"gate_30",35,FALSE,FALSE
127814,"gate_30",3,FALSE,FALSE
127839,"gate_30",5,FALSE,TRUE
127893,"gate_30",13,FALSE,FALSE
128079,"gate_30",17,TRUE,FALSE
128334,"gate_30",3,FALSE,FALSE
128346,"gate_30",43,TRUE,FALSE
128355,"gate_40",4,TRUE,FALSE
128450,"gate_40",2,FALSE,FALSE
128547,"gate_40",64,FALSE,FALSE
128817,"gate_30",399,FALSE,TRUE
128956,"gate_30",60,TRUE,FALSE
128989,"gate_40",216,TRUE,FALSE
129110,"gate_40",42,TRUE,FALSE
129131,"gate_40",18,TRUE,FALSE
129156,"gate_40",15,FALSE,FALSE
129203,"gate_40",1,FALSE,FALSE
129208,"gate_30",14,FALSE,FALSE
129260,"gate_30",129,FALSE,TRUE
129284,"gate_40",2,FALSE,FALSE
129335,"gate_40",2,FALSE,FALSE
129391,"gate_30",26,FALSE,FALSE
129682,"gate_30",12,TRUE,FALSE
129826,"gate_40",13,FALSE,FALSE
130176,"gate_40",17,TRUE,FALSE
130250,"gate_40",13,TRUE,FALSE
130260,"gate_30",7,FALSE,FALSE
130271,"gate_30",23,TRUE,FALSE
130391,"gate_30",33,FALSE,FALSE
130412,"gate_30",38,FALSE,FALSE
130417,"gate_40",36,TRUE,TRUE
130572,"gate_40",55,TRUE,FALSE
130879,"gate_30",159,TRUE,TRUE
131233,"gate_30",11,FALSE,FALSE
131261,"gate_30",4,FALSE,FALSE
131314,"gate_30",2,FALSE,FALSE
131358,"gate_40",69,TRUE,TRUE
131740,"gate_30",74,TRUE,FALSE
132154,"gate_30",4,FALSE,FALSE
132240,"gate_30",4,FALSE,FALSE
132330,"gate_30",113,TRUE,FALSE
132503,"gate_30",1,FALSE,FALSE
132756,"gate_40",5,FALSE,FALSE
132794,"gate_40",0,FALSE,FALSE
132919,"gate_40",36,TRUE,FALSE
132928,"gate_40",139,TRUE,TRUE
132961,"gate_40",79,TRUE,FALSE
133088,"gate_30",50,TRUE,FALSE
133102,"gate_40",11,FALSE,FALSE
133577,"gate_30",331,TRUE,TRUE
133783,"gate_30",12,FALSE,FALSE
133854,"gate_40",29,TRUE,FALSE
133961,"gate_40",26,FALSE,FALSE
134380,"gate_40",117,TRUE,FALSE
134381,"gate_40",7,TRUE,FALSE
134386,"gate_40",23,FALSE,FALSE
134428,"gate_40",26,FALSE,FALSE
134595,"gate_40",2,FALSE,FALSE
134621,"gate_40",40,TRUE,FALSE
134692,"gate_30",15,FALSE,FALSE
134763,"gate_40",32,TRUE,FALSE
134875,"gate_40",10,TRUE,FALSE
134885,"gate_30",432,TRUE,TRUE
134891,"gate_40",2,FALSE,FALSE
134914,"gate_30",8,TRUE,FALSE
135084,"gate_40",16,TRUE,FALSE
135220,"gate_40",148,TRUE,TRUE
135232,"gate_30",2,FALSE,FALSE
135315,"gate_30",2,FALSE,FALSE
135435,"gate_40",1,FALSE,FALSE
135479,"gate_30",4,FALSE,FALSE
135584,"gate_30",4,FALSE,TRUE
135693,"gate_30",149,TRUE,TRUE
135739,"gate_30",13,FALSE,FALSE
135910,"gate_40",5,FALSE,FALSE
135919,"gate_30",21,FALSE,TRUE
135978,"gate_30",80,FALSE,TRUE
136109,"gate_40",1,FALSE,FALSE
136363,"gate_40",0,FALSE,FALSE
136453,"gate_30",12,FALSE,FALSE
136496,"gate_40",1,FALSE,FALSE
136506,"gate_30",9,FALSE,FALSE
136638,"gate_30",15,FALSE,FALSE
136647,"gate_30",13,FALSE,FALSE
136724,"gate_40",9,TRUE,FALSE
136945,"gate_30",12,TRUE,FALSE
137089,"gate_40",2,FALSE,FALSE
137158,"gate_30",7,FALSE,FALSE
137177,"gate_30",45,FALSE,FALSE
137354,"gate_30",18,FALSE,FALSE
137380,"gate_40",43,TRUE,TRUE
137445,"gate_40",284,TRUE,TRUE
137520,"gate_30",9,TRUE,FALSE
137546,"gate_40",5,FALSE,FALSE
137570,"gate_30",181,TRUE,TRUE
137586,"gate_40",21,TRUE,FALSE
137752,"gate_40",27,FALSE,FALSE
137865,"gate_30",39,TRUE,FALSE
137911,"gate_40",19,TRUE,TRUE
138070,"gate_40",32,TRUE,FALSE
138234,"gate_30",75,TRUE,TRUE
138257,"gate_40",0,FALSE,FALSE
138315,"gate_30",10,FALSE,FALSE
138392,"gate_40",34,TRUE,FALSE
138521,"gate_30",4,TRUE,FALSE
138561,"gate_30",22,FALSE,FALSE
138622,"gate_40",16,TRUE,FALSE
138886,"gate_30",59,TRUE,TRUE
138891,"gate_30",231,TRUE,TRUE
138918,"gate_30",2,FALSE,FALSE
139072,"gate_40",681,FALSE,TRUE
139081,"gate_40",8,FALSE,FALSE
139206,"gate_40",0,FALSE,FALSE
139211,"gate_40",3,FALSE,FALSE
139264,"gate_30",311,TRUE,TRUE
139309,"gate_40",6,FALSE,FALSE
139581,"gate_40",103,TRUE,TRUE
139772,"gate_30",80,FALSE,TRUE
139856,"gate_40",2,FALSE,FALSE
140041,"gate_30",70,TRUE,TRUE
140102,"gate_40",10,FALSE,FALSE
140335,"gate_40",3,FALSE,FALSE
140468,"gate_30",27,TRUE,FALSE
140695,"gate_40",2,FALSE,FALSE
140734,"gate_30",51,FALSE,TRUE
140907,"gate_30",81,TRUE,FALSE
141059,"gate_40",28,FALSE,FALSE
141146,"gate_40",13,FALSE,FALSE
141163,"gate_30",44,TRUE,FALSE
141256,"gate_40",10,FALSE,FALSE
141275,"gate_30",12,TRUE,FALSE
141449,"gate_40",124,FALSE,TRUE
141509,"gate_30",1,FALSE,FALSE
141613,"gate_30",23,FALSE,FALSE
141698,"gate_40",36,FALSE,FALSE
141837,"gate_30",6,FALSE,FALSE
141928,"gate_40",2,FALSE,FALSE
141967,"gate_40",3,TRUE,FALSE
142162,"gate_40",11,FALSE,FALSE
142359,"gate_40",66,TRUE,TRUE
142413,"gate_40",35,TRUE,FALSE
142456,"gate_40",9,TRUE,FALSE
142665,"gate_40",28,TRUE,FALSE
142718,"gate_30",29,TRUE,FALSE
142942,"gate_40",1,FALSE,FALSE
142964,"gate_30",3,FALSE,FALSE
142985,"gate_40",57,TRUE,TRUE
143079,"gate_40",24,FALSE,FALSE
143115,"gate_40",13,TRUE,TRUE
143123,"gate_40",4,TRUE,FALSE
143284,"gate_30",8,FALSE,FALSE
143386,"gate_30",1,FALSE,FALSE
143514,"gate_30",15,TRUE,FALSE
143691,"gate_30",10,FALSE,FALSE
143939,"gate_40",57,TRUE,FALSE
143962,"gate_40",4,FALSE,FALSE
144087,"gate_30",1,FALSE,FALSE
144110,"gate_40",0,FALSE,FALSE
144120,"gate_30",52,TRUE,FALSE
144252,"gate_30",1,FALSE,FALSE
144287,"gate_30",18,TRUE,FALSE
144430,"gate_30",3,FALSE,FALSE
144470,"gate_40",7,FALSE,FALSE
144493,"gate_40",29,FALSE,FALSE
144553,"gate_30",9,FALSE,FALSE
144571,"gate_40",87,TRUE,TRUE
144664,"gate_30",45,TRUE,FALSE
144692,"gate_30",6,FALSE,FALSE
144935,"gate_30",5,FALSE,FALSE
145093,"gate_40",25,TRUE,FALSE
145225,"gate_40",75,TRUE,TRUE
145307,"gate_40",22,TRUE,TRUE
145401,"gate_30",3,FALSE,FALSE
145539,"gate_40",1,FALSE,FALSE
145578,"gate_30",7,FALSE,FALSE
145763,"gate_40",30,FALSE,TRUE
145852,"gate_30",186,TRUE,TRUE
145917,"gate_40",3,FALSE,FALSE
145938,"gate_30",53,TRUE,FALSE
146150,"gate_30",3,TRUE,FALSE
146164,"gate_40",3,FALSE,FALSE
146269,"gate_40",29,FALSE,FALSE
146394,"gate_30",2,TRUE,FALSE
146502,"gate_30",15,TRUE,FALSE
146715,"gate_40",134,TRUE,TRUE
146772,"gate_30",2,FALSE,FALSE
146836,"gate_30",16,FALSE,FALSE
146898,"gate_30",347,TRUE,TRUE
146937,"gate_40",29,FALSE,FALSE
146981,"gate_40",12,FALSE,FALSE
147246,"gate_40",95,TRUE,FALSE
147292,"gate_40",76,FALSE,TRUE
147334,"gate_40",22,TRUE,TRUE
147450,"gate_40",6,FALSE,FALSE
147507,"gate_40",7,FALSE,FALSE
147572,"gate_40",18,TRUE,TRUE
147639,"gate_30",11,FALSE,FALSE
147685,"gate_40",71,TRUE,FALSE
147826,"gate_30",8,FALSE,FALSE
147830,"gate_40",12,TRUE,TRUE
147836,"gate_30",22,FALSE,FALSE
148012,"gate_30",6,FALSE,FALSE
148083,"gate_40",0,FALSE,FALSE
148166,"gate_30",211,TRUE,FALSE
148248,"gate_40",3,FALSE,FALSE
148254,"gate_30",10,FALSE,FALSE
148358,"gate_30",137,FALSE,TRUE
148453,"gate_40",0,FALSE,FALSE
148488,"gate_40",1,FALSE,FALSE
148574,"gate_40",1,FALSE,FALSE
148772,"gate_40",30,TRUE,FALSE
148811,"gate_40",49,FALSE,FALSE
148974,"gate_40",50,TRUE,FALSE
149244,"gate_30",0,FALSE,FALSE
149272,"gate_40",42,FALSE,TRUE
149329,"gate_30",4,FALSE,FALSE
149473,"gate_30",14,FALSE,FALSE
149574,"gate_30",60,TRUE,FALSE
149626,"gate_40",5,FALSE,FALSE
149641,"gate_30",3,FALSE,FALSE
149721,"gate_40",30,TRUE,FALSE
149805,"gate_40",35,TRUE,TRUE
149859,"gate_40",3,FALSE,FALSE
149896,"gate_40",116,TRUE,TRUE
150039,"gate_30",503,TRUE,FALSE
150056,"gate_40",70,FALSE,FALSE
150076,"gate_40",45,TRUE,TRUE
150102,"gate_40",74,TRUE,FALSE
150178,"gate_40",60,FALSE,TRUE
150398,"gate_40",169,TRUE,TRUE
150529,"gate_30",6,FALSE,FALSE
150547,"gate_40",42,FALSE,FALSE
150648,"gate_30",35,FALSE,TRUE
150818,"gate_40",43,TRUE,FALSE
150860,"gate_40",11,FALSE,FALSE
150861,"gate_40",185,TRUE,FALSE
150936,"gate_40",2,FALSE,FALSE
151171,"gate_40",21,FALSE,FALSE
151188,"gate_40",10,FALSE,FALSE
151255,"gate_40",15,TRUE,FALSE
151297,"gate_40",34,TRUE,FALSE
151354,"gate_30",27,TRUE,FALSE
151367,"gate_30",222,TRUE,TRUE
151387,"gate_40",0,FALSE,FALSE
151428,"gate_30",0,FALSE,FALSE
151543,"gate_40",20,TRUE,FALSE
151588,"gate_40",32,TRUE,TRUE
151823,"gate_30",13,FALSE,FALSE
151846,"gate_30",20,TRUE,FALSE
152136,"gate_30",3,FALSE,FALSE
152233,"gate_40",11,FALSE,FALSE
152269,"gate_40",12,FALSE,FALSE
152371,"gate_30",25,FALSE,FALSE
152596,"gate_30",31,TRUE,FALSE
152747,"gate_30",0,FALSE,FALSE
152824,"gate_40",62,TRUE,FALSE
153206,"gate_40",12,FALSE,FALSE
153448,"gate_30",3,FALSE,FALSE
153509,"gate_40",3,FALSE,FALSE
153715,"gate_40",7,FALSE,FALSE
153746,"gate_40",3,FALSE,FALSE
153879,"gate_40",3,FALSE,FALSE
153921,"gate_30",22,FALSE,FALSE
154098,"gate_40",118,TRUE,FALSE
154141,"gate_40",24,TRUE,FALSE
154165,"gate_40",4,FALSE,FALSE
154254,"gate_30",19,TRUE,FALSE
154280,"gate_40",16,FALSE,FALSE
154381,"gate_40",18,TRUE,FALSE
154392,"gate_30",28,TRUE,FALSE
154490,"gate_40",117,TRUE,TRUE
154535,"gate_30",7,TRUE,FALSE
154658,"gate_40",37,TRUE,FALSE
154666,"gate_40",20,TRUE,FALSE
154849,"gate_30",1,FALSE,FALSE
154995,"gate_40",4,FALSE,FALSE
155074,"gate_30",9,TRUE,FALSE
155505,"gate_30",23,TRUE,FALSE
155627,"gate_30",1,FALSE,FALSE
155665,"gate_40",87,TRUE,FALSE
155726,"gate_40",103,TRUE,TRUE
155827,"gate_40",29,FALSE,FALSE
155888,"gate_30",5,FALSE,FALSE
155941,"gate_40",28,FALSE,FALSE
155958,"gate_40",25,TRUE,FALSE
156189,"gate_30",16,FALSE,FALSE
156220,"gate_30",212,TRUE,TRUE
156370,"gate_30",12,FALSE,TRUE
156403,"gate_40",31,TRUE,FALSE
156485,"gate_30",5,TRUE,FALSE
156697,"gate_30",762,TRUE,TRUE
156750,"gate_30",12,FALSE,FALSE
156852,"gate_30",23,TRUE,FALSE
156990,"gate_40",49,FALSE,TRUE
157002,"gate_40",16,FALSE,FALSE
157010,"gate_30",10,FALSE,FALSE
157098,"gate_40",3,FALSE,FALSE
157124,"gate_30",3,FALSE,FALSE
157149,"gate_40",1,FALSE,FALSE
157151,"gate_30",1,FALSE,FALSE
157168,"gate_40",32,TRUE,FALSE
157385,"gate_40",3,FALSE,FALSE
157553,"gate_30",24,TRUE,TRUE
157584,"gate_30",62,TRUE,FALSE
157624,"gate_40",16,TRUE,FALSE
157879,"gate_40",313,TRUE,TRUE
157929,"gate_40",21,FALSE,FALSE
158094,"gate_30",42,TRUE,FALSE
158279,"gate_30",2,FALSE,FALSE
158375,"gate_40",16,TRUE,FALSE
158459,"gate_40",57,TRUE,TRUE
158501,"gate_40",8,FALSE,FALSE
158595,"gate_40",33,TRUE,FALSE
158623,"gate_40",1,FALSE,FALSE
158679,"gate_30",43,TRUE,FALSE
158710,"gate_30",0,FALSE,FALSE
158820,"gate_40",294,TRUE,FALSE
159013,"gate_30",4,FALSE,FALSE
159030,"gate_30",0,FALSE,FALSE
159050,"gate_30",16,TRUE,FALSE
159068,"gate_30",37,FALSE,FALSE
159201,"gate_30",5,FALSE,FALSE
159273,"gate_30",2,FALSE,FALSE
159335,"gate_40",17,TRUE,FALSE
159569,"gate_40",41,TRUE,FALSE
159606,"gate_40",3,FALSE,FALSE
159637,"gate_30",2,FALSE,FALSE
159790,"gate_30",6,FALSE,FALSE
159811,"gate_30",12,FALSE,FALSE
159871,"gate_40",141,TRUE,FALSE
159887,"gate_30",15,FALSE,FALSE
159961,"gate_40",5,FALSE,FALSE
160149,"gate_30",3,FALSE,FALSE
160152,"gate_30",44,FALSE,FALSE
160169,"gate_30",4,FALSE,FALSE
160191,"gate_30",58,TRUE,FALSE
160268,"gate_30",384,TRUE,TRUE
160315,"gate_30",41,TRUE,FALSE
160475,"gate_40",0,FALSE,FALSE
160706,"gate_30",32,TRUE,FALSE
160982,"gate_40",21,TRUE,FALSE
161056,"gate_40",4,FALSE,FALSE
161358,"gate_40",12,TRUE,FALSE
161890,"gate_40",2,FALSE,FALSE
161945,"gate_40",9,TRUE,FALSE
161999,"gate_30",8,FALSE,TRUE
162054,"gate_30",16,FALSE,FALSE
162085,"gate_30",253,TRUE,TRUE
162166,"gate_30",9,TRUE,FALSE
162205,"gate_30",35,TRUE,TRUE
162303,"gate_30",2,FALSE,FALSE
162399,"gate_40",13,FALSE,FALSE
162493,"gate_30",0,FALSE,FALSE
162877,"gate_30",14,FALSE,FALSE
163067,"gate_40",32,TRUE,FALSE
163075,"gate_40",93,TRUE,TRUE
163117,"gate_40",4,FALSE,FALSE
163195,"gate_40",109,TRUE,TRUE
163209,"gate_30",53,FALSE,TRUE
163279,"gate_40",79,TRUE,FALSE
163504,"gate_30",0,FALSE,FALSE
163607,"gate_40",12,FALSE,FALSE
163689,"gate_40",331,TRUE,TRUE
163693,"gate_30",9,FALSE,FALSE
163794,"gate_30",12,TRUE,FALSE
163912,"gate_40",114,TRUE,FALSE
164005,"gate_30",2,FALSE,FALSE
164057,"gate_40",30,TRUE,FALSE
164270,"gate_40",1,FALSE,FALSE
164319,"gate_30",144,TRUE,FALSE
164380,"gate_40",0,FALSE,FALSE
164413,"gate_30",64,TRUE,FALSE
164652,"gate_40",59,TRUE,FALSE
164711,"gate_30",6,TRUE,FALSE
164951,"gate_40",1,FALSE,FALSE
165037,"gate_40",10,FALSE,FALSE
165122,"gate_40",15,FALSE,FALSE
165459,"gate_40",1,FALSE,FALSE
165507,"gate_40",15,FALSE,FALSE
165565,"gate_30",409,TRUE,TRUE
165633,"gate_30",45,TRUE,FALSE
165643,"gate_40",19,FALSE,FALSE
165807,"gate_40",8,TRUE,FALSE
165902,"gate_30",6,FALSE,FALSE
165967,"gate_40",56,FALSE,FALSE
165990,"gate_40",28,TRUE,FALSE
166021,"gate_30",6,FALSE,FALSE
166026,"gate_30",4,FALSE,FALSE
166189,"gate_40",0,FALSE,FALSE
166349,"gate_30",75,FALSE,TRUE
166402,"gate_40",22,TRUE,TRUE
166505,"gate_30",3,FALSE,FALSE
166549,"gate_40",5,FALSE,FALSE
166647,"gate_40",6,FALSE,FALSE
166818,"gate_40",14,FALSE,FALSE
166972,"gate_40",83,TRUE,FALSE
167030,"gate_30",5,FALSE,TRUE
167120,"gate_30",32,TRUE,TRUE
167220,"gate_40",31,FALSE,FALSE
167311,"gate_40",1,FALSE,FALSE
167424,"gate_40",1,FALSE,FALSE
167446,"gate_30",343,FALSE,TRUE
167447,"gate_30",3,FALSE,FALSE
167625,"gate_40",37,TRUE,FALSE
167993,"gate_30",0,FALSE,FALSE
168124,"gate_40",10,FALSE,FALSE
168191,"gate_30",62,TRUE,TRUE
168212,"gate_30",8,FALSE,FALSE
168425,"gate_40",18,FALSE,FALSE
168439,"gate_40",16,FALSE,FALSE
168613,"gate_30",21,TRUE,FALSE
168648,"gate_30",75,TRUE,FALSE
168732,"gate_30",168,FALSE,TRUE
168790,"gate_40",5,FALSE,FALSE
168885,"gate_40",6,FALSE,FALSE
169163,"gate_30",2,FALSE,FALSE
169254,"gate_30",327,TRUE,FALSE
169278,"gate_30",39,TRUE,FALSE
169330,"gate_40",3,FALSE,FALSE
169714,"gate_30",4,TRUE,FALSE
169909,"gate_30",14,FALSE,FALSE
170045,"gate_40",133,TRUE,TRUE
170086,"gate_40",3,FALSE,FALSE
170171,"gate_30",379,TRUE,TRUE
170172,"gate_30",43,TRUE,FALSE
170266,"gate_40",15,FALSE,FALSE
170496,"gate_30",68,TRUE,FALSE
170502,"gate_40",337,TRUE,TRUE
170510,"gate_40",5,FALSE,FALSE
170619,"gate_30",3,FALSE,FALSE
170811,"gate_40",0,FALSE,FALSE
170887,"gate_40",13,FALSE,FALSE
171130,"gate_30",9,TRUE,FALSE
171285,"gate_40",94,TRUE,FALSE
171406,"gate_30",470,TRUE,TRUE
171635,"gate_40",7,FALSE,FALSE
171875,"gate_30",105,TRUE,TRUE
171972,"gate_40",62,FALSE,TRUE
172077,"gate_30",4,FALSE,FALSE
172138,"gate_40",12,FALSE,FALSE
172353,"gate_30",15,TRUE,FALSE
172381,"gate_40",44,TRUE,FALSE
172400,"gate_40",6,TRUE,FALSE
172857,"gate_30",73,TRUE,TRUE
173039,"gate_30",32,TRUE,FALSE
173129,"gate_40",69,TRUE,TRUE
173351,"gate_40",27,TRUE,FALSE
173419,"gate_40",51,FALSE,FALSE
173478,"gate_40",378,TRUE,TRUE
173654,"gate_30",14,FALSE,FALSE
173708,"gate_40",288,TRUE,TRUE
173971,"gate_30",44,FALSE,FALSE
173991,"gate_30",22,FALSE,FALSE
174156,"gate_40",1,FALSE,FALSE
174194,"gate_40",37,FALSE,FALSE
174195,"gate_40",18,FALSE,FALSE
174304,"gate_40",81,TRUE,TRUE
174328,"gate_30",33,TRUE,TRUE
174426,"gate_30",0,FALSE,FALSE
174807,"gate_30",128,TRUE,FALSE
174817,"gate_40",6,FALSE,FALSE
174841,"gate_30",6,FALSE,FALSE
174944,"gate_40",3,FALSE,FALSE
175086,"gate_30",0,FALSE,FALSE
175124,"gate_30",7,TRUE,FALSE
175200,"gate_30",20,TRUE,FALSE
175324,"gate_40",13,TRUE,FALSE
175412,"gate_30",64,FALSE,FALSE
175561,"gate_40",435,TRUE,TRUE
175628,"gate_30",21,FALSE,FALSE
175831,"gate_40",138,TRUE,FALSE
176021,"gate_40",229,TRUE,TRUE
176027,"gate_40",3,FALSE,FALSE
176094,"gate_30",7,FALSE,FALSE
176322,"gate_30",8,TRUE,FALSE
176347,"gate_30",6,FALSE,FALSE
176487,"gate_30",19,FALSE,FALSE
176813,"gate_30",8,TRUE,FALSE
176905,"gate_30",19,TRUE,FALSE
177192,"gate_40",11,FALSE,TRUE
177321,"gate_30",7,FALSE,FALSE
177328,"gate_30",23,TRUE,FALSE
177337,"gate_40",10,TRUE,FALSE
177373,"gate_40",1,FALSE,FALSE
177454,"gate_30",65,TRUE,TRUE
177463,"gate_40",8,FALSE,FALSE
177477,"gate_40",36,TRUE,FALSE
177685,"gate_40",9,FALSE,FALSE
177932,"gate_30",5,FALSE,FALSE
178129,"gate_40",84,TRUE,FALSE
178169,"gate_40",13,TRUE,FALSE
178234,"gate_30",1,FALSE,FALSE
178260,"gate_30",47,TRUE,FALSE
178587,"gate_40",75,TRUE,FALSE
178610,"gate_30",62,TRUE,FALSE
178620,"gate_30",8,FALSE,FALSE
178805,"gate_40",34,FALSE,FALSE
178912,"gate_30",1,FALSE,FALSE
179102,"gate_30",210,TRUE,TRUE
179208,"gate_30",9,FALSE,FALSE
179221,"gate_40",31,TRUE,FALSE
179233,"gate_40",9,FALSE,FALSE
179386,"gate_40",27,TRUE,FALSE
179551,"gate_40",14,TRUE,FALSE
179716,"gate_40",5,FALSE,FALSE
179795,"gate_30",402,TRUE,TRUE
179891,"gate_40",19,TRUE,FALSE
179911,"gate_30",174,TRUE,TRUE
179952,"gate_30",14,FALSE,FALSE
179959,"gate_30",388,TRUE,TRUE
180120,"gate_40",114,TRUE,TRUE
180459,"gate_40",9,FALSE,FALSE
180683,"gate_40",51,TRUE,FALSE
180746,"gate_40",9,FALSE,FALSE
180914,"gate_30",255,TRUE,TRUE
180998,"gate_40",14,FALSE,FALSE
181059,"gate_40",15,FALSE,FALSE
181212,"gate_40",80,TRUE,TRUE
181392,"gate_30",36,FALSE,FALSE
181483,"gate_40",4,FALSE,FALSE
181490,"gate_40",0,FALSE,FALSE
181853,"gate_40",1,FALSE,FALSE
181945,"gate_30",1,FALSE,FALSE
181949,"gate_30",1,FALSE,FALSE
182050,"gate_40",5,FALSE,FALSE
182059,"gate_30",15,FALSE,FALSE
182082,"gate_40",0,FALSE,FALSE
182201,"gate_30",320,TRUE,TRUE
182272,"gate_40",10,TRUE,FALSE
182400,"gate_30",20,TRUE,FALSE
182409,"gate_40",2,FALSE,FALSE
182517,"gate_30",11,FALSE,TRUE
182550,"gate_40",9,TRUE,FALSE
182749,"gate_30",17,FALSE,FALSE
183329,"gate_30",46,TRUE,TRUE
183550,"gate_30",1,FALSE,FALSE
183591,"gate_40",1,FALSE,FALSE
183738,"gate_30",52,FALSE,FALSE
183758,"gate_30",23,TRUE,FALSE
183971,"gate_30",5,FALSE,FALSE
184071,"gate_30",5,FALSE,FALSE
184112,"gate_40",14,FALSE,FALSE
184265,"gate_40",28,TRUE,FALSE
184342,"gate_30",2,FALSE,FALSE
184819,"gate_30",13,FALSE,FALSE
184871,"gate_40",256,TRUE,TRUE
184938,"gate_40",5,FALSE,FALSE
185021,"gate_30",17,TRUE,FALSE
185056,"gate_30",143,TRUE,TRUE
185074,"gate_40",12,TRUE,FALSE
185137,"gate_40",0,FALSE,FALSE
185157,"gate_40",17,FALSE,FALSE
185368,"gate_30",52,FALSE,FALSE
185512,"gate_40",934,TRUE,TRUE
185666,"gate_40",292,TRUE,TRUE
185728,"gate_40",26,FALSE,FALSE
185735,"gate_30",1,TRUE,FALSE
185777,"gate_40",1,FALSE,FALSE
185984,"gate_30",41,TRUE,FALSE
186065,"gate_30",18,FALSE,FALSE
186070,"gate_40",32,TRUE,FALSE
186071,"gate_30",48,TRUE,FALSE
186160,"gate_30",1,FALSE,FALSE
186354,"gate_40",0,FALSE,FALSE
186386,"gate_30",18,FALSE,TRUE
186465,"gate_30",2,FALSE,FALSE
186532,"gate_40",1,FALSE,FALSE
186621,"gate_40",43,TRUE,FALSE
186768,"gate_40",33,TRUE,FALSE
186790,"gate_30",5,FALSE,FALSE
186890,"gate_30",1,FALSE,FALSE
187084,"gate_30",69,TRUE,FALSE
187168,"gate_40",8,FALSE,FALSE
187424,"gate_40",15,TRUE,FALSE
187680,"gate_40",83,FALSE,FALSE
187709,"gate_40",3,FALSE,FALSE
188036,"gate_30",2,FALSE,FALSE
188051,"gate_30",8,FALSE,FALSE
188113,"gate_30",5,FALSE,FALSE
188134,"gate_40",3,TRUE,FALSE
188592,"gate_40",22,FALSE,FALSE
188683,"gate_40",30,FALSE,FALSE
188801,"gate_30",4,FALSE,FALSE
188805,"gate_30",84,FALSE,FALSE
188813,"gate_30",27,TRUE,FALSE
188880,"gate_30",163,FALSE,FALSE
189024,"gate_40",2,TRUE,FALSE
189066,"gate_40",61,TRUE,FALSE
189098,"gate_30",35,TRUE,FALSE
189102,"gate_30",7,FALSE,FALSE
189116,"gate_30",129,TRUE,FALSE
189329,"gate_40",5,FALSE,FALSE
189473,"gate_30",16,TRUE,FALSE
189553,"gate_40",13,TRUE,FALSE
189748,"gate_40",9,FALSE,FALSE
189970,"gate_40",104,TRUE,FALSE
190092,"gate_30",1,FALSE,FALSE
190151,"gate_30",36,TRUE,FALSE
190211,"gate_30",11,TRUE,FALSE
190226,"gate_40",63,TRUE,FALSE
190245,"gate_40",4,FALSE,FALSE
190265,"gate_40",19,FALSE,FALSE
190421,"gate_40",294,TRUE,TRUE
190424,"gate_30",2,TRUE,FALSE
190570,"gate_30",7,TRUE,FALSE
190691,"gate_30",38,TRUE,FALSE
190695,"gate_30",12,FALSE,FALSE
190740,"gate_40",5,FALSE,FALSE
190832,"gate_40",64,TRUE,TRUE
190851,"gate_40",7,FALSE,FALSE
190942,"gate_40",62,FALSE,TRUE
190985,"gate_30",6,FALSE,TRUE
191098,"gate_40",12,FALSE,FALSE
191123,"gate_30",1,FALSE,FALSE
191259,"gate_30",155,TRUE,TRUE
191329,"gate_40",1,FALSE,FALSE
191357,"gate_40",64,FALSE,FALSE
191440,"gate_30",56,TRUE,FALSE
191952,"gate_40",462,FALSE,TRUE
192195,"gate_30",4,FALSE,FALSE
192199,"gate_30",12,TRUE,FALSE
192237,"gate_30",4,FALSE,FALSE
192338,"gate_30",57,TRUE,FALSE
192398,"gate_30",41,TRUE,TRUE
192424,"gate_40",181,TRUE,TRUE
192506,"gate_40",65,TRUE,FALSE
192641,"gate_40",4,FALSE,FALSE
192863,"gate_40",15,FALSE,FALSE
192877,"gate_30",11,FALSE,FALSE
193023,"gate_40",28,FALSE,TRUE
193180,"gate_40",11,FALSE,FALSE
193226,"gate_30",89,TRUE,TRUE
193252,"gate_30",34,TRUE,FALSE
193406,"gate_30",10,FALSE,FALSE
193423,"gate_30",24,TRUE,FALSE
193471,"gate_40",20,TRUE,FALSE
193572,"gate_30",1,FALSE,FALSE
193660,"gate_30",2,TRUE,FALSE
194165,"gate_40",6,TRUE,FALSE
194177,"gate_40",22,TRUE,FALSE
194208,"gate_30",37,TRUE,FALSE
194228,"gate_30",28,TRUE,FALSE
194528,"gate_30",1,FALSE,FALSE
195031,"gate_30",153,TRUE,FALSE
195134,"gate_30",33,TRUE,FALSE
195218,"gate_40",6,TRUE,FALSE
195475,"gate_40",2,FALSE,FALSE
195667,"gate_40",17,FALSE,FALSE
195673,"gate_30",89,TRUE,TRUE
195721,"gate_30",9,TRUE,FALSE
195752,"gate_30",18,FALSE,FALSE
195806,"gate_30",30,TRUE,FALSE
196020,"gate_40",41,FALSE,FALSE
196073,"gate_30",53,TRUE,TRUE
196293,"gate_40",133,TRUE,TRUE
196344,"gate_30",217,TRUE,TRUE
196451,"gate_40",8,FALSE,FALSE
196526,"gate_40",6,TRUE,FALSE
196639,"gate_40",5,FALSE,FALSE
196687,"gate_40",6,FALSE,FALSE
197207,"gate_40",19,FALSE,FALSE
197217,"gate_30",9,FALSE,FALSE
197348,"gate_30",13,FALSE,FALSE
197645,"gate_30",6,TRUE,FALSE
197765,"gate_40",39,TRUE,FALSE
197798,"gate_30",7,FALSE,FALSE
197807,"gate_40",1,FALSE,FALSE
197915,"gate_30",299,TRUE,TRUE
198005,"gate_40",99,TRUE,FALSE
198189,"gate_30",6,FALSE,FALSE
198209,"gate_40",5,FALSE,FALSE
198250,"gate_40",2,FALSE,FALSE
198256,"gate_40",17,TRUE,FALSE
198271,"gate_30",1,TRUE,FALSE
198390,"gate_30",59,FALSE,TRUE
198415,"gate_40",13,FALSE,FALSE
198473,"gate_40",39,TRUE,FALSE
198741,"gate_30",13,FALSE,FALSE
198750,"gate_40",41,TRUE,TRUE
198783,"gate_30",7,FALSE,FALSE
198901,"gate_30",35,TRUE,FALSE
198914,"gate_40",14,TRUE,FALSE
198960,"gate_40",17,FALSE,FALSE
199083,"gate_30",4,TRUE,FALSE
199150,"gate_30",0,FALSE,FALSE
199739,"gate_40",196,TRUE,FALSE
199869,"gate_30",284,TRUE,TRUE
199912,"gate_30",15,FALSE,FALSE
199929,"gate_40",59,TRUE,TRUE
200006,"gate_30",18,TRUE,FALSE
200073,"gate_30",21,TRUE,FALSE
200267,"gate_40",2,FALSE,FALSE
200398,"gate_40",88,TRUE,TRUE
200463,"gate_40",393,TRUE,TRUE
200499,"gate_40",159,TRUE,FALSE
200587,"gate_30",40,TRUE,TRUE
200615,"gate_40",15,TRUE,FALSE
200873,"gate_40",25,FALSE,FALSE
200915,"gate_40",1,FALSE,FALSE
201136,"gate_40",2,FALSE,FALSE
201194,"gate_40",35,TRUE,FALSE
201344,"gate_30",32,TRUE,FALSE
201345,"gate_40",25,FALSE,FALSE
201516,"gate_30",37,TRUE,FALSE
201538,"gate_40",20,TRUE,FALSE
201717,"gate_30",9,FALSE,FALSE
201766,"gate_30",34,TRUE,TRUE
201830,"gate_40",1,FALSE,FALSE
201868,"gate_40",2,FALSE,FALSE
201901,"gate_30",7,FALSE,FALSE
201975,"gate_40",65,FALSE,FALSE
202226,"gate_30",29,FALSE,TRUE
202542,"gate_30",26,TRUE,FALSE
202730,"gate_40",6,FALSE,FALSE
202881,"gate_40",17,FALSE,FALSE
202935,"gate_30",1,FALSE,FALSE
202938,"gate_30",1,FALSE,FALSE
202961,"gate_40",24,FALSE,FALSE
203165,"gate_30",0,TRUE,FALSE
203342,"gate_30",0,FALSE,FALSE
203401,"gate_40",2,FALSE,FALSE
203427,"gate_40",40,TRUE,TRUE
203446,"gate_40",61,TRUE,FALSE
203623,"gate_40",123,TRUE,FALSE
203639,"gate_30",3,FALSE,FALSE
203696,"gate_30",19,FALSE,FALSE
203804,"gate_30",85,TRUE,FALSE
203880,"gate_40",23,TRUE,FALSE
203926,"gate_30",1,FALSE,FALSE
203970,"gate_40",18,TRUE,FALSE
204002,"gate_40",1,FALSE,FALSE
204018,"gate_40",33,TRUE,FALSE
204040,"gate_40",4,FALSE,FALSE
204061,"gate_40",24,FALSE,FALSE
204106,"gate_40",91,TRUE,FALSE
204229,"gate_40",17,TRUE,FALSE
204244,"gate_40",2,FALSE,FALSE
204251,"gate_30",750,TRUE,TRUE
204307,"gate_30",36,TRUE,FALSE
204517,"gate_40",4,FALSE,FALSE
204652,"gate_30",1,FALSE,FALSE
204714,"gate_40",24,FALSE,FALSE
204809,"gate_40",67,FALSE,TRUE
204843,"gate_30",7,FALSE,FALSE
204870,"gate_40",16,TRUE,FALSE
204957,"gate_40",2,FALSE,FALSE
205049,"gate_30",10,FALSE,FALSE
205112,"gate_40",459,TRUE,TRUE
205146,"gate_40",261,TRUE,TRUE
205306,"gate_30",5,FALSE,FALSE
205322,"gate_30",71,FALSE,FALSE
205475,"gate_40",109,TRUE,TRUE
205674,"gate_40",35,TRUE,FALSE
205840,"gate_30",49,TRUE,FALSE
205855,"gate_30",169,TRUE,TRUE
205881,"gate_30",45,TRUE,FALSE
205938,"gate_30",29,TRUE,FALSE
205958,"gate_40",5,FALSE,FALSE
205965,"gate_30",11,TRUE,FALSE
206431,"gate_40",208,TRUE,TRUE
206635,"gate_40",15,FALSE,FALSE
206819,"gate_30",12,FALSE,FALSE
206857,"gate_30",17,FALSE,FALSE
206963,"gate_30",23,TRUE,FALSE
206979,"gate_30",35,TRUE,FALSE
207006,"gate_40",8,TRUE,FALSE
207058,"gate_40",1,FALSE,FALSE
207142,"gate_30",70,TRUE,FALSE
207282,"gate_30",13,FALSE,FALSE
207388,"gate_40",6,FALSE,FALSE
207538,"gate_40",4,FALSE,FALSE
207551,"gate_30",121,TRUE,FALSE
207557,"gate_40",10,TRUE,FALSE
207657,"gate_30",9,FALSE,FALSE
208374,"gate_40",7,FALSE,FALSE
208389,"gate_30",3,FALSE,FALSE
208509,"gate_40",2,FALSE,FALSE
208551,"gate_30",131,TRUE,TRUE
208564,"gate_30",226,TRUE,TRUE
208764,"gate_40",38,TRUE,FALSE
208900,"gate_30",29,TRUE,FALSE
208979,"gate_40",16,FALSE,FALSE
208993,"gate_40",10,TRUE,FALSE
209045,"gate_40",11,TRUE,FALSE
209143,"gate_40",26,TRUE,FALSE
209187,"gate_30",47,FALSE,FALSE
209281,"gate_30",0,FALSE,FALSE
209488,"gate_30",0,FALSE,FALSE
209635,"gate_40",1,FALSE,FALSE
209644,"gate_40",179,TRUE,TRUE
209854,"gate_30",61,FALSE,TRUE
209988,"gate_30",13,TRUE,FALSE
210186,"gate_30",6,FALSE,FALSE
210202,"gate_40",6,FALSE,FALSE
210220,"gate_30",6,TRUE,TRUE
210382,"gate_40",19,TRUE,FALSE
210466,"gate_40",1,FALSE,FALSE
210755,"gate_30",3,FALSE,FALSE
210788,"gate_40",6,TRUE,FALSE
210950,"gate_40",12,FALSE,FALSE
210999,"gate_40",4,FALSE,TRUE
211052,"gate_30",1,FALSE,FALSE
211196,"gate_30",0,FALSE,FALSE
211268,"gate_40",2,FALSE,FALSE
211929,"gate_40",4,FALSE,FALSE
211975,"gate_30",16,FALSE,FALSE
211983,"gate_30",99,TRUE,TRUE
212109,"gate_30",58,TRUE,TRUE
212274,"gate_30",1,FALSE,FALSE
212303,"gate_40",1,FALSE,FALSE
212517,"gate_40",275,TRUE,TRUE
212581,"gate_40",14,FALSE,FALSE
212593,"gate_40",83,TRUE,FALSE
212771,"gate_30",3,FALSE,FALSE
213035,"gate_40",784,FALSE,TRUE
213040,"gate_30",5,FALSE,FALSE
213336,"gate_30",38,FALSE,TRUE
213350,"gate_40",141,TRUE,TRUE
213447,"gate_40",1,FALSE,FALSE
213526,"gate_40",152,TRUE,TRUE
213624,"gate_30",4,FALSE,FALSE
213632,"gate_30",12,FALSE,FALSE
213633,"gate_30",32,FALSE,FALSE
213843,"gate_30",13,FALSE,FALSE
213919,"gate_30",41,FALSE,FALSE
214005,"gate_30",21,FALSE,FALSE
214048,"gate_40",5,TRUE,FALSE
214056,"gate_40",36,FALSE,FALSE
214300,"gate_40",131,TRUE,TRUE
214344,"gate_40",67,TRUE,FALSE
214469,"gate_30",19,TRUE,FALSE
214481,"gate_30",5,FALSE,FALSE
214494,"gate_40",30,TRUE,FALSE
214681,"gate_40",60,FALSE,TRUE
214700,"gate_40",0,FALSE,FALSE
214785,"gate_30",7,FALSE,FALSE
214948,"gate_40",4,FALSE,FALSE
215092,"gate_30",1,FALSE,FALSE
215131,"gate_40",7,TRUE,FALSE
215241,"gate_30",33,FALSE,FALSE
215414,"gate_30",2,FALSE,FALSE
215434,"gate_40",5,TRUE,FALSE
215467,"gate_40",30,FALSE,FALSE
215597,"gate_40",19,TRUE,FALSE
215764,"gate_30",314,TRUE,TRUE
215813,"gate_40",4,FALSE,FALSE
215869,"gate_40",3,FALSE,FALSE
216089,"gate_30",5,FALSE,FALSE
216143,"gate_40",8,FALSE,FALSE
216159,"gate_40",5,FALSE,FALSE
216304,"gate_30",32,TRUE,FALSE
216581,"gate_40",7,FALSE,FALSE
216630,"gate_40",71,TRUE,FALSE
216907,"gate_30",5,TRUE,FALSE
216922,"gate_30",0,FALSE,FALSE
216947,"gate_30",59,FALSE,FALSE
217252,"gate_30",22,FALSE,FALSE
217510,"gate_30",101,TRUE,FALSE
217616,"gate_30",14,FALSE,FALSE
217752,"gate_40",6,FALSE,FALSE
217973,"gate_30",0,FALSE,FALSE
218080,"gate_30",9,FALSE,FALSE
218278,"gate_40",77,TRUE,FALSE
218349,"gate_40",15,FALSE,FALSE
218428,"gate_30",9,FALSE,FALSE
218483,"gate_30",34,TRUE,FALSE
218491,"gate_30",60,TRUE,FALSE
218725,"gate_40",195,TRUE,FALSE
218784,"gate_30",10,TRUE,FALSE
218785,"gate_40",469,TRUE,TRUE
219102,"gate_30",55,TRUE,FALSE
219299,"gate_30",75,TRUE,FALSE
219443,"gate_30",18,FALSE,FALSE
219691,"gate_40",6,FALSE,FALSE
219723,"gate_40",75,FALSE,FALSE
219760,"gate_40",7,FALSE,FALSE
220185,"gate_40",17,TRUE,FALSE
220564,"gate_40",2,FALSE,FALSE
220754,"gate_30",6,TRUE,FALSE
220846,"gate_40",383,TRUE,TRUE
220937,"gate_30",2,FALSE,TRUE
221629,"gate_30",1,FALSE,FALSE
221780,"gate_40",99,TRUE,TRUE
221798,"gate_40",9,FALSE,FALSE
221918,"gate_30",228,TRUE,TRUE
221990,"gate_30",196,TRUE,TRUE
222236,"gate_40",57,FALSE,TRUE
222469,"gate_40",165,TRUE,TRUE
222570,"gate_30",1,FALSE,FALSE
222583,"gate_30",24,FALSE,FALSE
222645,"gate_30",4,FALSE,FALSE
222716,"gate_40",7,TRUE,FALSE
222863,"gate_40",114,TRUE,FALSE
222866,"gate_40",39,FALSE,FALSE
222985,"gate_40",1,FALSE,FALSE
223116,"gate_40",4,FALSE,FALSE
223256,"gate_30",15,TRUE,FALSE
223370,"gate_30",14,TRUE,FALSE
223404,"gate_40",43,TRUE,TRUE
223470,"gate_30",33,FALSE,FALSE
223761,"gate_30",183,TRUE,FALSE
223797,"gate_40",2,FALSE,FALSE
223954,"gate_40",57,TRUE,FALSE
224063,"gate_40",2,FALSE,FALSE
224096,"gate_40",34,TRUE,TRUE
224123,"gate_40",1,FALSE,FALSE
224138,"gate_30",3,FALSE,FALSE
224388,"gate_40",20,FALSE,FALSE
224442,"gate_40",5,FALSE,FALSE
224454,"gate_40",18,TRUE,FALSE
224587,"gate_30",5,FALSE,FALSE
224610,"gate_40",21,TRUE,FALSE
224701,"gate_40",9,FALSE,FALSE
225355,"gate_40",4,FALSE,FALSE
225367,"gate_30",324,TRUE,TRUE
225619,"gate_40",44,TRUE,FALSE
225887,"gate_40",102,TRUE,TRUE
225892,"gate_30",14,FALSE,FALSE
226086,"gate_30",4,FALSE,FALSE
226129,"gate_30",42,TRUE,FALSE
226208,"gate_40",1,FALSE,FALSE
226528,"gate_40",15,FALSE,FALSE
226764,"gate_40",3,FALSE,FALSE
226829,"gate_40",101,TRUE,TRUE
227053,"gate_30",20,TRUE,FALSE
227063,"gate_40",24,FALSE,FALSE
227105,"gate_40",19,TRUE,TRUE
227149,"gate_30",19,FALSE,FALSE
227440,"gate_40",4,FALSE,FALSE
227503,"gate_30",10,TRUE,FALSE
227511,"gate_40",12,TRUE,FALSE
227587,"gate_40",613,TRUE,TRUE
227739,"gate_40",11,FALSE,FALSE
227843,"gate_30",194,TRUE,TRUE
227943,"gate_30",2,FALSE,FALSE
227982,"gate_30",178,TRUE,FALSE
227985,"gate_40",2,FALSE,FALSE
228028,"gate_30",30,TRUE,FALSE
228133,"gate_30",16,TRUE,FALSE
228313,"gate_30",38,FALSE,FALSE
228324,"gate_30",2,FALSE,FALSE
228408,"gate_40",7,FALSE,FALSE
228539,"gate_30",10,FALSE,FALSE
228599,"gate_30",7,FALSE,FALSE
228723,"gate_40",299,TRUE,TRUE
228756,"gate_30",3,FALSE,FALSE
228768,"gate_40",11,TRUE,FALSE
228776,"gate_40",5,FALSE,FALSE
228802,"gate_30",15,FALSE,FALSE
228828,"gate_30",5,FALSE,FALSE
228897,"gate_40",74,TRUE,TRUE
229147,"gate_40",3,FALSE,FALSE
229186,"gate_40",3,FALSE,FALSE
229306,"gate_30",27,FALSE,FALSE
229449,"gate_30",181,TRUE,TRUE
229519,"gate_40",3,FALSE,TRUE
229535,"gate_40",9,FALSE,FALSE
229749,"gate_30",12,TRUE,FALSE
229910,"gate_40",11,FALSE,FALSE
229957,"gate_40",78,FALSE,TRUE
230016,"gate_40",514,TRUE,TRUE
230127,"gate_40",1,FALSE,FALSE
230166,"gate_30",35,FALSE,FALSE
230329,"gate_40",1,FALSE,FALSE
230668,"gate_30",3,FALSE,FALSE
230805,"gate_30",0,FALSE,FALSE
230897,"gate_40",60,FALSE,TRUE
231022,"gate_30",60,TRUE,FALSE
231478,"gate_30",4,FALSE,FALSE
231560,"gate_30",18,TRUE,FALSE
231595,"gate_40",10,FALSE,FALSE
231611,"gate_40",23,FALSE,FALSE
231622,"gate_40",90,TRUE,FALSE
231814,"gate_40",5,FALSE,FALSE
231878,"gate_30",29,TRUE,FALSE
231918,"gate_40",23,TRUE,FALSE
232088,"gate_40",5,FALSE,FALSE
232194,"gate_40",8,FALSE,FALSE
232306,"gate_30",2,FALSE,FALSE
232325,"gate_40",6,TRUE,FALSE
232506,"gate_30",116,TRUE,FALSE
232533,"gate_40",154,TRUE,FALSE
232579,"gate_30",6,FALSE,FALSE
232581,"gate_40",1,TRUE,FALSE
232752,"gate_30",6,TRUE,FALSE
232761,"gate_30",286,TRUE,FALSE
232767,"gate_40",17,TRUE,FALSE
232838,"gate_40",22,FALSE,FALSE
233045,"gate_30",9,FALSE,FALSE
233190,"gate_40",0,FALSE,FALSE
233418,"gate_30",15,FALSE,FALSE
233583,"gate_30",10,FALSE,FALSE
233597,"gate_30",589,TRUE,TRUE
233817,"gate_30",10,FALSE,FALSE
233946,"gate_30",28,TRUE,FALSE
234279,"gate_40",28,TRUE,FALSE
234463,"gate_40",15,FALSE,FALSE
234696,"gate_30",570,TRUE,TRUE
234753,"gate_40",1,TRUE,FALSE
234891,"gate_30",4,FALSE,FALSE
235037,"gate_30",1,FALSE,FALSE
235145,"gate_40",17,TRUE,FALSE
235309,"gate_30",6,FALSE,FALSE
235353,"gate_30",14,TRUE,FALSE
235367,"gate_30",1,FALSE,FALSE
235390,"gate_40",4,FALSE,FALSE
235511,"gate_40",3,TRUE,FALSE
235547,"gate_30",10,FALSE,FALSE
235571,"gate_30",37,FALSE,FALSE
235665,"gate_40",29,TRUE,TRUE
235670,"gate_30",32,TRUE,FALSE
235725,"gate_30",8,FALSE,FALSE
235738,"gate_40",164,TRUE,TRUE
235996,"gate_40",245,TRUE,FALSE
236010,"gate_30",195,TRUE,FALSE
236155,"gate_30",33,TRUE,FALSE
236212,"gate_40",162,TRUE,TRUE
236218,"gate_40",26,TRUE,FALSE
236584,"gate_30",17,TRUE,FALSE
236626,"gate_40",7,TRUE,FALSE
236652,"gate_40",39,TRUE,FALSE
236837,"gate_30",24,FALSE,FALSE
236909,"gate_40",8,TRUE,FALSE
236953,"gate_30",4,FALSE,FALSE
236954,"gate_40",1,FALSE,FALSE
237187,"gate_30",11,FALSE,FALSE
237543,"gate_30",289,TRUE,FALSE
237638,"gate_40",155,TRUE,TRUE
238069,"gate_40",256,TRUE,TRUE
238312,"gate_40",4,FALSE,FALSE
238475,"gate_40",1,FALSE,FALSE
238675,"gate_40",359,TRUE,FALSE
238730,"gate_30",3,FALSE,FALSE
238742,"gate_40",6,TRUE,FALSE
238817,"gate_30",2,FALSE,FALSE
238958,"gate_40",41,FALSE,TRUE
239150,"gate_40",4,FALSE,FALSE
239423,"gate_40",7,TRUE,FALSE
239462,"gate_40",84,TRUE,TRUE
239675,"gate_30",1,FALSE,FALSE
239796,"gate_30",229,TRUE,TRUE
239859,"gate_40",13,TRUE,FALSE
239876,"gate_30",2,FALSE,FALSE
240002,"gate_40",9,TRUE,FALSE
240033,"gate_30",7,FALSE,FALSE
240107,"gate_30",195,TRUE,TRUE
240330,"gate_30",25,TRUE,FALSE
240510,"gate_30",32,TRUE,FALSE
240610,"gate_40",7,FALSE,FALSE
240711,"gate_30",4,FALSE,FALSE
240801,"gate_40",3,TRUE,FALSE
241069,"gate_30",10,FALSE,FALSE
241088,"gate_30",103,TRUE,FALSE
241107,"gate_30",3,FALSE,FALSE
241175,"gate_30",45,FALSE,TRUE
241269,"gate_30",7,FALSE,FALSE
241540,"gate_40",4,FALSE,FALSE
241788,"gate_30",15,FALSE,FALSE
241792,"gate_40",75,TRUE,FALSE
241807,"gate_40",5,FALSE,FALSE
242000,"gate_30",15,FALSE,FALSE
242207,"gate_40",40,TRUE,TRUE
242265,"gate_40",73,FALSE,FALSE
242484,"gate_30",3,TRUE,FALSE
242860,"gate_30",40,FALSE,FALSE
243145,"gate_40",177,TRUE,TRUE
243154,"gate_40",151,TRUE,FALSE
243408,"gate_40",13,FALSE,FALSE
243542,"gate_30",19,TRUE,FALSE
243606,"gate_40",146,TRUE,TRUE
243670,"gate_30",8,FALSE,FALSE
243889,"gate_30",1,FALSE,FALSE
244018,"gate_40",2,FALSE,FALSE
244050,"gate_30",11,FALSE,FALSE
244073,"gate_30",196,TRUE,TRUE
244256,"gate_40",70,TRUE,FALSE
244485,"gate_30",126,TRUE,TRUE
244583,"gate_40",121,TRUE,TRUE
244609,"gate_40",51,TRUE,FALSE
244719,"gate_40",36,TRUE,FALSE
244751,"gate_30",6,FALSE,FALSE
244824,"gate_40",3,FALSE,FALSE
244923,"gate_30",26,TRUE,FALSE
245122,"gate_30",35,FALSE,FALSE
245170,"gate_30",3,FALSE,FALSE
245530,"gate_30",33,FALSE,FALSE
245597,"gate_40",15,FALSE,FALSE
245900,"gate_30",238,TRUE,TRUE
245913,"gate_40",26,FALSE,TRUE
245995,"gate_30",2,FALSE,FALSE
246256,"gate_30",3,FALSE,FALSE
246380,"gate_40",48,FALSE,FALSE
246385,"gate_40",10,FALSE,FALSE
246519,"gate_40",14,FALSE,FALSE
246973,"gate_30",4,FALSE,FALSE
247190,"gate_30",40,FALSE,FALSE
247550,"gate_30",5,FALSE,FALSE
247629,"gate_40",58,TRUE,FALSE
247670,"gate_40",39,TRUE,FALSE
247761,"gate_30",17,FALSE,FALSE
247790,"gate_30",21,TRUE,TRUE
248145,"gate_40",5,FALSE,FALSE
248501,"gate_30",11,TRUE,FALSE
248748,"gate_30",1309,TRUE,TRUE
248891,"gate_40",632,TRUE,TRUE
249044,"gate_40",3,FALSE,FALSE
249225,"gate_40",9,FALSE,FALSE
249301,"gate_30",8,FALSE,FALSE
249530,"gate_40",17,TRUE,FALSE
249570,"gate_30",23,TRUE,TRUE
249648,"gate_30",2,FALSE,FALSE
249689,"gate_40",53,FALSE,FALSE
249855,"gate_30",21,FALSE,FALSE
249971,"gate_30",0,FALSE,FALSE
249973,"gate_30",21,FALSE,FALSE
250195,"gate_30",281,TRUE,TRUE
250313,"gate_30",29,FALSE,FALSE
250325,"gate_30",26,TRUE,TRUE
250333,"gate_30",0,FALSE,FALSE
250527,"gate_30",2,FALSE,FALSE
250696,"gate_40",899,TRUE,TRUE
251000,"gate_40",30,FALSE,FALSE
251156,"gate_30",100,TRUE,FALSE
251393,"gate_40",16,TRUE,TRUE
251406,"gate_40",111,TRUE,TRUE
251472,"gate_30",297,TRUE,TRUE
251518,"gate_40",0,FALSE,FALSE
251608,"gate_40",1,FALSE,FALSE
251728,"gate_40",33,FALSE,FALSE
251833,"gate_40",1,FALSE,FALSE
251993,"gate_30",3,FALSE,FALSE
252138,"gate_30",71,FALSE,FALSE
252204,"gate_30",19,TRUE,FALSE
252244,"gate_40",200,TRUE,TRUE
252329,"gate_40",3,FALSE,FALSE
252433,"gate_30",3,FALSE,FALSE
252504,"gate_40",7,TRUE,FALSE
252616,"gate_40",11,FALSE,FALSE
252798,"gate_40",9,FALSE,FALSE
252881,"gate_40",2,FALSE,FALSE
253036,"gate_30",181,TRUE,FALSE
253301,"gate_40",12,TRUE,FALSE
253417,"gate_30",58,TRUE,FALSE
253486,"gate_30",7,FALSE,TRUE
253590,"gate_30",2,FALSE,FALSE
253657,"gate_40",386,TRUE,TRUE
253863,"gate_30",5,FALSE,FALSE
253876,"gate_30",51,TRUE,FALSE
253896,"gate_40",27,TRUE,FALSE
253937,"gate_40",329,TRUE,TRUE
254058,"gate_40",14,TRUE,FALSE
254268,"gate_40",8,FALSE,FALSE
254342,"gate_40",89,TRUE,FALSE
254349,"gate_30",1,FALSE,FALSE
254397,"gate_30",2,FALSE,FALSE
254573,"gate_40",48,FALSE,FALSE
254659,"gate_40",174,TRUE,FALSE
254827,"gate_40",0,FALSE,FALSE
255077,"gate_40",50,TRUE,TRUE
255147,"gate_30",7,FALSE,FALSE
255220,"gate_40",161,FALSE,TRUE
255223,"gate_30",13,FALSE,FALSE
255303,"gate_40",1,FALSE,FALSE
255470,"gate_40",164,TRUE,FALSE
255473,"gate_40",6,TRUE,FALSE
255615,"gate_40",2,FALSE,FALSE
255657,"gate_40",187,TRUE,TRUE
255688,"gate_40",25,FALSE,FALSE
255897,"gate_40",878,TRUE,TRUE
256036,"gate_40",3,FALSE,FALSE
256040,"gate_40",246,TRUE,TRUE
256064,"gate_40",6,FALSE,FALSE
256106,"gate_30",0,FALSE,FALSE
256429,"gate_40",31,TRUE,FALSE
256698,"gate_30",6,FALSE,FALSE
257126,"gate_30",20,FALSE,FALSE
257330,"gate_30",0,TRUE,FALSE
257360,"gate_40",13,FALSE,FALSE
257406,"gate_40",15,FALSE,FALSE
257426,"gate_40",41,TRUE,FALSE
257472,"gate_30",128,TRUE,FALSE
257532,"gate_40",91,TRUE,TRUE
257615,"gate_30",90,TRUE,FALSE
257709,"gate_30",2,FALSE,FALSE
257720,"gate_40",151,TRUE,FALSE
257813,"gate_40",6,TRUE,FALSE
257998,"gate_40",15,TRUE,FALSE
258054,"gate_30",6,FALSE,FALSE
258244,"gate_30",17,TRUE,FALSE
258246,"gate_30",1,FALSE,FALSE
258261,"gate_30",3,FALSE,FALSE
258287,"gate_30",0,FALSE,FALSE
258296,"gate_30",7,FALSE,FALSE
258332,"gate_40",232,TRUE,FALSE
258400,"gate_30",14,TRUE,FALSE
258453,"gate_30",26,TRUE,FALSE
258486,"gate_30",10,FALSE,FALSE
258612,"gate_30",277,TRUE,TRUE
258720,"gate_30",45,TRUE,FALSE
258867,"gate_30",10,FALSE,TRUE
259111,"gate_40",26,FALSE,FALSE
259121,"gate_30",1,FALSE,FALSE
259136,"gate_40",12,FALSE,FALSE
259172,"gate_30",24,FALSE,FALSE
259259,"gate_30",6,FALSE,FALSE
259330,"gate_40",18,TRUE,FALSE
259556,"gate_40",6,FALSE,FALSE
259753,"gate_40",11,FALSE,FALSE
259958,"gate_30",145,TRUE,FALSE
259960,"gate_40",24,TRUE,FALSE
260019,"gate_40",183,TRUE,TRUE
260058,"gate_40",16,FALSE,FALSE
260167,"gate_30",10,FALSE,FALSE
260184,"gate_30",2,FALSE,FALSE
260413,"gate_40",0,FALSE,FALSE
260446,"gate_40",63,TRUE,TRUE
260523,"gate_30",30,TRUE,FALSE
260578,"gate_40",30,TRUE,FALSE
260699,"gate_30",15,FALSE,FALSE
260720,"gate_30",167,TRUE,FALSE
260777,"gate_30",3,FALSE,FALSE
260866,"gate_40",69,TRUE,FALSE
260901,"gate_30",49,TRUE,FALSE
261258,"gate_30",7,FALSE,FALSE
261501,"gate_40",21,FALSE,FALSE
261531,"gate_30",5,FALSE,FALSE
261725,"gate_40",42,TRUE,FALSE
261762,"gate_40",4,FALSE,FALSE
261811,"gate_40",114,FALSE,TRUE
261884,"gate_40",197,TRUE,TRUE
261973,"gate_30",49,TRUE,FALSE
262035,"gate_30",5,FALSE,FALSE
262217,"gate_40",1,FALSE,FALSE
262307,"gate_30",2,FALSE,FALSE
262480,"gate_40",29,FALSE,TRUE
262491,"gate_30",100,TRUE,FALSE
262601,"gate_40",2,FALSE,FALSE
262812,"gate_30",23,TRUE,FALSE
263083,"gate_40",15,FALSE,TRUE
263178,"gate_30",53,TRUE,FALSE
263228,"gate_40",4,FALSE,FALSE
263295,"gate_30",0,FALSE,FALSE
263301,"gate_40",25,FALSE,FALSE
263329,"gate_40",118,TRUE,FALSE
263338,"gate_30",11,FALSE,FALSE
263382,"gate_40",114,TRUE,FALSE
263544,"gate_40",36,FALSE,FALSE
263817,"gate_40",26,TRUE,FALSE
263912,"gate_30",36,TRUE,FALSE
264001,"gate_30",2,FALSE,FALSE
264021,"gate_30",8,TRUE,FALSE
264420,"gate_40",19,TRUE,TRUE
264496,"gate_40",32,FALSE,TRUE
264514,"gate_30",42,FALSE,FALSE
264564,"gate_40",16,TRUE,FALSE
264585,"gate_30",24,TRUE,FALSE
264601,"gate_30",18,TRUE,FALSE
265087,"gate_30",9,FALSE,FALSE
265313,"gate_30",46,TRUE,TRUE
265352,"gate_40",2,FALSE,FALSE
265613,"gate_30",1,FALSE,FALSE
265700,"gate_30",30,TRUE,FALSE
265721,"gate_30",0,FALSE,FALSE
266135,"gate_30",23,TRUE,FALSE
266325,"gate_30",6,FALSE,FALSE
266497,"gate_30",22,FALSE,FALSE
266540,"gate_40",14,FALSE,FALSE
266669,"gate_30",11,FALSE,FALSE
266674,"gate_40",22,FALSE,FALSE
266745,"gate_30",1,FALSE,FALSE
266977,"gate_40",2,FALSE,FALSE
267061,"gate_40",3,FALSE,FALSE
267062,"gate_40",14,TRUE,FALSE
267300,"gate_40",288,TRUE,TRUE
267461,"gate_40",204,TRUE,TRUE
267647,"gate_30",6,FALSE,FALSE
267847,"gate_30",40,TRUE,FALSE
267912,"gate_30",32,TRUE,FALSE
268064,"gate_40",51,FALSE,FALSE
268232,"gate_40",57,TRUE,TRUE
268253,"gate_40",6,FALSE,FALSE
268298,"gate_40",129,TRUE,FALSE
268314,"gate_40",70,FALSE,FALSE
268338,"gate_40",5,FALSE,FALSE
268492,"gate_30",123,TRUE,TRUE
268517,"gate_40",55,TRUE,FALSE
268574,"gate_40",5,FALSE,FALSE
268756,"gate_40",232,TRUE,FALSE
268845,"gate_40",1,FALSE,FALSE
268847,"gate_40",2,FALSE,FALSE
268912,"gate_40",1,FALSE,FALSE
268946,"gate_40",387,TRUE,TRUE
269140,"gate_30",0,FALSE,FALSE
269182,"gate_30",312,TRUE,TRUE
269519,"gate_30",1,TRUE,FALSE
269552,"gate_40",23,TRUE,TRUE
269827,"gate_40",3,FALSE,FALSE
269996,"gate_30",6,FALSE,FALSE
270119,"gate_40",5,TRUE,FALSE
270187,"gate_30",80,TRUE,TRUE
270218,"gate_40",1,FALSE,FALSE
270229,"gate_40",77,TRUE,FALSE
270262,"gate_40",142,TRUE,TRUE
270283,"gate_40",2,FALSE,FALSE
270368,"gate_30",6,FALSE,FALSE
270389,"gate_40",36,TRUE,FALSE
270491,"gate_30",2,FALSE,FALSE
270582,"gate_40",3,FALSE,FALSE
270655,"gate_40",55,TRUE,TRUE
270814,"gate_40",3,FALSE,FALSE
270891,"gate_30",28,TRUE,FALSE
271097,"gate_30",10,FALSE,FALSE
271104,"gate_40",6,FALSE,FALSE
271107,"gate_30",15,FALSE,FALSE
271424,"gate_40",12,FALSE,FALSE
271564,"gate_40",14,FALSE,TRUE
271723,"gate_30",2,FALSE,FALSE
272133,"gate_30",192,TRUE,TRUE
272259,"gate_40",1,FALSE,FALSE
272347,"gate_30",7,TRUE,FALSE
272408,"gate_40",8,FALSE,FALSE
272593,"gate_40",6,FALSE,FALSE
273116,"gate_30",17,FALSE,FALSE
273122,"gate_40",35,TRUE,FALSE
273187,"gate_30",24,FALSE,FALSE
273225,"gate_30",4,FALSE,FALSE
273257,"gate_30",2,FALSE,FALSE
273268,"gate_30",3,FALSE,FALSE
273332,"gate_30",12,FALSE,FALSE
273438,"gate_30",38,TRUE,FALSE
273562,"gate_30",10,FALSE,FALSE
273607,"gate_30",311,TRUE,TRUE
273679,"gate_30",184,FALSE,FALSE
273836,"gate_40",17,FALSE,FALSE
273973,"gate_40",4,FALSE,TRUE
274128,"gate_40",2,FALSE,FALSE
274202,"gate_30",13,TRUE,FALSE
274306,"gate_30",128,TRUE,TRUE
274381,"gate_40",2,FALSE,FALSE
274744,"gate_30",37,TRUE,FALSE
274858,"gate_30",63,TRUE,FALSE
275121,"gate_30",279,TRUE,TRUE
275143,"gate_30",1,FALSE,FALSE
275311,"gate_40",5,FALSE,FALSE
275332,"gate_40",6,FALSE,FALSE
275501,"gate_30",12,TRUE,FALSE
275660,"gate_30",3,FALSE,FALSE
275675,"gate_30",3,FALSE,FALSE
275887,"gate_30",2,FALSE,FALSE
275904,"gate_30",27,FALSE,FALSE
276144,"gate_40",2,FALSE,FALSE
276218,"gate_30",21,TRUE,FALSE
276413,"gate_40",19,TRUE,FALSE
276513,"gate_30",6,FALSE,FALSE
276546,"gate_40",7,FALSE,FALSE
276630,"gate_40",2,FALSE,FALSE
276656,"gate_30",38,TRUE,TRUE
276742,"gate_40",1,FALSE,FALSE
276801,"gate_30",4,FALSE,FALSE
276853,"gate_30",6,FALSE,TRUE
276863,"gate_40",8,FALSE,FALSE
276878,"gate_40",2,FALSE,FALSE
276985,"gate_40",1,FALSE,FALSE
277023,"gate_40",68,FALSE,FALSE
277237,"gate_30",29,TRUE,FALSE
277339,"gate_30",12,FALSE,FALSE
277474,"gate_30",4,FALSE,FALSE
277498,"gate_40",15,FALSE,FALSE
277579,"gate_30",177,TRUE,TRUE
277836,"gate_40",6,FALSE,FALSE
277887,"gate_30",14,TRUE,FALSE
277995,"gate_40",6,FALSE,FALSE
278005,"gate_30",12,FALSE,FALSE
278198,"gate_30",3,FALSE,TRUE
278277,"gate_30",50,FALSE,FALSE
278421,"gate_30",5,FALSE,FALSE
278480,"gate_40",0,FALSE,FALSE
278506,"gate_40",25,FALSE,FALSE
278585,"gate_30",4,FALSE,TRUE
278692,"gate_40",47,TRUE,FALSE
278716,"gate_30",166,TRUE,TRUE
278861,"gate_40",5,FALSE,FALSE
278952,"gate_30",20,FALSE,FALSE
279168,"gate_40",161,TRUE,TRUE
279170,"gate_30",22,TRUE,FALSE
279211,"gate_40",22,FALSE,FALSE
279465,"gate_40",32,TRUE,TRUE
279778,"gate_30",355,TRUE,TRUE
279879,"gate_30",5,FALSE,FALSE
280015,"gate_30",7,FALSE,FALSE
280107,"gate_30",10,TRUE,FALSE
280253,"gate_40",57,TRUE,TRUE
280315,"gate_30",47,FALSE,FALSE
280520,"gate_40",78,TRUE,FALSE
280534,"gate_40",20,FALSE,FALSE
280568,"gate_30",6,FALSE,FALSE
280950,"gate_30",2,FALSE,FALSE
280982,"gate_40",191,FALSE,TRUE
281044,"gate_40",16,FALSE,FALSE
281112,"gate_40",34,FALSE,FALSE
281260,"gate_40",5,FALSE,FALSE
281339,"gate_40",12,TRUE,FALSE
281518,"gate_40",3,FALSE,FALSE
281555,"gate_30",0,FALSE,FALSE
281716,"gate_30",2,FALSE,FALSE
281736,"gate_40",116,TRUE,TRUE
281799,"gate_30",73,FALSE,FALSE
282299,"gate_40",13,FALSE,FALSE
282558,"gate_40",5,FALSE,FALSE
282754,"gate_30",33,TRUE,FALSE
282896,"gate_30",16,TRUE,FALSE
282985,"gate_30",96,TRUE,FALSE
283014,"gate_30",56,TRUE,TRUE
283136,"gate_40",204,TRUE,TRUE
283158,"gate_30",14,FALSE,FALSE
283272,"gate_40",15,TRUE,FALSE
283300,"gate_40",3,FALSE,FALSE
283353,"gate_30",0,FALSE,FALSE
283506,"gate_30",13,FALSE,FALSE
283508,"gate_30",15,FALSE,FALSE
283511,"gate_40",17,FALSE,FALSE
283568,"gate_40",25,FALSE,FALSE
283656,"gate_30",17,FALSE,FALSE
283707,"gate_30",135,TRUE,TRUE
283731,"gate_40",299,TRUE,TRUE
284002,"gate_40",1,FALSE,FALSE
284007,"gate_30",160,TRUE,TRUE
284015,"gate_30",0,FALSE,FALSE
284178,"gate_40",11,TRUE,TRUE
284267,"gate_30",1,FALSE,FALSE
284416,"gate_40",7,TRUE,FALSE
284493,"gate_40",15,TRUE,FALSE
284610,"gate_30",1252,TRUE,TRUE
284733,"gate_30",104,TRUE,TRUE
284742,"gate_40",135,TRUE,TRUE
284760,"gate_30",14,TRUE,FALSE
284789,"gate_40",8,FALSE,FALSE
284794,"gate_40",11,TRUE,FALSE
284835,"gate_40",2,FALSE,FALSE
284838,"gate_30",5,FALSE,FALSE
284907,"gate_30",9,FALSE,FALSE
285321,"gate_40",49,FALSE,FALSE
285343,"gate_30",12,FALSE,FALSE
285351,"gate_40",19,TRUE,FALSE
285352,"gate_40",79,TRUE,TRUE
285383,"gate_40",39,FALSE,TRUE
285489,"gate_30",12,TRUE,FALSE
285566,"gate_40",34,FALSE,FALSE
285915,"gate_30",45,FALSE,FALSE
285932,"gate_30",16,FALSE,FALSE
286017,"gate_30",7,TRUE,FALSE
286027,"gate_30",34,TRUE,FALSE
286117,"gate_30",53,TRUE,FALSE
286120,"gate_30",4,FALSE,FALSE
286331,"gate_40",8,FALSE,TRUE
286396,"gate_30",6,FALSE,FALSE
286459,"gate_40",17,FALSE,FALSE
286492,"gate_40",15,FALSE,FALSE
286590,"gate_40",10,FALSE,FALSE
286639,"gate_40",10,FALSE,FALSE
286662,"gate_40",10,FALSE,FALSE
286738,"gate_40",3,FALSE,FALSE
286779,"gate_40",28,TRUE,TRUE
286788,"gate_30",9,FALSE,FALSE
286852,"gate_40",278,TRUE,TRUE
286908,"gate_30",8,FALSE,FALSE
286959,"gate_40",5,FALSE,FALSE
287028,"gate_30",11,FALSE,FALSE
287043,"gate_30",5,FALSE,FALSE
287161,"gate_40",78,FALSE,TRUE
287170,"gate_40",115,TRUE,TRUE
287270,"gate_40",98,TRUE,TRUE
287282,"gate_30",11,TRUE,FALSE
287461,"gate_30",3,FALSE,FALSE
287551,"gate_40",18,FALSE,FALSE
287605,"gate_40",18,FALSE,FALSE
287656,"gate_40",9,FALSE,FALSE
287672,"gate_40",4,FALSE,FALSE
287708,"gate_40",8,FALSE,TRUE
287845,"gate_40",10,FALSE,FALSE
287858,"gate_40",37,TRUE,FALSE
288081,"gate_40",28,TRUE,FALSE
288352,"gate_30",2,FALSE,FALSE
288429,"gate_40",101,TRUE,FALSE
288474,"gate_40",22,FALSE,FALSE
288520,"gate_40",34,TRUE,FALSE
288997,"gate_30",28,FALSE,FALSE
289113,"gate_40",111,TRUE,TRUE
289344,"gate_40",13,FALSE,FALSE
289365,"gate_40",0,FALSE,FALSE
289412,"gate_40",1,FALSE,FALSE
289427,"gate_40",32,TRUE,FALSE
289429,"gate_40",20,TRUE,FALSE
289450,"gate_40",38,TRUE,FALSE
289713,"gate_30",0,FALSE,FALSE
289852,"gate_40",8,FALSE,FALSE
289969,"gate_40",124,TRUE,TRUE
290045,"gate_40",38,TRUE,FALSE
290120,"gate_30",13,TRUE,FALSE
290179,"gate_40",232,TRUE,FALSE
290269,"gate_30",2,FALSE,FALSE
290386,"gate_30",100,FALSE,FALSE
290399,"gate_40",3,FALSE,FALSE
290419,"gate_30",42,TRUE,TRUE
290475,"gate_40",8,TRUE,FALSE
290481,"gate_30",8,FALSE,FALSE
290537,"gate_30",23,TRUE,TRUE
290547,"gate_30",31,TRUE,FALSE
290556,"gate_30",17,FALSE,FALSE
290602,"gate_40",16,TRUE,FALSE
290659,"gate_30",46,TRUE,TRUE
290691,"gate_40",10,FALSE,FALSE
290992,"gate_40",9,FALSE,FALSE
291309,"gate_40",4,FALSE,FALSE
291387,"gate_30",1,FALSE,FALSE
291433,"gate_30",6,FALSE,FALSE
291447,"gate_40",37,TRUE,FALSE
291620,"gate_30",0,FALSE,FALSE
291706,"gate_30",46,TRUE,FALSE
292015,"gate_40",7,FALSE,FALSE
292185,"gate_40",2,FALSE,FALSE
292402,"gate_40",57,TRUE,FALSE
292580,"gate_40",6,FALSE,FALSE
292601,"gate_30",3,FALSE,FALSE
292701,"gate_30",385,TRUE,TRUE
293045,"gate_40",61,TRUE,FALSE
293232,"gate_40",54,TRUE,TRUE
293283,"gate_30",19,FALSE,FALSE
293413,"gate_40",97,TRUE,FALSE
293543,"gate_30",28,FALSE,FALSE
293662,"gate_40",40,TRUE,FALSE
293680,"gate_40",38,FALSE,FALSE
293720,"gate_30",12,FALSE,FALSE
293909,"gate_30",4,FALSE,FALSE
294171,"gate_40",57,TRUE,FALSE
294247,"gate_30",4,FALSE,FALSE
294254,"gate_40",245,TRUE,FALSE
294371,"gate_40",5,FALSE,FALSE
294376,"gate_40",1315,TRUE,TRUE
294381,"gate_30",8,FALSE,FALSE
294720,"gate_30",23,TRUE,FALSE
295107,"gate_40",11,FALSE,FALSE
295213,"gate_40",464,TRUE,TRUE
295300,"gate_30",57,TRUE,TRUE
295513,"gate_40",28,TRUE,FALSE
295549,"gate_40",19,FALSE,TRUE
295606,"gate_40",17,FALSE,FALSE
295729,"gate_30",131,TRUE,TRUE
295850,"gate_30",8,FALSE,FALSE
296148,"gate_40",230,TRUE,TRUE
296163,"gate_40",80,TRUE,TRUE
296635,"gate_30",65,FALSE,TRUE
296922,"gate_30",30,FALSE,FALSE
297032,"gate_40",45,TRUE,TRUE
297504,"gate_40",61,TRUE,TRUE
297557,"gate_30",30,FALSE,FALSE
297609,"gate_40",3,FALSE,FALSE
297748,"gate_30",254,TRUE,FALSE
297754,"gate_30",21,FALSE,FALSE
297854,"gate_40",5,FALSE,FALSE
297979,"gate_30",222,TRUE,TRUE
298102,"gate_40",31,FALSE,FALSE
298373,"gate_30",24,FALSE,FALSE
298517,"gate_40",14,TRUE,TRUE
298519,"gate_40",36,FALSE,FALSE
298661,"gate_40",18,FALSE,FALSE
298697,"gate_30",63,TRUE,FALSE
298753,"gate_40",100,TRUE,TRUE
298852,"gate_30",39,TRUE,FALSE
299064,"gate_30",9,TRUE,FALSE
299107,"gate_40",9,FALSE,FALSE
299215,"gate_30",3,FALSE,FALSE
299334,"gate_40",11,FALSE,FALSE
299394,"gate_40",6,FALSE,FALSE
299468,"gate_40",135,TRUE,FALSE
299533,"gate_30",14,FALSE,FALSE
299534,"gate_40",15,TRUE,FALSE
299692,"gate_40",1,FALSE,FALSE
299832,"gate_30",77,TRUE,FALSE
299835,"gate_40",7,TRUE,FALSE
299840,"gate_30",246,TRUE,TRUE
299944,"gate_40",81,TRUE,TRUE
300255,"gate_40",16,FALSE,FALSE
300473,"gate_40",58,TRUE,FALSE
300579,"gate_40",23,TRUE,FALSE
300667,"gate_40",2,FALSE,FALSE
300711,"gate_40",98,TRUE,FALSE
300878,"gate_40",1,FALSE,FALSE
301374,"gate_30",0,FALSE,FALSE
301385,"gate_30",176,TRUE,TRUE
301461,"gate_30",13,FALSE,FALSE
301781,"gate_30",47,TRUE,TRUE
301800,"gate_40",15,TRUE,FALSE
301813,"gate_40",7,FALSE,FALSE
301845,"gate_40",456,TRUE,TRUE
301875,"gate_30",25,TRUE,FALSE
301904,"gate_30",2,FALSE,FALSE
302100,"gate_40",10,FALSE,FALSE
302179,"gate_30",7,FALSE,FALSE
302297,"gate_40",10,FALSE,TRUE
302317,"gate_30",5,FALSE,FALSE
302342,"gate_40",316,FALSE,TRUE
302519,"gate_40",121,TRUE,TRUE
302650,"gate_40",45,TRUE,FALSE
302651,"gate_30",25,FALSE,FALSE
302847,"gate_40",68,TRUE,TRUE
303020,"gate_40",52,TRUE,TRUE
303136,"gate_30",18,TRUE,FALSE
303175,"gate_40",18,FALSE,FALSE
303201,"gate_30",31,FALSE,FALSE
303321,"gate_40",26,FALSE,FALSE
303415,"gate_30",3,FALSE,FALSE
303829,"gate_40",5,FALSE,FALSE
303834,"gate_30",11,TRUE,FALSE
303959,"gate_30",12,FALSE,FALSE
304120,"gate_30",30,TRUE,FALSE
304314,"gate_30",12,FALSE,FALSE
304618,"gate_40",83,FALSE,TRUE
304866,"gate_40",138,TRUE,FALSE
304972,"gate_30",106,TRUE,FALSE
305086,"gate_40",9,TRUE,FALSE
305273,"gate_40",4,FALSE,FALSE
305345,"gate_40",79,TRUE,TRUE
305472,"gate_40",37,TRUE,FALSE
305473,"gate_30",5,FALSE,FALSE
305972,"gate_30",83,TRUE,FALSE
305975,"gate_40",1,FALSE,FALSE
306055,"gate_40",7,FALSE,TRUE
306210,"gate_40",178,TRUE,TRUE
306266,"gate_40",22,TRUE,FALSE
306300,"gate_40",26,FALSE,FALSE
306355,"gate_30",5,FALSE,FALSE
306530,"gate_30",9,FALSE,FALSE
306596,"gate_40",91,FALSE,FALSE
306691,"gate_40",11,TRUE,FALSE
306725,"gate_40",55,FALSE,TRUE
306895,"gate_30",0,FALSE,FALSE
306920,"gate_30",11,FALSE,FALSE
307029,"gate_40",41,TRUE,FALSE
307099,"gate_30",5,TRUE,FALSE
307109,"gate_30",38,FALSE,FALSE
307206,"gate_40",2,FALSE,FALSE
307252,"gate_30",5,FALSE,FALSE
307347,"gate_30",57,TRUE,FALSE
307418,"gate_30",29,TRUE,FALSE
307441,"gate_40",113,TRUE,TRUE
307479,"gate_40",18,FALSE,FALSE
307537,"gate_30",4,FALSE,FALSE
307674,"gate_30",45,TRUE,TRUE
307703,"gate_40",0,TRUE,TRUE
307714,"gate_30",43,FALSE,FALSE
307750,"gate_40",0,FALSE,FALSE
307856,"gate_40",1,FALSE,FALSE
307991,"gate_40",16,FALSE,FALSE
308041,"gate_40",52,FALSE,TRUE
308304,"gate_30",62,TRUE,TRUE
308340,"gate_30",0,FALSE,FALSE
308443,"gate_40",100,TRUE,FALSE
308446,"gate_30",2,FALSE,FALSE
308471,"gate_40",9,FALSE,FALSE
308593,"gate_30",11,FALSE,FALSE
308609,"gate_40",139,TRUE,TRUE
308663,"gate_40",202,TRUE,TRUE
308806,"gate_30",69,TRUE,TRUE
308833,"gate_40",3,FALSE,FALSE
308949,"gate_40",71,TRUE,TRUE
308997,"gate_30",28,FALSE,FALSE
309777,"gate_30",18,FALSE,FALSE
309798,"gate_30",21,FALSE,FALSE
309900,"gate_40",25,FALSE,FALSE
309932,"gate_30",12,TRUE,FALSE
309945,"gate_40",14,FALSE,FALSE
310350,"gate_30",28,FALSE,FALSE
310452,"gate_40",12,TRUE,FALSE
310626,"gate_40",43,TRUE,FALSE
310823,"gate_40",39,TRUE,FALSE
310957,"gate_30",92,TRUE,FALSE
311333,"gate_30",52,TRUE,FALSE
311426,"gate_40",600,TRUE,TRUE
311542,"gate_30",124,FALSE,FALSE
311850,"gate_30",0,FALSE,FALSE
311864,"gate_40",8,FALSE,FALSE
311910,"gate_30",10,FALSE,FALSE
312092,"gate_40",57,TRUE,TRUE
312230,"gate_30",7,FALSE,FALSE
312451,"gate_40",2,FALSE,FALSE
312664,"gate_30",8,FALSE,FALSE
312686,"gate_30",109,FALSE,FALSE
312711,"gate_40",1,FALSE,FALSE
312838,"gate_30",13,TRUE,FALSE
312929,"gate_40",85,FALSE,FALSE
313011,"gate_30",35,TRUE,TRUE
313141,"gate_40",71,TRUE,FALSE
313566,"gate_40",67,TRUE,FALSE
313567,"gate_40",22,TRUE,FALSE
313613,"gate_30",15,FALSE,FALSE
313675,"gate_40",2,FALSE,FALSE
313718,"gate_30",77,TRUE,FALSE
313836,"gate_40",6,FALSE,FALSE
314055,"gate_40",18,TRUE,FALSE
314080,"gate_40",41,TRUE,TRUE
314144,"gate_30",24,FALSE,FALSE
314151,"gate_30",4,FALSE,FALSE
314484,"gate_40",52,TRUE,TRUE
314581,"gate_40",192,FALSE,TRUE
314651,"gate_30",28,TRUE,FALSE
314863,"gate_30",9,FALSE,FALSE
314930,"gate_40",208,TRUE,TRUE
314934,"gate_30",414,TRUE,TRUE
314946,"gate_40",1,FALSE,FALSE
315034,"gate_40",5,FALSE,FALSE
315108,"gate_30",227,TRUE,TRUE
315161,"gate_30",70,TRUE,TRUE
315281,"gate_30",1,FALSE,FALSE
315305,"gate_40",27,TRUE,FALSE
315453,"gate_30",1,FALSE,FALSE
315563,"gate_30",5,FALSE,FALSE
315570,"gate_30",223,TRUE,FALSE
315578,"gate_30",5,TRUE,FALSE
315657,"gate_30",4,FALSE,FALSE
315682,"gate_30",93,TRUE,TRUE
315760,"gate_40",19,FALSE,FALSE
315817,"gate_30",1,FALSE,FALSE
315950,"gate_40",116,TRUE,FALSE
316020,"gate_30",1,FALSE,FALSE
316021,"gate_30",6,FALSE,FALSE
316191,"gate_40",211,TRUE,TRUE
316363,"gate_40",159,TRUE,FALSE
316459,"gate_40",1,FALSE,FALSE
316514,"gate_40",17,FALSE,FALSE
316751,"gate_30",22,FALSE,FALSE
316860,"gate_40",3,FALSE,FALSE
316963,"gate_30",3,FALSE,FALSE
317057,"gate_30",5,TRUE,FALSE
317304,"gate_30",5,FALSE,FALSE
317327,"gate_40",94,TRUE,FALSE
317464,"gate_40",36,TRUE,FALSE
317747,"gate_40",195,TRUE,TRUE
317884,"gate_40",165,TRUE,TRUE
317930,"gate_40",27,TRUE,TRUE
318114,"gate_40",3,FALSE,FALSE
318226,"gate_40",141,TRUE,FALSE
318451,"gate_30",1,FALSE,FALSE
318461,"gate_30",183,TRUE,FALSE
318576,"gate_40",11,TRUE,FALSE
318740,"gate_40",2,FALSE,FALSE
318814,"gate_30",219,TRUE,TRUE
318892,"gate_40",149,TRUE,FALSE
318914,"gate_30",30,FALSE,FALSE
318936,"gate_30",0,FALSE,FALSE
318976,"gate_40",33,TRUE,FALSE
319070,"gate_40",14,FALSE,FALSE
319255,"gate_30",1,FALSE,FALSE
319445,"gate_40",2,FALSE,FALSE
319486,"gate_30",23,FALSE,TRUE
319568,"gate_30",1,FALSE,FALSE
319622,"gate_30",18,FALSE,FALSE
319689,"gate_40",11,TRUE,TRUE
319697,"gate_40",3,FALSE,FALSE
320190,"gate_40",20,TRUE,FALSE
320227,"gate_40",0,FALSE,FALSE
320244,"gate_30",34,FALSE,TRUE
320464,"gate_30",54,FALSE,FALSE
320659,"gate_40",24,TRUE,FALSE
320742,"gate_40",21,FALSE,FALSE
320790,"gate_40",288,TRUE,FALSE
320807,"gate_40",2,FALSE,FALSE
320866,"gate_40",48,FALSE,TRUE
320919,"gate_30",8,FALSE,FALSE
320983,"gate_40",3,FALSE,FALSE
321088,"gate_40",1,FALSE,FALSE
321326,"gate_40",12,TRUE,FALSE
321340,"gate_40",116,TRUE,TRUE
321369,"gate_30",1,FALSE,FALSE
321448,"gate_30",8,FALSE,FALSE
321578,"gate_30",0,FALSE,FALSE
321707,"gate_30",36,TRUE,FALSE
321723,"gate_30",6,TRUE,FALSE
321803,"gate_40",15,TRUE,FALSE
321832,"gate_30",2,FALSE,FALSE
321896,"gate_30",3,FALSE,FALSE
322024,"gate_30",54,TRUE,TRUE
322256,"gate_30",33,TRUE,FALSE
322288,"gate_40",238,TRUE,TRUE
322615,"gate_40",13,TRUE,TRUE
322702,"gate_40",3,FALSE,FALSE
323040,"gate_30",67,FALSE,FALSE
323048,"gate_30",3,TRUE,FALSE
323089,"gate_40",7,FALSE,FALSE
323191,"gate_30",12,FALSE,FALSE
323305,"gate_30",287,TRUE,TRUE
323577,"gate_30",0,FALSE,FALSE
323628,"gate_40",144,TRUE,TRUE
323720,"gate_40",12,FALSE,FALSE
323786,"gate_30",1,FALSE,FALSE
323824,"gate_40",18,FALSE,FALSE
323888,"gate_40",2,FALSE,FALSE
323910,"gate_30",1,FALSE,FALSE
324056,"gate_30",13,TRUE,FALSE
324246,"gate_30",47,TRUE,FALSE
324252,"gate_40",8,FALSE,FALSE
324311,"gate_30",37,FALSE,TRUE
324325,"gate_30",37,TRUE,FALSE
324407,"gate_30",76,TRUE,TRUE
324584,"gate_40",1,FALSE,FALSE
324618,"gate_40",11,FALSE,FALSE
324656,"gate_40",109,TRUE,TRUE
324867,"gate_40",229,TRUE,FALSE
324985,"gate_40",5,FALSE,FALSE
325039,"gate_40",6,FALSE,FALSE
325280,"gate_40",86,TRUE,FALSE
325356,"gate_40",53,TRUE,TRUE
325384,"gate_30",9,TRUE,FALSE
325427,"gate_40",35,FALSE,FALSE
325589,"gate_40",44,TRUE,FALSE
326212,"gate_40",29,TRUE,FALSE
326361,"gate_30",4,FALSE,FALSE
326395,"gate_30",20,TRUE,FALSE
326803,"gate_40",0,FALSE,FALSE
327303,"gate_30",99,TRUE,FALSE
327468,"gate_40",22,TRUE,FALSE
327488,"gate_30",12,FALSE,FALSE
327625,"gate_40",14,FALSE,FALSE
327940,"gate_40",52,TRUE,FALSE
327957,"gate_40",2,FALSE,FALSE
327994,"gate_30",0,FALSE,FALSE
328056,"gate_40",5,TRUE,FALSE
328123,"gate_30",1,FALSE,FALSE
328231,"gate_30",12,TRUE,FALSE
328284,"gate_30",28,TRUE,FALSE
328352,"gate_30",25,FALSE,FALSE
328480,"gate_40",76,TRUE,FALSE
328698,"gate_30",28,TRUE,TRUE
329001,"gate_40",9,FALSE,FALSE
329261,"gate_30",216,FALSE,TRUE
329582,"gate_30",249,TRUE,TRUE
329701,"gate_40",1,FALSE,FALSE
329782,"gate_40",3,FALSE,FALSE
329826,"gate_40",58,FALSE,FALSE
329888,"gate_30",173,TRUE,TRUE
329958,"gate_30",667,TRUE,TRUE
329960,"gate_40",19,TRUE,FALSE
330173,"gate_30",2,FALSE,FALSE
330203,"gate_40",5,TRUE,FALSE
330247,"gate_30",311,TRUE,TRUE
330475,"gate_30",8,FALSE,FALSE
330573,"gate_30",8,FALSE,FALSE
330609,"gate_30",0,FALSE,FALSE
330650,"gate_30",0,FALSE,FALSE
330695,"gate_30",25,TRUE,FALSE
330794,"gate_40",55,TRUE,FALSE
330933,"gate_30",40,TRUE,FALSE
331114,"gate_30",17,FALSE,FALSE
331298,"gate_30",42,TRUE,FALSE
331332,"gate_30",0,FALSE,FALSE
331541,"gate_40",1,FALSE,FALSE
331630,"gate_40",9,FALSE,FALSE
331668,"gate_30",14,FALSE,FALSE
331820,"gate_30",167,FALSE,FALSE
331835,"gate_30",124,TRUE,FALSE
331882,"gate_30",1,FALSE,FALSE
331934,"gate_40",82,FALSE,TRUE
332108,"gate_30",1,FALSE,FALSE
332688,"gate_40",1,FALSE,FALSE
332901,"gate_40",10,FALSE,FALSE
332911,"gate_30",1,FALSE,FALSE
332918,"gate_30",19,TRUE,FALSE
332947,"gate_30",5,TRUE,FALSE
333155,"gate_30",202,TRUE,FALSE
333168,"gate_40",6,FALSE,FALSE
333549,"gate_30",8,FALSE,FALSE
333740,"gate_40",5,FALSE,FALSE
333806,"gate_40",57,TRUE,FALSE
334030,"gate_40",44,TRUE,FALSE
334180,"gate_30",0,FALSE,FALSE
334323,"gate_40",19,FALSE,FALSE
334437,"gate_30",6,FALSE,FALSE
334509,"gate_40",11,FALSE,FALSE
334624,"gate_40",81,FALSE,FALSE
334631,"gate_40",2,FALSE,FALSE
334697,"gate_40",219,TRUE,FALSE
334782,"gate_40",4,TRUE,FALSE
334836,"gate_30",112,TRUE,TRUE
334959,"gate_40",62,FALSE,FALSE
334973,"gate_40",98,TRUE,FALSE
335234,"gate_40",1,FALSE,FALSE
335599,"gate_40",1,FALSE,FALSE
335984,"gate_40",132,TRUE,TRUE
336053,"gate_40",6,FALSE,FALSE
336079,"gate_40",3,FALSE,FALSE
336189,"gate_40",17,FALSE,FALSE
336252,"gate_40",114,TRUE,TRUE
336263,"gate_30",79,TRUE,FALSE
336398,"gate_30",3,FALSE,FALSE
336582,"gate_30",57,TRUE,FALSE
336736,"gate_30",7,FALSE,FALSE
336781,"gate_30",0,FALSE,FALSE
336935,"gate_40",39,FALSE,FALSE
336953,"gate_30",33,FALSE,FALSE
337650,"gate_30",1,FALSE,FALSE
337793,"gate_30",118,TRUE,TRUE
338042,"gate_40",60,TRUE,FALSE
338092,"gate_30",5,FALSE,FALSE
338186,"gate_30",8,FALSE,FALSE
338230,"gate_30",579,TRUE,TRUE
338295,"gate_40",62,FALSE,FALSE
338348,"gate_40",13,FALSE,FALSE
338446,"gate_40",34,TRUE,FALSE
338557,"gate_40",24,FALSE,FALSE
338571,"gate_40",58,FALSE,FALSE
338642,"gate_40",11,TRUE,FALSE
338848,"gate_30",0,FALSE,FALSE
338919,"gate_40",20,FALSE,FALSE
339066,"gate_40",33,FALSE,FALSE
339079,"gate_30",6,FALSE,FALSE
339091,"gate_30",4,FALSE,FALSE
339102,"gate_40",24,FALSE,FALSE
339125,"gate_40",8,FALSE,FALSE
339149,"gate_40",170,TRUE,TRUE
339351,"gate_40",14,FALSE,FALSE
339435,"gate_30",10,FALSE,FALSE
339436,"gate_30",8,FALSE,FALSE
339511,"gate_40",23,FALSE,FALSE
339557,"gate_40",2,FALSE,FALSE
339762,"gate_30",2,FALSE,FALSE
339817,"gate_30",23,FALSE,FALSE
340043,"gate_40",28,TRUE,FALSE
340107,"gate_40",69,FALSE,FALSE
340224,"gate_30",27,TRUE,FALSE
340495,"gate_40",7,FALSE,FALSE
340597,"gate_40",37,FALSE,FALSE
340627,"gate_30",170,TRUE,TRUE
340663,"gate_30",15,TRUE,FALSE
340666,"gate_40",2,FALSE,FALSE
340686,"gate_40",42,FALSE,FALSE
340693,"gate_40",68,FALSE,TRUE
340749,"gate_40",0,FALSE,FALSE
340787,"gate_30",60,TRUE,FALSE
340974,"gate_40",4,FALSE,FALSE
341156,"gate_40",14,FALSE,FALSE
341256,"gate_40",46,TRUE,FALSE
341402,"gate_40",33,FALSE,FALSE
341445,"gate_40",43,FALSE,FALSE
341500,"gate_30",39,FALSE,FALSE
341637,"gate_40",6,FALSE,FALSE
341746,"gate_40",324,TRUE,TRUE
341795,"gate_40",45,TRUE,FALSE
341942,"gate_40",302,TRUE,TRUE
342058,"gate_30",1,FALSE,FALSE
342385,"gate_30",24,TRUE,FALSE
342560,"gate_40",15,TRUE,FALSE
342699,"gate_30",15,FALSE,FALSE
342740,"gate_30",70,TRUE,FALSE
342877,"gate_30",35,FALSE,FALSE
342950,"gate_30",4,FALSE,FALSE
343237,"gate_30",2,FALSE,FALSE
343263,"gate_40",2,TRUE,FALSE
343327,"gate_40",114,TRUE,TRUE
343565,"gate_30",56,TRUE,TRUE
344036,"gate_30",93,TRUE,FALSE
344209,"gate_40",372,TRUE,TRUE
344689,"gate_40",16,TRUE,FALSE
344751,"gate_30",31,TRUE,FALSE
344901,"gate_40",10,FALSE,FALSE
345029,"gate_40",28,TRUE,FALSE
345043,"gate_40",5,FALSE,FALSE
345217,"gate_40",32,TRUE,FALSE
345308,"gate_30",101,TRUE,FALSE
345411,"gate_40",33,TRUE,FALSE
345440,"gate_40",7,FALSE,FALSE
345444,"gate_30",12,FALSE,FALSE
345570,"gate_40",4,FALSE,FALSE
345620,"gate_40",8,FALSE,FALSE
345730,"gate_30",27,FALSE,TRUE
345891,"gate_40",0,FALSE,FALSE
345950,"gate_30",1,FALSE,FALSE
346304,"gate_40",2,TRUE,FALSE
346381,"gate_30",66,TRUE,FALSE
346576,"gate_40",19,TRUE,FALSE
346661,"gate_30",116,TRUE,TRUE
346778,"gate_40",3,FALSE,FALSE
346828,"gate_40",1,FALSE,FALSE
346884,"gate_30",6,FALSE,FALSE
347245,"gate_40",0,FALSE,FALSE
347603,"gate_40",28,TRUE,FALSE
347739,"gate_30",1,FALSE,FALSE
347818,"gate_40",72,TRUE,FALSE
347906,"gate_30",19,FALSE,FALSE
348310,"gate_40",3,FALSE,FALSE
348409,"gate_40",2,FALSE,FALSE
348508,"gate_40",2,FALSE,FALSE
348530,"gate_40",975,TRUE,TRUE
348776,"gate_30",4,TRUE,TRUE
348817,"gate_30",46,TRUE,FALSE
348880,"gate_40",90,TRUE,TRUE
348903,"gate_40",41,TRUE,FALSE
348969,"gate_30",2,TRUE,FALSE
349072,"gate_30",4,FALSE,FALSE
349111,"gate_30",4,TRUE,FALSE
349257,"gate_30",38,TRUE,FALSE
349286,"gate_30",6,FALSE,FALSE
349389,"gate_40",7,FALSE,FALSE
349424,"gate_40",61,FALSE,FALSE
349885,"gate_30",51,TRUE,FALSE
349946,"gate_30",2,FALSE,FALSE
350229,"gate_30",15,FALSE,FALSE
350455,"gate_30",14,TRUE,FALSE
350586,"gate_30",70,TRUE,TRUE
350614,"gate_40",63,FALSE,FALSE
350675,"gate_40",62,TRUE,FALSE
350909,"gate_40",1,FALSE,FALSE
350956,"gate_40",11,TRUE,FALSE
351078,"gate_40",2,FALSE,FALSE
351545,"gate_40",20,FALSE,FALSE
351583,"gate_30",28,FALSE,TRUE
351705,"gate_30",6,FALSE,FALSE
351719,"gate_40",1,FALSE,FALSE
351879,"gate_40",57,FALSE,FALSE
351941,"gate_30",20,TRUE,FALSE
352016,"gate_30",14,FALSE,FALSE
352076,"gate_30",11,FALSE,FALSE
352091,"gate_30",45,FALSE,TRUE
352246,"gate_30",44,FALSE,FALSE
352411,"gate_40",8,TRUE,FALSE
352594,"gate_30",3,FALSE,FALSE
352892,"gate_40",25,FALSE,FALSE
352985,"gate_40",83,TRUE,FALSE
353322,"gate_30",2,FALSE,FALSE
353367,"gate_40",18,TRUE,FALSE
353434,"gate_40",4,FALSE,FALSE
353584,"gate_40",34,FALSE,FALSE
353746,"gate_40",2,FALSE,FALSE
353816,"gate_40",8,FALSE,FALSE
354058,"gate_30",9,FALSE,FALSE
354165,"gate_30",5,TRUE,FALSE
354224,"gate_30",2,FALSE,TRUE
354258,"gate_40",7,FALSE,FALSE
354470,"gate_30",51,TRUE,FALSE
354504,"gate_30",13,FALSE,FALSE
354521,"gate_30",42,TRUE,FALSE
354651,"gate_40",73,TRUE,FALSE
354768,"gate_40",29,TRUE,FALSE
354830,"gate_30",2,FALSE,FALSE
354831,"gate_40",1,FALSE,FALSE
354843,"gate_30",164,TRUE,FALSE
354962,"gate_30",24,FALSE,FALSE
354995,"gate_30",6,FALSE,FALSE
354996,"gate_40",220,TRUE,TRUE
355102,"gate_30",9,FALSE,FALSE
355305,"gate_30",4,FALSE,FALSE
355365,"gate_30",7,FALSE,FALSE
355426,"gate_40",4,FALSE,FALSE
355468,"gate_30",3,FALSE,FALSE
355478,"gate_30",17,TRUE,FALSE
355680,"gate_30",253,TRUE,FALSE
355749,"gate_30",114,TRUE,TRUE
355939,"gate_40",0,FALSE,FALSE
355993,"gate_30",215,FALSE,TRUE
356354,"gate_40",58,TRUE,FALSE
356468,"gate_40",9,FALSE,FALSE
356475,"gate_40",83,TRUE,FALSE
356618,"gate_30",3,TRUE,FALSE
356646,"gate_40",16,FALSE,FALSE
356663,"gate_30",341,TRUE,TRUE
356932,"gate_30",4,TRUE,FALSE
357036,"gate_30",6,FALSE,FALSE
357087,"gate_30",8,FALSE,FALSE
357103,"gate_30",19,FALSE,FALSE
357138,"gate_40",7,TRUE,FALSE
357366,"gate_30",8,TRUE,FALSE
357525,"gate_40",19,FALSE,FALSE
357639,"gate_30",115,TRUE,FALSE
357702,"gate_40",10,FALSE,FALSE
357845,"gate_30",241,TRUE,TRUE
358029,"gate_40",10,FALSE,FALSE
358040,"gate_30",1,FALSE,FALSE
358457,"gate_40",6,FALSE,FALSE
358557,"gate_40",24,FALSE,FALSE
358637,"gate_40",13,TRUE,FALSE
358649,"gate_40",19,TRUE,FALSE
358682,"gate_30",6,FALSE,FALSE
358684,"gate_30",330,TRUE,TRUE
358843,"gate_30",7,TRUE,FALSE
359234,"gate_40",5,FALSE,FALSE
359350,"gate_40",47,TRUE,TRUE
359352,"gate_30",1,FALSE,FALSE
359354,"gate_40",25,TRUE,FALSE
359378,"gate_40",10,TRUE,FALSE
359399,"gate_30",30,TRUE,FALSE
359587,"gate_40",10,FALSE,FALSE
359728,"gate_30",122,TRUE,TRUE
359745,"gate_40",32,FALSE,FALSE
359996,"gate_30",217,FALSE,TRUE
360266,"gate_30",50,TRUE,FALSE
360528,"gate_40",17,FALSE,FALSE
360733,"gate_30",15,FALSE,FALSE
360759,"gate_30",132,TRUE,FALSE
360866,"gate_30",4,FALSE,TRUE
361125,"gate_40",246,TRUE,TRUE
361260,"gate_40",38,TRUE,FALSE
361278,"gate_40",2,FALSE,FALSE
361396,"gate_40",1,FALSE,FALSE
361511,"gate_40",82,TRUE,FALSE
361538,"gate_30",2,FALSE,FALSE
361765,"gate_40",4,FALSE,FALSE
361940,"gate_30",4,TRUE,FALSE
361942,"gate_40",35,TRUE,FALSE
362102,"gate_30",4,FALSE,FALSE
362274,"gate_30",7,TRUE,FALSE
362284,"gate_40",1,FALSE,FALSE
362420,"gate_40",76,TRUE,TRUE
362440,"gate_30",69,TRUE,TRUE
362481,"gate_40",13,FALSE,FALSE
362500,"gate_30",15,FALSE,FALSE
362602,"gate_30",18,TRUE,FALSE
362728,"gate_30",3,FALSE,FALSE
363086,"gate_30",3,FALSE,FALSE
363204,"gate_30",17,TRUE,FALSE
363287,"gate_30",39,TRUE,FALSE
363446,"gate_40",3,FALSE,FALSE
363575,"gate_40",136,TRUE,TRUE
363809,"gate_30",0,FALSE,FALSE
364051,"gate_40",31,FALSE,FALSE
364115,"gate_40",137,TRUE,TRUE
364127,"gate_30",3,FALSE,FALSE
364168,"gate_40",66,TRUE,FALSE
364204,"gate_40",44,FALSE,FALSE
364393,"gate_30",9,FALSE,FALSE
364436,"gate_40",7,FALSE,FALSE
364522,"gate_30",8,FALSE,FALSE
364635,"gate_30",7,FALSE,FALSE
364656,"gate_40",2,FALSE,FALSE
364715,"gate_30",1,FALSE,FALSE
364733,"gate_30",5,FALSE,FALSE
364769,"gate_40",149,TRUE,TRUE
364839,"gate_30",17,TRUE,FALSE
364901,"gate_30",13,FALSE,FALSE
364935,"gate_40",8,FALSE,FALSE
364958,"gate_40",24,TRUE,FALSE
364966,"gate_40",5,FALSE,FALSE
365000,"gate_30",4,FALSE,FALSE
365078,"gate_30",14,FALSE,FALSE
365194,"gate_30",14,FALSE,FALSE
365300,"gate_40",65,TRUE,FALSE
365395,"gate_40",31,TRUE,FALSE
365537,"gate_40",3,FALSE,FALSE
365570,"gate_30",113,TRUE,TRUE
365597,"gate_30",16,FALSE,FALSE
365759,"gate_40",3,FALSE,FALSE
365904,"gate_30",21,FALSE,FALSE
365918,"gate_30",61,TRUE,FALSE
365939,"gate_30",1,FALSE,FALSE
365960,"gate_40",6,FALSE,FALSE
366035,"gate_40",11,FALSE,FALSE
366115,"gate_30",8,FALSE,FALSE
366148,"gate_30",0,FALSE,FALSE
366196,"gate_40",3,FALSE,FALSE
366213,"gate_30",294,TRUE,TRUE
366343,"gate_30",71,TRUE,FALSE
366880,"gate_30",34,TRUE,TRUE
366990,"gate_30",190,TRUE,FALSE
366999,"gate_30",62,TRUE,FALSE
367125,"gate_40",113,TRUE,TRUE
367135,"gate_40",6,FALSE,FALSE
367281,"gate_40",33,FALSE,FALSE
367541,"gate_40",21,TRUE,FALSE
367642,"gate_30",28,FALSE,FALSE
367867,"gate_30",12,FALSE,FALSE
367959,"gate_40",5,TRUE,FALSE
368059,"gate_30",5,FALSE,FALSE
368335,"gate_30",15,TRUE,FALSE
368479,"gate_40",30,FALSE,FALSE
368547,"gate_30",20,TRUE,FALSE
368559,"gate_30",12,FALSE,FALSE
368742,"gate_40",16,FALSE,FALSE
368794,"gate_30",9,TRUE,FALSE
368805,"gate_30",42,TRUE,TRUE
368973,"gate_40",1,FALSE,FALSE
369076,"gate_40",66,TRUE,FALSE
369092,"gate_40",18,FALSE,FALSE
369128,"gate_40",40,TRUE,FALSE
369150,"gate_30",27,TRUE,FALSE
369151,"gate_30",154,TRUE,FALSE
369193,"gate_40",66,FALSE,FALSE
369230,"gate_30",65,TRUE,TRUE
369288,"gate_40",70,FALSE,FALSE
369342,"gate_30",30,FALSE,TRUE
369402,"gate_30",4,FALSE,FALSE
369522,"gate_30",237,TRUE,TRUE
369597,"gate_30",16,FALSE,FALSE
369614,"gate_30",122,TRUE,FALSE
369732,"gate_40",331,TRUE,TRUE
369846,"gate_40",2,FALSE,FALSE
369849,"gate_40",197,TRUE,TRUE
370095,"gate_30",8,TRUE,FALSE
370152,"gate_30",0,FALSE,FALSE
370381,"gate_40",0,FALSE,FALSE
370391,"gate_30",26,TRUE,FALSE
370747,"gate_30",32,FALSE,FALSE
370791,"gate_40",6,FALSE,TRUE
370989,"gate_30",16,TRUE,FALSE
371064,"gate_30",7,FALSE,FALSE
371112,"gate_40",95,TRUE,TRUE
371139,"gate_40",14,TRUE,FALSE
371237,"gate_30",28,FALSE,FALSE
371320,"gate_30",54,TRUE,FALSE
371366,"gate_30",149,TRUE,TRUE
372011,"gate_30",0,FALSE,FALSE
372206,"gate_30",0,FALSE,FALSE
372563,"gate_40",19,TRUE,FALSE
372577,"gate_30",20,FALSE,FALSE
372729,"gate_30",2,FALSE,FALSE
372834,"gate_40",135,TRUE,FALSE
372977,"gate_30",84,TRUE,TRUE
373056,"gate_30",14,FALSE,FALSE
373174,"gate_30",15,FALSE,FALSE
373239,"gate_40",3,FALSE,FALSE
373247,"gate_40",1,FALSE,FALSE
373248,"gate_30",25,TRUE,FALSE
373279,"gate_30",69,FALSE,FALSE
373529,"gate_40",4,FALSE,FALSE
373592,"gate_40",1,FALSE,FALSE
373683,"gate_40",45,TRUE,FALSE
373877,"gate_40",2,FALSE,FALSE
373990,"gate_30",66,TRUE,TRUE
374029,"gate_30",0,FALSE,FALSE
374075,"gate_40",1,FALSE,FALSE
374117,"gate_40",9,FALSE,FALSE
374188,"gate_40",14,FALSE,FALSE
374399,"gate_40",33,FALSE,FALSE
374439,"gate_30",21,TRUE,FALSE
374668,"gate_40",298,TRUE,TRUE
374787,"gate_40",22,FALSE,FALSE
374809,"gate_40",19,FALSE,FALSE
374894,"gate_30",33,FALSE,FALSE
374940,"gate_30",126,TRUE,TRUE
374943,"gate_30",227,TRUE,TRUE
375105,"gate_30",33,TRUE,TRUE
375172,"gate_40",26,FALSE,FALSE
375205,"gate_30",206,TRUE,FALSE
375471,"gate_40",3,FALSE,FALSE
375502,"gate_40",1,FALSE,FALSE
375649,"gate_30",8,TRUE,FALSE
375657,"gate_30",785,TRUE,TRUE
375673,"gate_40",17,TRUE,FALSE
375690,"gate_40",3,FALSE,FALSE
375741,"gate_40",4,FALSE,FALSE
375742,"gate_40",10,FALSE,FALSE
375819,"gate_30",3,FALSE,FALSE
375883,"gate_30",22,FALSE,FALSE
376047,"gate_30",22,TRUE,FALSE
376057,"gate_30",134,FALSE,TRUE
376089,"gate_30",83,TRUE,FALSE
376201,"gate_30",10,FALSE,FALSE
376530,"gate_40",103,TRUE,FALSE
376569,"gate_30",35,TRUE,FALSE
376764,"gate_30",33,TRUE,FALSE
376934,"gate_30",177,FALSE,TRUE
377066,"gate_40",5,FALSE,FALSE
377121,"gate_40",53,TRUE,FALSE
377538,"gate_30",5,TRUE,FALSE
377713,"gate_40",5,FALSE,FALSE
377742,"gate_30",3,FALSE,FALSE
378039,"gate_40",1,FALSE,FALSE
378131,"gate_40",3,TRUE,FALSE
378208,"gate_40",947,TRUE,TRUE
378222,"gate_30",2,FALSE,FALSE
378438,"gate_30",429,TRUE,TRUE
378549,"gate_30",15,FALSE,FALSE
378647,"gate_30",90,TRUE,TRUE
379100,"gate_40",4,FALSE,FALSE
379105,"gate_30",10,FALSE,FALSE
379349,"gate_30",346,TRUE,TRUE
379436,"gate_30",84,FALSE,FALSE
379531,"gate_40",25,TRUE,TRUE
379787,"gate_30",2,TRUE,FALSE
379832,"gate_40",21,FALSE,FALSE
379836,"gate_40",3,FALSE,FALSE
379977,"gate_40",0,FALSE,FALSE
380111,"gate_40",53,TRUE,TRUE
380206,"gate_40",1,FALSE,FALSE
380245,"gate_30",11,FALSE,FALSE
380264,"gate_40",33,TRUE,TRUE
380366,"gate_30",182,TRUE,TRUE
380447,"gate_40",3,FALSE,FALSE
380476,"gate_40",4,TRUE,FALSE
380489,"gate_30",30,TRUE,FALSE
380690,"gate_40",26,TRUE,TRUE
380760,"gate_30",16,FALSE,FALSE
380930,"gate_30",92,FALSE,TRUE
380963,"gate_30",34,TRUE,FALSE
380975,"gate_30",10,FALSE,FALSE
381233,"gate_40",34,TRUE,FALSE
381339,"gate_30",60,FALSE,TRUE
381410,"gate_40",14,TRUE,FALSE
381448,"gate_30",21,FALSE,FALSE
381459,"gate_40",12,FALSE,FALSE
381747,"gate_40",8,FALSE,FALSE
381938,"gate_30",42,FALSE,TRUE
382063,"gate_30",1,FALSE,FALSE
382205,"gate_40",18,FALSE,FALSE
382344,"gate_30",20,FALSE,FALSE
382439,"gate_40",236,TRUE,TRUE
382523,"gate_30",16,TRUE,FALSE
382591,"gate_40",4,FALSE,FALSE
382724,"gate_40",18,FALSE,FALSE
382813,"gate_40",2,FALSE,FALSE
382905,"gate_30",213,TRUE,FALSE
382969,"gate_30",14,FALSE,FALSE
383258,"gate_30",8,TRUE,TRUE
383425,"gate_40",6,FALSE,FALSE
383494,"gate_40",47,TRUE,FALSE
383679,"gate_40",6,FALSE,FALSE
383936,"gate_40",137,FALSE,TRUE
383973,"gate_30",5,FALSE,FALSE
383995,"gate_30",1,FALSE,FALSE
384168,"gate_30",92,TRUE,TRUE
384329,"gate_30",4,FALSE,FALSE
384350,"gate_40",3,FALSE,FALSE
384384,"gate_30",6,FALSE,FALSE
384388,"gate_40",14,FALSE,FALSE
384453,"gate_40",52,TRUE,FALSE
384647,"gate_40",3,FALSE,FALSE
384746,"gate_40",2,FALSE,FALSE
385020,"gate_30",0,FALSE,FALSE
385171,"gate_40",32,FALSE,TRUE
385221,"gate_30",65,TRUE,FALSE
385313,"gate_30",35,TRUE,TRUE
385491,"gate_30",124,TRUE,TRUE
385516,"gate_30",14,FALSE,FALSE
385579,"gate_30",229,TRUE,TRUE
385619,"gate_40",16,TRUE,FALSE
385690,"gate_30",7,FALSE,FALSE
385709,"gate_30",8,FALSE,TRUE
385720,"gate_30",4,FALSE,FALSE
385863,"gate_30",17,TRUE,FALSE
385903,"gate_30",9,FALSE,FALSE
386111,"gate_30",70,TRUE,FALSE
386270,"gate_30",27,TRUE,FALSE
386296,"gate_30",2,FALSE,FALSE
386369,"gate_40",284,TRUE,FALSE
386538,"gate_40",97,TRUE,FALSE
386608,"gate_30",107,TRUE,TRUE
386696,"gate_40",96,TRUE,FALSE
386733,"gate_40",62,TRUE,FALSE
386739,"gate_40",6,FALSE,FALSE
386860,"gate_30",3,FALSE,FALSE
387104,"gate_40",7,TRUE,FALSE
387127,"gate_40",6,FALSE,FALSE
387210,"gate_40",9,TRUE,FALSE
387258,"gate_30",97,TRUE,FALSE
387297,"gate_40",2,FALSE,FALSE
387361,"gate_40",6,FALSE,FALSE
387490,"gate_30",7,FALSE,FALSE
387515,"gate_40",13,FALSE,FALSE
387517,"gate_30",6,TRUE,FALSE
387785,"gate_40",513,TRUE,TRUE
387797,"gate_30",46,TRUE,FALSE
387979,"gate_40",1,FALSE,FALSE
388249,"gate_30",29,TRUE,FALSE
388419,"gate_40",23,TRUE,FALSE
388467,"gate_40",16,TRUE,FALSE
388830,"gate_40",2,FALSE,FALSE
388889,"gate_40",38,FALSE,FALSE
389019,"gate_40",147,TRUE,FALSE
389215,"gate_30",105,TRUE,FALSE
389286,"gate_30",10,FALSE,FALSE
389318,"gate_40",1,FALSE,FALSE
389453,"gate_40",10,FALSE,FALSE
389471,"gate_30",38,TRUE,FALSE
389556,"gate_40",4,FALSE,FALSE
389624,"gate_30",112,TRUE,FALSE
389687,"gate_30",55,FALSE,TRUE
389691,"gate_30",0,FALSE,FALSE
389849,"gate_40",40,TRUE,FALSE
390041,"gate_40",0,FALSE,FALSE
390053,"gate_30",1,FALSE,FALSE
390143,"gate_30",197,TRUE,TRUE
390151,"gate_40",1,FALSE,FALSE
390166,"gate_30",34,FALSE,FALSE
390288,"gate_30",6,TRUE,FALSE
390377,"gate_30",73,TRUE,FALSE
390382,"gate_30",3,FALSE,FALSE
390405,"gate_30",167,FALSE,TRUE
390538,"gate_30",2,FALSE,FALSE
390649,"gate_40",1,FALSE,FALSE
390790,"gate_30",22,TRUE,FALSE
390818,"gate_30",373,TRUE,FALSE
390874,"gate_30",0,FALSE,FALSE
391161,"gate_30",4,FALSE,FALSE
391484,"gate_30",0,FALSE,FALSE
391522,"gate_30",40,TRUE,FALSE
391808,"gate_30",133,FALSE,TRUE
391832,"gate_40",131,TRUE,TRUE
391926,"gate_40",2,FALSE,FALSE
392034,"gate_40",37,TRUE,FALSE
392052,"gate_40",6,FALSE,FALSE
392079,"gate_30",14,FALSE,FALSE
392102,"gate_40",1,FALSE,FALSE
392149,"gate_40",12,FALSE,FALSE
392282,"gate_40",113,TRUE,TRUE
392644,"gate_30",8,FALSE,FALSE
393055,"gate_40",17,FALSE,FALSE
393166,"gate_40",17,FALSE,FALSE
393315,"gate_30",3,FALSE,FALSE
393402,"gate_40",22,FALSE,FALSE
393412,"gate_40",8,FALSE,FALSE
393522,"gate_30",9,FALSE,FALSE
393656,"gate_30",75,TRUE,FALSE
393729,"gate_30",3,FALSE,FALSE
393897,"gate_40",0,FALSE,FALSE
394095,"gate_40",8,TRUE,FALSE
394106,"gate_40",14,FALSE,FALSE
394163,"gate_40",1,FALSE,FALSE
394257,"gate_40",4,FALSE,TRUE
394341,"gate_40",2,FALSE,FALSE
394532,"gate_30",24,FALSE,FALSE
394752,"gate_40",1,FALSE,FALSE
394754,"gate_40",4,FALSE,FALSE
394789,"gate_30",25,FALSE,FALSE
394937,"gate_40",19,FALSE,FALSE
395064,"gate_30",1,FALSE,FALSE
395156,"gate_30",6,FALSE,FALSE
395294,"gate_40",4,TRUE,FALSE
395305,"gate_30",7,TRUE,FALSE
395406,"gate_30",18,TRUE,FALSE
395411,"gate_40",45,TRUE,FALSE
395588,"gate_40",0,FALSE,FALSE
395707,"gate_30",20,TRUE,FALSE
395975,"gate_30",4,TRUE,FALSE
396129,"gate_40",20,TRUE,FALSE
396416,"gate_30",11,FALSE,FALSE
396541,"gate_40",104,TRUE,FALSE
396702,"gate_30",253,TRUE,TRUE
396803,"gate_30",14,TRUE,FALSE
397171,"gate_40",23,TRUE,FALSE
397211,"gate_40",31,TRUE,FALSE
397246,"gate_40",31,FALSE,TRUE
397308,"gate_30",17,TRUE,FALSE
397322,"gate_30",10,FALSE,FALSE
397329,"gate_30",4,FALSE,FALSE
397333,"gate_30",14,TRUE,FALSE
397341,"gate_40",22,FALSE,FALSE
397388,"gate_40",20,TRUE,FALSE
397579,"gate_40",13,FALSE,FALSE
397793,"gate_30",67,TRUE,FALSE
397874,"gate_30",14,FALSE,FALSE
397904,"gate_40",78,FALSE,FALSE
398085,"gate_30",454,TRUE,TRUE
398151,"gate_30",14,FALSE,FALSE
398227,"gate_40",270,TRUE,FALSE
398238,"gate_30",40,FALSE,FALSE
398438,"gate_40",1,FALSE,FALSE
398645,"gate_40",19,FALSE,FALSE
398647,"gate_40",83,TRUE,FALSE
398753,"gate_40",3,FALSE,FALSE
398801,"gate_40",45,TRUE,TRUE
398917,"gate_30",34,TRUE,FALSE
399150,"gate_30",32,FALSE,FALSE
399177,"gate_40",10,FALSE,FALSE
399211,"gate_30",27,TRUE,FALSE
399562,"gate_40",45,TRUE,FALSE
399753,"gate_40",21,TRUE,FALSE
400155,"gate_30",12,FALSE,FALSE
400185,"gate_40",7,FALSE,FALSE
400212,"gate_40",11,FALSE,FALSE
400251,"gate_40",9,TRUE,FALSE
400320,"gate_40",188,TRUE,TRUE
400336,"gate_30",49,TRUE,FALSE
400359,"gate_30",248,TRUE,FALSE
400492,"gate_40",137,FALSE,TRUE
400510,"gate_30",1,FALSE,FALSE
400536,"gate_40",61,FALSE,FALSE
400572,"gate_30",6,FALSE,FALSE
400619,"gate_30",14,TRUE,TRUE
400691,"gate_30",2,FALSE,FALSE
400794,"gate_30",22,TRUE,TRUE
400968,"gate_30",2,FALSE,FALSE
401304,"gate_40",5,TRUE,FALSE
401652,"gate_30",16,FALSE,FALSE
401693,"gate_40",118,TRUE,FALSE
401778,"gate_30",3,FALSE,FALSE
402272,"gate_40",6,FALSE,FALSE
402354,"gate_40",2,FALSE,FALSE
402425,"gate_40",42,FALSE,FALSE
402454,"gate_30",19,TRUE,FALSE
402485,"gate_40",47,FALSE,FALSE
402916,"gate_30",49,FALSE,FALSE
403152,"gate_30",5,FALSE,FALSE
403383,"gate_40",434,TRUE,TRUE
403460,"gate_40",14,TRUE,FALSE
403794,"gate_30",4,FALSE,FALSE
404167,"gate_40",55,TRUE,FALSE
404642,"gate_40",72,TRUE,TRUE
404726,"gate_40",25,FALSE,FALSE
404874,"gate_30",61,TRUE,TRUE
404932,"gate_40",23,FALSE,FALSE
405089,"gate_40",6,FALSE,FALSE
405158,"gate_40",26,TRUE,FALSE
405190,"gate_30",15,TRUE,FALSE
405217,"gate_40",15,FALSE,FALSE
405327,"gate_40",137,TRUE,FALSE
405380,"gate_40",50,TRUE,TRUE
405466,"gate_30",35,FALSE,TRUE
405971,"gate_30",442,TRUE,TRUE
406081,"gate_40",1,FALSE,FALSE
406185,"gate_30",7,FALSE,FALSE
406200,"gate_40",4,FALSE,FALSE
406201,"gate_30",11,FALSE,FALSE
406202,"gate_40",16,FALSE,FALSE
406211,"gate_30",2,FALSE,FALSE
406470,"gate_30",112,TRUE,FALSE
406701,"gate_40",9,FALSE,FALSE
406737,"gate_40",461,TRUE,TRUE
406812,"gate_30",261,TRUE,TRUE
407091,"gate_40",164,FALSE,FALSE
407258,"gate_30",258,FALSE,TRUE
407313,"gate_30",51,TRUE,FALSE
407365,"gate_40",29,TRUE,TRUE
407396,"gate_30",9,TRUE,FALSE
407492,"gate_30",29,TRUE,TRUE
407521,"gate_40",90,FALSE,FALSE
407576,"gate_30",4,FALSE,FALSE
407592,"gate_40",2,FALSE,FALSE
407774,"gate_40",2,TRUE,FALSE
407824,"gate_40",5,FALSE,FALSE
407828,"gate_40",174,TRUE,TRUE
408030,"gate_40",2,FALSE,FALSE
408180,"gate_30",14,FALSE,FALSE
408273,"gate_40",4,FALSE,FALSE
408318,"gate_40",59,TRUE,TRUE
408623,"gate_40",5,FALSE,FALSE
408682,"gate_40",8,TRUE,FALSE
408712,"gate_40",19,FALSE,FALSE
408750,"gate_40",1,FALSE,FALSE
408862,"gate_40",10,FALSE,TRUE
408875,"gate_40",11,TRUE,FALSE
409083,"gate_30",11,TRUE,FALSE
409145,"gate_40",3,FALSE,FALSE
409166,"gate_30",2,FALSE,FALSE
409388,"gate_30",1,FALSE,FALSE
409519,"gate_30",42,TRUE,FALSE
409570,"gate_30",70,TRUE,FALSE
409641,"gate_30",10,FALSE,FALSE
409645,"gate_30",17,TRUE,FALSE
409679,"gate_40",40,TRUE,FALSE
409780,"gate_40",1,FALSE,FALSE
409863,"gate_40",338,TRUE,TRUE
410025,"gate_40",50,TRUE,FALSE
410165,"gate_30",33,TRUE,FALSE
410565,"gate_30",59,TRUE,FALSE
410568,"gate_30",5,FALSE,FALSE
410726,"gate_30",6,FALSE,FALSE
410921,"gate_30",25,FALSE,FALSE
411506,"gate_30",24,TRUE,FALSE
411862,"gate_40",1,FALSE,FALSE
411955,"gate_30",20,FALSE,FALSE
411997,"gate_40",8,FALSE,FALSE
412011,"gate_30",39,TRUE,FALSE
412056,"gate_30",36,TRUE,FALSE
412116,"gate_40",17,TRUE,FALSE
412147,"gate_30",11,FALSE,FALSE
412310,"gate_30",11,FALSE,FALSE
412334,"gate_30",46,FALSE,FALSE
412584,"gate_40",7,TRUE,FALSE
412812,"gate_40",3,FALSE,FALSE
412989,"gate_40",111,FALSE,FALSE
413042,"gate_40",160,TRUE,FALSE
413323,"gate_40",52,TRUE,FALSE
413477,"gate_40",86,TRUE,FALSE
413513,"gate_40",4,TRUE,FALSE
413543,"gate_30",126,FALSE,TRUE
413730,"gate_30",11,FALSE,FALSE
413749,"gate_30",17,FALSE,FALSE
413870,"gate_30",276,TRUE,TRUE
413896,"gate_40",16,FALSE,FALSE
414066,"gate_30",72,TRUE,TRUE
414136,"gate_30",37,TRUE,FALSE
414145,"gate_30",39,TRUE,TRUE
414474,"gate_40",24,FALSE,TRUE
414509,"gate_30",24,TRUE,FALSE
414634,"gate_30",3,FALSE,FALSE
414756,"gate_40",87,TRUE,FALSE
414800,"gate_30",31,TRUE,TRUE
414906,"gate_30",96,TRUE,FALSE
415105,"gate_30",2,FALSE,FALSE
415170,"gate_30",258,TRUE,TRUE
415253,"gate_30",3,FALSE,FALSE
415267,"gate_30",144,TRUE,TRUE
415285,"gate_40",3,FALSE,FALSE
415289,"gate_30",38,FALSE,FALSE
415301,"gate_30",1,FALSE,FALSE
415376,"gate_40",51,TRUE,FALSE
415397,"gate_40",12,FALSE,FALSE
415476,"gate_30",2,FALSE,FALSE
415496,"gate_40",240,TRUE,TRUE
415566,"gate_30",70,TRUE,FALSE
415637,"gate_40",8,FALSE,FALSE
415726,"gate_40",0,FALSE,FALSE
415969,"gate_40",10,FALSE,FALSE
416094,"gate_30",134,TRUE,TRUE
416152,"gate_40",45,TRUE,FALSE
416411,"gate_40",219,TRUE,FALSE
416484,"gate_30",17,FALSE,FALSE
416489,"gate_30",9,FALSE,FALSE
416580,"gate_40",96,TRUE,FALSE
416655,"gate_40",24,FALSE,FALSE
416674,"gate_30",28,TRUE,FALSE
416835,"gate_30",121,TRUE,TRUE
416942,"gate_30",3,FALSE,FALSE
417079,"gate_40",65,FALSE,FALSE
417081,"gate_40",2,FALSE,FALSE
417263,"gate_40",94,TRUE,TRUE
417275,"gate_30",6,FALSE,FALSE
417339,"gate_30",120,TRUE,FALSE
417441,"gate_30",0,FALSE,FALSE
417578,"gate_40",189,TRUE,FALSE
417687,"gate_30",10,FALSE,FALSE
417699,"gate_40",180,TRUE,TRUE
417759,"gate_40",8,FALSE,FALSE
417812,"gate_40",38,TRUE,FALSE
417990,"gate_30",11,FALSE,TRUE
418174,"gate_40",12,FALSE,FALSE
418300,"gate_30",9,FALSE,FALSE
418421,"gate_40",56,TRUE,FALSE
418453,"gate_30",157,FALSE,FALSE
418516,"gate_30",223,TRUE,TRUE
418547,"gate_30",181,TRUE,TRUE
418765,"gate_30",50,TRUE,TRUE
418964,"gate_40",521,TRUE,TRUE
419017,"gate_30",2,FALSE,FALSE
419119,"gate_30",6,TRUE,FALSE
419275,"gate_30",162,TRUE,FALSE
419413,"gate_40",66,TRUE,TRUE
419938,"gate_30",88,TRUE,TRUE
420106,"gate_30",7,FALSE,FALSE
420160,"gate_40",5,FALSE,FALSE
420191,"gate_30",1,FALSE,FALSE
420304,"gate_30",6,TRUE,FALSE
420361,"gate_40",1,FALSE,FALSE
420909,"gate_40",18,TRUE,FALSE
420974,"gate_40",11,FALSE,FALSE
421116,"gate_30",9,TRUE,FALSE
421176,"gate_30",1,FALSE,FALSE
421456,"gate_40",1,FALSE,FALSE
421579,"gate_40",2,FALSE,FALSE
421739,"gate_30",4,FALSE,FALSE
421947,"gate_30",4,FALSE,FALSE
421969,"gate_40",927,TRUE,TRUE
422171,"gate_40",23,TRUE,FALSE
422218,"gate_40",26,TRUE,FALSE
422229,"gate_40",21,TRUE,FALSE
422297,"gate_30",4,FALSE,FALSE
422366,"gate_30",17,TRUE,FALSE
422374,"gate_40",10,FALSE,FALSE
422461,"gate_30",2,TRUE,FALSE
422697,"gate_30",7,FALSE,FALSE
422764,"gate_40",1,FALSE,FALSE
422804,"gate_40",37,TRUE,FALSE
422836,"gate_40",4,FALSE,TRUE
422858,"gate_30",8,FALSE,FALSE
422909,"gate_30",0,FALSE,FALSE
423012,"gate_30",90,TRUE,FALSE
423014,"gate_30",85,TRUE,FALSE
423159,"gate_40",2,FALSE,FALSE
423265,"gate_40",78,TRUE,FALSE
423281,"gate_30",1,FALSE,FALSE
423527,"gate_40",7,FALSE,FALSE
423766,"gate_30",48,TRUE,TRUE
423856,"gate_30",48,TRUE,FALSE
423879,"gate_40",92,TRUE,TRUE
423996,"gate_30",53,FALSE,FALSE
424389,"gate_30",1,FALSE,FALSE
424407,"gate_40",62,TRUE,TRUE
424474,"gate_40",30,FALSE,TRUE
424521,"gate_40",11,FALSE,FALSE
424620,"gate_40",16,FALSE,TRUE
424793,"gate_40",0,FALSE,FALSE
424956,"gate_40",34,FALSE,FALSE
425051,"gate_30",343,TRUE,TRUE
425114,"gate_30",55,TRUE,FALSE
425199,"gate_40",3,FALSE,FALSE
425282,"gate_30",0,FALSE,FALSE
425339,"gate_30",9,FALSE,FALSE
425357,"gate_40",15,FALSE,FALSE
425359,"gate_30",23,TRUE,FALSE
425471,"gate_30",39,FALSE,FALSE
425532,"gate_30",4,FALSE,FALSE
425620,"gate_40",14,TRUE,FALSE
425762,"gate_30",30,TRUE,FALSE
425844,"gate_40",6,FALSE,FALSE
426243,"gate_40",4,FALSE,FALSE
426280,"gate_40",4,FALSE,FALSE
426403,"gate_40",11,FALSE,FALSE
426708,"gate_40",0,FALSE,FALSE
426777,"gate_40",75,TRUE,FALSE
427328,"gate_30",2,FALSE,FALSE
427420,"gate_30",32,FALSE,FALSE
427607,"gate_30",1,FALSE,FALSE
427637,"gate_30",11,FALSE,FALSE
427638,"gate_30",8,TRUE,FALSE
427694,"gate_30",10,FALSE,FALSE
427849,"gate_40",11,TRUE,FALSE
427851,"gate_30",42,TRUE,FALSE
427860,"gate_30",3,FALSE,FALSE
428096,"gate_40",91,FALSE,FALSE
428136,"gate_30",1,FALSE,FALSE
428184,"gate_30",3,FALSE,FALSE
428248,"gate_30",14,TRUE,FALSE
428253,"gate_40",139,FALSE,TRUE
428393,"gate_40",18,TRUE,FALSE
428424,"gate_40",23,FALSE,FALSE
428447,"gate_40",4,FALSE,FALSE
428747,"gate_40",95,TRUE,FALSE
428970,"gate_40",5,FALSE,FALSE
429058,"gate_30",15,FALSE,FALSE
429137,"gate_40",152,TRUE,TRUE
429237,"gate_40",37,FALSE,FALSE
429306,"gate_30",2,FALSE,FALSE
429351,"gate_40",21,TRUE,FALSE
429532,"gate_40",136,TRUE,TRUE
429542,"gate_40",1,FALSE,FALSE
429579,"gate_40",51,TRUE,FALSE
429583,"gate_40",27,FALSE,FALSE
429838,"gate_40",3,FALSE,FALSE
429891,"gate_40",2,FALSE,FALSE
429922,"gate_30",13,FALSE,FALSE
430020,"gate_30",1,FALSE,FALSE
430079,"gate_40",2,FALSE,FALSE
430106,"gate_30",6,FALSE,FALSE
430294,"gate_30",5,FALSE,FALSE
430337,"gate_40",41,TRUE,FALSE
430342,"gate_40",37,FALSE,FALSE
430406,"gate_40",41,TRUE,FALSE
430452,"gate_40",102,TRUE,FALSE
430782,"gate_30",166,FALSE,FALSE
430913,"gate_30",54,TRUE,FALSE
430991,"gate_40",48,FALSE,FALSE
431061,"gate_30",282,TRUE,TRUE
431225,"gate_40",1,FALSE,FALSE
431355,"gate_30",21,FALSE,FALSE
431464,"gate_40",39,TRUE,FALSE
431540,"gate_40",75,FALSE,FALSE
431826,"gate_40",11,TRUE,FALSE
432388,"gate_40",12,TRUE,FALSE
432438,"gate_40",9,FALSE,FALSE
432452,"gate_40",2,FALSE,FALSE
432519,"gate_30",258,TRUE,FALSE
432550,"gate_30",12,TRUE,TRUE
432574,"gate_40",11,FALSE,FALSE
432617,"gate_30",20,FALSE,FALSE
432658,"gate_30",30,FALSE,FALSE
432661,"gate_40",9,FALSE,FALSE
432876,"gate_30",89,FALSE,FALSE
433038,"gate_30",296,TRUE,TRUE
433272,"gate_30",13,FALSE,FALSE
433364,"gate_40",4,FALSE,FALSE
433403,"gate_40",19,FALSE,FALSE
434321,"gate_30",51,TRUE,TRUE
434351,"gate_30",2,FALSE,FALSE
434486,"gate_30",8,TRUE,FALSE
434603,"gate_40",24,FALSE,FALSE
434677,"gate_30",9,FALSE,FALSE
434855,"gate_40",11,FALSE,FALSE
434856,"gate_40",2,FALSE,FALSE
434863,"gate_40",27,TRUE,FALSE
434884,"gate_40",22,TRUE,TRUE
434889,"gate_30",65,TRUE,FALSE
435078,"gate_40",50,TRUE,FALSE
435127,"gate_30",11,FALSE,FALSE
435422,"gate_40",7,FALSE,FALSE
435484,"gate_40",135,TRUE,TRUE
435493,"gate_30",244,TRUE,TRUE
435663,"gate_30",11,FALSE,FALSE
435761,"gate_30",3,FALSE,FALSE
435957,"gate_30",51,TRUE,FALSE
436389,"gate_40",6,FALSE,FALSE
436646,"gate_30",23,FALSE,FALSE
436730,"gate_40",378,FALSE,FALSE
436767,"gate_30",151,TRUE,TRUE
436851,"gate_40",0,FALSE,FALSE
436913,"gate_30",3,FALSE,FALSE
437151,"gate_30",11,FALSE,FALSE
437214,"gate_30",95,TRUE,FALSE
437247,"gate_40",62,TRUE,FALSE
437286,"gate_30",2,FALSE,FALSE
437323,"gate_40",19,TRUE,FALSE
437359,"gate_30",0,FALSE,FALSE
437366,"gate_30",13,TRUE,FALSE
437393,"gate_40",16,TRUE,TRUE
437425,"gate_30",3,FALSE,FALSE
437677,"gate_30",1,FALSE,FALSE
437752,"gate_40",1,FALSE,FALSE
437754,"gate_30",2,TRUE,FALSE
437944,"gate_40",48,TRUE,FALSE
437999,"gate_40",0,FALSE,FALSE
438030,"gate_30",8,FALSE,FALSE
438286,"gate_30",8,FALSE,FALSE
438653,"gate_30",107,TRUE,TRUE
438787,"gate_40",9,TRUE,FALSE
438794,"gate_40",129,TRUE,TRUE
439010,"gate_40",0,FALSE,FALSE
439054,"gate_40",1,FALSE,FALSE
439099,"gate_30",4,FALSE,FALSE
439106,"gate_30",19,TRUE,FALSE
439111,"gate_30",216,TRUE,TRUE
439254,"gate_40",1,FALSE,FALSE
439403,"gate_40",9,FALSE,FALSE
439555,"gate_40",11,FALSE,FALSE
439596,"gate_30",38,TRUE,FALSE
439660,"gate_30",0,FALSE,FALSE
439669,"gate_30",150,TRUE,TRUE
439687,"gate_40",24,TRUE,TRUE
439715,"gate_30",183,TRUE,TRUE
439847,"gate_40",15,TRUE,FALSE
439887,"gate_40",176,TRUE,TRUE
439904,"gate_30",8,FALSE,FALSE
439981,"gate_40",9,FALSE,FALSE
440142,"gate_40",12,FALSE,FALSE
440228,"gate_30",132,TRUE,TRUE
440275,"gate_30",40,TRUE,FALSE
440290,"gate_40",199,TRUE,TRUE
440400,"gate_40",20,FALSE,TRUE
440640,"gate_40",1,FALSE,FALSE
440747,"gate_40",63,FALSE,FALSE
440885,"gate_30",8,FALSE,FALSE
440951,"gate_30",3,FALSE,FALSE
440990,"gate_30",11,FALSE,FALSE
441063,"gate_30",0,FALSE,FALSE
441149,"gate_40",1,FALSE,FALSE
441226,"gate_30",7,TRUE,FALSE
441561,"gate_40",178,FALSE,TRUE
441597,"gate_40",20,TRUE,FALSE
441632,"gate_30",75,FALSE,FALSE
441663,"gate_40",4,FALSE,FALSE
441801,"gate_40",5,FALSE,FALSE
442051,"gate_40",0,FALSE,FALSE
442217,"gate_30",47,TRUE,FALSE
442299,"gate_40",342,TRUE,TRUE
442463,"gate_40",13,TRUE,FALSE
442819,"gate_30",0,TRUE,FALSE
442878,"gate_30",97,TRUE,FALSE
442896,"gate_40",4,FALSE,FALSE
442940,"gate_40",619,TRUE,TRUE
442956,"gate_30",5,FALSE,FALSE
443040,"gate_40",108,TRUE,TRUE
443596,"gate_40",2,FALSE,FALSE
443638,"gate_30",13,FALSE,FALSE
443814,"gate_40",26,FALSE,FALSE
443928,"gate_40",49,TRUE,FALSE
443985,"gate_30",38,TRUE,TRUE
443998,"gate_40",8,TRUE,FALSE
444018,"gate_40",1,FALSE,FALSE
444034,"gate_30",521,TRUE,TRUE
444091,"gate_40",3,TRUE,FALSE
444112,"gate_30",18,TRUE,FALSE
444374,"gate_40",0,FALSE,FALSE
444439,"gate_30",45,TRUE,FALSE
444578,"gate_40",48,TRUE,FALSE
444651,"gate_30",108,TRUE,TRUE
444719,"gate_30",18,TRUE,FALSE
444760,"gate_30",165,TRUE,TRUE
444951,"gate_40",24,TRUE,FALSE
444967,"gate_30",62,FALSE,TRUE
444995,"gate_30",10,FALSE,FALSE
445115,"gate_40",6,TRUE,FALSE
445212,"gate_30",41,TRUE,TRUE
445228,"gate_30",95,TRUE,TRUE
445266,"gate_30",97,TRUE,TRUE
445575,"gate_40",10,FALSE,FALSE
445648,"gate_30",2,FALSE,FALSE
445659,"gate_40",58,TRUE,FALSE
445874,"gate_40",4,FALSE,FALSE
445875,"gate_30",145,TRUE,TRUE
445917,"gate_40",21,TRUE,FALSE
446077,"gate_40",4,FALSE,FALSE
446169,"gate_40",177,TRUE,TRUE
446248,"gate_30",9,FALSE,FALSE
446264,"gate_40",49,FALSE,FALSE
446393,"gate_30",9,FALSE,FALSE
446500,"gate_30",36,TRUE,FALSE
446618,"gate_30",19,TRUE,FALSE
446629,"gate_40",41,TRUE,FALSE
446695,"gate_30",8,FALSE,FALSE
446734,"gate_30",4,FALSE,FALSE
446820,"gate_30",0,FALSE,FALSE
447281,"gate_30",4,FALSE,FALSE
447440,"gate_30",14,TRUE,FALSE
447539,"gate_40",14,TRUE,FALSE
447616,"gate_30",82,TRUE,FALSE
447622,"gate_40",21,TRUE,FALSE
447871,"gate_30",2,FALSE,FALSE
447872,"gate_40",9,TRUE,FALSE
448024,"gate_30",6,FALSE,FALSE
448390,"gate_40",0,FALSE,FALSE
448400,"gate_40",14,FALSE,FALSE
448497,"gate_40",19,TRUE,FALSE
448612,"gate_40",3,FALSE,FALSE
448809,"gate_40",1,FALSE,FALSE
448850,"gate_40",344,TRUE,TRUE
448871,"gate_40",22,TRUE,FALSE
448887,"gate_30",387,TRUE,TRUE
449099,"gate_40",11,TRUE,FALSE
449336,"gate_40",23,TRUE,FALSE
449359,"gate_40",17,TRUE,FALSE
449547,"gate_40",8,FALSE,FALSE
449653,"gate_40",8,FALSE,FALSE
449705,"gate_30",0,FALSE,FALSE
449735,"gate_30",0,FALSE,FALSE
449779,"gate_40",7,TRUE,FALSE
449998,"gate_40",19,TRUE,TRUE
450082,"gate_30",178,TRUE,TRUE
450167,"gate_30",40,TRUE,FALSE
450257,"gate_40",3,FALSE,FALSE
450715,"gate_30",8,FALSE,FALSE
450810,"gate_40",264,TRUE,TRUE
450875,"gate_40",204,TRUE,TRUE
450934,"gate_40",10,TRUE,FALSE
450969,"gate_30",29,FALSE,FALSE
451000,"gate_30",3,FALSE,FALSE
451262,"gate_30",112,TRUE,FALSE
451326,"gate_30",67,TRUE,FALSE
451577,"gate_30",5,FALSE,FALSE
451613,"gate_30",83,TRUE,TRUE
451760,"gate_40",105,TRUE,FALSE
451838,"gate_40",15,FALSE,FALSE
451863,"gate_40",2,FALSE,FALSE
452068,"gate_40",166,TRUE,TRUE
452243,"gate_40",1,FALSE,FALSE
452339,"gate_30",27,TRUE,FALSE
452396,"gate_40",2,FALSE,FALSE
452679,"gate_40",84,TRUE,TRUE
452743,"gate_30",1,FALSE,FALSE
452811,"gate_30",0,FALSE,FALSE
452833,"gate_30",60,TRUE,FALSE
452904,"gate_30",0,FALSE,FALSE
452928,"gate_40",51,TRUE,FALSE
453090,"gate_30",34,TRUE,FALSE
453203,"gate_40",21,TRUE,FALSE
453251,"gate_30",0,FALSE,FALSE
453312,"gate_30",76,TRUE,TRUE
453347,"gate_30",9,FALSE,FALSE
453898,"gate_40",3,FALSE,FALSE
453999,"gate_30",9,TRUE,FALSE
454114,"gate_30",6,FALSE,FALSE
454182,"gate_30",20,FALSE,FALSE
454338,"gate_30",1,FALSE,FALSE
454495,"gate_30",20,FALSE,FALSE
454657,"gate_30",32,TRUE,FALSE
454832,"gate_30",19,TRUE,FALSE
454920,"gate_40",34,TRUE,TRUE
455088,"gate_30",20,FALSE,FALSE
455169,"gate_30",265,TRUE,FALSE
455197,"gate_40",85,TRUE,FALSE
455258,"gate_40",7,FALSE,FALSE
455322,"gate_40",27,FALSE,FALSE
455560,"gate_30",34,FALSE,FALSE
455725,"gate_30",5,FALSE,FALSE
455748,"gate_30",20,FALSE,FALSE
455789,"gate_40",2,FALSE,FALSE
455793,"gate_30",17,TRUE,FALSE
455881,"gate_40",78,TRUE,TRUE
455957,"gate_30",256,FALSE,TRUE
456118,"gate_40",17,TRUE,FALSE
456142,"gate_40",19,TRUE,FALSE
456244,"gate_30",89,TRUE,FALSE
456279,"gate_30",58,TRUE,FALSE
456416,"gate_40",24,TRUE,FALSE
456652,"gate_40",8,FALSE,FALSE
456679,"gate_40",25,TRUE,FALSE
456690,"gate_40",29,TRUE,FALSE
456718,"gate_30",55,TRUE,FALSE
456771,"gate_40",1,FALSE,FALSE
457049,"gate_40",85,TRUE,FALSE
457064,"gate_30",265,TRUE,TRUE
457088,"gate_40",55,TRUE,TRUE
457098,"gate_30",27,FALSE,FALSE
457309,"gate_30",19,FALSE,FALSE
457459,"gate_30",39,TRUE,FALSE
457478,"gate_40",51,TRUE,FALSE
457641,"gate_40",296,TRUE,TRUE
457780,"gate_30",95,TRUE,FALSE
457890,"gate_40",168,TRUE,FALSE
458065,"gate_40",85,TRUE,TRUE
458389,"gate_30",14,FALSE,FALSE
458600,"gate_40",3,FALSE,FALSE
458695,"gate_40",165,TRUE,TRUE
458869,"gate_40",68,TRUE,FALSE
459037,"gate_30",14,FALSE,FALSE
459323,"gate_30",233,FALSE,TRUE
459375,"gate_40",2,FALSE,FALSE
459455,"gate_40",4,FALSE,FALSE
459624,"gate_40",5,FALSE,FALSE
459867,"gate_30",1,FALSE,TRUE
459929,"gate_40",1,TRUE,FALSE
460077,"gate_40",37,FALSE,FALSE
460185,"gate_30",65,TRUE,TRUE
460471,"gate_40",8,FALSE,FALSE
460764,"gate_40",83,TRUE,TRUE
460827,"gate_30",27,FALSE,FALSE
460918,"gate_40",9,FALSE,FALSE
460952,"gate_30",171,TRUE,FALSE
461093,"gate_40",5,TRUE,FALSE
461211,"gate_40",42,TRUE,FALSE
461690,"gate_40",9,FALSE,FALSE
461812,"gate_40",31,TRUE,TRUE
461859,"gate_30",0,FALSE,FALSE
461972,"gate_30",1,FALSE,FALSE
461975,"gate_30",56,TRUE,FALSE
462036,"gate_30",16,FALSE,FALSE
462199,"gate_40",18,TRUE,FALSE
462331,"gate_30",9,FALSE,FALSE
462415,"gate_30",4,FALSE,FALSE
462514,"gate_40",0,FALSE,FALSE
462624,"gate_30",37,TRUE,FALSE
462766,"gate_30",227,TRUE,TRUE
462996,"gate_30",1,FALSE,FALSE
463034,"gate_40",52,TRUE,FALSE
463347,"gate_30",59,FALSE,TRUE
463374,"gate_40",106,TRUE,FALSE
463390,"gate_30",10,FALSE,FALSE
463509,"gate_30",3,FALSE,FALSE
463618,"gate_40",19,TRUE,FALSE
463709,"gate_40",4,FALSE,FALSE
464037,"gate_30",2,FALSE,FALSE
464095,"gate_40",4,FALSE,FALSE
464326,"gate_30",93,TRUE,TRUE
464337,"gate_40",27,FALSE,FALSE
464344,"gate_30",25,TRUE,FALSE
464438,"gate_40",5,FALSE,FALSE
464471,"gate_40",2,TRUE,FALSE
464483,"gate_40",7,FALSE,FALSE
464628,"gate_30",42,TRUE,FALSE
464679,"gate_40",7,FALSE,FALSE
464715,"gate_30",330,TRUE,TRUE
464848,"gate_30",7,TRUE,FALSE
464875,"gate_30",2,FALSE,FALSE
464934,"gate_30",155,TRUE,FALSE
465129,"gate_40",72,TRUE,FALSE
465169,"gate_30",3,FALSE,FALSE
465230,"gate_30",50,TRUE,FALSE
465618,"gate_30",117,TRUE,FALSE
465629,"gate_30",17,FALSE,FALSE
465696,"gate_40",12,TRUE,FALSE
465893,"gate_30",40,TRUE,FALSE
465962,"gate_30",8,FALSE,FALSE
465986,"gate_40",1,FALSE,FALSE
466059,"gate_30",31,TRUE,FALSE
466177,"gate_30",386,TRUE,TRUE
466293,"gate_30",9,TRUE,FALSE
466392,"gate_40",14,FALSE,FALSE
466476,"gate_40",12,TRUE,FALSE
466669,"gate_40",19,FALSE,FALSE
466900,"gate_30",43,TRUE,FALSE
467538,"gate_30",4,TRUE,FALSE
467569,"gate_30",26,TRUE,FALSE
467599,"gate_40",6,FALSE,FALSE
467646,"gate_30",21,FALSE,FALSE
467858,"gate_30",10,FALSE,FALSE
467863,"gate_30",94,TRUE,TRUE
468020,"gate_40",12,FALSE,FALSE
468032,"gate_40",99,TRUE,FALSE
468090,"gate_30",394,TRUE,FALSE
468265,"gate_40",32,TRUE,FALSE
468272,"gate_40",14,FALSE,FALSE
468614,"gate_30",10,FALSE,FALSE
469092,"gate_30",63,TRUE,TRUE
469226,"gate_40",68,FALSE,FALSE
469328,"gate_30",368,TRUE,FALSE
469442,"gate_40",233,TRUE,TRUE
469443,"gate_40",65,TRUE,FALSE
469577,"gate_40",2,FALSE,FALSE
469579,"gate_40",1,FALSE,FALSE
469644,"gate_40",5,FALSE,FALSE
469757,"gate_40",3,TRUE,FALSE
469829,"gate_40",177,TRUE,TRUE
469836,"gate_30",9,FALSE,FALSE
470196,"gate_40",21,FALSE,FALSE
470300,"gate_40",14,FALSE,FALSE
470349,"gate_30",21,TRUE,FALSE
470407,"gate_30",165,FALSE,FALSE
470461,"gate_30",227,TRUE,TRUE
470501,"gate_40",55,TRUE,FALSE
470872,"gate_40",17,FALSE,FALSE
470950,"gate_30",1,FALSE,FALSE
471012,"gate_30",0,TRUE,FALSE
471034,"gate_30",14,TRUE,FALSE
471127,"gate_30",11,FALSE,FALSE
471190,"gate_30",61,TRUE,FALSE
471288,"gate_30",4,FALSE,FALSE
471388,"gate_30",89,TRUE,TRUE
471566,"gate_30",31,TRUE,FALSE
471627,"gate_40",30,FALSE,TRUE
471853,"gate_30",34,FALSE,FALSE
472000,"gate_40",14,TRUE,FALSE
472147,"gate_30",35,TRUE,FALSE
472202,"gate_40",6,FALSE,FALSE
472213,"gate_30",76,FALSE,TRUE
472379,"gate_30",1,FALSE,FALSE
472402,"gate_30",87,TRUE,TRUE
472486,"gate_30",2,FALSE,FALSE
472757,"gate_40",2,FALSE,FALSE
472884,"gate_30",38,TRUE,FALSE
472965,"gate_40",1,FALSE,FALSE
473210,"gate_30",21,FALSE,FALSE
473323,"gate_40",10,FALSE,FALSE
473408,"gate_30",21,FALSE,TRUE
473427,"gate_40",37,TRUE,FALSE
473631,"gate_30",1,FALSE,FALSE
473842,"gate_40",2,FALSE,FALSE
474176,"gate_40",14,TRUE,FALSE
474240,"gate_30",349,TRUE,TRUE
474449,"gate_40",13,TRUE,FALSE
474542,"gate_30",111,TRUE,TRUE
474644,"gate_30",8,FALSE,FALSE
474712,"gate_30",14,TRUE,FALSE
474725,"gate_40",2,FALSE,FALSE
474780,"gate_40",12,FALSE,FALSE
474853,"gate_30",4,FALSE,FALSE
474918,"gate_30",25,TRUE,FALSE
474968,"gate_30",1,FALSE,FALSE
475046,"gate_30",0,FALSE,FALSE
475083,"gate_40",22,TRUE,FALSE
475084,"gate_30",24,TRUE,FALSE
475132,"gate_40",15,FALSE,FALSE
475275,"gate_30",4,FALSE,FALSE
475370,"gate_40",85,TRUE,FALSE
475398,"gate_40",85,TRUE,FALSE
475740,"gate_40",0,FALSE,FALSE
476126,"gate_30",24,TRUE,TRUE
476429,"gate_30",81,FALSE,FALSE
476646,"gate_40",56,FALSE,TRUE
476656,"gate_40",1,FALSE,FALSE
476680,"gate_40",6,FALSE,FALSE
476735,"gate_30",12,FALSE,FALSE
476811,"gate_30",3,FALSE,FALSE
476815,"gate_40",1,FALSE,FALSE
477015,"gate_30",53,FALSE,FALSE
477164,"gate_30",1,FALSE,FALSE
477171,"gate_40",59,TRUE,FALSE
477391,"gate_30",95,TRUE,FALSE
477399,"gate_40",5,TRUE,FALSE
477406,"gate_30",2,FALSE,FALSE
477433,"gate_30",34,TRUE,FALSE
477436,"gate_30",10,FALSE,FALSE
477502,"gate_30",6,FALSE,FALSE
477579,"gate_40",17,FALSE,FALSE
477806,"gate_30",5,FALSE,FALSE
477878,"gate_40",27,FALSE,FALSE
478048,"gate_30",0,FALSE,FALSE
478074,"gate_30",1,FALSE,FALSE
478082,"gate_30",2,FALSE,FALSE
478085,"gate_40",158,TRUE,FALSE
478308,"gate_30",13,TRUE,FALSE
478340,"gate_30",7,FALSE,FALSE
478374,"gate_30",130,TRUE,TRUE
478431,"gate_40",3,FALSE,FALSE
478443,"gate_40",205,TRUE,TRUE
478706,"gate_30",56,FALSE,FALSE
478729,"gate_40",11,TRUE,FALSE
478811,"gate_40",12,TRUE,FALSE
478847,"gate_30",117,TRUE,FALSE
478848,"gate_30",9,TRUE,FALSE
478856,"gate_30",204,TRUE,TRUE
478888,"gate_30",76,TRUE,FALSE
478994,"gate_30",47,TRUE,FALSE
479111,"gate_30",28,FALSE,TRUE
479162,"gate_40",5,FALSE,FALSE
479189,"gate_40",1,FALSE,FALSE
479287,"gate_30",27,TRUE,FALSE
479298,"gate_30",19,FALSE,FALSE
479390,"gate_30",32,TRUE,FALSE
479410,"gate_30",57,TRUE,FALSE
479671,"gate_30",0,FALSE,FALSE
479742,"gate_30",10,FALSE,FALSE
479830,"gate_40",3,FALSE,FALSE
479904,"gate_30",12,FALSE,FALSE
480071,"gate_30",511,TRUE,TRUE
480206,"gate_40",6,FALSE,FALSE
480223,"gate_30",7,TRUE,FALSE
480339,"gate_30",1,FALSE,FALSE
480528,"gate_40",13,FALSE,FALSE
480952,"gate_30",41,TRUE,TRUE
481451,"gate_30",3,FALSE,FALSE
481457,"gate_30",2,FALSE,FALSE
481522,"gate_40",30,TRUE,FALSE
481683,"gate_40",88,TRUE,FALSE
481813,"gate_30",10,TRUE,FALSE
481847,"gate_40",3,FALSE,FALSE
481860,"gate_40",39,FALSE,FALSE
481863,"gate_30",7,FALSE,FALSE
482056,"gate_40",69,TRUE,FALSE
482070,"gate_30",54,TRUE,FALSE
482217,"gate_40",39,TRUE,TRUE
482253,"gate_40",81,TRUE,TRUE
482368,"gate_40",69,TRUE,FALSE
482378,"gate_30",6,FALSE,FALSE
482415,"gate_40",75,FALSE,FALSE
482662,"gate_30",824,TRUE,TRUE
482729,"gate_40",48,FALSE,FALSE
483143,"gate_30",23,TRUE,FALSE
483317,"gate_40",3,FALSE,FALSE
483387,"gate_30",8,FALSE,FALSE
483511,"gate_40",98,TRUE,FALSE
483544,"gate_40",29,FALSE,FALSE
483565,"gate_40",89,TRUE,TRUE
483570,"gate_40",22,TRUE,FALSE
483733,"gate_40",35,TRUE,FALSE
483792,"gate_40",9,FALSE,FALSE
483804,"gate_30",1,TRUE,TRUE
483987,"gate_40",2,FALSE,FALSE
484095,"gate_40",6,FALSE,FALSE
484308,"gate_40",14,FALSE,FALSE
484362,"gate_40",18,TRUE,FALSE
484371,"gate_30",6,FALSE,FALSE
484447,"gate_30",71,TRUE,FALSE
484834,"gate_30",36,TRUE,FALSE
484877,"gate_30",17,TRUE,FALSE
485022,"gate_30",1,FALSE,FALSE
485106,"gate_40",1,FALSE,FALSE
485277,"gate_30",1,FALSE,FALSE
485952,"gate_30",4,FALSE,FALSE
486107,"gate_40",11,FALSE,TRUE
486112,"gate_30",121,FALSE,TRUE
486120,"gate_30",51,TRUE,FALSE
486154,"gate_40",764,TRUE,TRUE
486167,"gate_40",2,FALSE,FALSE
486460,"gate_40",8,FALSE,FALSE
486470,"gate_40",571,TRUE,TRUE
486545,"gate_30",0,FALSE,FALSE
486767,"gate_30",3,FALSE,FALSE
486830,"gate_30",609,TRUE,TRUE
486975,"gate_40",215,TRUE,TRUE
487023,"gate_30",0,FALSE,FALSE
487083,"gate_40",46,TRUE,FALSE
487131,"gate_40",3,FALSE,FALSE
487184,"gate_30",33,TRUE,FALSE
487401,"gate_40",114,TRUE,TRUE
487526,"gate_30",17,FALSE,FALSE
487621,"gate_40",3,FALSE,FALSE
487794,"gate_30",8,FALSE,FALSE
488020,"gate_30",27,TRUE,FALSE
488111,"gate_40",35,FALSE,FALSE
488127,"gate_40",50,TRUE,FALSE
488152,"gate_40",3,TRUE,FALSE
488369,"gate_30",1,FALSE,FALSE
488479,"gate_30",30,TRUE,FALSE
488671,"gate_40",6,FALSE,FALSE
488718,"gate_30",23,TRUE,FALSE
488726,"gate_30",25,TRUE,FALSE
488764,"gate_30",38,TRUE,FALSE
488802,"gate_30",0,FALSE,FALSE
489280,"gate_40",0,FALSE,FALSE
489285,"gate_40",6,FALSE,FALSE
489306,"gate_30",187,FALSE,FALSE
489410,"gate_30",3,FALSE,FALSE
489815,"gate_30",99,TRUE,FALSE
490000,"gate_40",201,FALSE,FALSE
490035,"gate_30",15,FALSE,FALSE
490062,"gate_30",153,FALSE,TRUE
490064,"gate_30",1,FALSE,FALSE
490068,"gate_40",36,TRUE,FALSE
490074,"gate_40",4,TRUE,FALSE
490463,"gate_40",21,FALSE,FALSE
490566,"gate_30",32,FALSE,FALSE
490779,"gate_30",24,TRUE,FALSE
490821,"gate_30",1,FALSE,FALSE
491191,"gate_30",55,TRUE,FALSE
491219,"gate_40",1,FALSE,FALSE
491392,"gate_30",32,FALSE,TRUE
491515,"gate_40",49,FALSE,FALSE
491889,"gate_30",268,TRUE,TRUE
492095,"gate_30",8,TRUE,FALSE
492117,"gate_30",1,FALSE,FALSE
492181,"gate_30",3,FALSE,FALSE
492295,"gate_30",4,FALSE,FALSE
492472,"gate_40",51,TRUE,FALSE
492743,"gate_30",12,FALSE,FALSE
492763,"gate_30",39,TRUE,TRUE
492970,"gate_30",7,TRUE,FALSE
493045,"gate_30",13,TRUE,FALSE
493066,"gate_30",99,TRUE,TRUE
493285,"gate_40",4,FALSE,FALSE
493476,"gate_40",2,FALSE,FALSE
493571,"gate_40",56,TRUE,FALSE
493790,"gate_30",6,TRUE,FALSE
493850,"gate_30",3,FALSE,FALSE
493875,"gate_40",11,TRUE,TRUE
493953,"gate_40",4,FALSE,FALSE
494003,"gate_40",4,FALSE,FALSE
494012,"gate_40",1,FALSE,FALSE
494167,"gate_30",34,TRUE,FALSE
494206,"gate_30",78,TRUE,FALSE
494523,"gate_30",16,TRUE,FALSE
494886,"gate_30",15,FALSE,FALSE
495051,"gate_30",357,TRUE,FALSE
495122,"gate_30",129,TRUE,FALSE
495258,"gate_30",129,TRUE,TRUE
495317,"gate_40",7,FALSE,FALSE
495497,"gate_30",39,FALSE,FALSE
495607,"gate_40",144,TRUE,FALSE
495760,"gate_30",67,TRUE,TRUE
495960,"gate_30",13,TRUE,FALSE
496061,"gate_40",9,FALSE,FALSE
496107,"gate_40",2,FALSE,FALSE
496187,"gate_30",314,TRUE,TRUE
496792,"gate_30",10,TRUE,FALSE
496821,"gate_30",39,TRUE,FALSE
496999,"gate_40",21,TRUE,FALSE
497081,"gate_40",19,FALSE,FALSE
497227,"gate_40",55,TRUE,FALSE
497620,"gate_40",6,FALSE,FALSE
497751,"gate_30",28,TRUE,FALSE
498496,"gate_30",11,FALSE,FALSE
498527,"gate_30",4,TRUE,FALSE
498685,"gate_40",25,FALSE,FALSE
498708,"gate_30",77,FALSE,FALSE
498768,"gate_30",5,FALSE,FALSE
498982,"gate_30",82,TRUE,FALSE
498984,"gate_30",1,FALSE,FALSE
499158,"gate_40",101,FALSE,TRUE
499191,"gate_40",42,TRUE,FALSE
499218,"gate_40",42,FALSE,FALSE
499348,"gate_40",10,FALSE,FALSE
499402,"gate_30",146,TRUE,FALSE
499510,"gate_40",18,FALSE,FALSE
499532,"gate_40",34,FALSE,FALSE
499713,"gate_40",10,FALSE,FALSE
499855,"gate_40",3,FALSE,FALSE
499866,"gate_30",37,FALSE,TRUE
499904,"gate_40",17,FALSE,FALSE
500170,"gate_30",3,FALSE,FALSE
500191,"gate_40",81,TRUE,FALSE
500279,"gate_40",2,TRUE,FALSE
500348,"gate_40",84,TRUE,FALSE
500353,"gate_30",14,TRUE,FALSE
500371,"gate_40",61,TRUE,FALSE
500444,"gate_30",156,TRUE,TRUE
500517,"gate_40",84,TRUE,FALSE
500527,"gate_30",9,FALSE,FALSE
500650,"gate_40",3,TRUE,FALSE
501005,"gate_30",3,FALSE,FALSE
501094,"gate_30",14,FALSE,FALSE
501236,"gate_40",143,TRUE,TRUE
501307,"gate_40",124,TRUE,TRUE
501388,"gate_40",194,TRUE,FALSE
501624,"gate_30",6,FALSE,FALSE
501644,"gate_40",5,TRUE,FALSE
501892,"gate_40",202,TRUE,TRUE
502426,"gate_40",2,FALSE,FALSE
502440,"gate_30",8,TRUE,FALSE
502460,"gate_30",12,FALSE,FALSE
502507,"gate_40",355,TRUE,TRUE
502672,"gate_40",6,FALSE,FALSE
502711,"gate_40",182,TRUE,TRUE
502885,"gate_40",7,FALSE,FALSE
503010,"gate_40",1,FALSE,FALSE
503029,"gate_30",20,FALSE,FALSE
503163,"gate_30",43,TRUE,FALSE
503278,"gate_40",45,TRUE,FALSE
503312,"gate_30",6,FALSE,FALSE
503322,"gate_30",60,FALSE,TRUE
503369,"gate_40",3,TRUE,FALSE
503655,"gate_40",110,TRUE,TRUE
503661,"gate_30",18,FALSE,FALSE
503739,"gate_30",9,FALSE,FALSE
503806,"gate_30",1,FALSE,FALSE
503907,"gate_30",7,FALSE,FALSE
504049,"gate_30",17,FALSE,FALSE
504197,"gate_40",31,FALSE,TRUE
504291,"gate_30",253,FALSE,TRUE
504554,"gate_40",31,TRUE,FALSE
504557,"gate_40",10,TRUE,FALSE
504571,"gate_40",15,FALSE,TRUE
504832,"gate_40",0,FALSE,FALSE
505007,"gate_30",31,TRUE,FALSE
505162,"gate_40",3,FALSE,FALSE
505336,"gate_40",2,FALSE,FALSE
505507,"gate_40",42,TRUE,FALSE
506434,"gate_40",45,FALSE,TRUE
506534,"gate_40",19,FALSE,FALSE
506543,"gate_40",47,TRUE,TRUE
506680,"gate_40",72,TRUE,FALSE
506788,"gate_30",0,FALSE,FALSE
506898,"gate_40",10,FALSE,FALSE
507086,"gate_30",0,FALSE,FALSE
507220,"gate_40",10,FALSE,FALSE
507314,"gate_30",61,FALSE,FALSE
507340,"gate_30",0,FALSE,FALSE
507406,"gate_40",45,TRUE,FALSE
507589,"gate_40",7,FALSE,FALSE
507782,"gate_40",15,TRUE,FALSE
507848,"gate_40",29,TRUE,FALSE
507884,"gate_30",207,TRUE,TRUE
507902,"gate_30",27,TRUE,FALSE
508017,"gate_30",11,FALSE,FALSE
508147,"gate_30",20,FALSE,FALSE
508226,"gate_30",43,TRUE,TRUE
508253,"gate_30",104,TRUE,FALSE
508298,"gate_40",15,FALSE,FALSE
508401,"gate_40",12,TRUE,FALSE
508413,"gate_30",9,TRUE,FALSE
508575,"gate_30",25,FALSE,TRUE
508594,"gate_30",21,FALSE,FALSE
508621,"gate_30",29,TRUE,FALSE
508672,"gate_40",17,TRUE,FALSE
508691,"gate_30",66,TRUE,FALSE
508771,"gate_40",5,FALSE,FALSE
508803,"gate_40",5,FALSE,FALSE
508828,"gate_40",11,FALSE,FALSE
508864,"gate_30",3,FALSE,FALSE
509065,"gate_30",51,TRUE,FALSE
509084,"gate_30",1,FALSE,FALSE
509333,"gate_40",0,FALSE,FALSE
509493,"gate_30",3,FALSE,FALSE
509501,"gate_30",4,FALSE,FALSE
509550,"gate_40",6,FALSE,FALSE
509612,"gate_30",6,FALSE,FALSE
509629,"gate_30",2,FALSE,FALSE
509640,"gate_30",10,FALSE,FALSE
509651,"gate_30",31,FALSE,FALSE
509788,"gate_30",1,FALSE,FALSE
509807,"gate_40",178,FALSE,TRUE
509937,"gate_40",112,TRUE,FALSE
509945,"gate_40",17,FALSE,FALSE
509949,"gate_30",87,TRUE,TRUE
510082,"gate_40",0,FALSE,FALSE
510437,"gate_40",19,TRUE,FALSE
510693,"gate_40",144,TRUE,FALSE
510773,"gate_40",23,FALSE,FALSE
510798,"gate_40",32,TRUE,FALSE
510917,"gate_40",375,TRUE,TRUE
511000,"gate_40",8,FALSE,FALSE
511139,"gate_40",11,FALSE,FALSE
511168,"gate_40",3,FALSE,FALSE
511220,"gate_30",3,FALSE,FALSE
511402,"gate_30",1,FALSE,FALSE
511510,"gate_30",119,TRUE,FALSE
511737,"gate_30",1425,TRUE,TRUE
511792,"gate_30",8,FALSE,FALSE
511800,"gate_40",52,TRUE,FALSE
512053,"gate_40",115,TRUE,FALSE
512128,"gate_40",16,FALSE,FALSE
512530,"gate_40",1,FALSE,FALSE
512673,"gate_30",105,TRUE,FALSE
512717,"gate_30",5,FALSE,FALSE
512733,"gate_30",158,TRUE,TRUE
512755,"gate_40",52,TRUE,TRUE
512879,"gate_40",11,FALSE,FALSE
513068,"gate_40",19,FALSE,FALSE
513119,"gate_40",13,FALSE,FALSE
513140,"gate_30",14,TRUE,FALSE
513220,"gate_30",11,FALSE,FALSE
513452,"gate_40",6,TRUE,FALSE
513495,"gate_40",0,FALSE,FALSE
513773,"gate_30",14,TRUE,FALSE
513858,"gate_40",428,TRUE,FALSE
513986,"gate_30",9,FALSE,FALSE
514029,"gate_30",22,TRUE,FALSE
514049,"gate_40",110,FALSE,TRUE
514164,"gate_30",13,FALSE,FALSE
514239,"gate_30",4,FALSE,FALSE
514292,"gate_30",24,FALSE,FALSE
514380,"gate_40",17,TRUE,FALSE
514637,"gate_30",2,TRUE,FALSE
514669,"gate_40",7,TRUE,FALSE
514670,"gate_30",4,FALSE,FALSE
514779,"gate_30",95,FALSE,FALSE
514863,"gate_30",140,TRUE,FALSE
514962,"gate_40",12,FALSE,FALSE
515091,"gate_40",28,FALSE,FALSE
515408,"gate_40",91,TRUE,TRUE
515466,"gate_30",111,TRUE,TRUE
515504,"gate_40",11,FALSE,FALSE
515654,"gate_40",1,FALSE,FALSE
516407,"gate_40",434,TRUE,TRUE
516409,"gate_40",314,TRUE,TRUE
516443,"gate_30",16,TRUE,TRUE
516698,"gate_30",2,FALSE,FALSE
516857,"gate_40",16,FALSE,FALSE
517022,"gate_40",15,FALSE,TRUE
517027,"gate_30",57,TRUE,TRUE
517083,"gate_30",82,TRUE,TRUE
517143,"gate_30",43,FALSE,FALSE
517216,"gate_30",11,TRUE,FALSE
517243,"gate_30",48,TRUE,TRUE
517271,"gate_30",4,FALSE,FALSE
517279,"gate_30",89,TRUE,FALSE
517477,"gate_40",28,FALSE,FALSE
517530,"gate_30",292,TRUE,TRUE
517654,"gate_40",25,FALSE,FALSE
517843,"gate_40",8,FALSE,FALSE
518106,"gate_40",8,FALSE,FALSE
518153,"gate_30",27,TRUE,FALSE
518663,"gate_30",49,FALSE,FALSE
518748,"gate_30",4,FALSE,FALSE
518790,"gate_40",0,FALSE,FALSE
518931,"gate_30",2,FALSE,FALSE
519035,"gate_40",235,TRUE,TRUE
519116,"gate_30",53,TRUE,FALSE
519272,"gate_30",30,FALSE,TRUE
519520,"gate_40",19,TRUE,FALSE
519850,"gate_40",361,TRUE,TRUE
520069,"gate_30",20,FALSE,FALSE
520215,"gate_30",1,FALSE,FALSE
520537,"gate_30",32,TRUE,FALSE
520549,"gate_40",12,FALSE,FALSE
520692,"gate_30",48,TRUE,FALSE
520793,"gate_30",1,FALSE,FALSE
520992,"gate_30",4,FALSE,TRUE
521160,"gate_30",4,FALSE,FALSE
521347,"gate_40",4,FALSE,FALSE
521391,"gate_30",42,TRUE,FALSE
521449,"gate_40",9,FALSE,FALSE
521505,"gate_30",2,FALSE,FALSE
521614,"gate_40",16,FALSE,FALSE
521789,"gate_30",1,FALSE,FALSE
521799,"gate_40",18,TRUE,FALSE
521819,"gate_30",145,TRUE,FALSE
521895,"gate_40",14,FALSE,FALSE
521902,"gate_30",24,TRUE,FALSE
522049,"gate_30",1,FALSE,FALSE
522052,"gate_40",23,TRUE,TRUE
522064,"gate_30",6,FALSE,FALSE
522102,"gate_30",23,TRUE,FALSE
522105,"gate_40",73,TRUE,FALSE
522113,"gate_40",1,FALSE,FALSE
522253,"gate_30",292,TRUE,TRUE
522326,"gate_30",2,FALSE,FALSE
522662,"gate_30",26,TRUE,FALSE
522691,"gate_30",67,TRUE,TRUE
522699,"gate_40",96,TRUE,FALSE
522903,"gate_40",17,FALSE,FALSE
522944,"gate_30",10,TRUE,FALSE
523124,"gate_40",32,TRUE,FALSE
523128,"gate_40",54,FALSE,FALSE
523217,"gate_30",34,TRUE,FALSE
523401,"gate_40",3,FALSE,FALSE
523512,"gate_30",38,TRUE,FALSE
523666,"gate_40",8,FALSE,FALSE
523750,"gate_30",4,FALSE,FALSE
523788,"gate_30",81,TRUE,FALSE
523902,"gate_40",2,FALSE,FALSE
524029,"gate_40",1,FALSE,FALSE
524100,"gate_40",8,TRUE,FALSE
524302,"gate_40",3,FALSE,FALSE
524303,"gate_30",8,FALSE,FALSE
524314,"gate_30",32,FALSE,FALSE
524378,"gate_30",20,FALSE,FALSE
524508,"gate_30",81,FALSE,TRUE
524530,"gate_40",4,TRUE,FALSE
524584,"gate_30",12,FALSE,FALSE
524594,"gate_30",249,TRUE,TRUE
524618,"gate_30",1,FALSE,FALSE
524683,"gate_40",67,TRUE,FALSE
524831,"gate_40",15,FALSE,TRUE
524905,"gate_30",3,FALSE,FALSE
524964,"gate_30",18,FALSE,FALSE
525002,"gate_40",2,FALSE,FALSE
525085,"gate_30",41,FALSE,FALSE
525230,"gate_40",90,TRUE,FALSE
525341,"gate_40",23,TRUE,FALSE
525364,"gate_40",8,FALSE,FALSE
525375,"gate_30",39,TRUE,FALSE
525378,"gate_40",26,FALSE,FALSE
525482,"gate_30",2,FALSE,FALSE
525638,"gate_40",6,FALSE,FALSE
525709,"gate_40",678,TRUE,TRUE
526097,"gate_30",76,TRUE,FALSE
526141,"gate_30",3,FALSE,FALSE
526184,"gate_30",147,TRUE,TRUE
526230,"gate_40",1,FALSE,FALSE
526265,"gate_40",36,TRUE,TRUE
526269,"gate_40",8,FALSE,TRUE
526311,"gate_40",4,FALSE,FALSE
526324,"gate_40",367,TRUE,TRUE
526339,"gate_30",10,FALSE,FALSE
526419,"gate_30",38,TRUE,TRUE
526620,"gate_30",155,TRUE,TRUE
526724,"gate_40",4,FALSE,FALSE
526839,"gate_40",125,TRUE,TRUE
526897,"gate_30",11,FALSE,FALSE
527003,"gate_30",0,FALSE,FALSE
527039,"gate_40",0,FALSE,FALSE
527388,"gate_30",9,FALSE,FALSE
527412,"gate_30",5,FALSE,FALSE
527504,"gate_40",2,FALSE,FALSE
527573,"gate_40",1,FALSE,FALSE
527619,"gate_40",64,TRUE,FALSE
528056,"gate_30",15,FALSE,FALSE
528257,"gate_30",9,FALSE,FALSE
528276,"gate_40",0,FALSE,FALSE
528299,"gate_30",2,FALSE,FALSE
528412,"gate_30",3,FALSE,FALSE
528526,"gate_40",22,TRUE,FALSE
528792,"gate_30",16,TRUE,TRUE
528803,"gate_30",18,FALSE,FALSE
528849,"gate_30",115,TRUE,TRUE
529059,"gate_40",16,TRUE,FALSE
529255,"gate_30",29,TRUE,FALSE
529463,"gate_40",15,FALSE,FALSE
529495,"gate_30",64,TRUE,TRUE
529582,"gate_40",2,FALSE,FALSE
529786,"gate_30",144,TRUE,TRUE
529804,"gate_40",2,FALSE,FALSE
530015,"gate_40",82,TRUE,TRUE
530075,"gate_40",46,TRUE,TRUE
530116,"gate_40",41,TRUE,FALSE
530117,"gate_30",23,FALSE,FALSE
530201,"gate_30",0,FALSE,FALSE
530231,"gate_30",10,FALSE,FALSE
530240,"gate_30",22,FALSE,FALSE
530345,"gate_40",21,TRUE,TRUE
530614,"gate_40",90,TRUE,FALSE
530653,"gate_40",179,FALSE,TRUE
530694,"gate_30",6,FALSE,FALSE
530842,"gate_40",17,FALSE,FALSE
530876,"gate_40",1,FALSE,FALSE
530896,"gate_30",1,FALSE,FALSE
531266,"gate_40",34,TRUE,FALSE
531304,"gate_40",1,FALSE,FALSE
531402,"gate_40",32,FALSE,FALSE
531482,"gate_40",60,FALSE,FALSE
531816,"gate_30",20,TRUE,FALSE
531861,"gate_40",0,TRUE,FALSE
531977,"gate_40",4,FALSE,FALSE
531994,"gate_40",16,FALSE,FALSE
532082,"gate_30",31,TRUE,FALSE
532160,"gate_40",22,TRUE,FALSE
532499,"gate_40",2,FALSE,FALSE
532674,"gate_30",79,FALSE,FALSE
532676,"gate_40",4,FALSE,FALSE
533016,"gate_30",1,FALSE,FALSE
533059,"gate_30",279,TRUE,TRUE
533167,"gate_30",40,TRUE,FALSE
533236,"gate_40",11,FALSE,FALSE
533260,"gate_30",0,FALSE,FALSE
533273,"gate_40",6,FALSE,FALSE
533289,"gate_30",166,TRUE,TRUE
533366,"gate_40",71,TRUE,FALSE
533446,"gate_40",12,TRUE,FALSE
533481,"gate_30",44,TRUE,FALSE
533530,"gate_30",9,TRUE,FALSE
533636,"gate_30",17,FALSE,FALSE
533763,"gate_40",3,FALSE,FALSE
533907,"gate_30",2,FALSE,FALSE
534101,"gate_40",1,FALSE,FALSE
534298,"gate_30",9,FALSE,FALSE
534386,"gate_30",6,TRUE,FALSE
534422,"gate_40",1,FALSE,FALSE
534440,"gate_30",15,FALSE,FALSE
534470,"gate_40",5,FALSE,FALSE
534496,"gate_40",5,FALSE,FALSE
534858,"gate_40",5,FALSE,FALSE
535080,"gate_40",41,FALSE,FALSE
535082,"gate_30",648,TRUE,TRUE
535174,"gate_30",510,TRUE,TRUE
535347,"gate_30",0,FALSE,FALSE
535349,"gate_40",4,FALSE,FALSE
535405,"gate_30",178,TRUE,TRUE
535769,"gate_40",6,FALSE,FALSE
535807,"gate_40",2,FALSE,FALSE
535938,"gate_30",171,TRUE,FALSE
536008,"gate_30",14,FALSE,FALSE
536031,"gate_30",13,FALSE,TRUE
536100,"gate_30",34,FALSE,FALSE
536128,"gate_40",1,FALSE,FALSE
536200,"gate_40",32,TRUE,TRUE
536246,"gate_40",64,TRUE,FALSE
536694,"gate_30",18,TRUE,FALSE
536729,"gate_40",39,TRUE,TRUE
536733,"gate_30",0,FALSE,FALSE
536909,"gate_30",15,FALSE,FALSE
536933,"gate_30",8,FALSE,FALSE
536935,"gate_40",94,TRUE,FALSE
536950,"gate_40",4,FALSE,FALSE
537076,"gate_30",227,TRUE,TRUE
537115,"gate_40",88,TRUE,FALSE
537147,"gate_30",20,FALSE,FALSE
537162,"gate_40",11,FALSE,FALSE
537169,"gate_30",149,TRUE,FALSE
537231,"gate_40",0,FALSE,FALSE
537240,"gate_40",285,TRUE,TRUE
537286,"gate_30",2,FALSE,FALSE
537452,"gate_30",60,TRUE,FALSE
537598,"gate_30",24,TRUE,FALSE
537640,"gate_40",11,FALSE,FALSE
537693,"gate_30",6,TRUE,FALSE
537775,"gate_30",2,FALSE,FALSE
537793,"gate_40",0,FALSE,FALSE
537925,"gate_40",0,FALSE,FALSE
537956,"gate_30",1,FALSE,FALSE
538009,"gate_30",21,FALSE,FALSE
538024,"gate_30",34,TRUE,FALSE
538301,"gate_40",3,FALSE,FALSE
538350,"gate_40",80,TRUE,FALSE
538644,"gate_30",8,TRUE,FALSE
538989,"gate_30",0,FALSE,FALSE
539239,"gate_40",4,FALSE,FALSE
539267,"gate_30",3,FALSE,FALSE
539324,"gate_30",12,TRUE,FALSE
539337,"gate_40",10,FALSE,FALSE
539833,"gate_30",1,FALSE,FALSE
539962,"gate_30",25,FALSE,TRUE
540078,"gate_30",0,FALSE,FALSE
540172,"gate_30",12,TRUE,FALSE
540222,"gate_30",29,FALSE,FALSE
540351,"gate_40",9,TRUE,FALSE
540372,"gate_30",9,TRUE,FALSE
540428,"gate_40",35,TRUE,FALSE
540638,"gate_40",577,TRUE,TRUE
540658,"gate_30",8,FALSE,FALSE
540671,"gate_30",10,FALSE,FALSE
540836,"gate_40",2,FALSE,FALSE
540886,"gate_30",16,TRUE,FALSE
540924,"gate_40",10,FALSE,FALSE
541088,"gate_30",40,TRUE,FALSE
541130,"gate_30",7,FALSE,FALSE
541191,"gate_30",29,FALSE,FALSE
541248,"gate_40",2,FALSE,FALSE
541353,"gate_40",2,FALSE,FALSE
541533,"gate_40",8,TRUE,FALSE
541573,"gate_30",100,TRUE,TRUE
541577,"gate_30",209,TRUE,TRUE
541719,"gate_40",293,TRUE,TRUE
542057,"gate_40",15,FALSE,TRUE
542076,"gate_40",1,FALSE,FALSE
542201,"gate_30",19,FALSE,FALSE
542205,"gate_30",188,TRUE,FALSE
542306,"gate_40",5,TRUE,FALSE
542492,"gate_40",31,TRUE,FALSE
542521,"gate_30",16,FALSE,FALSE
542530,"gate_30",78,FALSE,TRUE
542663,"gate_40",7,FALSE,FALSE
542664,"gate_30",17,TRUE,FALSE
542775,"gate_40",19,TRUE,FALSE
542868,"gate_40",0,FALSE,FALSE
542871,"gate_30",81,TRUE,TRUE
542926,"gate_30",5,FALSE,FALSE
542930,"gate_30",75,TRUE,TRUE
542980,"gate_30",18,TRUE,FALSE
543158,"gate_30",3,FALSE,FALSE
543179,"gate_40",164,FALSE,FALSE
543382,"gate_30",20,FALSE,FALSE
543385,"gate_40",32,TRUE,FALSE
543397,"gate_40",103,TRUE,TRUE
543604,"gate_40",15,FALSE,FALSE
543616,"gate_40",40,FALSE,FALSE
543865,"gate_30",17,FALSE,FALSE
543934,"gate_40",4,FALSE,FALSE
544203,"gate_40",4,TRUE,FALSE
544222,"gate_30",0,FALSE,FALSE
544583,"gate_40",12,FALSE,FALSE
544615,"gate_30",19,TRUE,FALSE
544658,"gate_40",6,FALSE,TRUE
544703,"gate_30",93,TRUE,FALSE
544780,"gate_40",94,TRUE,FALSE
544919,"gate_30",8,FALSE,FALSE
544978,"gate_40",28,TRUE,TRUE
545041,"gate_30",51,TRUE,FALSE
545138,"gate_30",24,TRUE,FALSE
545293,"gate_40",1,FALSE,FALSE
545325,"gate_40",2,FALSE,FALSE
545616,"gate_30",40,FALSE,FALSE
545973,"gate_40",88,TRUE,FALSE
546199,"gate_40",0,FALSE,FALSE
546260,"gate_40",6,FALSE,FALSE
546263,"gate_40",67,TRUE,TRUE
546403,"gate_40",12,FALSE,FALSE
546712,"gate_40",14,TRUE,FALSE
546966,"gate_30",1,FALSE,FALSE
547035,"gate_30",95,TRUE,FALSE
547184,"gate_40",10,FALSE,FALSE
547337,"gate_30",49,TRUE,TRUE
547342,"gate_40",11,FALSE,FALSE
547375,"gate_30",5,FALSE,FALSE
547529,"gate_40",9,FALSE,FALSE
547550,"gate_40",12,FALSE,FALSE
547638,"gate_30",3,FALSE,FALSE
547778,"gate_30",4,FALSE,FALSE
547924,"gate_40",51,FALSE,FALSE
547943,"gate_30",43,FALSE,FALSE
547979,"gate_30",4,FALSE,FALSE
548124,"gate_40",16,FALSE,FALSE
548151,"gate_40",15,TRUE,FALSE
548241,"gate_40",100,TRUE,TRUE
548293,"gate_40",6,FALSE,FALSE
548319,"gate_40",6,FALSE,FALSE
548456,"gate_40",73,TRUE,FALSE
548545,"gate_40",3,TRUE,FALSE
548563,"gate_40",54,TRUE,FALSE
548574,"gate_40",71,TRUE,FALSE
548581,"gate_40",7,FALSE,FALSE
548648,"gate_30",10,FALSE,FALSE
548659,"gate_40",9,FALSE,FALSE
549134,"gate_40",5,FALSE,FALSE
549228,"gate_30",61,TRUE,FALSE
549310,"gate_40",29,TRUE,FALSE
549463,"gate_30",75,TRUE,FALSE
549473,"gate_30",185,TRUE,TRUE
549511,"gate_30",1,FALSE,FALSE
549771,"gate_40",29,TRUE,FALSE
550023,"gate_30",12,FALSE,TRUE
550031,"gate_40",5,FALSE,FALSE
550146,"gate_30",98,TRUE,TRUE
550159,"gate_30",4,FALSE,FALSE
550216,"gate_40",55,TRUE,TRUE
550292,"gate_30",3,TRUE,FALSE
550420,"gate_30",6,FALSE,FALSE
550581,"gate_40",287,TRUE,TRUE
550714,"gate_40",24,FALSE,FALSE
550923,"gate_30",1,FALSE,FALSE
550945,"gate_40",738,TRUE,TRUE
551119,"gate_30",5,FALSE,FALSE
551122,"gate_40",13,FALSE,FALSE
551295,"gate_30",0,FALSE,FALSE
551532,"gate_30",96,TRUE,FALSE
551540,"gate_30",6,FALSE,FALSE
551560,"gate_30",5,FALSE,FALSE
551678,"gate_30",54,TRUE,FALSE
551875,"gate_30",44,TRUE,FALSE
551957,"gate_40",154,TRUE,FALSE
551975,"gate_40",7,FALSE,FALSE
552000,"gate_30",67,TRUE,FALSE
552024,"gate_30",32,TRUE,FALSE
552396,"gate_40",584,TRUE,TRUE
552566,"gate_40",10,FALSE,FALSE
552639,"gate_30",7,FALSE,FALSE
552688,"gate_30",2,FALSE,FALSE
552973,"gate_40",8,FALSE,FALSE
553105,"gate_30",57,TRUE,FALSE
553246,"gate_30",6,FALSE,FALSE
553363,"gate_40",153,TRUE,FALSE
553514,"gate_40",8,FALSE,FALSE
553805,"gate_40",0,FALSE,FALSE
553909,"gate_30",25,FALSE,FALSE
553983,"gate_30",58,TRUE,TRUE
554028,"gate_30",83,TRUE,FALSE
554066,"gate_40",140,TRUE,FALSE
554171,"gate_30",23,TRUE,FALSE
554194,"gate_40",25,FALSE,FALSE
554324,"gate_30",6,FALSE,FALSE
554508,"gate_30",5,FALSE,FALSE
554545,"gate_30",3,FALSE,FALSE
554643,"gate_30",27,TRUE,FALSE
554682,"gate_30",12,FALSE,FALSE
554897,"gate_40",281,TRUE,TRUE
554907,"gate_40",3,FALSE,FALSE
554961,"gate_30",74,TRUE,TRUE
555151,"gate_30",17,FALSE,FALSE
555176,"gate_30",1,FALSE,FALSE
555184,"gate_30",57,TRUE,FALSE
555294,"gate_40",2,FALSE,FALSE
555354,"gate_40",9,TRUE,FALSE
555361,"gate_40",6,FALSE,FALSE
555407,"gate_40",204,TRUE,TRUE
555607,"gate_40",13,TRUE,FALSE
555736,"gate_40",1,FALSE,FALSE
555770,"gate_40",2,FALSE,FALSE
555826,"gate_30",44,TRUE,TRUE
555862,"gate_30",4,FALSE,FALSE
555975,"gate_30",302,TRUE,TRUE
556359,"gate_30",1,FALSE,FALSE
556396,"gate_40",44,TRUE,FALSE
556827,"gate_40",0,FALSE,FALSE
556993,"gate_40",18,TRUE,TRUE
557185,"gate_30",42,TRUE,FALSE
557265,"gate_40",8,FALSE,FALSE
557327,"gate_30",13,FALSE,TRUE
557364,"gate_40",99,TRUE,FALSE
557457,"gate_40",4,TRUE,FALSE
557490,"gate_40",20,FALSE,FALSE
557493,"gate_30",3,FALSE,FALSE
557603,"gate_40",21,TRUE,FALSE
557754,"gate_40",441,FALSE,TRUE
557801,"gate_30",20,FALSE,FALSE
558067,"gate_30",122,TRUE,FALSE
558116,"gate_40",44,TRUE,FALSE
558183,"gate_30",2,FALSE,FALSE
558222,"gate_30",120,TRUE,TRUE
558377,"gate_40",36,FALSE,FALSE
558602,"gate_40",26,TRUE,TRUE
558747,"gate_30",1,FALSE,FALSE
558786,"gate_30",30,TRUE,FALSE
558909,"gate_40",49,TRUE,TRUE
559285,"gate_40",14,FALSE,FALSE
559330,"gate_30",7,FALSE,FALSE
559354,"gate_40",42,TRUE,FALSE
559410,"gate_40",13,FALSE,FALSE
559422,"gate_30",3,FALSE,FALSE
559483,"gate_40",47,FALSE,FALSE
559565,"gate_40",12,TRUE,FALSE
559578,"gate_40",0,FALSE,FALSE
559696,"gate_30",1,FALSE,FALSE
559769,"gate_40",1,FALSE,FALSE
559980,"gate_40",212,TRUE,TRUE
560426,"gate_40",45,TRUE,FALSE
560839,"gate_30",7,FALSE,FALSE
560899,"gate_40",13,FALSE,FALSE
560961,"gate_40",20,FALSE,FALSE
561004,"gate_30",2,FALSE,FALSE
561311,"gate_30",16,TRUE,FALSE
561575,"gate_30",91,TRUE,FALSE
561657,"gate_30",20,FALSE,FALSE
561750,"gate_30",306,TRUE,TRUE
561835,"gate_30",7,FALSE,FALSE
562040,"gate_40",8,FALSE,FALSE
562066,"gate_30",4,FALSE,FALSE
562075,"gate_40",18,TRUE,FALSE
562165,"gate_30",1,FALSE,FALSE
562464,"gate_30",21,TRUE,FALSE
562538,"gate_40",121,TRUE,FALSE
562540,"gate_30",5,TRUE,FALSE
562642,"gate_40",3,FALSE,FALSE
562705,"gate_40",42,TRUE,FALSE
562708,"gate_40",49,TRUE,FALSE
562813,"gate_30",4,FALSE,FALSE
562854,"gate_30",136,TRUE,TRUE
562865,"gate_30",161,TRUE,TRUE
562948,"gate_30",28,FALSE,FALSE
562958,"gate_40",1,FALSE,FALSE
562961,"gate_40",6,FALSE,FALSE
562994,"gate_30",88,TRUE,FALSE
563063,"gate_30",0,FALSE,FALSE
563157,"gate_40",29,TRUE,FALSE
563263,"gate_30",11,FALSE,FALSE
563277,"gate_30",47,TRUE,TRUE
563425,"gate_30",221,TRUE,TRUE
563510,"gate_40",20,TRUE,TRUE
563551,"gate_30",3,FALSE,FALSE
563593,"gate_30",8,FALSE,FALSE
563614,"gate_40",13,TRUE,FALSE
563746,"gate_40",68,TRUE,FALSE
563929,"gate_30",10,FALSE,FALSE
563935,"gate_40",20,TRUE,FALSE
563974,"gate_40",8,FALSE,FALSE
564015,"gate_30",0,FALSE,FALSE
564070,"gate_40",0,FALSE,FALSE
564195,"gate_40",30,TRUE,FALSE
564356,"gate_40",19,FALSE,FALSE
564430,"gate_40",12,FALSE,FALSE
564478,"gate_30",143,TRUE,TRUE
564634,"gate_30",18,FALSE,FALSE
564776,"gate_30",1,FALSE,FALSE
565076,"gate_30",15,FALSE,FALSE
565135,"gate_40",49,TRUE,FALSE
565432,"gate_40",15,FALSE,FALSE
565543,"gate_30",5,FALSE,FALSE
565816,"gate_30",44,TRUE,TRUE
565857,"gate_40",5,FALSE,FALSE
565884,"gate_30",169,TRUE,FALSE
565935,"gate_40",69,TRUE,FALSE
565942,"gate_40",30,TRUE,TRUE
566025,"gate_40",104,TRUE,TRUE
566065,"gate_30",118,FALSE,TRUE
566072,"gate_40",40,TRUE,FALSE
566249,"gate_40",21,TRUE,TRUE
566360,"gate_40",7,TRUE,FALSE
566466,"gate_40",19,TRUE,FALSE
566488,"gate_40",7,FALSE,FALSE
566527,"gate_40",21,FALSE,FALSE
566556,"gate_40",76,TRUE,TRUE
566669,"gate_30",1,FALSE,FALSE
566738,"gate_30",1,FALSE,FALSE
566923,"gate_40",64,TRUE,FALSE
566940,"gate_40",38,TRUE,FALSE
566961,"gate_30",91,TRUE,TRUE
567002,"gate_30",3,TRUE,FALSE
567113,"gate_30",6,FALSE,FALSE
567149,"gate_40",3,FALSE,FALSE
567154,"gate_40",4,FALSE,TRUE
567205,"gate_30",56,FALSE,FALSE
567234,"gate_40",3,FALSE,FALSE
567425,"gate_30",4,FALSE,FALSE
567448,"gate_40",3,FALSE,TRUE
567500,"gate_30",158,TRUE,FALSE
567550,"gate_40",25,FALSE,FALSE
567588,"gate_40",10,FALSE,FALSE
567623,"gate_40",0,FALSE,FALSE
567661,"gate_40",52,TRUE,FALSE
567762,"gate_40",28,TRUE,FALSE
567814,"gate_40",12,FALSE,FALSE
568003,"gate_40",22,FALSE,FALSE
568608,"gate_30",17,FALSE,FALSE
568777,"gate_30",13,FALSE,FALSE
568884,"gate_30",4,FALSE,TRUE
569015,"gate_40",1,FALSE,FALSE
569176,"gate_40",17,TRUE,FALSE
569354,"gate_30",1,FALSE,FALSE
569401,"gate_40",18,FALSE,FALSE
569409,"gate_40",236,TRUE,FALSE
569499,"gate_40",2,FALSE,FALSE
569648,"gate_40",158,TRUE,TRUE
569680,"gate_40",1,FALSE,FALSE
569700,"gate_40",112,TRUE,TRUE
569757,"gate_30",1,FALSE,FALSE
569972,"gate_30",18,TRUE,FALSE
570102,"gate_30",53,TRUE,FALSE
570180,"gate_30",34,TRUE,FALSE
570212,"gate_40",23,FALSE,FALSE
570288,"gate_40",2,FALSE,FALSE
570289,"gate_40",11,TRUE,FALSE
570424,"gate_30",28,FALSE,FALSE
570763,"gate_40",52,FALSE,FALSE
571386,"gate_40",1,FALSE,FALSE
571464,"gate_30",25,TRUE,FALSE
571504,"gate_40",70,TRUE,FALSE
571513,"gate_40",5,FALSE,FALSE
571560,"gate_40",15,FALSE,FALSE
571676,"gate_40",39,TRUE,FALSE
571824,"gate_40",85,FALSE,FALSE
571912,"gate_30",3,FALSE,FALSE
571987,"gate_30",11,FALSE,FALSE
572254,"gate_30",1,FALSE,FALSE
572369,"gate_40",5,FALSE,FALSE
572564,"gate_40",60,FALSE,TRUE
572594,"gate_30",151,TRUE,TRUE
572636,"gate_30",31,FALSE,FALSE
572758,"gate_30",6,FALSE,FALSE
572768,"gate_40",13,FALSE,FALSE
572804,"gate_40",14,TRUE,FALSE
573015,"gate_40",34,TRUE,FALSE
573142,"gate_40",2,FALSE,FALSE
573198,"gate_30",0,FALSE,FALSE
573313,"gate_30",3,FALSE,FALSE
573477,"gate_40",1,FALSE,FALSE
573490,"gate_40",17,FALSE,FALSE
573512,"gate_40",37,TRUE,FALSE
573870,"gate_40",49,TRUE,TRUE
574215,"gate_40",14,FALSE,FALSE
574222,"gate_30",50,TRUE,FALSE
574397,"gate_40",6,FALSE,FALSE
574555,"gate_30",43,TRUE,TRUE
574678,"gate_30",5,FALSE,FALSE
574735,"gate_40",17,FALSE,FALSE
574821,"gate_30",17,FALSE,FALSE
574832,"gate_30",3,FALSE,FALSE
574977,"gate_40",6,TRUE,FALSE
575024,"gate_40",3,FALSE,FALSE
575147,"gate_30",0,FALSE,FALSE
575178,"gate_40",5,FALSE,FALSE
575228,"gate_40",422,TRUE,FALSE
575245,"gate_40",43,TRUE,FALSE
575295,"gate_40",4,FALSE,FALSE
575344,"gate_40",20,TRUE,FALSE
575900,"gate_40",153,TRUE,FALSE
575910,"gate_40",5,FALSE,FALSE
575912,"gate_30",17,TRUE,FALSE
575947,"gate_40",6,FALSE,FALSE
575966,"gate_40",5,FALSE,FALSE
575977,"gate_30",69,TRUE,TRUE
576330,"gate_30",17,TRUE,FALSE
576481,"gate_30",187,TRUE,TRUE
576710,"gate_30",17,FALSE,FALSE
576739,"gate_30",9,FALSE,FALSE
576998,"gate_30",18,TRUE,FALSE
577015,"gate_40",1,FALSE,FALSE
577019,"gate_30",61,FALSE,TRUE
577385,"gate_30",2,FALSE,FALSE
577471,"gate_30",1,FALSE,FALSE
577507,"gate_40",52,FALSE,FALSE
577533,"gate_30",59,TRUE,FALSE
578018,"gate_40",8,FALSE,FALSE
578141,"gate_30",4,FALSE,FALSE
578142,"gate_30",4,FALSE,FALSE
578203,"gate_40",24,FALSE,FALSE
578529,"gate_40",354,TRUE,TRUE
578633,"gate_40",13,TRUE,FALSE
578725,"gate_40",10,TRUE,FALSE
578736,"gate_30",33,TRUE,FALSE
578975,"gate_30",55,FALSE,FALSE
579043,"gate_30",0,FALSE,FALSE
579274,"gate_40",25,FALSE,FALSE
579317,"gate_30",102,TRUE,FALSE
579367,"gate_30",1,FALSE,FALSE
579571,"gate_40",2,FALSE,FALSE
579772,"gate_40",2,FALSE,FALSE
579816,"gate_30",0,TRUE,FALSE
580335,"gate_30",16,TRUE,FALSE
580600,"gate_40",198,TRUE,TRUE
580740,"gate_40",1,FALSE,FALSE
580857,"gate_30",23,FALSE,FALSE
580962,"gate_40",3,FALSE,FALSE
581038,"gate_40",10,FALSE,FALSE
581071,"gate_40",525,TRUE,TRUE
581230,"gate_40",2,FALSE,FALSE
581242,"gate_30",11,FALSE,FALSE
581264,"gate_40",91,TRUE,TRUE
581356,"gate_40",13,TRUE,FALSE
581406,"gate_30",27,FALSE,FALSE
581613,"gate_40",49,TRUE,FALSE
581660,"gate_40",11,TRUE,FALSE
581752,"gate_40",24,TRUE,FALSE
581901,"gate_40",28,TRUE,FALSE
581928,"gate_30",14,FALSE,FALSE
582093,"gate_40",18,TRUE,FALSE
582423,"gate_40",26,TRUE,FALSE
582467,"gate_30",64,TRUE,TRUE
582557,"gate_40",18,TRUE,FALSE
582585,"gate_30",1,FALSE,FALSE
582919,"gate_40",32,TRUE,FALSE
582958,"gate_30",633,TRUE,TRUE
582991,"gate_40",98,TRUE,FALSE
583290,"gate_40",23,TRUE,FALSE
583349,"gate_40",10,FALSE,FALSE
583374,"gate_40",68,TRUE,FALSE
583436,"gate_30",8,FALSE,FALSE
583767,"gate_40",281,TRUE,FALSE
583807,"gate_40",17,TRUE,FALSE
583887,"gate_30",1,FALSE,FALSE
584075,"gate_40",19,FALSE,FALSE
584681,"gate_40",196,TRUE,FALSE
584826,"gate_40",48,TRUE,FALSE
584831,"gate_40",35,TRUE,TRUE
585448,"gate_40",22,TRUE,FALSE
585875,"gate_40",13,FALSE,FALSE
586018,"gate_30",5,FALSE,FALSE
586230,"gate_30",6,FALSE,FALSE
586309,"gate_30",12,TRUE,TRUE
586356,"gate_40",7,FALSE,FALSE
586373,"gate_40",160,TRUE,TRUE
586674,"gate_30",6,FALSE,FALSE
586852,"gate_40",1,FALSE,FALSE
587003,"gate_30",4,FALSE,FALSE
587112,"gate_30",1,FALSE,FALSE
587227,"gate_30",3,FALSE,FALSE
587311,"gate_40",9,FALSE,FALSE
587626,"gate_30",208,TRUE,FALSE
587635,"gate_40",58,TRUE,FALSE
587649,"gate_30",4,FALSE,FALSE
587789,"gate_30",28,FALSE,FALSE
587802,"gate_40",300,TRUE,TRUE
587902,"gate_30",104,TRUE,FALSE
587939,"gate_40",98,TRUE,FALSE
587942,"gate_30",220,TRUE,TRUE
588060,"gate_30",34,FALSE,FALSE
588187,"gate_30",4,FALSE,FALSE
588231,"gate_40",8,FALSE,FALSE
588281,"gate_30",43,TRUE,TRUE
588905,"gate_30",12,TRUE,FALSE
589039,"gate_30",46,TRUE,TRUE
589085,"gate_40",93,TRUE,FALSE
589191,"gate_30",94,TRUE,FALSE
589204,"gate_40",22,FALSE,FALSE
589205,"gate_40",2,FALSE,FALSE
589430,"gate_30",4,FALSE,FALSE
589772,"gate_30",99,TRUE,TRUE
589780,"gate_30",26,TRUE,FALSE
589820,"gate_40",90,TRUE,TRUE
589916,"gate_40",49,TRUE,FALSE
589981,"gate_40",19,TRUE,FALSE
590132,"gate_30",2,FALSE,FALSE
590208,"gate_40",18,FALSE,FALSE
590221,"gate_40",20,TRUE,FALSE
590296,"gate_30",0,FALSE,FALSE
590580,"gate_30",5,FALSE,FALSE
591028,"gate_30",115,TRUE,TRUE
591135,"gate_30",129,TRUE,TRUE
591219,"gate_40",2,FALSE,FALSE
591313,"gate_40",105,TRUE,TRUE
591323,"gate_30",17,TRUE,FALSE
591343,"gate_40",12,FALSE,TRUE
591492,"gate_30",43,TRUE,FALSE
591676,"gate_40",8,FALSE,FALSE
591871,"gate_40",30,TRUE,TRUE
591959,"gate_40",18,FALSE,FALSE
592128,"gate_40",74,TRUE,TRUE
592347,"gate_30",307,TRUE,TRUE
592429,"gate_40",89,TRUE,FALSE
592464,"gate_30",9,FALSE,FALSE
592494,"gate_30",6,FALSE,FALSE
592508,"gate_40",24,TRUE,FALSE
592546,"gate_40",12,FALSE,FALSE
592608,"gate_40",78,TRUE,FALSE
592676,"gate_30",23,TRUE,FALSE
592704,"gate_40",36,TRUE,FALSE
592713,"gate_30",1,FALSE,FALSE
592816,"gate_40",16,FALSE,FALSE
593035,"gate_30",3,FALSE,FALSE
593190,"gate_30",170,TRUE,TRUE
593197,"gate_30",15,TRUE,FALSE
593247,"gate_40",6,FALSE,TRUE
593498,"gate_40",54,FALSE,TRUE
593811,"gate_40",1,FALSE,FALSE
593936,"gate_30",7,FALSE,FALSE
594026,"gate_40",2,FALSE,FALSE
594102,"gate_30",42,TRUE,FALSE
594106,"gate_40",3,TRUE,FALSE
594128,"gate_40",4,TRUE,FALSE
594178,"gate_30",150,TRUE,TRUE
594225,"gate_30",2,FALSE,FALSE
594266,"gate_30",364,TRUE,TRUE
594307,"gate_30",82,TRUE,FALSE
594324,"gate_30",8,FALSE,FALSE
594356,"gate_40",12,TRUE,FALSE
594551,"gate_30",4,FALSE,FALSE
594684,"gate_30",157,TRUE,TRUE
594745,"gate_40",146,TRUE,FALSE
594780,"gate_30",3,TRUE,FALSE
594919,"gate_40",109,TRUE,TRUE
594939,"gate_30",35,TRUE,FALSE
595002,"gate_30",3,FALSE,FALSE
595007,"gate_40",87,TRUE,TRUE
595033,"gate_30",108,TRUE,FALSE
595064,"gate_40",3,FALSE,FALSE
595264,"gate_40",7,FALSE,FALSE
595528,"gate_30",36,TRUE,FALSE
595608,"gate_30",89,FALSE,FALSE
595815,"gate_30",5,FALSE,FALSE
596200,"gate_30",16,FALSE,FALSE
596375,"gate_40",6,FALSE,FALSE
596422,"gate_40",30,TRUE,FALSE
596483,"gate_40",1,FALSE,FALSE
596608,"gate_40",3,FALSE,FALSE
596745,"gate_40",37,FALSE,TRUE
597007,"gate_40",39,TRUE,FALSE
597247,"gate_40",12,FALSE,FALSE
597443,"gate_30",11,FALSE,FALSE
597499,"gate_40",14,FALSE,FALSE
597536,"gate_30",70,TRUE,TRUE
597592,"gate_30",3,FALSE,FALSE
597620,"gate_30",6,FALSE,FALSE
597622,"gate_30",26,TRUE,FALSE
597745,"gate_40",125,TRUE,TRUE
597777,"gate_40",30,FALSE,FALSE
597873,"gate_30",97,FALSE,TRUE
597886,"gate_30",19,TRUE,FALSE
597929,"gate_40",3,FALSE,FALSE
597946,"gate_30",0,FALSE,FALSE
598157,"gate_30",27,FALSE,TRUE
598193,"gate_30",10,FALSE,FALSE
598318,"gate_40",89,TRUE,FALSE
598324,"gate_40",9,TRUE,FALSE
598337,"gate_30",70,TRUE,TRUE
598357,"gate_40",24,FALSE,FALSE
598434,"gate_40",354,TRUE,FALSE
598625,"gate_40",1,TRUE,FALSE
598739,"gate_30",10,FALSE,FALSE
598834,"gate_30",0,FALSE,FALSE
598926,"gate_30",5,FALSE,FALSE
599169,"gate_40",5,FALSE,FALSE
599210,"gate_30",101,TRUE,FALSE
599440,"gate_40",10,TRUE,FALSE
599444,"gate_40",3,FALSE,FALSE
599646,"gate_30",42,FALSE,TRUE
599682,"gate_30",249,TRUE,TRUE
599857,"gate_40",11,TRUE,FALSE
599902,"gate_40",669,TRUE,TRUE
599918,"gate_30",2,FALSE,FALSE
599942,"gate_40",3,FALSE,FALSE
600032,"gate_40",21,TRUE,FALSE
600287,"gate_40",34,TRUE,FALSE
600337,"gate_30",5,FALSE,FALSE
600607,"gate_40",7,FALSE,FALSE
600737,"gate_30",4,FALSE,FALSE
600745,"gate_40",1,FALSE,FALSE
600767,"gate_30",28,FALSE,TRUE
600813,"gate_30",17,TRUE,FALSE
600958,"gate_30",115,TRUE,TRUE
600986,"gate_30",3,FALSE,FALSE
601039,"gate_30",204,TRUE,FALSE
601060,"gate_30",718,TRUE,TRUE
601101,"gate_30",49,TRUE,FALSE
601215,"gate_30",69,TRUE,FALSE
601228,"gate_30",2,FALSE,FALSE
601242,"gate_30",129,FALSE,TRUE
601675,"gate_40",1,FALSE,FALSE
601712,"gate_40",3,FALSE,FALSE
601858,"gate_30",447,TRUE,TRUE
601880,"gate_30",1,FALSE,FALSE
601924,"gate_30",7,FALSE,FALSE
602127,"gate_30",19,TRUE,FALSE
602526,"gate_40",79,FALSE,TRUE
602536,"gate_30",8,TRUE,FALSE
602539,"gate_40",160,TRUE,TRUE
602604,"gate_40",95,TRUE,FALSE
602637,"gate_30",64,TRUE,FALSE
602679,"gate_30",18,FALSE,FALSE
602705,"gate_30",4,FALSE,FALSE
602779,"gate_40",12,FALSE,FALSE
602990,"gate_30",47,TRUE,FALSE
603193,"gate_40",243,TRUE,TRUE
603237,"gate_40",4,FALSE,FALSE
603401,"gate_30",0,FALSE,FALSE
603694,"gate_40",66,TRUE,FALSE
603787,"gate_40",33,TRUE,FALSE
603822,"gate_40",0,FALSE,FALSE
603857,"gate_30",13,FALSE,FALSE
603975,"gate_40",0,FALSE,FALSE
604083,"gate_30",64,TRUE,FALSE
604132,"gate_40",4,FALSE,FALSE
604247,"gate_30",75,TRUE,FALSE
604411,"gate_30",4,FALSE,FALSE
604449,"gate_40",21,TRUE,FALSE
604504,"gate_30",155,TRUE,TRUE
604555,"gate_30",289,TRUE,FALSE
604716,"gate_40",2,TRUE,FALSE
604766,"gate_30",41,TRUE,TRUE
604792,"gate_40",78,FALSE,TRUE
604799,"gate_30",99,TRUE,TRUE
604857,"gate_40",1,FALSE,FALSE
604932,"gate_30",18,FALSE,FALSE
604940,"gate_40",2,FALSE,FALSE
605045,"gate_40",28,TRUE,FALSE
605068,"gate_30",7,TRUE,FALSE
605079,"gate_40",51,TRUE,FALSE
605167,"gate_30",0,FALSE,FALSE
605251,"gate_30",2,FALSE,FALSE
605343,"gate_30",57,FALSE,FALSE
605387,"gate_40",231,TRUE,TRUE
605416,"gate_30",300,TRUE,TRUE
605426,"gate_40",76,TRUE,FALSE
605435,"gate_30",447,TRUE,TRUE
605530,"gate_30",105,TRUE,TRUE
605573,"gate_30",14,TRUE,FALSE
605686,"gate_40",53,TRUE,FALSE
605728,"gate_40",5,FALSE,FALSE
605874,"gate_40",298,FALSE,TRUE
605902,"gate_30",340,FALSE,TRUE
605988,"gate_30",4,FALSE,FALSE
606242,"gate_30",422,TRUE,FALSE
606400,"gate_40",49,FALSE,FALSE
606403,"gate_40",400,TRUE,TRUE
606497,"gate_30",36,FALSE,FALSE
606521,"gate_40",92,TRUE,FALSE
606732,"gate_30",1,FALSE,FALSE
606751,"gate_30",24,FALSE,FALSE
606828,"gate_40",11,FALSE,FALSE
606869,"gate_40",4,FALSE,FALSE
606959,"gate_40",33,TRUE,FALSE
606970,"gate_40",0,FALSE,FALSE
607021,"gate_40",31,TRUE,TRUE
607024,"gate_40",101,TRUE,TRUE
607155,"gate_40",3,FALSE,FALSE
607482,"gate_30",2,TRUE,FALSE
607494,"gate_30",70,TRUE,FALSE
607521,"gate_30",39,TRUE,TRUE
607704,"gate_40",1,FALSE,FALSE
607710,"gate_40",108,TRUE,TRUE
607795,"gate_40",20,TRUE,FALSE
607862,"gate_40",42,TRUE,FALSE
607937,"gate_30",56,FALSE,TRUE
608154,"gate_40",1,FALSE,FALSE
608232,"gate_30",18,FALSE,FALSE
608487,"gate_40",20,TRUE,FALSE
608694,"gate_30",37,FALSE,FALSE
608817,"gate_30",2,FALSE,FALSE
608833,"gate_40",19,TRUE,TRUE
608959,"gate_40",4,FALSE,FALSE
609120,"gate_40",8,TRUE,FALSE
609145,"gate_30",20,FALSE,FALSE
609146,"gate_30",1,FALSE,FALSE
609184,"gate_40",15,FALSE,FALSE
609289,"gate_40",17,TRUE,FALSE
609599,"gate_40",1,FALSE,FALSE
609664,"gate_30",236,TRUE,TRUE
610182,"gate_30",3,FALSE,FALSE
610411,"gate_30",138,TRUE,TRUE
610626,"gate_40",1,FALSE,FALSE
610688,"gate_30",40,TRUE,FALSE
610714,"gate_40",15,FALSE,FALSE
610874,"gate_40",0,FALSE,FALSE
610938,"gate_40",147,TRUE,TRUE
610969,"gate_40",3,FALSE,FALSE
611153,"gate_40",33,TRUE,TRUE
611270,"gate_40",93,FALSE,FALSE
611317,"gate_30",6,FALSE,FALSE
611707,"gate_40",120,TRUE,FALSE
612000,"gate_30",14,FALSE,FALSE
612595,"gate_30",1,FALSE,FALSE
612827,"gate_40",5,FALSE,FALSE
612914,"gate_30",59,TRUE,FALSE
612941,"gate_40",32,TRUE,FALSE
613312,"gate_30",0,FALSE,FALSE
613552,"gate_30",344,TRUE,TRUE
613648,"gate_40",54,TRUE,FALSE
613782,"gate_40",167,TRUE,TRUE
613873,"gate_40",46,TRUE,FALSE
613903,"gate_40",1,FALSE,FALSE
613979,"gate_30",10,FALSE,FALSE
614155,"gate_40",27,TRUE,FALSE
614180,"gate_30",90,TRUE,TRUE
614199,"gate_40",1446,TRUE,TRUE
614528,"gate_30",0,FALSE,FALSE
614812,"gate_40",5,FALSE,FALSE
614912,"gate_30",28,FALSE,FALSE
614922,"gate_30",4,FALSE,FALSE
614933,"gate_30",15,FALSE,FALSE
615094,"gate_30",0,FALSE,FALSE
615101,"gate_30",2,FALSE,FALSE
615180,"gate_30",2,FALSE,FALSE
615262,"gate_30",7,FALSE,FALSE
615298,"gate_30",83,TRUE,FALSE
615601,"gate_40",71,TRUE,FALSE
615639,"gate_30",8,FALSE,FALSE
615671,"gate_30",129,TRUE,TRUE
615774,"gate_30",265,TRUE,FALSE
615871,"gate_30",15,FALSE,FALSE
615990,"gate_40",4,FALSE,FALSE
616103,"gate_30",13,FALSE,FALSE
616181,"gate_30",25,FALSE,FALSE
616187,"gate_40",14,FALSE,FALSE
616290,"gate_30",1,FALSE,FALSE
616357,"gate_30",191,TRUE,TRUE
616431,"gate_30",2,FALSE,FALSE
616493,"gate_40",0,FALSE,FALSE
616495,"gate_30",5,FALSE,FALSE
616713,"gate_30",158,TRUE,TRUE
617226,"gate_40",1,FALSE,FALSE
617255,"gate_30",38,FALSE,FALSE
617355,"gate_30",97,TRUE,TRUE
617497,"gate_30",8,TRUE,FALSE
617614,"gate_30",12,FALSE,FALSE
617797,"gate_30",54,TRUE,TRUE
617847,"gate_40",93,TRUE,FALSE
617925,"gate_30",21,FALSE,FALSE
617944,"gate_30",6,FALSE,FALSE
618018,"gate_40",151,TRUE,FALSE
618138,"gate_30",0,FALSE,FALSE
618210,"gate_30",2,FALSE,FALSE
618348,"gate_30",248,TRUE,TRUE
618432,"gate_30",4,FALSE,FALSE
618462,"gate_30",6,FALSE,FALSE
618657,"gate_30",386,TRUE,TRUE
618712,"gate_30",382,TRUE,TRUE
618779,"gate_40",29,TRUE,FALSE
618850,"gate_40",1,FALSE,FALSE
619060,"gate_30",64,TRUE,FALSE
619083,"gate_40",15,FALSE,TRUE
619085,"gate_40",61,TRUE,FALSE
619096,"gate_30",12,TRUE,FALSE
619269,"gate_40",38,FALSE,FALSE
619354,"gate_40",14,FALSE,TRUE
619485,"gate_30",230,TRUE,TRUE
619505,"gate_40",1,FALSE,FALSE
619586,"gate_30",25,FALSE,FALSE
619796,"gate_40",55,TRUE,FALSE
619802,"gate_40",22,FALSE,FALSE
619894,"gate_30",2,FALSE,FALSE
619920,"gate_30",262,TRUE,TRUE
619921,"gate_40",94,TRUE,FALSE
619977,"gate_30",87,TRUE,FALSE
620037,"gate_40",53,TRUE,TRUE
620298,"gate_30",0,FALSE,FALSE
620384,"gate_40",0,FALSE,FALSE
620439,"gate_40",14,FALSE,FALSE
620573,"gate_30",14,TRUE,FALSE
620624,"gate_40",58,TRUE,FALSE
620880,"gate_30",1,FALSE,FALSE
621090,"gate_40",96,TRUE,FALSE
621110,"gate_30",24,FALSE,FALSE
621143,"gate_40",7,FALSE,FALSE
621396,"gate_30",193,TRUE,FALSE
621444,"gate_40",31,TRUE,FALSE
621570,"gate_30",44,TRUE,TRUE
621598,"gate_30",13,FALSE,FALSE
621639,"gate_40",20,TRUE,FALSE
621674,"gate_40",22,TRUE,FALSE
621677,"gate_30",157,TRUE,TRUE
621951,"gate_30",4,FALSE,FALSE
622060,"gate_40",4,FALSE,FALSE
622075,"gate_30",83,TRUE,TRUE
622151,"gate_40",14,FALSE,FALSE
622184,"gate_30",11,FALSE,FALSE
622191,"gate_40",36,TRUE,FALSE
622261,"gate_40",36,TRUE,FALSE
622298,"gate_30",65,FALSE,TRUE
622310,"gate_40",16,FALSE,FALSE
622399,"gate_30",114,TRUE,FALSE
622499,"gate_30",1,FALSE,FALSE
622699,"gate_40",15,TRUE,FALSE
622723,"gate_30",21,FALSE,FALSE
622972,"gate_40",240,TRUE,FALSE
623086,"gate_30",65,TRUE,TRUE
623406,"gate_40",260,TRUE,TRUE
623410,"gate_30",35,TRUE,FALSE
623483,"gate_40",143,TRUE,TRUE
623495,"gate_30",53,FALSE,FALSE
623531,"gate_30",5,TRUE,FALSE
623841,"gate_30",55,TRUE,FALSE
623851,"gate_40",28,FALSE,FALSE
624088,"gate_30",1,FALSE,FALSE
624233,"gate_30",21,TRUE,TRUE
624272,"gate_30",12,FALSE,FALSE
624301,"gate_40",1,FALSE,FALSE
624347,"gate_40",3,FALSE,FALSE
624756,"gate_40",15,FALSE,FALSE
624915,"gate_30",79,FALSE,TRUE
625016,"gate_40",7,FALSE,FALSE
625222,"gate_40",16,FALSE,FALSE
625336,"gate_40",5,FALSE,FALSE
625368,"gate_40",1,FALSE,FALSE
625379,"gate_30",17,TRUE,FALSE
625611,"gate_40",27,TRUE,FALSE
625710,"gate_40",21,TRUE,FALSE
625769,"gate_30",7,FALSE,FALSE
625806,"gate_40",20,FALSE,TRUE
626096,"gate_30",4,FALSE,FALSE
626171,"gate_30",14,FALSE,FALSE
626491,"gate_40",9,FALSE,FALSE
626531,"gate_40",113,FALSE,TRUE
626535,"gate_30",1,FALSE,FALSE
626625,"gate_30",56,TRUE,TRUE
626781,"gate_40",12,FALSE,FALSE
626844,"gate_30",3,FALSE,FALSE
626857,"gate_30",46,FALSE,TRUE
626989,"gate_30",5,FALSE,FALSE
627037,"gate_30",5,FALSE,FALSE
627180,"gate_40",2,TRUE,FALSE
627302,"gate_40",15,TRUE,FALSE
627368,"gate_30",29,FALSE,FALSE
627456,"gate_30",232,TRUE,FALSE
627554,"gate_30",6,FALSE,TRUE
628230,"gate_30",49,TRUE,FALSE
628320,"gate_40",6,TRUE,FALSE
628395,"gate_40",157,TRUE,TRUE
628502,"gate_40",13,FALSE,FALSE
628503,"gate_30",58,TRUE,FALSE
628811,"gate_40",45,TRUE,FALSE
628813,"gate_30",5,FALSE,FALSE
628836,"gate_40",1,FALSE,FALSE
628989,"gate_40",1,FALSE,FALSE
629077,"gate_30",4,FALSE,FALSE
629402,"gate_40",187,TRUE,TRUE
629441,"gate_30",263,TRUE,TRUE
629478,"gate_40",4,FALSE,FALSE
629522,"gate_30",2,FALSE,FALSE
629604,"gate_30",2,FALSE,FALSE
629632,"gate_40",13,TRUE,FALSE
629865,"gate_30",51,TRUE,FALSE
630048,"gate_30",10,FALSE,FALSE
630057,"gate_30",27,TRUE,FALSE
630079,"gate_40",26,FALSE,FALSE
630102,"gate_30",85,TRUE,TRUE
630166,"gate_30",89,TRUE,FALSE
630192,"gate_30",44,FALSE,FALSE
630198,"gate_30",0,FALSE,FALSE
630335,"gate_30",6,FALSE,FALSE
630549,"gate_40",4,FALSE,FALSE
630559,"gate_30",23,TRUE,FALSE
630650,"gate_40",1,FALSE,FALSE
630654,"gate_40",16,FALSE,FALSE
630713,"gate_30",0,FALSE,FALSE
630725,"gate_30",10,FALSE,FALSE
630755,"gate_40",4,FALSE,FALSE
630853,"gate_30",35,TRUE,FALSE
630895,"gate_40",38,TRUE,FALSE
631024,"gate_30",29,TRUE,FALSE
631086,"gate_30",5,FALSE,FALSE
631200,"gate_30",2,FALSE,FALSE
631216,"gate_40",2,FALSE,FALSE
631275,"gate_30",113,TRUE,FALSE
631341,"gate_40",395,TRUE,TRUE
631514,"gate_30",1,FALSE,FALSE
631674,"gate_30",193,TRUE,TRUE
631713,"gate_30",57,TRUE,FALSE
631920,"gate_40",1,FALSE,FALSE
631930,"gate_30",144,TRUE,FALSE
631941,"gate_40",45,TRUE,FALSE
631946,"gate_40",9,FALSE,FALSE
632107,"gate_40",29,TRUE,FALSE
632137,"gate_40",3,FALSE,FALSE
632579,"gate_30",89,TRUE,TRUE
632742,"gate_30",315,TRUE,TRUE
632815,"gate_30",33,TRUE,FALSE
632818,"gate_40",4,TRUE,FALSE
633054,"gate_40",4,FALSE,FALSE
633072,"gate_40",167,TRUE,FALSE
633110,"gate_30",31,FALSE,FALSE
633125,"gate_40",63,TRUE,FALSE
633280,"gate_40",2,FALSE,FALSE
633334,"gate_30",31,TRUE,FALSE
633391,"gate_30",1,FALSE,FALSE
633433,"gate_30",10,TRUE,FALSE
633458,"gate_40",2,FALSE,FALSE
633518,"gate_30",308,TRUE,FALSE
633543,"gate_30",46,FALSE,TRUE
633601,"gate_30",10,FALSE,FALSE
633727,"gate_30",8,FALSE,FALSE
633971,"gate_40",2,FALSE,FALSE
633988,"gate_40",11,TRUE,FALSE
634041,"gate_30",90,TRUE,TRUE
634146,"gate_40",28,FALSE,FALSE
634354,"gate_40",32,TRUE,FALSE
634482,"gate_40",76,TRUE,FALSE
634597,"gate_40",17,FALSE,FALSE
634655,"gate_30",2,FALSE,FALSE
634707,"gate_40",6,FALSE,FALSE
634734,"gate_30",1,FALSE,FALSE
634830,"gate_40",55,TRUE,FALSE
634837,"gate_40",11,TRUE,FALSE
634910,"gate_40",81,TRUE,TRUE
634961,"gate_30",73,TRUE,FALSE
635034,"gate_40",2,FALSE,FALSE
635307,"gate_30",2,FALSE,FALSE
635654,"gate_40",4,TRUE,FALSE
635782,"gate_40",3,FALSE,FALSE
635804,"gate_30",77,TRUE,TRUE
635813,"gate_40",42,TRUE,FALSE
635902,"gate_40",136,TRUE,TRUE
636080,"gate_30",39,TRUE,FALSE
636111,"gate_30",20,FALSE,FALSE
636209,"gate_40",14,FALSE,FALSE
636440,"gate_40",208,TRUE,TRUE
636463,"gate_40",10,FALSE,FALSE
636505,"gate_30",35,TRUE,FALSE
636759,"gate_30",266,TRUE,FALSE
636777,"gate_30",20,FALSE,FALSE
636805,"gate_40",117,FALSE,FALSE
637011,"gate_40",4,TRUE,FALSE
637222,"gate_30",87,TRUE,TRUE
637394,"gate_40",7,FALSE,FALSE
637445,"gate_40",17,TRUE,FALSE
637859,"gate_30",8,FALSE,FALSE
637939,"gate_40",129,TRUE,TRUE
637943,"gate_30",25,FALSE,FALSE
637997,"gate_40",4,FALSE,FALSE
638097,"gate_40",5,FALSE,FALSE
638115,"gate_40",21,TRUE,FALSE
638130,"gate_30",22,FALSE,FALSE
638150,"gate_40",5,FALSE,FALSE
638167,"gate_30",40,TRUE,FALSE
638231,"gate_30",348,TRUE,TRUE
638271,"gate_40",204,TRUE,TRUE
638295,"gate_40",4,TRUE,FALSE
638314,"gate_40",212,TRUE,TRUE
638367,"gate_30",3,FALSE,FALSE
638421,"gate_40",2,FALSE,FALSE
638433,"gate_40",184,TRUE,TRUE
638883,"gate_30",19,FALSE,FALSE
638922,"gate_40",1,FALSE,FALSE
638948,"gate_40",1,FALSE,FALSE
639539,"gate_30",9,FALSE,FALSE
639591,"gate_40",2,FALSE,FALSE
639664,"gate_40",5,FALSE,FALSE
639760,"gate_40",22,FALSE,FALSE
639762,"gate_30",95,TRUE,FALSE
639799,"gate_30",5,FALSE,FALSE
639889,"gate_30",32,TRUE,FALSE
640014,"gate_30",51,TRUE,FALSE
640125,"gate_30",10,TRUE,FALSE
640161,"gate_30",106,TRUE,FALSE
640804,"gate_30",3,FALSE,FALSE
640833,"gate_30",12,FALSE,FALSE
640972,"gate_40",1,FALSE,FALSE
640979,"gate_40",13,TRUE,FALSE
640987,"gate_40",4,FALSE,FALSE
641004,"gate_30",20,FALSE,FALSE
641056,"gate_30",5,FALSE,TRUE
641071,"gate_40",1,TRUE,FALSE
641135,"gate_30",64,TRUE,TRUE
641196,"gate_30",14,TRUE,TRUE
641213,"gate_30",521,TRUE,TRUE
641219,"gate_30",2,FALSE,FALSE
641244,"gate_30",140,TRUE,FALSE
641545,"gate_40",74,FALSE,TRUE
641607,"gate_30",30,TRUE,FALSE
641731,"gate_30",40,FALSE,TRUE
641965,"gate_40",13,TRUE,FALSE
642062,"gate_30",13,FALSE,FALSE
642197,"gate_30",18,FALSE,FALSE
642235,"gate_40",26,TRUE,FALSE
642239,"gate_40",22,TRUE,FALSE
642382,"gate_40",1,FALSE,FALSE
642700,"gate_30",48,TRUE,FALSE
642744,"gate_40",60,TRUE,FALSE
642819,"gate_30",165,FALSE,TRUE
643015,"gate_40",227,TRUE,FALSE
643168,"gate_30",1,FALSE,FALSE
643258,"gate_30",10,FALSE,FALSE
643283,"gate_30",1,FALSE,FALSE
643290,"gate_40",59,TRUE,FALSE
643462,"gate_30",56,TRUE,TRUE
643573,"gate_40",6,TRUE,FALSE
643588,"gate_30",26,TRUE,TRUE
643961,"gate_30",10,FALSE,FALSE
644276,"gate_30",13,FALSE,FALSE
644297,"gate_40",1,FALSE,FALSE
644320,"gate_40",599,TRUE,TRUE
644441,"gate_40",142,TRUE,FALSE
644465,"gate_30",1,FALSE,FALSE
644572,"gate_30",35,TRUE,FALSE
644618,"gate_30",25,FALSE,FALSE
644641,"gate_40",9,TRUE,FALSE
644908,"gate_40",18,FALSE,FALSE
645061,"gate_40",59,TRUE,FALSE
645173,"gate_30",4,FALSE,FALSE
645445,"gate_30",1,FALSE,FALSE
645531,"gate_30",118,FALSE,FALSE
645568,"gate_30",4,FALSE,FALSE
645591,"gate_30",0,FALSE,FALSE
645860,"gate_30",1,FALSE,FALSE
646147,"gate_30",19,FALSE,FALSE
646201,"gate_30",28,FALSE,FALSE
646248,"gate_40",12,FALSE,FALSE
646322,"gate_30",71,TRUE,TRUE
646359,"gate_40",175,TRUE,TRUE
646646,"gate_40",175,TRUE,TRUE
646759,"gate_40",15,FALSE,FALSE
646859,"gate_30",7,FALSE,FALSE
646989,"gate_40",29,TRUE,FALSE
647040,"gate_30",19,FALSE,FALSE
647065,"gate_40",4,FALSE,FALSE
647141,"gate_30",96,TRUE,TRUE
647187,"gate_40",7,TRUE,FALSE
647258,"gate_30",59,FALSE,TRUE
647342,"gate_30",0,FALSE,FALSE
647391,"gate_30",394,TRUE,TRUE
647452,"gate_40",3,FALSE,FALSE
647504,"gate_40",6,FALSE,FALSE
647696,"gate_30",376,TRUE,TRUE
647828,"gate_30",173,TRUE,FALSE
648248,"gate_40",3,FALSE,FALSE
648267,"gate_30",10,TRUE,FALSE
648268,"gate_40",27,TRUE,FALSE
648305,"gate_30",0,FALSE,FALSE
648365,"gate_30",11,TRUE,FALSE
648428,"gate_30",13,FALSE,FALSE
648597,"gate_40",1,FALSE,FALSE
648704,"gate_40",18,FALSE,FALSE
648776,"gate_40",11,FALSE,FALSE
648877,"gate_30",13,FALSE,FALSE
648896,"gate_30",1,FALSE,FALSE
649061,"gate_30",8,FALSE,FALSE
649568,"gate_40",14,TRUE,FALSE
649661,"gate_40",120,TRUE,FALSE
650125,"gate_30",20,FALSE,FALSE
650218,"gate_30",112,TRUE,TRUE
650241,"gate_30",29,TRUE,FALSE
650280,"gate_40",170,TRUE,TRUE
650301,"gate_30",94,TRUE,FALSE
650391,"gate_30",438,TRUE,TRUE
650433,"gate_40",16,TRUE,FALSE
650476,"gate_40",13,FALSE,FALSE
650569,"gate_40",184,TRUE,TRUE
650884,"gate_30",8,TRUE,FALSE
650985,"gate_30",22,TRUE,TRUE
651034,"gate_30",18,TRUE,TRUE
651035,"gate_40",14,TRUE,FALSE
651036,"gate_30",33,TRUE,TRUE
651174,"gate_40",118,TRUE,TRUE
651417,"gate_30",339,TRUE,TRUE
651520,"gate_40",12,FALSE,FALSE
651711,"gate_30",1,FALSE,FALSE
651946,"gate_30",0,FALSE,FALSE
651976,"gate_40",8,FALSE,FALSE
652059,"gate_40",51,TRUE,TRUE
652118,"gate_30",30,TRUE,FALSE
652182,"gate_30",45,TRUE,FALSE
652196,"gate_30",384,TRUE,TRUE
652245,"gate_30",13,FALSE,FALSE
652272,"gate_40",2,FALSE,FALSE
652346,"gate_40",19,FALSE,FALSE
652646,"gate_30",6,TRUE,FALSE
652742,"gate_30",24,FALSE,FALSE
652790,"gate_30",14,FALSE,FALSE
652850,"gate_40",5,FALSE,FALSE
652981,"gate_40",11,FALSE,FALSE
653047,"gate_40",21,TRUE,FALSE
653156,"gate_40",62,FALSE,FALSE
653537,"gate_40",81,TRUE,FALSE
653585,"gate_40",5,FALSE,FALSE
653604,"gate_40",1,FALSE,FALSE
653618,"gate_40",50,TRUE,FALSE
653692,"gate_40",30,TRUE,FALSE
653710,"gate_30",9,FALSE,FALSE
653711,"gate_30",0,FALSE,FALSE
653839,"gate_30",10,TRUE,FALSE
653863,"gate_40",69,TRUE,FALSE
653925,"gate_40",3,FALSE,FALSE
654319,"gate_30",1,FALSE,FALSE
654366,"gate_30",3,FALSE,FALSE
654468,"gate_40",32,TRUE,FALSE
654631,"gate_30",15,FALSE,FALSE
654770,"gate_30",49,TRUE,TRUE
654930,"gate_30",9,FALSE,FALSE
655095,"gate_40",5,FALSE,FALSE
655235,"gate_40",3,FALSE,FALSE
655611,"gate_30",155,FALSE,FALSE
655618,"gate_40",5,FALSE,FALSE
655677,"gate_40",1,FALSE,FALSE
655730,"gate_30",521,TRUE,TRUE
656136,"gate_40",11,FALSE,FALSE
656234,"gate_40",7,FALSE,FALSE
656240,"gate_40",11,FALSE,FALSE
656281,"gate_30",25,FALSE,FALSE
656351,"gate_40",32,TRUE,FALSE
656461,"gate_30",34,TRUE,FALSE
656673,"gate_40",170,FALSE,FALSE
656676,"gate_30",4,FALSE,FALSE
656716,"gate_40",34,TRUE,TRUE
656873,"gate_40",1,FALSE,FALSE
656998,"gate_40",19,TRUE,FALSE
657019,"gate_40",20,TRUE,FALSE
657068,"gate_40",3,FALSE,FALSE
657135,"gate_40",13,FALSE,FALSE
657176,"gate_30",78,TRUE,FALSE
657282,"gate_40",312,TRUE,TRUE
657475,"gate_30",6,FALSE,FALSE
657582,"gate_30",4,FALSE,FALSE
657713,"gate_30",96,TRUE,FALSE
657787,"gate_30",1,FALSE,FALSE
657869,"gate_40",16,FALSE,FALSE
657901,"gate_30",26,FALSE,FALSE
657974,"gate_30",121,TRUE,FALSE
658121,"gate_40",12,FALSE,FALSE
658232,"gate_30",4,FALSE,FALSE
658310,"gate_40",19,FALSE,FALSE
658355,"gate_30",73,FALSE,FALSE
658407,"gate_30",9,TRUE,FALSE
658552,"gate_40",23,FALSE,FALSE
658603,"gate_30",80,FALSE,TRUE
658706,"gate_40",6,FALSE,FALSE
659434,"gate_40",95,FALSE,FALSE
659576,"gate_40",187,TRUE,TRUE
659610,"gate_30",40,FALSE,FALSE
659632,"gate_40",173,TRUE,TRUE
659883,"gate_40",102,TRUE,TRUE
659892,"gate_30",5,FALSE,FALSE
659992,"gate_40",15,TRUE,FALSE
660061,"gate_30",25,TRUE,TRUE
660095,"gate_30",21,TRUE,FALSE
660487,"gate_40",169,TRUE,FALSE
660516,"gate_30",4,TRUE,FALSE
660608,"gate_40",425,TRUE,TRUE
660711,"gate_30",63,TRUE,FALSE
661089,"gate_30",56,TRUE,FALSE
661090,"gate_40",15,FALSE,FALSE
661514,"gate_30",59,TRUE,FALSE
661565,"gate_40",14,TRUE,FALSE
661718,"gate_40",36,TRUE,FALSE
661839,"gate_40",24,FALSE,FALSE
662074,"gate_40",338,TRUE,TRUE
662125,"gate_40",28,TRUE,FALSE
662129,"gate_30",4,FALSE,FALSE
662184,"gate_30",64,TRUE,TRUE
662185,"gate_40",9,TRUE,FALSE
662221,"gate_40",5,FALSE,FALSE
662234,"gate_40",46,FALSE,FALSE
662286,"gate_30",203,TRUE,TRUE
662312,"gate_30",16,TRUE,FALSE
662361,"gate_40",2,FALSE,FALSE
662391,"gate_30",111,TRUE,TRUE
662523,"gate_30",26,TRUE,FALSE
662561,"gate_40",6,FALSE,FALSE
662650,"gate_30",85,TRUE,FALSE
662866,"gate_40",12,FALSE,FALSE
662868,"gate_40",80,FALSE,TRUE
663026,"gate_40",16,FALSE,FALSE
663052,"gate_40",220,TRUE,TRUE
663145,"gate_40",64,TRUE,FALSE
663278,"gate_40",0,FALSE,FALSE
663345,"gate_30",3,FALSE,FALSE
663657,"gate_40",4,FALSE,FALSE
663695,"gate_40",210,FALSE,TRUE
663821,"gate_30",207,TRUE,TRUE
664027,"gate_40",20,FALSE,FALSE
664302,"gate_40",242,TRUE,TRUE
664364,"gate_30",315,TRUE,TRUE
664426,"gate_40",55,TRUE,FALSE
664430,"gate_40",14,TRUE,FALSE
664448,"gate_30",96,TRUE,FALSE
664481,"gate_40",7,FALSE,FALSE
664528,"gate_30",7,FALSE,FALSE
664593,"gate_30",7,FALSE,FALSE
664734,"gate_30",40,TRUE,FALSE
664775,"gate_40",139,TRUE,TRUE
664787,"gate_40",15,TRUE,FALSE
664848,"gate_30",463,FALSE,TRUE
664994,"gate_40",0,FALSE,FALSE
665101,"gate_30",10,FALSE,FALSE
665113,"gate_40",4,FALSE,FALSE
665268,"gate_30",29,TRUE,FALSE
665309,"gate_40",1,FALSE,FALSE
665376,"gate_40",27,TRUE,FALSE
665401,"gate_30",28,FALSE,FALSE
665657,"gate_40",12,TRUE,FALSE
665790,"gate_30",23,TRUE,TRUE
665813,"gate_30",69,TRUE,TRUE
665934,"gate_40",8,TRUE,FALSE
666021,"gate_30",296,TRUE,TRUE
666378,"gate_40",25,TRUE,FALSE
666400,"gate_30",18,FALSE,FALSE
666541,"gate_30",15,TRUE,FALSE
666796,"gate_30",2,FALSE,FALSE
666831,"gate_40",25,FALSE,TRUE
666901,"gate_30",75,TRUE,TRUE
666957,"gate_30",14,FALSE,FALSE
667215,"gate_40",4,FALSE,FALSE
667339,"gate_30",63,TRUE,FALSE
667366,"gate_30",4,FALSE,FALSE
667783,"gate_30",493,TRUE,TRUE
668037,"gate_30",8,FALSE,FALSE
668123,"gate_30",385,TRUE,TRUE
668126,"gate_30",0,FALSE,FALSE
668155,"gate_30",0,FALSE,FALSE
668878,"gate_30",51,FALSE,FALSE
668881,"gate_40",0,FALSE,FALSE
669218,"gate_40",11,TRUE,FALSE
669245,"gate_40",3,FALSE,FALSE
669392,"gate_30",47,TRUE,TRUE
669441,"gate_30",0,FALSE,FALSE
669482,"gate_40",7,TRUE,FALSE
669715,"gate_40",2,TRUE,FALSE
669923,"gate_30",3,FALSE,FALSE
669938,"gate_40",38,TRUE,FALSE
669943,"gate_30",1,TRUE,TRUE
670018,"gate_30",28,TRUE,FALSE
670105,"gate_40",28,FALSE,FALSE
670122,"gate_30",39,FALSE,TRUE
670186,"gate_40",55,TRUE,TRUE
670263,"gate_40",11,TRUE,FALSE
670823,"gate_40",117,TRUE,FALSE
671014,"gate_40",3,FALSE,FALSE
671171,"gate_30",38,TRUE,FALSE
671222,"gate_40",12,FALSE,FALSE
671247,"gate_30",129,TRUE,TRUE
671570,"gate_30",3,FALSE,FALSE
671770,"gate_40",143,TRUE,FALSE
672005,"gate_40",2,FALSE,FALSE
672060,"gate_30",3,FALSE,FALSE
672157,"gate_30",7,TRUE,FALSE
672224,"gate_30",1,FALSE,FALSE
672238,"gate_30",12,TRUE,FALSE
672240,"gate_30",6,FALSE,FALSE
672306,"gate_30",1,FALSE,FALSE
672442,"gate_40",6,FALSE,FALSE
672580,"gate_40",0,FALSE,FALSE
672642,"gate_30",15,FALSE,FALSE
672680,"gate_40",3,FALSE,FALSE
672684,"gate_30",5,FALSE,FALSE
672835,"gate_30",117,TRUE,TRUE
672923,"gate_40",20,TRUE,FALSE
672985,"gate_30",8,FALSE,FALSE
673229,"gate_30",88,TRUE,FALSE
673348,"gate_40",1,FALSE,FALSE
673432,"gate_30",39,TRUE,FALSE
673586,"gate_30",91,TRUE,FALSE
673734,"gate_40",17,TRUE,FALSE
673748,"gate_40",6,FALSE,FALSE
673787,"gate_40",19,FALSE,TRUE
673795,"gate_30",0,FALSE,FALSE
673867,"gate_40",18,TRUE,FALSE
674146,"gate_40",9,FALSE,FALSE
674195,"gate_30",10,FALSE,FALSE
674260,"gate_30",106,TRUE,FALSE
674261,"gate_30",20,TRUE,FALSE
674300,"gate_30",11,FALSE,FALSE
674336,"gate_40",106,TRUE,FALSE
674369,"gate_40",44,FALSE,FALSE
674606,"gate_30",1,FALSE,FALSE
674783,"gate_30",41,TRUE,TRUE
675445,"gate_40",76,TRUE,FALSE
675693,"gate_40",61,TRUE,FALSE
675751,"gate_40",32,TRUE,FALSE
675800,"gate_30",8,FALSE,FALSE
675927,"gate_30",1,FALSE,FALSE
676139,"gate_40",16,FALSE,FALSE
676181,"gate_40",438,TRUE,TRUE
676343,"gate_30",34,TRUE,FALSE
676366,"gate_40",10,TRUE,FALSE
676512,"gate_30",330,TRUE,TRUE
676697,"gate_30",1,FALSE,FALSE
677093,"gate_40",68,TRUE,FALSE
677219,"gate_40",32,TRUE,FALSE
677236,"gate_40",31,TRUE,FALSE
677379,"gate_30",36,FALSE,FALSE
677468,"gate_40",23,TRUE,FALSE
677549,"gate_30",99,TRUE,TRUE
677820,"gate_30",87,FALSE,TRUE
677848,"gate_40",0,FALSE,FALSE
677880,"gate_30",36,TRUE,FALSE
677974,"gate_40",2,FALSE,FALSE
678274,"gate_30",5,FALSE,FALSE
678589,"gate_30",14,TRUE,FALSE
678645,"gate_30",38,TRUE,FALSE
678692,"gate_40",0,FALSE,FALSE
678752,"gate_30",88,TRUE,FALSE
678798,"gate_40",301,TRUE,TRUE
678867,"gate_30",10,FALSE,FALSE
678931,"gate_40",16,FALSE,FALSE
678962,"gate_30",11,FALSE,FALSE
679030,"gate_30",0,TRUE,FALSE
679137,"gate_40",19,TRUE,FALSE
679228,"gate_30",27,FALSE,FALSE
679368,"gate_40",36,FALSE,FALSE
679459,"gate_30",31,TRUE,FALSE
679586,"gate_30",14,FALSE,FALSE
679909,"gate_40",24,FALSE,TRUE
679933,"gate_40",10,FALSE,FALSE
679986,"gate_40",11,FALSE,FALSE
679997,"gate_30",68,TRUE,FALSE
680319,"gate_30",0,FALSE,FALSE
680376,"gate_30",110,TRUE,TRUE
680422,"gate_40",18,TRUE,FALSE
680447,"gate_30",0,FALSE,FALSE
680458,"gate_30",33,TRUE,FALSE
680641,"gate_40",1,FALSE,FALSE
680854,"gate_30",15,FALSE,FALSE
680877,"gate_30",3,FALSE,FALSE
680901,"gate_40",291,TRUE,TRUE
681009,"gate_30",82,TRUE,FALSE
681085,"gate_30",0,FALSE,FALSE
681100,"gate_40",15,FALSE,FALSE
681250,"gate_30",184,TRUE,FALSE
681322,"gate_40",43,FALSE,FALSE
681359,"gate_30",44,TRUE,FALSE
681501,"gate_30",161,TRUE,TRUE
681632,"gate_40",21,FALSE,FALSE
681688,"gate_30",330,TRUE,TRUE
681794,"gate_30",78,TRUE,FALSE
681828,"gate_40",6,FALSE,FALSE
682101,"gate_40",38,TRUE,FALSE
682481,"gate_30",23,FALSE,FALSE
682569,"gate_40",64,TRUE,TRUE
682971,"gate_40",1,FALSE,FALSE
683164,"gate_30",23,TRUE,FALSE
683192,"gate_40",16,TRUE,TRUE
683213,"gate_30",44,FALSE,FALSE
683247,"gate_30",5,FALSE,FALSE
683452,"gate_30",43,TRUE,FALSE
683464,"gate_40",10,TRUE,FALSE
683527,"gate_30",44,TRUE,FALSE
683615,"gate_40",14,FALSE,FALSE
683674,"gate_40",88,TRUE,TRUE
683733,"gate_40",9,FALSE,FALSE
683801,"gate_40",2,FALSE,FALSE
683862,"gate_40",1,FALSE,FALSE
684454,"gate_40",15,FALSE,FALSE
684481,"gate_30",92,TRUE,TRUE
684587,"gate_40",35,TRUE,FALSE
684703,"gate_30",61,TRUE,FALSE
684975,"gate_30",21,FALSE,FALSE
684992,"gate_40",25,FALSE,FALSE
685034,"gate_30",10,FALSE,FALSE
685057,"gate_30",6,FALSE,FALSE
685448,"gate_40",297,TRUE,TRUE
685544,"gate_30",20,FALSE,FALSE
685580,"gate_40",384,TRUE,TRUE
685660,"gate_30",11,FALSE,FALSE
685859,"gate_40",16,FALSE,FALSE
685894,"gate_30",7,FALSE,FALSE
685941,"gate_30",30,FALSE,FALSE
685987,"gate_30",1,FALSE,FALSE
685993,"gate_40",115,TRUE,TRUE
686050,"gate_30",20,FALSE,FALSE
686099,"gate_40",17,TRUE,TRUE
686158,"gate_30",13,FALSE,FALSE
686377,"gate_30",1,FALSE,FALSE
686423,"gate_40",6,TRUE,FALSE
686643,"gate_30",395,TRUE,TRUE
686762,"gate_30",63,TRUE,TRUE
686790,"gate_40",30,FALSE,FALSE
686845,"gate_30",6,FALSE,FALSE
686885,"gate_40",14,FALSE,FALSE
686922,"gate_30",136,TRUE,TRUE
686937,"gate_40",42,TRUE,TRUE
686947,"gate_30",89,TRUE,TRUE
687016,"gate_40",11,FALSE,FALSE
687201,"gate_40",1,FALSE,FALSE
687232,"gate_40",3,FALSE,FALSE
687413,"gate_30",101,TRUE,FALSE
687723,"gate_30",7,FALSE,FALSE
687932,"gate_30",0,FALSE,FALSE
688233,"gate_40",10,FALSE,FALSE
688255,"gate_40",1,FALSE,FALSE
688418,"gate_30",2,FALSE,FALSE
688423,"gate_30",49,TRUE,TRUE
688506,"gate_30",24,FALSE,FALSE
688553,"gate_40",43,TRUE,TRUE
688559,"gate_40",1,FALSE,FALSE
688579,"gate_30",3,FALSE,FALSE
688698,"gate_40",0,TRUE,FALSE
688751,"gate_40",37,TRUE,FALSE
688807,"gate_30",221,TRUE,TRUE
688830,"gate_40",14,FALSE,TRUE
689320,"gate_30",111,TRUE,TRUE
689326,"gate_40",16,TRUE,FALSE
689374,"gate_40",52,TRUE,FALSE
689417,"gate_30",260,TRUE,TRUE
689449,"gate_30",7,TRUE,FALSE
689517,"gate_40",4,FALSE,FALSE
689593,"gate_30",24,TRUE,TRUE
689652,"gate_40",10,FALSE,FALSE
689711,"gate_30",0,FALSE,FALSE
689788,"gate_40",4,FALSE,FALSE
690001,"gate_30",46,TRUE,FALSE
690105,"gate_40",1,FALSE,FALSE
690279,"gate_30",205,TRUE,TRUE
690323,"gate_30",15,FALSE,FALSE
690418,"gate_30",1,FALSE,FALSE
690613,"gate_30",0,FALSE,FALSE
690815,"gate_30",17,FALSE,FALSE
690845,"gate_30",5,TRUE,FALSE
691053,"gate_30",23,FALSE,FALSE
691229,"gate_40",4,FALSE,TRUE
691284,"gate_30",125,TRUE,FALSE
691288,"gate_30",560,TRUE,TRUE
691616,"gate_40",1,FALSE,FALSE
691854,"gate_30",60,TRUE,FALSE
691995,"gate_30",5,TRUE,FALSE
692383,"gate_30",7,FALSE,FALSE
692509,"gate_30",6,FALSE,FALSE
692565,"gate_40",15,FALSE,TRUE
692866,"gate_40",3,FALSE,FALSE
692901,"gate_40",45,TRUE,FALSE
692935,"gate_40",0,FALSE,FALSE
692994,"gate_40",0,FALSE,FALSE
693127,"gate_40",9,TRUE,FALSE
693433,"gate_30",10,TRUE,FALSE
693498,"gate_40",0,FALSE,FALSE
693624,"gate_40",218,TRUE,TRUE
693659,"gate_30",12,FALSE,FALSE
693866,"gate_30",0,FALSE,FALSE
693894,"gate_30",5,FALSE,FALSE
693989,"gate_40",148,TRUE,TRUE
694425,"gate_40",13,TRUE,FALSE
694516,"gate_40",112,TRUE,FALSE
694662,"gate_40",177,TRUE,TRUE
694770,"gate_40",41,TRUE,TRUE
694954,"gate_30",2,FALSE,FALSE
694968,"gate_40",11,FALSE,FALSE
695034,"gate_40",94,TRUE,TRUE
695047,"gate_30",8,FALSE,FALSE
695104,"gate_30",21,FALSE,FALSE
695227,"gate_40",16,FALSE,FALSE
695279,"gate_30",27,FALSE,FALSE
696031,"gate_30",15,FALSE,FALSE
696173,"gate_40",4,FALSE,FALSE
696307,"gate_40",114,TRUE,TRUE
696319,"gate_30",23,TRUE,FALSE
696558,"gate_40",177,TRUE,TRUE
696639,"gate_30",38,TRUE,FALSE
696658,"gate_30",2,FALSE,FALSE
696881,"gate_30",4,FALSE,FALSE
696903,"gate_40",59,TRUE,TRUE
696952,"gate_30",15,TRUE,FALSE
697075,"gate_40",8,FALSE,FALSE
697193,"gate_30",32,TRUE,FALSE
697437,"gate_30",135,TRUE,FALSE
697557,"gate_40",21,TRUE,FALSE
697745,"gate_40",196,TRUE,FALSE
697795,"gate_30",91,TRUE,FALSE
697864,"gate_30",0,TRUE,FALSE
697923,"gate_40",0,FALSE,FALSE
698186,"gate_40",5,FALSE,FALSE
698310,"gate_40",12,TRUE,FALSE
698484,"gate_40",2,FALSE,FALSE
698526,"gate_30",1,FALSE,FALSE
698739,"gate_40",77,TRUE,FALSE
698792,"gate_30",4,FALSE,FALSE
698821,"gate_30",37,TRUE,FALSE
698878,"gate_30",18,FALSE,FALSE
699024,"gate_40",128,TRUE,TRUE
699175,"gate_40",1,FALSE,FALSE
699192,"gate_40",23,TRUE,FALSE
699236,"gate_30",34,TRUE,FALSE
699262,"gate_30",6,FALSE,FALSE
699347,"gate_40",1,FALSE,FALSE
699366,"gate_30",313,TRUE,FALSE
699796,"gate_30",2,FALSE,FALSE
699823,"gate_40",161,TRUE,FALSE
699930,"gate_40",1,TRUE,FALSE
699995,"gate_30",71,FALSE,FALSE
700051,"gate_40",122,TRUE,TRUE
700085,"gate_40",18,FALSE,FALSE
700566,"gate_30",0,FALSE,FALSE
700616,"gate_40",10,FALSE,FALSE
700635,"gate_40",239,TRUE,TRUE
700645,"gate_40",0,FALSE,FALSE
700727,"gate_40",1,FALSE,FALSE
700744,"gate_30",55,TRUE,FALSE
700896,"gate_40",6,FALSE,FALSE
701167,"gate_30",11,FALSE,FALSE
701228,"gate_30",4,FALSE,FALSE
701502,"gate_30",6,FALSE,FALSE
701836,"gate_30",381,TRUE,FALSE
701964,"gate_40",26,TRUE,TRUE
702170,"gate_30",433,TRUE,TRUE
702214,"gate_30",29,TRUE,FALSE
702279,"gate_30",20,FALSE,FALSE
702333,"gate_40",31,TRUE,FALSE
702388,"gate_40",19,TRUE,FALSE
702444,"gate_40",0,TRUE,FALSE
702596,"gate_40",4,FALSE,FALSE
702669,"gate_40",2,FALSE,FALSE
702793,"gate_30",5,FALSE,FALSE
702805,"gate_30",70,TRUE,FALSE
702825,"gate_40",22,FALSE,FALSE
703082,"gate_30",103,TRUE,FALSE
703371,"gate_30",3,FALSE,FALSE
703442,"gate_40",4,TRUE,FALSE
703466,"gate_40",34,FALSE,FALSE
703485,"gate_30",0,FALSE,FALSE
703721,"gate_30",3,FALSE,FALSE
704105,"gate_30",75,TRUE,FALSE
704224,"gate_40",10,FALSE,FALSE
704252,"gate_30",22,FALSE,TRUE
704255,"gate_40",60,TRUE,TRUE
704425,"gate_30",169,TRUE,TRUE
704498,"gate_40",7,FALSE,FALSE
704606,"gate_40",18,TRUE,TRUE
704777,"gate_40",3,FALSE,FALSE
704859,"gate_30",16,TRUE,FALSE
705050,"gate_30",131,TRUE,FALSE
705072,"gate_30",15,FALSE,FALSE
705081,"gate_40",305,TRUE,TRUE
705229,"gate_30",37,TRUE,FALSE
705310,"gate_40",281,TRUE,TRUE
705312,"gate_40",7,FALSE,FALSE
705482,"gate_40",42,TRUE,TRUE
705513,"gate_30",70,TRUE,TRUE
705607,"gate_30",0,FALSE,FALSE
705646,"gate_40",26,TRUE,FALSE
705648,"gate_30",72,TRUE,FALSE
705904,"gate_30",6,FALSE,FALSE
705951,"gate_30",100,TRUE,FALSE
706136,"gate_40",21,TRUE,FALSE
706183,"gate_40",6,FALSE,FALSE
706578,"gate_40",106,TRUE,TRUE
706597,"gate_30",46,TRUE,FALSE
706630,"gate_30",7,FALSE,FALSE
707017,"gate_40",5,FALSE,FALSE
707132,"gate_30",1,FALSE,FALSE
707153,"gate_30",32,FALSE,FALSE
707283,"gate_30",19,TRUE,TRUE
707292,"gate_40",131,TRUE,FALSE
707458,"gate_30",1,FALSE,FALSE
707539,"gate_40",2,FALSE,FALSE
707731,"gate_40",4,FALSE,FALSE
707774,"gate_30",191,TRUE,TRUE
707820,"gate_40",40,FALSE,FALSE
707889,"gate_40",48,TRUE,FALSE
707895,"gate_30",39,FALSE,FALSE
708232,"gate_30",30,TRUE,TRUE
708437,"gate_40",1,FALSE,FALSE
708518,"gate_30",26,TRUE,TRUE
708585,"gate_40",1,FALSE,FALSE
708886,"gate_40",1,FALSE,FALSE
708893,"gate_30",37,FALSE,FALSE
708971,"gate_40",2,FALSE,FALSE
708991,"gate_30",29,TRUE,FALSE
709143,"gate_40",8,TRUE,FALSE
709223,"gate_40",0,FALSE,FALSE
709278,"gate_30",439,TRUE,TRUE
709474,"gate_40",101,TRUE,FALSE
710039,"gate_30",0,FALSE,FALSE
710078,"gate_40",27,TRUE,FALSE
710095,"gate_40",9,FALSE,FALSE
710312,"gate_30",11,FALSE,FALSE
710417,"gate_30",7,FALSE,FALSE
710440,"gate_30",88,TRUE,FALSE
710621,"gate_30",90,FALSE,TRUE
710756,"gate_30",90,TRUE,TRUE
710778,"gate_40",1,FALSE,FALSE
710893,"gate_30",2,FALSE,FALSE
710955,"gate_40",82,TRUE,TRUE
711007,"gate_30",22,FALSE,FALSE
711135,"gate_40",37,TRUE,FALSE
711180,"gate_40",1,FALSE,FALSE
711305,"gate_40",120,TRUE,TRUE
711350,"gate_30",15,FALSE,FALSE
711601,"gate_40",71,TRUE,TRUE
711816,"gate_30",17,TRUE,FALSE
712059,"gate_40",36,TRUE,FALSE
712088,"gate_30",0,FALSE,FALSE
712440,"gate_40",19,TRUE,FALSE
712509,"gate_30",55,TRUE,TRUE
712632,"gate_30",16,FALSE,FALSE
712678,"gate_30",59,TRUE,FALSE
712807,"gate_30",53,TRUE,TRUE
713095,"gate_30",18,FALSE,FALSE
713191,"gate_40",5,FALSE,FALSE
713514,"gate_40",25,TRUE,FALSE
713557,"gate_40",292,TRUE,TRUE
713642,"gate_40",165,FALSE,FALSE
713658,"gate_40",3,FALSE,FALSE
713671,"gate_40",43,TRUE,FALSE
713703,"gate_40",58,FALSE,FALSE
713722,"gate_30",0,FALSE,FALSE
713855,"gate_30",6,FALSE,FALSE
713991,"gate_40",2,FALSE,FALSE
713993,"gate_30",11,FALSE,FALSE
714014,"gate_40",16,TRUE,FALSE
714158,"gate_40",173,TRUE,FALSE
714168,"gate_30",2,TRUE,FALSE
714213,"gate_40",49,TRUE,FALSE
714314,"gate_30",33,TRUE,FALSE
714485,"gate_30",4,FALSE,FALSE
714491,"gate_40",9,FALSE,FALSE
714593,"gate_30",60,TRUE,TRUE
714864,"gate_40",18,TRUE,FALSE
715038,"gate_30",3,FALSE,FALSE
715206,"gate_30",9,TRUE,FALSE
715278,"gate_30",6,FALSE,FALSE
715308,"gate_40",52,TRUE,TRUE
715335,"gate_30",11,FALSE,FALSE
715624,"gate_30",17,TRUE,FALSE
715884,"gate_30",210,FALSE,FALSE
715886,"gate_30",1,FALSE,FALSE
715920,"gate_30",105,TRUE,TRUE
715984,"gate_30",131,TRUE,TRUE
716231,"gate_40",5,FALSE,FALSE
716278,"gate_30",43,TRUE,TRUE
716295,"gate_30",130,TRUE,TRUE
716297,"gate_40",18,FALSE,FALSE
716312,"gate_40",219,TRUE,TRUE
716322,"gate_40",33,TRUE,FALSE
716427,"gate_40",9,FALSE,FALSE
716867,"gate_30",4,TRUE,FALSE
716906,"gate_40",3,FALSE,FALSE
716959,"gate_40",10,FALSE,FALSE
717019,"gate_30",26,TRUE,FALSE
717162,"gate_30",185,TRUE,TRUE
717454,"gate_40",9,FALSE,FALSE
717463,"gate_30",17,FALSE,FALSE
717525,"gate_40",7,TRUE,FALSE
717545,"gate_30",26,TRUE,FALSE
717619,"gate_40",63,TRUE,FALSE
717723,"gate_30",47,TRUE,FALSE
717876,"gate_40",40,TRUE,FALSE
718056,"gate_30",47,TRUE,FALSE
718092,"gate_40",5,FALSE,FALSE
718107,"gate_40",0,FALSE,FALSE
718183,"gate_40",31,TRUE,FALSE
718186,"gate_30",1,FALSE,FALSE
718292,"gate_40",49,TRUE,FALSE
718296,"gate_40",7,FALSE,FALSE
718321,"gate_30",110,TRUE,FALSE
718415,"gate_40",8,FALSE,FALSE
718709,"gate_30",7,FALSE,FALSE
718859,"gate_40",48,TRUE,FALSE
718885,"gate_40",15,FALSE,FALSE
719013,"gate_30",70,FALSE,TRUE
719259,"gate_40",6,FALSE,FALSE
719400,"gate_40",52,TRUE,TRUE
719458,"gate_30",11,FALSE,FALSE
719470,"gate_30",2,FALSE,FALSE
719488,"gate_30",19,TRUE,TRUE
719584,"gate_30",348,TRUE,TRUE
719701,"gate_40",17,FALSE,FALSE
719730,"gate_40",14,FALSE,FALSE
719842,"gate_40",121,FALSE,TRUE
719887,"gate_40",31,FALSE,FALSE
720000,"gate_40",55,TRUE,TRUE
720176,"gate_40",212,TRUE,TRUE
720198,"gate_30",147,FALSE,TRUE
720716,"gate_40",30,TRUE,FALSE
720960,"gate_40",78,FALSE,TRUE
721010,"gate_30",4,FALSE,FALSE
721044,"gate_40",68,TRUE,TRUE
721123,"gate_30",3,FALSE,FALSE
721125,"gate_30",2,FALSE,FALSE
721189,"gate_40",9,FALSE,FALSE
721294,"gate_40",216,FALSE,TRUE
721357,"gate_40",12,FALSE,FALSE
721560,"gate_40",5,FALSE,FALSE
721578,"gate_40",19,TRUE,FALSE
721735,"gate_30",54,TRUE,FALSE
721901,"gate_40",386,TRUE,TRUE
722085,"gate_30",41,FALSE,FALSE
722227,"gate_30",548,TRUE,TRUE
722248,"gate_40",183,TRUE,TRUE
722406,"gate_30",5,TRUE,FALSE
722625,"gate_30",11,FALSE,FALSE
722652,"gate_40",50,TRUE,FALSE
722875,"gate_30",23,FALSE,FALSE
723252,"gate_40",21,TRUE,FALSE
723274,"gate_40",1,FALSE,FALSE
723569,"gate_30",37,TRUE,TRUE
723606,"gate_30",833,TRUE,TRUE
723675,"gate_30",21,FALSE,FALSE
723930,"gate_40",14,TRUE,FALSE
723975,"gate_40",15,FALSE,FALSE
724504,"gate_30",3,FALSE,FALSE
724569,"gate_40",9,FALSE,FALSE
724602,"gate_30",7,FALSE,FALSE
724688,"gate_30",7,FALSE,FALSE
724848,"gate_30",9,TRUE,FALSE
724946,"gate_30",9,TRUE,FALSE
724964,"gate_40",0,FALSE,FALSE
724984,"gate_40",2,FALSE,FALSE
725080,"gate_40",2015,TRUE,TRUE
725105,"gate_40",19,TRUE,FALSE
725161,"gate_30",4,FALSE,FALSE
725205,"gate_40",7,FALSE,FALSE
725228,"gate_30",1,FALSE,FALSE
725262,"gate_40",7,FALSE,FALSE
725417,"gate_40",33,TRUE,FALSE
725477,"gate_30",191,TRUE,TRUE
725513,"gate_30",2,FALSE,FALSE
725524,"gate_40",72,TRUE,FALSE
725622,"gate_30",7,FALSE,FALSE
725802,"gate_30",11,TRUE,FALSE
725939,"gate_30",19,TRUE,FALSE
725965,"gate_30",0,FALSE,FALSE
726106,"gate_30",0,FALSE,FALSE
726137,"gate_40",12,FALSE,FALSE
726194,"gate_40",116,TRUE,FALSE
726654,"gate_40",2,FALSE,FALSE
726806,"gate_30",82,TRUE,FALSE
726866,"gate_30",88,TRUE,TRUE
726983,"gate_40",9,FALSE,FALSE
727034,"gate_40",82,FALSE,TRUE
727050,"gate_30",21,TRUE,FALSE
727206,"gate_40",43,TRUE,TRUE
727217,"gate_30",118,TRUE,FALSE
727304,"gate_30",27,TRUE,FALSE
727487,"gate_40",2,FALSE,FALSE
727625,"gate_40",62,TRUE,FALSE
727693,"gate_30",20,FALSE,FALSE
727912,"gate_30",1,FALSE,FALSE
727948,"gate_30",25,FALSE,FALSE
728043,"gate_30",5,FALSE,FALSE
728224,"gate_40",2,FALSE,FALSE
728270,"gate_30",34,FALSE,FALSE
728388,"gate_40",4,FALSE,FALSE
728449,"gate_30",81,FALSE,TRUE
728688,"gate_40",13,TRUE,FALSE
728999,"gate_30",2,FALSE,FALSE
729000,"gate_40",74,TRUE,FALSE
729155,"gate_40",92,TRUE,FALSE
729468,"gate_40",5,FALSE,FALSE
729491,"gate_40",11,TRUE,FALSE
729532,"gate_40",21,TRUE,FALSE
729679,"gate_40",4,FALSE,FALSE
729806,"gate_30",90,FALSE,TRUE
730203,"gate_30",2,FALSE,FALSE
730231,"gate_30",5,FALSE,FALSE
730372,"gate_30",31,TRUE,FALSE
730508,"gate_40",7,FALSE,FALSE
730695,"gate_40",5,TRUE,FALSE
730889,"gate_40",130,TRUE,TRUE
730960,"gate_40",4,FALSE,FALSE
730964,"gate_40",57,TRUE,FALSE
731012,"gate_30",35,TRUE,FALSE
731108,"gate_40",19,TRUE,FALSE
731250,"gate_30",199,FALSE,TRUE
731714,"gate_40",30,TRUE,FALSE
731763,"gate_30",17,TRUE,TRUE
731868,"gate_30",151,TRUE,TRUE
731942,"gate_40",13,FALSE,FALSE
732003,"gate_40",290,TRUE,TRUE
732029,"gate_40",1,FALSE,FALSE
732089,"gate_40",2,FALSE,FALSE
732144,"gate_40",15,FALSE,FALSE
732368,"gate_40",218,TRUE,TRUE
732418,"gate_30",30,TRUE,FALSE
732514,"gate_40",2,FALSE,FALSE
732552,"gate_40",43,TRUE,TRUE
732636,"gate_30",3,FALSE,FALSE
732966,"gate_30",37,FALSE,TRUE
733104,"gate_40",92,TRUE,TRUE
733258,"gate_40",10,FALSE,FALSE
733304,"gate_30",1,FALSE,FALSE
733581,"gate_40",154,TRUE,TRUE
733641,"gate_40",7,FALSE,FALSE
733659,"gate_30",22,TRUE,FALSE
733886,"gate_40",13,TRUE,FALSE
733935,"gate_40",10,FALSE,FALSE
733950,"gate_30",16,FALSE,TRUE
734181,"gate_40",0,FALSE,FALSE
734216,"gate_40",24,FALSE,FALSE
734241,"gate_30",35,FALSE,FALSE
734354,"gate_30",123,TRUE,TRUE
734452,"gate_40",14,TRUE,FALSE
734540,"gate_40",247,TRUE,TRUE
734598,"gate_40",19,FALSE,FALSE
734688,"gate_40",28,TRUE,FALSE
734701,"gate_30",5,FALSE,FALSE
734785,"gate_30",5,FALSE,FALSE
734953,"gate_40",88,TRUE,FALSE
735100,"gate_40",0,FALSE,FALSE
735149,"gate_30",32,TRUE,FALSE
735163,"gate_30",3,FALSE,FALSE
735182,"gate_30",3,FALSE,FALSE
735192,"gate_30",1,FALSE,FALSE
735223,"gate_40",8,FALSE,FALSE
735286,"gate_40",0,FALSE,FALSE
735303,"gate_40",22,FALSE,FALSE
735456,"gate_30",0,FALSE,FALSE
735555,"gate_40",3,FALSE,FALSE
735760,"gate_40",97,TRUE,TRUE
735941,"gate_40",76,TRUE,FALSE
736013,"gate_30",63,FALSE,TRUE
736019,"gate_30",15,FALSE,FALSE
736085,"gate_40",1,FALSE,FALSE
736174,"gate_40",22,TRUE,FALSE
736220,"gate_40",3,FALSE,FALSE
736245,"gate_30",11,FALSE,FALSE
736403,"gate_40",17,TRUE,FALSE
736581,"gate_30",24,FALSE,FALSE
736654,"gate_40",1,FALSE,FALSE
736662,"gate_40",9,FALSE,FALSE
736686,"gate_30",23,TRUE,FALSE
736782,"gate_30",4,FALSE,FALSE
737064,"gate_30",59,TRUE,TRUE
737389,"gate_40",0,FALSE,FALSE
737438,"gate_40",462,TRUE,TRUE
737515,"gate_30",1,FALSE,FALSE
737549,"gate_30",3,FALSE,FALSE
737566,"gate_40",12,TRUE,FALSE
737578,"gate_30",886,TRUE,TRUE
737618,"gate_40",12,FALSE,FALSE
737755,"gate_40",80,FALSE,FALSE
737881,"gate_30",72,TRUE,FALSE
737954,"gate_40",27,FALSE,FALSE
737971,"gate_40",12,FALSE,FALSE
738206,"gate_40",1,FALSE,FALSE
738300,"gate_30",46,FALSE,FALSE
739014,"gate_30",48,FALSE,FALSE
739147,"gate_30",1,FALSE,FALSE
739178,"gate_40",7,FALSE,FALSE
739553,"gate_40",14,TRUE,FALSE
739564,"gate_30",71,TRUE,FALSE
739718,"gate_30",6,FALSE,FALSE
739727,"gate_40",59,TRUE,TRUE
739745,"gate_40",4,FALSE,FALSE
739834,"gate_30",11,TRUE,FALSE
739940,"gate_30",54,TRUE,TRUE
740070,"gate_30",2,FALSE,FALSE
740099,"gate_40",0,FALSE,FALSE
740542,"gate_30",2,FALSE,FALSE
740567,"gate_30",6,TRUE,FALSE
740616,"gate_40",10,FALSE,FALSE
740708,"gate_40",48,TRUE,FALSE
740748,"gate_30",7,FALSE,FALSE
740782,"gate_40",276,TRUE,FALSE
740818,"gate_30",183,TRUE,TRUE
740944,"gate_30",0,FALSE,FALSE
741040,"gate_30",184,TRUE,TRUE
741214,"gate_40",16,FALSE,FALSE
741222,"gate_40",257,TRUE,TRUE
741264,"gate_30",1,FALSE,FALSE
741291,"gate_30",182,TRUE,TRUE
741341,"gate_40",11,FALSE,FALSE
741506,"gate_40",50,FALSE,FALSE
741625,"gate_30",4,FALSE,FALSE
741730,"gate_30",4,FALSE,FALSE
741785,"gate_30",365,TRUE,TRUE
741857,"gate_40",20,TRUE,FALSE
741944,"gate_40",138,TRUE,TRUE
742030,"gate_40",8,TRUE,FALSE
742036,"gate_30",100,TRUE,FALSE
742134,"gate_30",8,FALSE,FALSE
742394,"gate_30",3,FALSE,FALSE
742461,"gate_40",2,FALSE,FALSE
742788,"gate_40",13,FALSE,FALSE
742980,"gate_40",2,FALSE,FALSE
743015,"gate_40",71,TRUE,FALSE
743443,"gate_30",16,FALSE,FALSE
743744,"gate_40",1,FALSE,FALSE
743942,"gate_30",2,FALSE,FALSE
744003,"gate_40",3,FALSE,FALSE
744401,"gate_40",23,TRUE,FALSE
744434,"gate_30",82,TRUE,FALSE
744654,"gate_40",5,FALSE,FALSE
744685,"gate_40",32,TRUE,TRUE
744873,"gate_30",5,FALSE,FALSE
744928,"gate_40",10,FALSE,TRUE
745105,"gate_40",49,TRUE,FALSE
745158,"gate_30",35,TRUE,FALSE
745196,"gate_30",7,FALSE,FALSE
745202,"gate_40",94,FALSE,FALSE
745237,"gate_30",111,TRUE,FALSE
745329,"gate_30",1,FALSE,FALSE
745588,"gate_40",17,TRUE,FALSE
745597,"gate_30",15,TRUE,FALSE
745694,"gate_30",23,TRUE,FALSE
746139,"gate_30",2,FALSE,FALSE
746246,"gate_40",15,TRUE,TRUE
746319,"gate_30",141,TRUE,FALSE
746524,"gate_40",28,FALSE,FALSE
746722,"gate_30",17,FALSE,FALSE
746858,"gate_40",29,TRUE,FALSE
746896,"gate_30",0,FALSE,FALSE
746995,"gate_40",60,TRUE,FALSE
747128,"gate_40",150,TRUE,FALSE
747232,"gate_40",4,FALSE,FALSE
747248,"gate_40",104,TRUE,TRUE
747364,"gate_40",23,FALSE,TRUE
747451,"gate_30",9,FALSE,FALSE
747462,"gate_40",55,TRUE,FALSE
747817,"gate_30",15,TRUE,FALSE
747945,"gate_40",10,FALSE,FALSE
748069,"gate_40",26,FALSE,FALSE
748118,"gate_30",52,TRUE,TRUE
748187,"gate_30",6,FALSE,FALSE
748248,"gate_30",33,FALSE,FALSE
748252,"gate_40",64,FALSE,FALSE
748254,"gate_40",8,TRUE,FALSE
748689,"gate_40",13,FALSE,FALSE
749043,"gate_40",30,TRUE,FALSE
749046,"gate_30",21,FALSE,FALSE
749129,"gate_40",1,FALSE,FALSE
749149,"gate_40",3,FALSE,FALSE
749275,"gate_40",878,TRUE,TRUE
749415,"gate_30",2,FALSE,FALSE
749490,"gate_30",187,TRUE,TRUE
749549,"gate_30",0,FALSE,FALSE
749745,"gate_30",14,FALSE,FALSE
749765,"gate_30",11,TRUE,FALSE
749920,"gate_40",1,FALSE,FALSE
749976,"gate_30",5,FALSE,FALSE
750059,"gate_40",85,TRUE,TRUE
750144,"gate_30",222,TRUE,TRUE
750170,"gate_40",19,TRUE,FALSE
750209,"gate_30",16,FALSE,FALSE
750214,"gate_40",9,FALSE,FALSE
750224,"gate_30",4,FALSE,FALSE
750424,"gate_40",96,TRUE,FALSE
750487,"gate_30",3,FALSE,FALSE
750530,"gate_40",4,FALSE,FALSE
750725,"gate_40",2,FALSE,FALSE
750740,"gate_30",1,FALSE,FALSE
750923,"gate_30",22,FALSE,FALSE
750941,"gate_30",1,FALSE,FALSE
751003,"gate_40",28,FALSE,TRUE
751008,"gate_40",23,TRUE,FALSE
751050,"gate_30",59,TRUE,FALSE
751141,"gate_30",16,FALSE,FALSE
751173,"gate_30",46,TRUE,FALSE
751237,"gate_30",1,FALSE,FALSE
751308,"gate_30",3,FALSE,FALSE
751611,"gate_30",9,FALSE,FALSE
751641,"gate_30",102,TRUE,FALSE
751941,"gate_30",31,TRUE,FALSE
752185,"gate_30",3,FALSE,FALSE
752500,"gate_40",91,TRUE,TRUE
752515,"gate_40",68,TRUE,FALSE
752621,"gate_40",58,TRUE,FALSE
752960,"gate_30",78,TRUE,FALSE
753082,"gate_30",9,FALSE,FALSE
753120,"gate_40",0,FALSE,FALSE
753199,"gate_40",1,FALSE,FALSE
753212,"gate_40",1,FALSE,FALSE
753258,"gate_30",15,TRUE,FALSE
753382,"gate_40",8,TRUE,FALSE
753427,"gate_40",3,FALSE,FALSE
753686,"gate_40",7,FALSE,FALSE
753733,"gate_30",1,FALSE,FALSE
753847,"gate_40",3,TRUE,FALSE
753863,"gate_40",118,TRUE,TRUE
754028,"gate_40",21,FALSE,FALSE
754117,"gate_30",58,TRUE,FALSE
754168,"gate_40",20,FALSE,FALSE
754193,"gate_40",117,TRUE,FALSE
754324,"gate_40",96,TRUE,TRUE
754388,"gate_40",47,TRUE,TRUE
754581,"gate_30",14,FALSE,FALSE
754674,"gate_30",9,FALSE,FALSE
754746,"gate_30",8,FALSE,FALSE
754844,"gate_30",20,FALSE,FALSE
754997,"gate_40",43,TRUE,FALSE
755093,"gate_30",2,FALSE,FALSE
755168,"gate_30",8,TRUE,FALSE
755171,"gate_40",1,FALSE,FALSE
755459,"gate_30",2,FALSE,FALSE
755477,"gate_30",7,TRUE,FALSE
755511,"gate_30",9,FALSE,FALSE
755593,"gate_40",159,TRUE,TRUE
755814,"gate_30",0,FALSE,FALSE
756048,"gate_30",20,TRUE,FALSE
756093,"gate_30",35,FALSE,TRUE
756260,"gate_30",2,FALSE,FALSE
756274,"gate_40",8,FALSE,FALSE
756539,"gate_40",15,FALSE,FALSE
756770,"gate_30",23,FALSE,FALSE
757088,"gate_30",260,TRUE,TRUE
757354,"gate_30",7,FALSE,FALSE
757426,"gate_30",105,TRUE,FALSE
757513,"gate_30",30,FALSE,FALSE
757550,"gate_30",59,TRUE,FALSE
757728,"gate_40",18,FALSE,FALSE
757744,"gate_40",85,TRUE,FALSE
757754,"gate_40",3,FALSE,FALSE
758095,"gate_30",41,TRUE,FALSE
758125,"gate_30",0,FALSE,FALSE
758207,"gate_40",22,TRUE,FALSE
758211,"gate_40",5,FALSE,FALSE
758425,"gate_40",26,TRUE,FALSE
758446,"gate_30",11,FALSE,FALSE
758679,"gate_30",3,FALSE,FALSE
758835,"gate_40",7,FALSE,FALSE
758990,"gate_40",36,TRUE,FALSE
759174,"gate_40",360,TRUE,TRUE
759353,"gate_40",9,FALSE,FALSE
759448,"gate_30",12,TRUE,FALSE
759589,"gate_30",190,TRUE,TRUE
759607,"gate_30",11,TRUE,FALSE
759636,"gate_30",4,FALSE,FALSE
759734,"gate_40",31,FALSE,TRUE
759848,"gate_40",1,FALSE,FALSE
759889,"gate_40",2,FALSE,FALSE
759915,"gate_30",43,TRUE,TRUE
760044,"gate_40",9,FALSE,FALSE
760126,"gate_40",60,FALSE,FALSE
760285,"gate_30",105,TRUE,TRUE
760334,"gate_30",20,FALSE,FALSE
760418,"gate_30",6,TRUE,FALSE
760537,"gate_40",4,FALSE,FALSE
760608,"gate_30",56,TRUE,FALSE
760618,"gate_40",5,FALSE,FALSE
760714,"gate_40",8,TRUE,FALSE
760735,"gate_30",137,TRUE,TRUE
760793,"gate_40",0,FALSE,FALSE
760874,"gate_30",70,TRUE,FALSE
760925,"gate_40",15,FALSE,FALSE
760964,"gate_30",25,FALSE,FALSE
760973,"gate_40",16,FALSE,TRUE
761016,"gate_30",6,FALSE,FALSE
761106,"gate_30",40,TRUE,FALSE
761505,"gate_40",10,FALSE,FALSE
761770,"gate_40",82,TRUE,FALSE
761889,"gate_40",25,TRUE,FALSE
761962,"gate_40",1,FALSE,FALSE
762127,"gate_40",19,TRUE,FALSE
762236,"gate_30",44,TRUE,TRUE
762265,"gate_30",0,FALSE,FALSE
762292,"gate_30",41,FALSE,FALSE
762491,"gate_30",0,FALSE,FALSE
762754,"gate_40",11,FALSE,FALSE
762767,"gate_40",23,FALSE,FALSE
762863,"gate_30",2,FALSE,FALSE
762896,"gate_40",49,TRUE,FALSE
762952,"gate_30",6,FALSE,FALSE
763020,"gate_30",67,FALSE,FALSE
763241,"gate_30",14,FALSE,FALSE
763341,"gate_40",30,TRUE,FALSE
763394,"gate_40",56,TRUE,TRUE
763476,"gate_30",30,FALSE,FALSE
763631,"gate_40",7,FALSE,FALSE
763667,"gate_30",35,TRUE,FALSE
763745,"gate_30",2,FALSE,FALSE
763847,"gate_30",5,FALSE,FALSE
763879,"gate_40",39,TRUE,FALSE
763955,"gate_40",134,TRUE,TRUE
764081,"gate_30",697,TRUE,FALSE
764092,"gate_30",39,TRUE,FALSE
764206,"gate_40",160,TRUE,FALSE
764227,"gate_40",11,FALSE,FALSE
764304,"gate_40",4,FALSE,FALSE
764321,"gate_40",202,TRUE,TRUE
764353,"gate_40",3,FALSE,FALSE
764444,"gate_40",5,FALSE,FALSE
764565,"gate_40",7,FALSE,FALSE
764579,"gate_30",2,FALSE,FALSE
764784,"gate_40",2,FALSE,FALSE
764925,"gate_30",107,TRUE,TRUE
765137,"gate_40",17,FALSE,TRUE
765373,"gate_30",50,TRUE,TRUE
765579,"gate_30",2,FALSE,FALSE
765738,"gate_30",209,TRUE,FALSE
765862,"gate_40",71,FALSE,TRUE
765917,"gate_30",291,FALSE,TRUE
765996,"gate_40",24,FALSE,FALSE
766120,"gate_30",31,TRUE,FALSE
766318,"gate_40",70,FALSE,FALSE
766350,"gate_40",0,FALSE,FALSE
766418,"gate_40",110,TRUE,TRUE
766420,"gate_40",7,FALSE,FALSE
766460,"gate_30",30,TRUE,FALSE
766594,"gate_30",13,FALSE,FALSE
766613,"gate_30",46,TRUE,TRUE
766650,"gate_40",18,TRUE,FALSE
766805,"gate_30",1,FALSE,FALSE
767037,"gate_40",11,FALSE,FALSE
767076,"gate_30",3,FALSE,FALSE
767106,"gate_30",1,FALSE,FALSE
767142,"gate_30",0,FALSE,TRUE
767267,"gate_40",7,FALSE,FALSE
767284,"gate_40",55,FALSE,FALSE
767348,"gate_30",124,TRUE,FALSE
767441,"gate_40",12,FALSE,FALSE
767902,"gate_30",4,FALSE,FALSE
768057,"gate_40",28,TRUE,FALSE
768139,"gate_30",16,FALSE,FALSE
768182,"gate_30",6,FALSE,FALSE
768292,"gate_30",38,TRUE,FALSE
768322,"gate_40",412,TRUE,TRUE
768423,"gate_30",7,FALSE,FALSE
768811,"gate_40",4,FALSE,FALSE
769004,"gate_30",197,TRUE,TRUE
769073,"gate_40",191,TRUE,TRUE
769098,"gate_30",27,TRUE,FALSE
769106,"gate_30",18,FALSE,TRUE
769158,"gate_30",7,FALSE,FALSE
769257,"gate_40",8,FALSE,FALSE
769418,"gate_40",2,FALSE,FALSE
769460,"gate_40",2,FALSE,FALSE
769469,"gate_40",32,TRUE,FALSE
769472,"gate_30",78,TRUE,FALSE
769575,"gate_40",3,FALSE,FALSE
769787,"gate_30",0,FALSE,FALSE
769988,"gate_30",0,FALSE,FALSE
770038,"gate_30",66,TRUE,FALSE
770118,"gate_30",1,FALSE,FALSE
770136,"gate_30",41,FALSE,FALSE
770316,"gate_30",40,FALSE,TRUE
770457,"gate_30",31,TRUE,FALSE
770550,"gate_30",44,FALSE,FALSE
770817,"gate_40",16,TRUE,FALSE
771112,"gate_30",6,FALSE,FALSE
771146,"gate_30",12,FALSE,FALSE
771540,"gate_30",9,TRUE,FALSE
771688,"gate_40",2,TRUE,FALSE
772180,"gate_30",93,TRUE,FALSE
772232,"gate_40",11,FALSE,FALSE
772338,"gate_30",40,TRUE,FALSE
772341,"gate_40",1,FALSE,FALSE
772342,"gate_30",28,TRUE,FALSE
772369,"gate_30",12,FALSE,TRUE
772383,"gate_40",3,FALSE,FALSE
772478,"gate_30",47,TRUE,FALSE
772753,"gate_40",0,FALSE,FALSE
772980,"gate_40",2,FALSE,FALSE
773098,"gate_40",20,TRUE,FALSE
773466,"gate_40",1,FALSE,FALSE
773468,"gate_40",12,TRUE,FALSE
773477,"gate_30",13,TRUE,FALSE
773499,"gate_40",74,FALSE,FALSE
773647,"gate_30",68,TRUE,TRUE
773673,"gate_30",48,TRUE,FALSE
773681,"gate_40",62,TRUE,TRUE
773865,"gate_30",13,FALSE,FALSE
773929,"gate_40",13,FALSE,FALSE
773951,"gate_30",2,FALSE,FALSE
774006,"gate_40",37,TRUE,FALSE
774126,"gate_30",21,FALSE,FALSE
774162,"gate_30",26,FALSE,FALSE
774291,"gate_30",25,TRUE,FALSE
774417,"gate_30",6,FALSE,FALSE
774481,"gate_30",2,FALSE,FALSE
774532,"gate_30",3,FALSE,FALSE
774636,"gate_30",1,FALSE,FALSE
775049,"gate_40",0,FALSE,FALSE
775192,"gate_40",382,TRUE,TRUE
775232,"gate_30",0,FALSE,FALSE
775297,"gate_40",13,FALSE,TRUE
775301,"gate_40",30,FALSE,FALSE
775455,"gate_40",272,TRUE,TRUE
775710,"gate_40",48,FALSE,FALSE
775734,"gate_40",0,FALSE,FALSE
775741,"gate_30",20,FALSE,FALSE
775749,"gate_40",9,TRUE,FALSE
775752,"gate_40",79,TRUE,FALSE
775815,"gate_30",21,FALSE,FALSE
775828,"gate_30",4,FALSE,FALSE
775886,"gate_40",12,FALSE,FALSE
776018,"gate_30",2,FALSE,FALSE
776386,"gate_30",248,TRUE,TRUE
776483,"gate_30",84,TRUE,TRUE
776597,"gate_30",97,TRUE,TRUE
776716,"gate_30",0,FALSE,FALSE
776817,"gate_40",637,TRUE,TRUE
777081,"gate_40",2,FALSE,FALSE
777182,"gate_40",28,TRUE,FALSE
777186,"gate_40",6,FALSE,FALSE
777219,"gate_30",52,TRUE,FALSE
777261,"gate_40",12,TRUE,FALSE
777296,"gate_40",1,FALSE,FALSE
777494,"gate_40",11,FALSE,TRUE
777501,"gate_30",124,TRUE,TRUE
777601,"gate_30",1,FALSE,FALSE
777686,"gate_40",17,FALSE,FALSE
777761,"gate_30",71,TRUE,TRUE
778024,"gate_40",5,FALSE,FALSE
778542,"gate_40",46,TRUE,FALSE
778557,"gate_30",23,TRUE,TRUE
778653,"gate_40",49,TRUE,FALSE
778672,"gate_30",3,FALSE,FALSE
778725,"gate_40",19,FALSE,FALSE
778748,"gate_40",3,FALSE,FALSE
778881,"gate_30",141,TRUE,TRUE
779248,"gate_30",2,FALSE,FALSE
779277,"gate_30",11,FALSE,FALSE
779283,"gate_40",1,FALSE,FALSE
779585,"gate_40",115,TRUE,TRUE
779625,"gate_40",90,TRUE,TRUE
779664,"gate_40",4,FALSE,FALSE
779714,"gate_40",44,TRUE,FALSE
779727,"gate_40",2,FALSE,FALSE
779813,"gate_30",9,FALSE,TRUE
779842,"gate_40",14,FALSE,FALSE
779905,"gate_30",55,TRUE,FALSE
779997,"gate_40",7,FALSE,FALSE
780303,"gate_40",2,FALSE,FALSE
780398,"gate_40",52,TRUE,FALSE
780584,"gate_40",6,TRUE,FALSE
780640,"gate_30",2,FALSE,FALSE
780763,"gate_30",2,FALSE,FALSE
780896,"gate_30",7,FALSE,FALSE
780914,"gate_40",298,TRUE,TRUE
780924,"gate_30",2,FALSE,FALSE
780938,"gate_30",101,FALSE,TRUE
781066,"gate_40",143,TRUE,FALSE
781199,"gate_40",11,TRUE,FALSE
781287,"gate_30",0,FALSE,FALSE
781294,"gate_30",103,FALSE,FALSE
781475,"gate_40",72,TRUE,FALSE
781630,"gate_30",0,FALSE,FALSE
781789,"gate_30",36,TRUE,FALSE
781919,"gate_40",4,FALSE,FALSE
782096,"gate_40",0,FALSE,FALSE
782099,"gate_40",37,FALSE,FALSE
782264,"gate_30",36,FALSE,FALSE
782268,"gate_30",0,FALSE,FALSE
782411,"gate_30",24,TRUE,FALSE
782728,"gate_30",27,TRUE,FALSE
782879,"gate_30",16,TRUE,FALSE
782904,"gate_30",32,FALSE,FALSE
782977,"gate_40",1,FALSE,FALSE
783085,"gate_40",240,TRUE,TRUE
783209,"gate_40",35,TRUE,FALSE
783267,"gate_30",162,TRUE,TRUE
783386,"gate_40",4,FALSE,FALSE
783494,"gate_40",20,TRUE,FALSE
783573,"gate_40",5,FALSE,FALSE
783584,"gate_30",114,TRUE,TRUE
783614,"gate_30",13,FALSE,FALSE
783631,"gate_40",15,TRUE,FALSE
783672,"gate_30",5,FALSE,FALSE
783736,"gate_30",3,TRUE,FALSE
783754,"gate_40",5,TRUE,FALSE
783795,"gate_40",98,TRUE,FALSE
783921,"gate_40",4,FALSE,FALSE
784002,"gate_40",50,TRUE,FALSE
784219,"gate_40",3,FALSE,FALSE
784249,"gate_30",11,FALSE,FALSE
784383,"gate_40",121,TRUE,FALSE
784466,"gate_30",52,FALSE,FALSE
784723,"gate_30",3,FALSE,FALSE
784724,"gate_40",16,TRUE,FALSE
784774,"gate_30",30,FALSE,FALSE
784827,"gate_40",1,FALSE,FALSE
784988,"gate_40",32,TRUE,FALSE
785833,"gate_40",1,FALSE,FALSE
786056,"gate_40",6,FALSE,FALSE
786062,"gate_30",36,TRUE,FALSE
786135,"gate_40",88,TRUE,FALSE
786240,"gate_40",11,FALSE,FALSE
786311,"gate_30",6,FALSE,FALSE
786357,"gate_30",58,FALSE,FALSE
786455,"gate_30",260,TRUE,TRUE
786484,"gate_30",21,FALSE,FALSE
786485,"gate_30",1,FALSE,FALSE
786488,"gate_40",52,FALSE,FALSE
786531,"gate_40",80,TRUE,FALSE
786627,"gate_40",193,TRUE,TRUE
786761,"gate_40",3,FALSE,FALSE
787037,"gate_30",0,FALSE,FALSE
787039,"gate_30",8,FALSE,FALSE
787111,"gate_30",5,FALSE,FALSE
787161,"gate_40",15,FALSE,FALSE
787496,"gate_40",112,TRUE,FALSE
787529,"gate_40",231,FALSE,TRUE
787568,"gate_30",131,TRUE,FALSE
787788,"gate_30",8,FALSE,FALSE
788087,"gate_30",6,TRUE,FALSE
788147,"gate_30",24,FALSE,FALSE
788321,"gate_40",3,FALSE,FALSE
788456,"gate_30",9,FALSE,FALSE
788717,"gate_40",15,FALSE,FALSE
788749,"gate_40",90,TRUE,FALSE
789025,"gate_40",21,FALSE,FALSE
789035,"gate_40",44,TRUE,FALSE
789074,"gate_40",7,FALSE,FALSE
789243,"gate_40",1,FALSE,FALSE
789268,"gate_30",19,FALSE,FALSE
789332,"gate_40",2,FALSE,FALSE
789449,"gate_40",1,FALSE,FALSE
789486,"gate_30",38,TRUE,FALSE
789975,"gate_30",490,TRUE,FALSE
790014,"gate_30",5,TRUE,FALSE
790081,"gate_40",5,TRUE,FALSE
790385,"gate_30",22,FALSE,FALSE
790454,"gate_40",2,FALSE,FALSE
790915,"gate_30",25,TRUE,TRUE
791107,"gate_40",121,TRUE,FALSE
791132,"gate_40",8,FALSE,FALSE
791296,"gate_30",24,TRUE,TRUE
791309,"gate_30",275,TRUE,FALSE
791362,"gate_40",97,TRUE,FALSE
791381,"gate_30",1,FALSE,FALSE
791516,"gate_30",32,FALSE,FALSE
791546,"gate_40",10,FALSE,FALSE
791562,"gate_40",254,FALSE,TRUE
791665,"gate_30",10,FALSE,TRUE
791686,"gate_40",19,FALSE,FALSE
791735,"gate_40",92,TRUE,FALSE
791757,"gate_40",3,FALSE,FALSE
791830,"gate_30",7,FALSE,FALSE
791991,"gate_30",0,FALSE,FALSE
792205,"gate_30",11,TRUE,TRUE
792223,"gate_30",8,FALSE,FALSE
792524,"gate_40",6,FALSE,FALSE
792678,"gate_40",43,TRUE,FALSE
792798,"gate_30",16,TRUE,FALSE
792877,"gate_30",93,TRUE,TRUE
792960,"gate_40",7,FALSE,FALSE
793023,"gate_30",5,FALSE,FALSE
793157,"gate_30",104,TRUE,FALSE
793172,"gate_30",6,FALSE,FALSE
793269,"gate_30",8,FALSE,FALSE
793329,"gate_30",131,TRUE,TRUE
793655,"gate_30",3,FALSE,FALSE
793672,"gate_40",24,FALSE,FALSE
793678,"gate_30",28,FALSE,FALSE
793690,"gate_30",5,FALSE,FALSE
793743,"gate_40",3,FALSE,FALSE
793755,"gate_30",8,FALSE,FALSE
794052,"gate_40",17,TRUE,FALSE
794185,"gate_40",2,FALSE,FALSE
794472,"gate_30",4,FALSE,FALSE
794490,"gate_30",116,FALSE,FALSE
794542,"gate_30",44,TRUE,FALSE
794746,"gate_40",26,TRUE,TRUE
794872,"gate_40",21,TRUE,TRUE
794934,"gate_40",24,TRUE,FALSE
794969,"gate_40",248,TRUE,TRUE
794970,"gate_40",56,TRUE,TRUE
795160,"gate_30",113,TRUE,TRUE
795372,"gate_30",12,FALSE,TRUE
795595,"gate_40",7,FALSE,FALSE
795687,"gate_40",37,TRUE,FALSE
795889,"gate_40",14,TRUE,FALSE
796017,"gate_30",23,FALSE,FALSE
796051,"gate_40",8,FALSE,FALSE
796299,"gate_30",10,FALSE,FALSE
796494,"gate_40",5,FALSE,FALSE
796628,"gate_40",8,FALSE,FALSE
796868,"gate_40",9,FALSE,FALSE
796880,"gate_30",58,TRUE,TRUE
796898,"gate_40",181,TRUE,TRUE
797437,"gate_40",8,FALSE,FALSE
797612,"gate_30",28,TRUE,FALSE
797690,"gate_30",199,TRUE,TRUE
797724,"gate_40",7,FALSE,FALSE
797867,"gate_30",110,TRUE,FALSE
797932,"gate_40",66,TRUE,TRUE
798168,"gate_30",2,FALSE,FALSE
798228,"gate_40",396,FALSE,TRUE
798246,"gate_40",9,FALSE,FALSE
798274,"gate_30",285,TRUE,TRUE
798315,"gate_30",39,FALSE,FALSE
798327,"gate_30",18,TRUE,FALSE
798462,"gate_40",53,FALSE,TRUE
798803,"gate_40",4,FALSE,FALSE
798851,"gate_30",48,TRUE,FALSE
798908,"gate_30",7,FALSE,FALSE
799073,"gate_40",19,FALSE,FALSE
799119,"gate_30",7,TRUE,FALSE
799232,"gate_40",24,FALSE,FALSE
799254,"gate_40",22,FALSE,FALSE
799319,"gate_40",129,TRUE,FALSE
799469,"gate_30",6,FALSE,FALSE
799533,"gate_30",71,TRUE,FALSE
799578,"gate_30",7,FALSE,FALSE
799598,"gate_30",1,FALSE,FALSE
799637,"gate_40",57,TRUE,FALSE
799791,"gate_40",2,FALSE,FALSE
799792,"gate_30",3,FALSE,FALSE
800009,"gate_40",15,FALSE,FALSE
800112,"gate_40",233,TRUE,TRUE
800182,"gate_40",720,TRUE,TRUE
800493,"gate_40",3,TRUE,FALSE
800567,"gate_30",295,TRUE,TRUE
800658,"gate_30",1,FALSE,FALSE
800750,"gate_40",18,TRUE,FALSE
800853,"gate_40",17,TRUE,FALSE
800872,"gate_40",176,TRUE,FALSE
800927,"gate_40",18,TRUE,FALSE
801062,"gate_30",43,FALSE,TRUE
801139,"gate_40",20,FALSE,FALSE
801215,"gate_40",2,FALSE,FALSE
801234,"gate_30",5,FALSE,FALSE
801288,"gate_40",7,FALSE,FALSE
801485,"gate_30",0,FALSE,FALSE
801527,"gate_40",23,FALSE,FALSE
801577,"gate_30",3,TRUE,FALSE
801580,"gate_40",5,FALSE,FALSE
801653,"gate_30",132,FALSE,TRUE
801715,"gate_40",4,FALSE,FALSE
801778,"gate_30",7,FALSE,FALSE
801780,"gate_30",6,FALSE,FALSE
801844,"gate_30",12,FALSE,FALSE
802098,"gate_30",6,TRUE,FALSE
802133,"gate_40",2,FALSE,FALSE
802143,"gate_30",7,TRUE,FALSE
802179,"gate_40",68,FALSE,FALSE
802236,"gate_40",5,FALSE,FALSE
802244,"gate_30",2,FALSE,FALSE
802263,"gate_40",52,TRUE,FALSE
802290,"gate_30",4,FALSE,FALSE
802335,"gate_40",13,FALSE,TRUE
802558,"gate_30",202,FALSE,TRUE
802620,"gate_30",2,FALSE,FALSE
803037,"gate_40",3,FALSE,FALSE
803221,"gate_30",597,TRUE,TRUE
803340,"gate_40",21,TRUE,FALSE
803441,"gate_40",37,TRUE,TRUE
803499,"gate_40",66,TRUE,TRUE
803505,"gate_40",27,TRUE,FALSE
803843,"gate_40",1,FALSE,FALSE
803963,"gate_40",3,FALSE,FALSE
804124,"gate_40",180,TRUE,FALSE
804199,"gate_30",14,TRUE,FALSE
804348,"gate_40",10,TRUE,FALSE
804415,"gate_30",1,FALSE,FALSE
804523,"gate_40",3,FALSE,FALSE
804722,"gate_30",12,FALSE,FALSE
804901,"gate_30",1,FALSE,FALSE
804940,"gate_40",7,TRUE,FALSE
804962,"gate_30",10,FALSE,FALSE
804971,"gate_30",17,FALSE,FALSE
805080,"gate_30",4,FALSE,FALSE
805102,"gate_40",18,TRUE,FALSE
805136,"gate_40",6,FALSE,FALSE
805140,"gate_40",1,FALSE,FALSE
805160,"gate_30",53,FALSE,TRUE
805272,"gate_40",6,FALSE,FALSE
805285,"gate_30",38,FALSE,FALSE
805567,"gate_40",11,TRUE,FALSE
805580,"gate_40",7,FALSE,FALSE
805619,"gate_30",0,FALSE,FALSE
805750,"gate_30",0,FALSE,FALSE
805868,"gate_40",50,TRUE,TRUE
806279,"gate_40",152,TRUE,TRUE
806410,"gate_30",5,FALSE,FALSE
806462,"gate_30",24,TRUE,FALSE
806494,"gate_30",31,TRUE,FALSE
806498,"gate_40",1,FALSE,FALSE
806556,"gate_30",3,FALSE,FALSE
806634,"gate_40",6,FALSE,FALSE
806720,"gate_40",184,TRUE,FALSE
806739,"gate_40",44,TRUE,FALSE
806809,"gate_30",9,FALSE,FALSE
806831,"gate_30",603,TRUE,TRUE
807009,"gate_30",41,FALSE,FALSE
807022,"gate_30",4,FALSE,FALSE
807046,"gate_40",3,FALSE,FALSE
807049,"gate_30",268,TRUE,TRUE
807088,"gate_40",16,FALSE,FALSE
807132,"gate_30",85,TRUE,TRUE
807416,"gate_30",0,FALSE,FALSE
807485,"gate_40",13,FALSE,FALSE
807494,"gate_30",3,FALSE,FALSE
807642,"gate_40",20,TRUE,FALSE
807812,"gate_40",21,FALSE,FALSE
807843,"gate_30",8,FALSE,FALSE
807862,"gate_30",69,FALSE,TRUE
808022,"gate_30",86,FALSE,TRUE
808117,"gate_40",6,FALSE,FALSE
808133,"gate_40",1,FALSE,TRUE
808207,"gate_40",32,FALSE,FALSE
808216,"gate_40",3,FALSE,FALSE
808255,"gate_40",24,FALSE,FALSE
808344,"gate_30",17,TRUE,FALSE
808367,"gate_40",26,FALSE,FALSE
808498,"gate_40",99,TRUE,FALSE
808705,"gate_40",0,FALSE,FALSE
808904,"gate_40",65,TRUE,FALSE
809014,"gate_30",115,TRUE,TRUE
809135,"gate_30",707,TRUE,TRUE
809139,"gate_30",1,FALSE,FALSE
809390,"gate_30",79,TRUE,FALSE
809434,"gate_40",1,FALSE,FALSE
809450,"gate_30",18,TRUE,FALSE
809459,"gate_40",9,FALSE,FALSE
809574,"gate_40",68,TRUE,TRUE
809585,"gate_30",27,FALSE,FALSE
809588,"gate_40",2,FALSE,FALSE
809653,"gate_30",83,TRUE,FALSE
809661,"gate_30",5,FALSE,FALSE
809713,"gate_40",36,FALSE,FALSE
809782,"gate_40",48,TRUE,FALSE
810049,"gate_30",28,TRUE,FALSE
810201,"gate_40",97,TRUE,FALSE
810230,"gate_40",7,FALSE,FALSE
810376,"gate_30",20,TRUE,FALSE
810538,"gate_40",9,FALSE,FALSE
810743,"gate_30",94,TRUE,TRUE
810894,"gate_30",7,FALSE,FALSE
811006,"gate_40",1,FALSE,FALSE
811123,"gate_30",3,FALSE,FALSE
811205,"gate_30",2,FALSE,FALSE
811261,"gate_40",8,FALSE,FALSE
811305,"gate_40",663,TRUE,TRUE
811443,"gate_40",2,FALSE,FALSE
811635,"gate_40",9,FALSE,FALSE
811697,"gate_40",27,FALSE,FALSE
811731,"gate_30",83,TRUE,FALSE
811862,"gate_40",5,FALSE,FALSE
811899,"gate_30",85,TRUE,TRUE
811943,"gate_40",23,FALSE,FALSE
812375,"gate_30",3,FALSE,FALSE
812566,"gate_30",3,FALSE,FALSE
812583,"gate_30",20,FALSE,FALSE
812636,"gate_30",29,TRUE,TRUE
812639,"gate_30",8,FALSE,FALSE
812686,"gate_40",65,TRUE,FALSE
813016,"gate_40",94,TRUE,TRUE
813132,"gate_40",12,FALSE,FALSE
813164,"gate_30",41,FALSE,FALSE
813402,"gate_30",3,TRUE,FALSE
813532,"gate_30",155,TRUE,FALSE
813543,"gate_30",166,TRUE,TRUE
813579,"gate_40",8,FALSE,FALSE
813584,"gate_40",5,FALSE,FALSE
813634,"gate_40",140,TRUE,TRUE
813659,"gate_40",7,FALSE,FALSE
813678,"gate_30",93,TRUE,FALSE
813860,"gate_40",198,TRUE,TRUE
814053,"gate_40",7,FALSE,FALSE
814091,"gate_30",10,FALSE,TRUE
814093,"gate_30",1,FALSE,FALSE
814176,"gate_40",240,TRUE,FALSE
814177,"gate_40",1,FALSE,FALSE
814226,"gate_30",16,TRUE,TRUE
814337,"gate_40",32,TRUE,FALSE
814488,"gate_40",7,FALSE,FALSE
814571,"gate_40",53,TRUE,FALSE
814613,"gate_40",8,FALSE,FALSE
814665,"gate_40",4,FALSE,FALSE
814908,"gate_30",6,FALSE,FALSE
815003,"gate_30",6,TRUE,FALSE
815028,"gate_40",26,TRUE,FALSE
815043,"gate_30",0,FALSE,FALSE
815086,"gate_40",36,TRUE,FALSE
815092,"gate_40",139,TRUE,FALSE
815139,"gate_40",29,TRUE,FALSE
815177,"gate_40",43,TRUE,FALSE
815193,"gate_30",17,TRUE,FALSE
815210,"gate_30",2,FALSE,FALSE
815374,"gate_40",17,TRUE,FALSE
815448,"gate_40",56,TRUE,FALSE
815653,"gate_30",5,FALSE,FALSE
815942,"gate_30",92,TRUE,FALSE
816273,"gate_30",16,FALSE,FALSE
816450,"gate_30",35,TRUE,FALSE
817079,"gate_30",1,FALSE,FALSE
817438,"gate_40",1,FALSE,FALSE
817650,"gate_30",31,TRUE,TRUE
817652,"gate_30",26,TRUE,FALSE
817884,"gate_30",65,TRUE,FALSE
817898,"gate_40",1,FALSE,FALSE
817996,"gate_30",13,TRUE,FALSE
818066,"gate_30",0,FALSE,FALSE
818114,"gate_40",65,TRUE,FALSE
818318,"gate_40",10,FALSE,FALSE
818565,"gate_30",0,FALSE,FALSE
818604,"gate_40",13,TRUE,FALSE
818656,"gate_30",19,TRUE,FALSE
818698,"gate_30",93,TRUE,FALSE
818785,"gate_30",0,FALSE,FALSE
818905,"gate_30",53,TRUE,TRUE
819070,"gate_30",53,TRUE,FALSE
819140,"gate_40",37,TRUE,FALSE
819143,"gate_30",15,TRUE,FALSE
819300,"gate_40",93,FALSE,TRUE
819419,"gate_30",53,FALSE,FALSE
819446,"gate_30",3,FALSE,FALSE
819476,"gate_40",7,FALSE,FALSE
819729,"gate_40",7,FALSE,FALSE
820053,"gate_40",12,FALSE,FALSE
820059,"gate_40",160,TRUE,FALSE
820115,"gate_30",13,FALSE,FALSE
820145,"gate_30",24,TRUE,FALSE
820184,"gate_40",7,FALSE,FALSE
820219,"gate_30",298,TRUE,TRUE
820494,"gate_40",40,TRUE,FALSE
820861,"gate_30",4,FALSE,FALSE
820905,"gate_40",3,FALSE,FALSE
821076,"gate_30",1,FALSE,FALSE
821147,"gate_30",33,FALSE,FALSE
821201,"gate_30",13,FALSE,FALSE
821283,"gate_40",202,FALSE,FALSE
821395,"gate_40",35,TRUE,FALSE
821723,"gate_30",84,TRUE,FALSE
822224,"gate_30",79,TRUE,TRUE
822279,"gate_40",5,TRUE,FALSE
822361,"gate_40",10,FALSE,FALSE
822388,"gate_30",8,FALSE,FALSE
822419,"gate_30",8,FALSE,FALSE
823067,"gate_40",7,FALSE,FALSE
823172,"gate_30",5,FALSE,FALSE
823277,"gate_40",4,TRUE,FALSE
823292,"gate_40",3,FALSE,FALSE
823383,"gate_40",406,TRUE,TRUE
823691,"gate_30",1,FALSE,FALSE
823788,"gate_30",0,FALSE,FALSE
823825,"gate_30",26,TRUE,TRUE
823896,"gate_30",16,FALSE,FALSE
824092,"gate_30",1,FALSE,FALSE
824713,"gate_30",3,FALSE,FALSE
824715,"gate_30",16,TRUE,FALSE
824755,"gate_40",1,FALSE,FALSE
824756,"gate_40",10,FALSE,FALSE
824807,"gate_30",7,FALSE,FALSE
824855,"gate_40",60,TRUE,FALSE
824900,"gate_40",79,TRUE,TRUE
824970,"gate_40",3,FALSE,FALSE
825168,"gate_30",77,TRUE,TRUE
825297,"gate_40",68,FALSE,FALSE
825414,"gate_40",2,FALSE,FALSE
825554,"gate_40",28,FALSE,FALSE
825869,"gate_30",7,TRUE,FALSE
825975,"gate_40",5,FALSE,FALSE
826293,"gate_40",30,FALSE,FALSE
826424,"gate_30",41,TRUE,FALSE
826730,"gate_40",20,FALSE,FALSE
826748,"gate_30",7,FALSE,TRUE
826921,"gate_40",45,TRUE,TRUE
827101,"gate_30",160,TRUE,TRUE
827167,"gate_30",44,TRUE,FALSE
827171,"gate_40",37,FALSE,FALSE
827323,"gate_40",286,TRUE,TRUE
827675,"gate_40",42,TRUE,FALSE
827690,"gate_40",125,TRUE,TRUE
827728,"gate_40",1,FALSE,FALSE
827759,"gate_30",31,FALSE,FALSE
828047,"gate_30",64,FALSE,FALSE
828059,"gate_40",64,FALSE,FALSE
828358,"gate_30",1,FALSE,FALSE
828642,"gate_40",0,FALSE,FALSE
828819,"gate_40",78,TRUE,TRUE
829006,"gate_40",7,FALSE,FALSE
829008,"gate_40",10,FALSE,FALSE
829022,"gate_40",211,TRUE,TRUE
829259,"gate_30",77,TRUE,FALSE
829530,"gate_40",14,FALSE,FALSE
829680,"gate_40",13,TRUE,FALSE
829781,"gate_40",44,TRUE,FALSE
829861,"gate_40",106,TRUE,FALSE
830024,"gate_30",1,FALSE,FALSE
830064,"gate_30",70,TRUE,FALSE
830482,"gate_30",47,TRUE,FALSE
830618,"gate_40",1,FALSE,FALSE
830758,"gate_30",17,TRUE,TRUE
830788,"gate_30",2,FALSE,FALSE
830949,"gate_40",2,FALSE,FALSE
831010,"gate_30",4,FALSE,FALSE
831067,"gate_40",6,FALSE,FALSE
831097,"gate_30",88,TRUE,TRUE
831238,"gate_40",119,TRUE,TRUE
831486,"gate_30",17,TRUE,FALSE
831558,"gate_40",1,FALSE,FALSE
831745,"gate_30",0,FALSE,FALSE
832025,"gate_40",20,FALSE,FALSE
832034,"gate_40",10,FALSE,FALSE
832036,"gate_30",24,FALSE,FALSE
832066,"gate_40",21,TRUE,FALSE
832099,"gate_40",28,FALSE,FALSE
832227,"gate_40",51,TRUE,TRUE
832284,"gate_40",10,TRUE,FALSE
832350,"gate_30",45,FALSE,FALSE
832458,"gate_40",41,TRUE,TRUE
832531,"gate_40",7,TRUE,FALSE
832680,"gate_30",35,TRUE,FALSE
832689,"gate_40",17,FALSE,FALSE
832772,"gate_30",33,TRUE,FALSE
833089,"gate_40",60,TRUE,FALSE
833279,"gate_40",40,FALSE,FALSE
833467,"gate_40",100,TRUE,TRUE
833557,"gate_30",154,TRUE,FALSE
833757,"gate_40",6,FALSE,FALSE
833828,"gate_30",11,FALSE,FALSE
833849,"gate_40",17,FALSE,FALSE
834099,"gate_40",56,TRUE,FALSE
834177,"gate_30",84,TRUE,FALSE
834224,"gate_30",71,TRUE,TRUE
834239,"gate_30",34,TRUE,TRUE
834292,"gate_40",5,FALSE,FALSE
834400,"gate_40",13,FALSE,FALSE
834416,"gate_40",106,TRUE,TRUE
834495,"gate_30",40,TRUE,FALSE
834502,"gate_30",127,TRUE,TRUE
834642,"gate_40",22,FALSE,FALSE
834664,"gate_30",263,TRUE,TRUE
834795,"gate_40",23,TRUE,FALSE
834816,"gate_40",8,FALSE,FALSE
835010,"gate_30",11,FALSE,FALSE
835028,"gate_40",118,TRUE,TRUE
835089,"gate_30",2,FALSE,FALSE
835176,"gate_30",43,TRUE,FALSE
835277,"gate_40",4,FALSE,FALSE
835357,"gate_40",2,FALSE,FALSE
835433,"gate_30",64,FALSE,TRUE
835517,"gate_40",60,TRUE,FALSE
835657,"gate_40",13,FALSE,FALSE
835847,"gate_30",2,FALSE,FALSE
835903,"gate_30",3,FALSE,FALSE
836213,"gate_40",7,FALSE,FALSE
836282,"gate_30",35,TRUE,FALSE
836372,"gate_30",1,FALSE,FALSE
836405,"gate_40",4,FALSE,FALSE
836474,"gate_30",0,FALSE,FALSE
836725,"gate_40",2,FALSE,FALSE
836731,"gate_30",50,TRUE,FALSE
836810,"gate_40",2,TRUE,FALSE
836846,"gate_40",35,TRUE,FALSE
836886,"gate_40",18,FALSE,TRUE
836892,"gate_30",31,TRUE,TRUE
836997,"gate_30",4,FALSE,FALSE
837039,"gate_30",0,FALSE,FALSE
837276,"gate_40",126,TRUE,FALSE
837441,"gate_40",18,TRUE,FALSE
837469,"gate_30",5,FALSE,FALSE
837521,"gate_40",243,TRUE,TRUE
837648,"gate_40",549,TRUE,TRUE
837810,"gate_40",30,TRUE,FALSE
838081,"gate_30",7,TRUE,FALSE
838178,"gate_30",2,FALSE,FALSE
838197,"gate_40",51,TRUE,FALSE
838231,"gate_30",35,TRUE,FALSE
838422,"gate_30",42,FALSE,FALSE
838463,"gate_30",27,FALSE,FALSE
838482,"gate_40",19,TRUE,FALSE
838698,"gate_40",25,FALSE,FALSE
838755,"gate_40",37,FALSE,FALSE
838771,"gate_30",50,FALSE,TRUE
838871,"gate_40",4,FALSE,FALSE
838878,"gate_40",105,FALSE,TRUE
839236,"gate_40",135,TRUE,TRUE
839311,"gate_40",11,FALSE,FALSE
839533,"gate_30",221,TRUE,FALSE
839695,"gate_40",1,FALSE,FALSE
839737,"gate_40",109,TRUE,TRUE
839873,"gate_40",10,FALSE,FALSE
840007,"gate_40",0,FALSE,FALSE
840137,"gate_40",9,FALSE,FALSE
840153,"gate_40",4,FALSE,FALSE
840264,"gate_30",7,TRUE,FALSE
840331,"gate_40",6,FALSE,FALSE
840338,"gate_40",28,FALSE,FALSE
840373,"gate_40",5,FALSE,FALSE
840488,"gate_30",93,TRUE,FALSE
840602,"gate_30",1,FALSE,FALSE
840630,"gate_40",22,TRUE,FALSE
840632,"gate_30",10,TRUE,FALSE
840703,"gate_40",48,TRUE,FALSE
840761,"gate_30",93,TRUE,FALSE
840798,"gate_30",72,TRUE,TRUE
840972,"gate_40",294,TRUE,TRUE
841052,"gate_30",20,FALSE,FALSE
841255,"gate_40",179,TRUE,FALSE
841328,"gate_40",6,FALSE,FALSE
841463,"gate_40",13,FALSE,FALSE
841563,"gate_40",6,TRUE,FALSE
841580,"gate_30",0,FALSE,FALSE
841651,"gate_40",6,FALSE,FALSE
841685,"gate_30",13,TRUE,FALSE
841705,"gate_40",6,FALSE,FALSE
841730,"gate_30",253,TRUE,TRUE
841737,"gate_40",3,FALSE,FALSE
841754,"gate_30",20,FALSE,FALSE
841920,"gate_40",26,FALSE,FALSE
841924,"gate_40",70,FALSE,FALSE
841986,"gate_40",22,TRUE,TRUE
842060,"gate_40",0,FALSE,FALSE
842075,"gate_40",8,TRUE,FALSE
842255,"gate_30",2,FALSE,FALSE
842367,"gate_40",93,TRUE,TRUE
842379,"gate_40",6,FALSE,FALSE
842611,"gate_30",30,TRUE,FALSE
842725,"gate_40",45,FALSE,TRUE
842742,"gate_40",170,TRUE,TRUE
842868,"gate_40",42,FALSE,FALSE
842976,"gate_40",164,TRUE,TRUE
843020,"gate_40",47,TRUE,FALSE
843100,"gate_40",7,FALSE,FALSE
843240,"gate_40",386,TRUE,TRUE
843355,"gate_30",2,FALSE,FALSE
843525,"gate_30",0,FALSE,FALSE
843656,"gate_40",71,FALSE,FALSE
843662,"gate_30",172,TRUE,TRUE
843664,"gate_30",182,TRUE,TRUE
843744,"gate_40",1,FALSE,FALSE
843759,"gate_40",2,FALSE,FALSE
843806,"gate_40",3,FALSE,FALSE
844136,"gate_40",11,TRUE,FALSE
844219,"gate_40",22,FALSE,FALSE
844392,"gate_40",13,FALSE,TRUE
844446,"gate_30",13,FALSE,FALSE
844512,"gate_30",75,FALSE,FALSE
844618,"gate_30",66,TRUE,FALSE
844665,"gate_30",70,FALSE,TRUE
844683,"gate_30",403,TRUE,TRUE
844738,"gate_30",3,FALSE,FALSE
844822,"gate_40",183,TRUE,TRUE
844845,"gate_40",4,FALSE,FALSE
844863,"gate_30",0,FALSE,FALSE
844986,"gate_40",28,TRUE,FALSE
845089,"gate_40",6,TRUE,FALSE
845384,"gate_30",709,TRUE,TRUE
845402,"gate_40",31,TRUE,FALSE
845415,"gate_40",5,FALSE,FALSE
845455,"gate_40",33,TRUE,FALSE
845474,"gate_40",51,TRUE,TRUE
845489,"gate_40",15,FALSE,FALSE
845623,"gate_40",8,FALSE,FALSE
845791,"gate_30",179,TRUE,FALSE
845943,"gate_40",88,TRUE,TRUE
846010,"gate_40",13,TRUE,FALSE
846109,"gate_40",36,TRUE,FALSE
846307,"gate_30",18,FALSE,FALSE
846324,"gate_40",5,FALSE,FALSE
846379,"gate_30",26,FALSE,FALSE
846571,"gate_30",59,TRUE,FALSE
846611,"gate_30",44,FALSE,FALSE
846718,"gate_30",2,FALSE,FALSE
846737,"gate_40",4,FALSE,FALSE
846895,"gate_30",37,TRUE,FALSE
846916,"gate_30",22,TRUE,FALSE
847045,"gate_30",7,FALSE,FALSE
847057,"gate_30",0,FALSE,FALSE
847195,"gate_30",7,FALSE,FALSE
847514,"gate_40",6,TRUE,FALSE
847637,"gate_40",59,FALSE,FALSE
847769,"gate_30",25,TRUE,FALSE
847906,"gate_40",3,TRUE,FALSE
848096,"gate_30",3,FALSE,FALSE
848188,"gate_40",169,TRUE,TRUE
848251,"gate_40",18,FALSE,FALSE
848284,"gate_30",0,FALSE,FALSE
848464,"gate_40",15,FALSE,FALSE
848470,"gate_40",155,FALSE,FALSE
848505,"gate_30",6,FALSE,FALSE
848759,"gate_40",6,FALSE,FALSE
848889,"gate_30",9,FALSE,FALSE
849353,"gate_30",4,FALSE,FALSE
849406,"gate_30",19,FALSE,FALSE
849604,"gate_30",14,TRUE,FALSE
849645,"gate_30",1,FALSE,FALSE
849646,"gate_30",58,TRUE,FALSE
849697,"gate_40",36,TRUE,FALSE
849733,"gate_40",4,FALSE,FALSE
849999,"gate_40",31,TRUE,FALSE
850070,"gate_30",9,FALSE,FALSE
850117,"gate_30",43,TRUE,FALSE
850127,"gate_30",50,TRUE,FALSE
850189,"gate_30",130,FALSE,TRUE
850256,"gate_30",86,TRUE,TRUE
850309,"gate_30",18,FALSE,FALSE
850314,"gate_30",19,TRUE,FALSE
850511,"gate_40",20,TRUE,FALSE
850716,"gate_30",1,FALSE,FALSE
850826,"gate_30",10,TRUE,FALSE
850948,"gate_40",4,FALSE,FALSE
850964,"gate_40",67,TRUE,TRUE
851039,"gate_40",24,TRUE,TRUE
851047,"gate_40",1,FALSE,FALSE
851258,"gate_30",23,FALSE,FALSE
851473,"gate_40",34,TRUE,FALSE
851527,"gate_30",327,TRUE,TRUE
851640,"gate_30",53,TRUE,FALSE
851722,"gate_30",2,FALSE,FALSE
851758,"gate_40",1,FALSE,FALSE
851814,"gate_40",60,TRUE,TRUE
852015,"gate_40",103,FALSE,FALSE
852023,"gate_40",19,TRUE,FALSE
852134,"gate_30",1,FALSE,FALSE
852156,"gate_30",9,FALSE,FALSE
852164,"gate_40",2,FALSE,FALSE
852209,"gate_40",10,TRUE,FALSE
852211,"gate_30",9,TRUE,FALSE
852385,"gate_30",204,FALSE,TRUE
852437,"gate_40",10,TRUE,TRUE
852646,"gate_40",33,FALSE,FALSE
852647,"gate_40",66,TRUE,FALSE
852825,"gate_30",60,TRUE,FALSE
853111,"gate_40",5,FALSE,FALSE
853606,"gate_30",2,FALSE,FALSE
853611,"gate_40",2,FALSE,FALSE
853620,"gate_30",2,FALSE,FALSE
853729,"gate_30",157,TRUE,TRUE
853743,"gate_40",22,FALSE,FALSE
853748,"gate_30",19,TRUE,FALSE
853855,"gate_30",10,TRUE,FALSE
853858,"gate_40",6,FALSE,FALSE
853941,"gate_30",15,TRUE,FALSE
853971,"gate_40",2,FALSE,FALSE
854002,"gate_40",14,FALSE,FALSE
854027,"gate_40",7,FALSE,FALSE
854036,"gate_30",15,FALSE,FALSE
854058,"gate_40",21,FALSE,FALSE
854089,"gate_30",53,FALSE,FALSE
854173,"gate_40",10,FALSE,FALSE
854204,"gate_40",4,FALSE,FALSE
854236,"gate_40",90,TRUE,FALSE
854253,"gate_30",85,TRUE,FALSE
854345,"gate_30",235,TRUE,TRUE
854389,"gate_40",33,FALSE,FALSE
854486,"gate_30",21,FALSE,FALSE
854555,"gate_40",2,FALSE,FALSE
854560,"gate_30",112,TRUE,TRUE
854647,"gate_40",3,FALSE,FALSE
854681,"gate_30",4,TRUE,FALSE
854742,"gate_40",8,FALSE,FALSE
854806,"gate_40",2,FALSE,FALSE
854853,"gate_40",11,TRUE,FALSE
854874,"gate_30",421,TRUE,TRUE
854904,"gate_30",7,FALSE,FALSE
854990,"gate_30",54,TRUE,TRUE
855030,"gate_30",11,FALSE,FALSE
855038,"gate_40",4,FALSE,FALSE
855061,"gate_30",4,FALSE,FALSE
855103,"gate_30",4,TRUE,FALSE
855287,"gate_40",27,FALSE,TRUE
855367,"gate_30",5,FALSE,FALSE
855414,"gate_40",22,TRUE,FALSE
855657,"gate_40",20,TRUE,FALSE
855700,"gate_40",17,TRUE,FALSE
855702,"gate_30",2,FALSE,FALSE
855705,"gate_30",21,FALSE,FALSE
855963,"gate_30",0,FALSE,FALSE
856142,"gate_30",4,FALSE,FALSE
856233,"gate_30",15,TRUE,FALSE
856387,"gate_40",205,TRUE,TRUE
856594,"gate_40",36,TRUE,FALSE
856642,"gate_40",1,FALSE,FALSE
856679,"gate_30",17,FALSE,FALSE
856690,"gate_30",271,FALSE,TRUE
857113,"gate_30",2,FALSE,FALSE
857117,"gate_30",40,FALSE,FALSE
857331,"gate_30",414,TRUE,TRUE
857515,"gate_40",8,TRUE,FALSE
857606,"gate_40",7,FALSE,FALSE
857645,"gate_30",51,TRUE,FALSE
857832,"gate_30",17,TRUE,FALSE
857940,"gate_30",2,FALSE,FALSE
858029,"gate_30",3,FALSE,FALSE
858063,"gate_30",4,FALSE,FALSE
858166,"gate_40",21,TRUE,FALSE
858268,"gate_30",1,FALSE,FALSE
858349,"gate_40",39,TRUE,FALSE
858500,"gate_30",5,FALSE,FALSE
858501,"gate_30",0,FALSE,FALSE
858587,"gate_40",29,TRUE,FALSE
858639,"gate_40",377,TRUE,TRUE
858770,"gate_30",42,TRUE,FALSE
859356,"gate_40",151,TRUE,TRUE
859433,"gate_40",10,FALSE,FALSE
859612,"gate_40",55,TRUE,FALSE
860018,"gate_40",5,FALSE,FALSE
860146,"gate_30",6,FALSE,FALSE
860202,"gate_30",0,FALSE,FALSE
860227,"gate_40",60,TRUE,FALSE
860425,"gate_40",36,TRUE,FALSE
860484,"gate_40",204,TRUE,TRUE
860487,"gate_40",9,FALSE,FALSE
860672,"gate_40",5,FALSE,FALSE
860778,"gate_30",8,FALSE,FALSE
860857,"gate_40",8,FALSE,FALSE
860866,"gate_40",146,TRUE,FALSE
860928,"gate_40",1,FALSE,FALSE
860935,"gate_30",12,FALSE,FALSE
861024,"gate_40",12,TRUE,FALSE
861037,"gate_40",1,FALSE,FALSE
861154,"gate_40",298,TRUE,FALSE
861173,"gate_40",17,FALSE,FALSE
861176,"gate_40",319,TRUE,TRUE
861195,"gate_40",2,FALSE,FALSE
861269,"gate_40",10,FALSE,FALSE
861298,"gate_40",16,FALSE,FALSE
861338,"gate_30",8,FALSE,FALSE
861674,"gate_40",32,TRUE,FALSE
861694,"gate_30",35,TRUE,FALSE
861743,"gate_40",59,TRUE,FALSE
861823,"gate_40",1,FALSE,FALSE
862066,"gate_30",11,FALSE,FALSE
862117,"gate_30",31,TRUE,FALSE
862231,"gate_30",15,TRUE,FALSE
862411,"gate_30",28,FALSE,FALSE
862417,"gate_30",66,TRUE,FALSE
862516,"gate_40",6,FALSE,FALSE
862535,"gate_40",26,TRUE,FALSE
862536,"gate_40",8,FALSE,FALSE
862599,"gate_30",26,TRUE,FALSE
862708,"gate_30",8,FALSE,FALSE
862812,"gate_30",1,FALSE,FALSE
862851,"gate_30",5,FALSE,FALSE
862889,"gate_40",45,FALSE,TRUE
862919,"gate_30",119,TRUE,TRUE
863208,"gate_30",9,FALSE,FALSE
863289,"gate_30",0,FALSE,FALSE
863473,"gate_30",1,FALSE,FALSE
863489,"gate_30",3,FALSE,FALSE
863496,"gate_30",56,TRUE,FALSE
863614,"gate_30",4,FALSE,FALSE
863767,"gate_30",8,FALSE,FALSE
863797,"gate_40",97,TRUE,TRUE
863809,"gate_30",12,FALSE,FALSE
863813,"gate_40",19,FALSE,FALSE
864249,"gate_40",8,FALSE,FALSE
864289,"gate_40",15,FALSE,FALSE
864359,"gate_40",2,FALSE,FALSE
864441,"gate_40",0,FALSE,FALSE
864610,"gate_40",16,TRUE,FALSE
864651,"gate_40",6,FALSE,FALSE
864761,"gate_40",225,TRUE,FALSE
864768,"gate_40",50,TRUE,FALSE
864939,"gate_40",3,FALSE,FALSE
864953,"gate_30",426,TRUE,FALSE
864974,"gate_40",19,FALSE,FALSE
865002,"gate_30",7,TRUE,FALSE
865129,"gate_40",6,FALSE,FALSE
865238,"gate_40",3,FALSE,FALSE
865466,"gate_30",27,TRUE,FALSE
865539,"gate_30",24,FALSE,FALSE
865636,"gate_40",76,TRUE,FALSE
865769,"gate_40",14,FALSE,FALSE
865912,"gate_40",10,TRUE,FALSE
865970,"gate_30",5,TRUE,FALSE
866030,"gate_40",20,TRUE,FALSE
866211,"gate_30",10,FALSE,FALSE
866218,"gate_40",3,FALSE,FALSE
866404,"gate_30",57,FALSE,FALSE
866416,"gate_30",78,TRUE,FALSE
866437,"gate_30",105,FALSE,FALSE
866501,"gate_40",2,FALSE,FALSE
866888,"gate_40",10,FALSE,FALSE
866999,"gate_30",25,TRUE,TRUE
867174,"gate_40",48,TRUE,FALSE
867292,"gate_40",30,TRUE,FALSE
867392,"gate_40",1,FALSE,FALSE
867595,"gate_30",1,FALSE,FALSE
867686,"gate_30",80,FALSE,FALSE
868571,"gate_30",52,FALSE,TRUE
868993,"gate_30",81,TRUE,FALSE
869149,"gate_30",308,TRUE,TRUE
869172,"gate_40",8,FALSE,FALSE
869250,"gate_30",35,FALSE,FALSE
869291,"gate_40",28,TRUE,FALSE
869368,"gate_30",7,FALSE,FALSE
869501,"gate_30",26,TRUE,FALSE
869595,"gate_30",187,TRUE,TRUE
869618,"gate_30",185,TRUE,FALSE
869680,"gate_30",8,FALSE,FALSE
869743,"gate_40",6,FALSE,FALSE
869888,"gate_30",1,FALSE,FALSE
870049,"gate_40",11,FALSE,FALSE
870066,"gate_40",0,FALSE,FALSE
870132,"gate_40",26,TRUE,FALSE
870213,"gate_40",147,TRUE,TRUE
870331,"gate_30",0,FALSE,FALSE
870390,"gate_40",1,FALSE,FALSE
870438,"gate_40",6,TRUE,FALSE
870546,"gate_30",35,TRUE,FALSE
870874,"gate_30",13,FALSE,FALSE
870877,"gate_30",5,FALSE,FALSE
871075,"gate_40",44,FALSE,FALSE
871080,"gate_30",11,FALSE,TRUE
871140,"gate_40",16,FALSE,FALSE
871220,"gate_40",21,FALSE,FALSE
871236,"gate_40",13,FALSE,FALSE
871247,"gate_40",1,FALSE,FALSE
871407,"gate_40",23,FALSE,FALSE
871563,"gate_30",3,FALSE,FALSE
871725,"gate_40",181,TRUE,TRUE
871808,"gate_40",11,TRUE,FALSE
872109,"gate_30",5,FALSE,FALSE
872129,"gate_30",1,FALSE,FALSE
872273,"gate_40",5,FALSE,FALSE
872359,"gate_30",305,TRUE,TRUE
872436,"gate_30",18,TRUE,TRUE
872488,"gate_40",1,FALSE,FALSE
872515,"gate_30",28,TRUE,TRUE
872535,"gate_40",8,FALSE,FALSE
872558,"gate_40",1,FALSE,FALSE
872647,"gate_40",33,TRUE,FALSE
872661,"gate_30",30,TRUE,FALSE
872746,"gate_30",7,FALSE,FALSE
872836,"gate_40",10,TRUE,FALSE
872854,"gate_30",10,FALSE,FALSE
872874,"gate_40",4,FALSE,FALSE
873095,"gate_40",51,TRUE,FALSE
873271,"gate_40",21,TRUE,FALSE
873291,"gate_40",494,TRUE,TRUE
873443,"gate_30",39,TRUE,FALSE
873465,"gate_30",3,FALSE,FALSE
873646,"gate_40",22,TRUE,FALSE
873852,"gate_40",0,FALSE,FALSE
873903,"gate_40",41,TRUE,FALSE
874058,"gate_40",54,TRUE,TRUE
874324,"gate_30",37,TRUE,FALSE
874350,"gate_40",10,FALSE,FALSE
874401,"gate_30",8,FALSE,FALSE
874445,"gate_30",8,TRUE,FALSE
874647,"gate_30",13,FALSE,TRUE
874740,"gate_40",6,FALSE,FALSE
874796,"gate_30",8,TRUE,FALSE
874921,"gate_40",67,TRUE,FALSE
875169,"gate_40",4,FALSE,FALSE
875396,"gate_40",10,TRUE,FALSE
875454,"gate_40",1,FALSE,FALSE
875641,"gate_30",1,FALSE,FALSE
875725,"gate_30",8,FALSE,FALSE
875819,"gate_40",1,FALSE,FALSE
875853,"gate_30",8,FALSE,FALSE
875925,"gate_30",24,TRUE,FALSE
876087,"gate_40",42,FALSE,FALSE
876224,"gate_40",1,FALSE,FALSE
876347,"gate_40",57,TRUE,TRUE
876375,"gate_30",11,FALSE,FALSE
876535,"gate_40",31,TRUE,FALSE
876747,"gate_30",153,FALSE,TRUE
876831,"gate_40",11,FALSE,FALSE
876871,"gate_30",46,TRUE,FALSE
876954,"gate_40",1,FALSE,FALSE
877079,"gate_40",27,FALSE,FALSE
877387,"gate_40",32,FALSE,FALSE
877886,"gate_40",0,FALSE,FALSE
877943,"gate_30",0,FALSE,FALSE
877988,"gate_30",7,FALSE,FALSE
878402,"gate_40",29,FALSE,TRUE
878465,"gate_30",47,TRUE,TRUE
878991,"gate_40",10,TRUE,FALSE
879046,"gate_30",24,TRUE,FALSE
879106,"gate_30",38,FALSE,TRUE
879118,"gate_30",23,TRUE,FALSE
879520,"gate_40",62,TRUE,FALSE
879526,"gate_40",10,FALSE,FALSE
879530,"gate_30",4,FALSE,FALSE
879613,"gate_30",14,FALSE,FALSE
879618,"gate_40",2,FALSE,FALSE
879942,"gate_40",0,FALSE,FALSE
880175,"gate_30",14,FALSE,FALSE
880251,"gate_30",1,FALSE,FALSE
880411,"gate_30",13,FALSE,FALSE
880490,"gate_30",1,FALSE,FALSE
880539,"gate_40",153,FALSE,TRUE
880680,"gate_40",5,FALSE,FALSE
880697,"gate_30",8,FALSE,FALSE
881014,"gate_40",23,TRUE,FALSE
881165,"gate_30",221,TRUE,TRUE
881264,"gate_40",6,FALSE,TRUE
881277,"gate_30",3,FALSE,TRUE
881660,"gate_30",37,TRUE,FALSE
881950,"gate_40",7,TRUE,FALSE
881957,"gate_40",34,TRUE,TRUE
882145,"gate_40",12,TRUE,FALSE
882225,"gate_30",6,FALSE,FALSE
882231,"gate_40",58,FALSE,TRUE
882283,"gate_30",4,FALSE,FALSE
882348,"gate_30",36,TRUE,FALSE
882838,"gate_40",12,FALSE,FALSE
882868,"gate_30",20,FALSE,FALSE
882960,"gate_30",35,TRUE,FALSE
883102,"gate_40",3,FALSE,FALSE
883224,"gate_30",1,FALSE,FALSE
883406,"gate_40",16,FALSE,TRUE
883806,"gate_40",14,FALSE,TRUE
883994,"gate_30",5,FALSE,FALSE
884242,"gate_30",5,FALSE,FALSE
884521,"gate_30",125,TRUE,FALSE
884525,"gate_40",5,FALSE,FALSE
884548,"gate_30",3,FALSE,FALSE
884758,"gate_40",8,FALSE,FALSE
884909,"gate_40",2,FALSE,FALSE
885005,"gate_40",11,FALSE,FALSE
885173,"gate_40",18,TRUE,FALSE
885230,"gate_30",11,FALSE,FALSE
885273,"gate_30",2,FALSE,FALSE
885277,"gate_30",13,FALSE,FALSE
885505,"gate_30",13,TRUE,FALSE
885533,"gate_30",28,TRUE,FALSE
885635,"gate_40",3,FALSE,FALSE
885695,"gate_40",16,FALSE,FALSE
885803,"gate_30",6,FALSE,FALSE
885816,"gate_30",17,TRUE,FALSE
885896,"gate_40",208,TRUE,TRUE
886005,"gate_30",25,FALSE,FALSE
886080,"gate_40",5,FALSE,FALSE
886314,"gate_40",44,TRUE,TRUE
886538,"gate_30",61,TRUE,FALSE
886569,"gate_40",2,FALSE,FALSE
886697,"gate_40",229,TRUE,TRUE
886713,"gate_40",65,FALSE,FALSE
886777,"gate_30",14,FALSE,TRUE
886807,"gate_30",13,FALSE,FALSE
886873,"gate_40",108,TRUE,TRUE
886959,"gate_40",1,FALSE,FALSE
886969,"gate_40",57,TRUE,TRUE
886974,"gate_30",10,TRUE,FALSE
887029,"gate_30",2,FALSE,FALSE
887190,"gate_30",34,TRUE,FALSE
887269,"gate_40",33,TRUE,FALSE
887271,"gate_30",6,FALSE,FALSE
887383,"gate_40",1,FALSE,FALSE
887415,"gate_40",6,TRUE,FALSE
887561,"gate_40",13,FALSE,FALSE
887649,"gate_40",2,FALSE,FALSE
887784,"gate_30",2,FALSE,FALSE
888068,"gate_40",16,TRUE,TRUE
888092,"gate_30",4,FALSE,FALSE
888285,"gate_30",1,FALSE,FALSE
888512,"gate_30",26,TRUE,FALSE
888542,"gate_40",63,TRUE,FALSE
888584,"gate_40",2,FALSE,FALSE
888589,"gate_30",52,TRUE,TRUE
888654,"gate_40",115,TRUE,FALSE
888793,"gate_40",5,FALSE,FALSE
888968,"gate_30",2,FALSE,FALSE
888984,"gate_30",148,TRUE,FALSE
889146,"gate_30",49,FALSE,FALSE
889160,"gate_30",148,TRUE,TRUE
889231,"gate_40",107,TRUE,TRUE
889321,"gate_30",10,TRUE,FALSE
889471,"gate_40",1,FALSE,FALSE
889828,"gate_30",51,TRUE,FALSE
889925,"gate_30",18,FALSE,FALSE
890155,"gate_30",10,FALSE,FALSE
890607,"gate_40",2,FALSE,FALSE
890666,"gate_30",276,TRUE,TRUE
890819,"gate_30",86,TRUE,TRUE
890931,"gate_30",4,FALSE,FALSE
890959,"gate_30",3,FALSE,FALSE
890978,"gate_30",2,FALSE,FALSE
891020,"gate_30",214,TRUE,FALSE
891077,"gate_40",12,FALSE,FALSE
891100,"gate_40",1,FALSE,FALSE
891163,"gate_40",23,TRUE,TRUE
891180,"gate_40",133,TRUE,TRUE
891194,"gate_40",37,TRUE,FALSE
891414,"gate_30",21,TRUE,FALSE
891446,"gate_40",113,TRUE,TRUE
891454,"gate_40",198,TRUE,TRUE
891553,"gate_40",130,TRUE,TRUE
891593,"gate_30",4,FALSE,FALSE
891604,"gate_30",10,FALSE,FALSE
891615,"gate_40",34,TRUE,FALSE
891751,"gate_30",0,FALSE,FALSE
891887,"gate_30",4,TRUE,FALSE
891892,"gate_30",14,TRUE,TRUE
891900,"gate_40",17,TRUE,FALSE
892147,"gate_30",192,TRUE,TRUE
892249,"gate_30",53,TRUE,TRUE
892324,"gate_40",26,FALSE,FALSE
892437,"gate_30",1,FALSE,FALSE
892710,"gate_30",38,TRUE,FALSE
892807,"gate_30",15,FALSE,FALSE
893502,"gate_40",0,FALSE,FALSE
893669,"gate_40",43,FALSE,FALSE
893953,"gate_30",14,TRUE,FALSE
894056,"gate_40",9,FALSE,FALSE
894125,"gate_40",345,TRUE,TRUE
894133,"gate_30",4,FALSE,FALSE
894142,"gate_40",7,FALSE,FALSE
894346,"gate_30",17,TRUE,FALSE
894369,"gate_40",23,FALSE,FALSE
894467,"gate_30",40,FALSE,TRUE
894708,"gate_40",2,FALSE,FALSE
894921,"gate_40",7,FALSE,FALSE
894943,"gate_40",66,FALSE,TRUE
894947,"gate_30",10,FALSE,FALSE
895012,"gate_30",8,TRUE,FALSE
895170,"gate_40",16,TRUE,FALSE
895289,"gate_40",21,TRUE,FALSE
895364,"gate_30",9,FALSE,FALSE
895411,"gate_30",66,TRUE,FALSE
895438,"gate_40",206,TRUE,TRUE
895439,"gate_30",168,TRUE,TRUE
895450,"gate_30",1,FALSE,FALSE
895633,"gate_40",2,FALSE,FALSE
895657,"gate_40",66,TRUE,TRUE
895697,"gate_30",12,FALSE,FALSE
895702,"gate_40",99,TRUE,FALSE
895721,"gate_40",18,FALSE,FALSE
895744,"gate_40",22,FALSE,FALSE
895854,"gate_40",232,TRUE,TRUE
895939,"gate_30",18,FALSE,FALSE
896135,"gate_40",3,FALSE,FALSE
896284,"gate_40",47,TRUE,FALSE
896355,"gate_30",23,TRUE,FALSE
896405,"gate_40",13,FALSE,FALSE
896574,"gate_40",91,TRUE,FALSE
896728,"gate_30",59,TRUE,FALSE
896803,"gate_30",0,FALSE,FALSE
896908,"gate_30",126,TRUE,TRUE
896970,"gate_30",69,TRUE,FALSE
896987,"gate_30",35,TRUE,FALSE
897025,"gate_30",63,TRUE,FALSE
897076,"gate_30",431,TRUE,TRUE
897088,"gate_40",4,FALSE,FALSE
897102,"gate_30",3,FALSE,FALSE
897196,"gate_30",16,FALSE,FALSE
897286,"gate_40",437,TRUE,TRUE
897428,"gate_40",24,TRUE,TRUE
897478,"gate_30",125,TRUE,TRUE
897579,"gate_40",5,FALSE,FALSE
897621,"gate_40",10,FALSE,FALSE
897731,"gate_30",4,FALSE,FALSE
898183,"gate_30",0,FALSE,FALSE
898250,"gate_30",2,FALSE,FALSE
898285,"gate_40",2,FALSE,FALSE
898360,"gate_40",1,FALSE,FALSE
898382,"gate_40",14,FALSE,FALSE
898665,"gate_40",7,FALSE,FALSE
898692,"gate_30",14,TRUE,FALSE
898845,"gate_30",0,FALSE,FALSE
899144,"gate_30",81,TRUE,FALSE
899210,"gate_30",21,FALSE,FALSE
899281,"gate_40",7,FALSE,FALSE
899303,"gate_40",15,FALSE,FALSE
899428,"gate_30",13,FALSE,FALSE
899478,"gate_30",44,TRUE,FALSE
899503,"gate_30",8,FALSE,FALSE
899559,"gate_40",6,FALSE,FALSE
899579,"gate_30",60,TRUE,FALSE
899776,"gate_40",119,TRUE,TRUE
899786,"gate_40",66,TRUE,FALSE
899814,"gate_30",41,TRUE,FALSE
899866,"gate_40",45,TRUE,FALSE
899985,"gate_40",30,FALSE,FALSE
900035,"gate_40",37,TRUE,FALSE
900238,"gate_40",43,TRUE,FALSE
900354,"gate_40",25,FALSE,FALSE
900369,"gate_40",72,TRUE,TRUE
900422,"gate_40",7,FALSE,FALSE
900521,"gate_40",0,FALSE,FALSE
900551,"gate_40",12,FALSE,FALSE
900731,"gate_30",4,FALSE,FALSE
900767,"gate_40",39,TRUE,FALSE
900848,"gate_30",33,TRUE,FALSE
900863,"gate_30",6,TRUE,FALSE
901027,"gate_40",2,FALSE,FALSE
901075,"gate_40",1,FALSE,FALSE
901146,"gate_30",12,FALSE,FALSE
901181,"gate_30",17,TRUE,FALSE
901656,"gate_40",101,TRUE,FALSE
901663,"gate_30",51,TRUE,FALSE
901695,"gate_40",16,FALSE,FALSE
901930,"gate_40",21,FALSE,FALSE
901931,"gate_30",0,FALSE,FALSE
901977,"gate_30",53,FALSE,FALSE
902165,"gate_30",50,TRUE,FALSE
902176,"gate_30",2,FALSE,FALSE
902192,"gate_30",9,FALSE,FALSE
902302,"gate_30",3,FALSE,FALSE
902311,"gate_40",80,TRUE,FALSE
902640,"gate_30",0,FALSE,FALSE
902734,"gate_40",97,TRUE,FALSE
902805,"gate_40",1,FALSE,FALSE
902838,"gate_40",26,FALSE,TRUE
902868,"gate_40",102,TRUE,FALSE
903109,"gate_40",0,FALSE,FALSE
903140,"gate_40",69,FALSE,TRUE
903346,"gate_30",19,TRUE,FALSE
903371,"gate_40",2,FALSE,FALSE
903381,"gate_30",20,FALSE,FALSE
903694,"gate_40",208,TRUE,TRUE
903707,"gate_40",60,FALSE,TRUE
903798,"gate_30",1,TRUE,FALSE
903824,"gate_30",15,FALSE,FALSE
904367,"gate_30",547,TRUE,TRUE
904835,"gate_30",9,FALSE,FALSE
905085,"gate_30",0,FALSE,FALSE
905129,"gate_30",2,FALSE,FALSE
905340,"gate_30",11,FALSE,FALSE
905432,"gate_30",5,FALSE,FALSE
905456,"gate_40",10,FALSE,FALSE
905477,"gate_40",40,FALSE,FALSE
905587,"gate_30",24,TRUE,FALSE
905845,"gate_40",170,TRUE,TRUE
905877,"gate_40",35,TRUE,FALSE
906212,"gate_30",218,TRUE,FALSE
906385,"gate_30",0,FALSE,FALSE
906469,"gate_40",104,TRUE,FALSE
906488,"gate_40",0,FALSE,FALSE
906510,"gate_40",0,FALSE,FALSE
906513,"gate_30",10,FALSE,FALSE
906648,"gate_30",16,TRUE,FALSE
906776,"gate_30",59,TRUE,FALSE
906951,"gate_30",15,TRUE,FALSE
907007,"gate_40",5,FALSE,FALSE
907032,"gate_40",15,FALSE,FALSE
907236,"gate_40",33,TRUE,FALSE
907264,"gate_30",7,FALSE,FALSE
907536,"gate_30",94,TRUE,TRUE
907628,"gate_40",47,TRUE,FALSE
907639,"gate_30",304,TRUE,FALSE
907874,"gate_40",2,FALSE,FALSE
907884,"gate_30",22,FALSE,FALSE
908057,"gate_40",5,FALSE,FALSE
908091,"gate_40",69,TRUE,TRUE
908247,"gate_30",0,FALSE,FALSE
908376,"gate_30",4,FALSE,FALSE
908519,"gate_30",81,FALSE,TRUE
908749,"gate_30",6,FALSE,FALSE
908783,"gate_30",19,TRUE,FALSE
908838,"gate_40",19,TRUE,FALSE
908868,"gate_40",232,TRUE,TRUE
909099,"gate_30",10,FALSE,FALSE
909284,"gate_30",1,FALSE,FALSE
909339,"gate_30",105,TRUE,FALSE
909433,"gate_40",1,FALSE,FALSE
909469,"gate_30",5,FALSE,FALSE
909634,"gate_40",36,FALSE,FALSE
909815,"gate_30",17,FALSE,FALSE
909980,"gate_40",146,TRUE,TRUE
910039,"gate_40",13,TRUE,FALSE
910250,"gate_30",12,FALSE,FALSE
910370,"gate_40",72,TRUE,TRUE
910631,"gate_30",96,TRUE,FALSE
910692,"gate_40",18,TRUE,FALSE
910957,"gate_30",48,TRUE,FALSE
910989,"gate_40",6,FALSE,FALSE
911012,"gate_40",58,TRUE,FALSE
911148,"gate_40",22,TRUE,TRUE
911226,"gate_40",29,TRUE,FALSE
911307,"gate_40",74,TRUE,FALSE
911371,"gate_30",19,TRUE,FALSE
911785,"gate_30",140,TRUE,TRUE
911817,"gate_40",0,FALSE,FALSE
911855,"gate_40",46,TRUE,FALSE
911948,"gate_30",17,FALSE,FALSE
912002,"gate_30",68,TRUE,TRUE
912025,"gate_30",0,FALSE,FALSE
912130,"gate_30",4,FALSE,FALSE
912214,"gate_40",4,FALSE,FALSE
912578,"gate_30",76,FALSE,FALSE
912598,"gate_30",199,TRUE,TRUE
912609,"gate_40",25,FALSE,FALSE
912643,"gate_40",2,TRUE,FALSE
913112,"gate_40",6,TRUE,FALSE
913364,"gate_30",5,TRUE,TRUE
913495,"gate_40",1,FALSE,FALSE
913716,"gate_40",4,FALSE,FALSE
913736,"gate_40",4,FALSE,FALSE
913777,"gate_40",125,TRUE,FALSE
913910,"gate_40",348,TRUE,FALSE
913989,"gate_40",169,TRUE,TRUE
914016,"gate_40",1,FALSE,FALSE
914018,"gate_30",1,FALSE,FALSE
914219,"gate_40",1,FALSE,FALSE
914597,"gate_40",7,FALSE,FALSE
914662,"gate_40",2,FALSE,FALSE
914781,"gate_40",22,TRUE,FALSE
914788,"gate_40",480,TRUE,TRUE
914858,"gate_40",174,FALSE,TRUE
914904,"gate_30",12,FALSE,FALSE
914972,"gate_40",4,FALSE,FALSE
914973,"gate_40",54,TRUE,FALSE
915265,"gate_40",17,FALSE,FALSE
915274,"gate_40",7,TRUE,FALSE
915304,"gate_40",2,FALSE,FALSE
915494,"gate_40",6,FALSE,FALSE
915813,"gate_40",8,FALSE,FALSE
915957,"gate_40",30,TRUE,FALSE
916017,"gate_40",5,FALSE,FALSE
916149,"gate_40",5,TRUE,FALSE
916226,"gate_40",5,FALSE,FALSE
916363,"gate_40",4,FALSE,FALSE
916409,"gate_40",8,TRUE,FALSE
916573,"gate_40",286,TRUE,TRUE
916587,"gate_40",23,TRUE,FALSE
916612,"gate_40",1,FALSE,FALSE
916642,"gate_40",84,TRUE,TRUE
916689,"gate_30",0,FALSE,FALSE
916727,"gate_40",33,FALSE,FALSE
916801,"gate_30",0,FALSE,FALSE
917018,"gate_40",13,TRUE,FALSE
917059,"gate_40",102,TRUE,TRUE
917133,"gate_30",82,TRUE,FALSE
917280,"gate_40",7,FALSE,TRUE
917407,"gate_30",168,TRUE,FALSE
917580,"gate_40",87,TRUE,FALSE
917799,"gate_30",2,FALSE,FALSE
917834,"gate_30",146,TRUE,TRUE
918085,"gate_40",14,TRUE,TRUE
918284,"gate_30",10,TRUE,FALSE
918407,"gate_30",223,TRUE,TRUE
918417,"gate_40",14,FALSE,FALSE
918435,"gate_40",5,FALSE,FALSE
918513,"gate_30",3,FALSE,TRUE
918549,"gate_40",38,TRUE,FALSE
918622,"gate_30",3,FALSE,FALSE
918733,"gate_30",7,FALSE,FALSE
918817,"gate_30",10,FALSE,FALSE
919206,"gate_30",53,TRUE,FALSE
919315,"gate_40",32,TRUE,FALSE
919430,"gate_30",155,TRUE,FALSE
919507,"gate_40",1,FALSE,FALSE
919544,"gate_30",268,TRUE,TRUE
919667,"gate_30",28,TRUE,FALSE
919913,"gate_30",22,TRUE,FALSE
919984,"gate_30",14,FALSE,FALSE
920052,"gate_30",7,FALSE,FALSE
920223,"gate_30",208,TRUE,TRUE
920242,"gate_40",9,FALSE,FALSE
920477,"gate_30",32,FALSE,FALSE
920478,"gate_30",532,TRUE,TRUE
920503,"gate_30",80,TRUE,FALSE
920509,"gate_40",9,FALSE,FALSE
920672,"gate_30",109,TRUE,FALSE
920738,"gate_30",23,TRUE,FALSE
920781,"gate_30",14,FALSE,FALSE
920784,"gate_30",494,TRUE,TRUE
921400,"gate_40",15,TRUE,FALSE
921804,"gate_40",3,FALSE,FALSE
921978,"gate_30",25,FALSE,TRUE
921986,"gate_30",0,FALSE,FALSE
922064,"gate_40",8,TRUE,FALSE
922184,"gate_30",31,FALSE,FALSE
922640,"gate_40",105,TRUE,FALSE
922950,"gate_40",163,TRUE,FALSE
923052,"gate_30",4,FALSE,FALSE
923135,"gate_40",12,FALSE,FALSE
923177,"gate_30",66,TRUE,FALSE
923202,"gate_30",2,FALSE,FALSE
923387,"gate_30",33,TRUE,FALSE
923516,"gate_40",0,FALSE,FALSE
923529,"gate_30",1,FALSE,FALSE
923560,"gate_30",2,FALSE,FALSE
923639,"gate_40",6,TRUE,FALSE
923831,"gate_40",2,FALSE,FALSE
923876,"gate_30",63,TRUE,FALSE
923956,"gate_30",3,FALSE,FALSE
923991,"gate_30",3,FALSE,FALSE
924048,"gate_30",13,FALSE,FALSE
924082,"gate_30",8,FALSE,FALSE
924350,"gate_40",74,TRUE,FALSE
924365,"gate_30",93,TRUE,TRUE
924489,"gate_40",14,FALSE,FALSE
924501,"gate_40",23,TRUE,FALSE
924559,"gate_30",12,TRUE,FALSE
924671,"gate_30",57,TRUE,TRUE
924930,"gate_40",2,FALSE,FALSE
924995,"gate_40",8,FALSE,FALSE
925027,"gate_40",14,TRUE,FALSE
925380,"gate_40",109,TRUE,TRUE
925401,"gate_40",191,TRUE,TRUE
925525,"gate_40",96,TRUE,FALSE
925549,"gate_30",32,TRUE,FALSE
925610,"gate_30",20,FALSE,FALSE
925639,"gate_30",6,FALSE,FALSE
925800,"gate_30",4,FALSE,FALSE
925905,"gate_30",13,TRUE,FALSE
925932,"gate_30",36,FALSE,FALSE
926156,"gate_30",23,TRUE,FALSE
926448,"gate_40",15,TRUE,FALSE
926502,"gate_30",5,TRUE,FALSE
926609,"gate_40",1,FALSE,FALSE
926837,"gate_40",37,TRUE,FALSE
926910,"gate_30",3,TRUE,FALSE
927048,"gate_40",266,TRUE,TRUE
927437,"gate_40",20,FALSE,FALSE
927578,"gate_40",6,FALSE,FALSE
927672,"gate_40",41,TRUE,FALSE
927710,"gate_40",1,FALSE,FALSE
927715,"gate_40",16,FALSE,FALSE
927897,"gate_40",4,FALSE,FALSE
927965,"gate_30",69,TRUE,FALSE
928127,"gate_40",33,TRUE,FALSE
928209,"gate_40",43,TRUE,FALSE
928215,"gate_30",87,TRUE,TRUE
928294,"gate_30",16,FALSE,FALSE
928350,"gate_30",1,FALSE,FALSE
928354,"gate_30",381,TRUE,TRUE
928439,"gate_40",97,TRUE,TRUE
928513,"gate_30",14,TRUE,FALSE
928588,"gate_40",27,TRUE,FALSE
929048,"gate_40",6,FALSE,FALSE
929139,"gate_40",3,FALSE,FALSE
929210,"gate_30",1,FALSE,FALSE
929275,"gate_30",172,TRUE,TRUE
929295,"gate_30",159,TRUE,TRUE
929328,"gate_40",9,FALSE,FALSE
929539,"gate_30",11,FALSE,FALSE
929596,"gate_40",43,FALSE,TRUE
929693,"gate_30",3,FALSE,FALSE
929780,"gate_40",25,FALSE,FALSE
929846,"gate_30",8,FALSE,FALSE
929882,"gate_30",13,FALSE,FALSE
929894,"gate_30",46,TRUE,FALSE
930045,"gate_40",56,TRUE,FALSE
930094,"gate_40",21,FALSE,FALSE
930184,"gate_30",1,FALSE,FALSE
930590,"gate_40",1,FALSE,FALSE
930711,"gate_40",14,TRUE,FALSE
930749,"gate_40",99,FALSE,FALSE
930793,"gate_40",82,TRUE,FALSE
930822,"gate_30",180,TRUE,TRUE
930833,"gate_40",143,TRUE,TRUE
931208,"gate_30",58,TRUE,TRUE
931277,"gate_40",11,FALSE,FALSE
931317,"gate_30",7,FALSE,FALSE
931433,"gate_40",120,FALSE,TRUE
931435,"gate_40",19,FALSE,FALSE
931614,"gate_40",267,TRUE,FALSE
931797,"gate_40",33,FALSE,FALSE
931851,"gate_40",8,FALSE,FALSE
931941,"gate_30",0,FALSE,FALSE
932088,"gate_30",26,TRUE,TRUE
932130,"gate_40",76,TRUE,FALSE
932155,"gate_30",12,FALSE,FALSE
932245,"gate_40",1,FALSE,FALSE
932313,"gate_30",4,FALSE,TRUE
932447,"gate_40",323,FALSE,TRUE
932470,"gate_40",23,FALSE,FALSE
932486,"gate_40",114,FALSE,FALSE
932657,"gate_30",20,FALSE,TRUE
932664,"gate_30",34,TRUE,FALSE
932732,"gate_40",20,FALSE,FALSE
932753,"gate_40",18,FALSE,FALSE
932810,"gate_40",18,FALSE,FALSE
932839,"gate_30",3,FALSE,FALSE
932857,"gate_40",0,FALSE,FALSE
932863,"gate_40",2,FALSE,FALSE
933018,"gate_40",22,TRUE,FALSE
933063,"gate_40",66,TRUE,TRUE
933319,"gate_30",292,TRUE,TRUE
933410,"gate_40",23,TRUE,FALSE
933518,"gate_30",25,TRUE,FALSE
933763,"gate_40",28,TRUE,FALSE
934053,"gate_30",2,FALSE,FALSE
934168,"gate_40",66,TRUE,FALSE
934207,"gate_40",1,FALSE,FALSE
934250,"gate_40",23,FALSE,FALSE
934331,"gate_30",90,TRUE,FALSE
934337,"gate_30",89,TRUE,FALSE
934365,"gate_30",34,TRUE,FALSE
934408,"gate_30",50,TRUE,FALSE
934910,"gate_30",29,TRUE,FALSE
935148,"gate_30",4,FALSE,FALSE
935160,"gate_30",78,TRUE,FALSE
935363,"gate_30",122,TRUE,TRUE
935536,"gate_40",1,FALSE,FALSE
935727,"gate_30",35,FALSE,FALSE
935940,"gate_30",153,TRUE,TRUE
935972,"gate_30",79,FALSE,TRUE
936031,"gate_40",3,FALSE,FALSE
936053,"gate_40",21,TRUE,FALSE
936061,"gate_40",22,FALSE,FALSE
936189,"gate_30",0,FALSE,FALSE
936298,"gate_30",54,TRUE,FALSE
936475,"gate_30",6,FALSE,FALSE
936551,"gate_40",178,TRUE,TRUE
936557,"gate_40",0,FALSE,FALSE
936600,"gate_30",3,FALSE,FALSE
936620,"gate_30",348,TRUE,TRUE
936733,"gate_40",40,TRUE,FALSE
936767,"gate_40",14,TRUE,FALSE
936996,"gate_30",183,TRUE,FALSE
937173,"gate_30",2,FALSE,FALSE
937306,"gate_40",90,TRUE,FALSE
937376,"gate_40",33,TRUE,FALSE
937579,"gate_40",0,FALSE,FALSE
937606,"gate_40",3,FALSE,FALSE
937759,"gate_30",11,TRUE,FALSE
937795,"gate_40",124,TRUE,FALSE
937959,"gate_40",1,FALSE,FALSE
938239,"gate_40",11,FALSE,FALSE
938530,"gate_30",1,FALSE,FALSE
938624,"gate_30",10,FALSE,FALSE
938663,"gate_30",2,FALSE,FALSE
938695,"gate_30",16,FALSE,FALSE
938725,"gate_40",1,FALSE,FALSE
938827,"gate_40",1,FALSE,FALSE
938868,"gate_40",1,FALSE,FALSE
938904,"gate_40",6,FALSE,FALSE
939074,"gate_40",31,FALSE,FALSE
939131,"gate_40",134,TRUE,TRUE
939338,"gate_40",26,TRUE,FALSE
939407,"gate_30",3,FALSE,FALSE
939466,"gate_40",4,FALSE,FALSE
939583,"gate_40",59,TRUE,FALSE
939843,"gate_40",10,FALSE,FALSE
939954,"gate_40",25,TRUE,FALSE
939961,"gate_30",17,FALSE,FALSE
940026,"gate_40",20,TRUE,FALSE
940041,"gate_40",8,FALSE,FALSE
940175,"gate_30",11,FALSE,FALSE
940182,"gate_30",14,FALSE,FALSE
940230,"gate_30",160,FALSE,TRUE
940286,"gate_30",3,FALSE,FALSE
940306,"gate_30",7,FALSE,FALSE
940631,"gate_30",143,TRUE,TRUE
940886,"gate_40",1,FALSE,FALSE
941057,"gate_30",2,FALSE,FALSE
941287,"gate_30",2,FALSE,FALSE
941359,"gate_40",63,TRUE,TRUE
941379,"gate_30",46,FALSE,FALSE
941410,"gate_40",254,TRUE,TRUE
941449,"gate_40",55,TRUE,TRUE
941464,"gate_30",50,TRUE,FALSE
941524,"gate_30",43,FALSE,FALSE
941569,"gate_40",5,FALSE,FALSE
941724,"gate_30",48,FALSE,TRUE
941761,"gate_30",238,TRUE,TRUE
941771,"gate_40",12,FALSE,FALSE
941882,"gate_30",20,FALSE,FALSE
941989,"gate_30",597,TRUE,TRUE
942227,"gate_40",180,TRUE,FALSE
942244,"gate_30",160,TRUE,TRUE
942292,"gate_40",261,TRUE,FALSE
942368,"gate_40",14,FALSE,FALSE
942545,"gate_40",12,TRUE,FALSE
942583,"gate_30",0,FALSE,FALSE
942619,"gate_30",463,TRUE,FALSE
942694,"gate_40",15,FALSE,FALSE
942728,"gate_30",0,FALSE,FALSE
942924,"gate_40",4,TRUE,FALSE
943202,"gate_40",21,TRUE,FALSE
943224,"gate_40",9,FALSE,FALSE
943280,"gate_30",0,FALSE,FALSE
943714,"gate_30",18,TRUE,FALSE
943761,"gate_30",13,FALSE,FALSE
943793,"gate_30",31,TRUE,TRUE
943935,"gate_30",3,FALSE,FALSE
943963,"gate_40",4,FALSE,FALSE
943968,"gate_30",0,FALSE,FALSE
944108,"gate_30",4,FALSE,FALSE
944119,"gate_40",89,TRUE,FALSE
944120,"gate_30",18,TRUE,FALSE
944144,"gate_40",441,TRUE,TRUE
944211,"gate_30",48,FALSE,FALSE
944404,"gate_40",17,FALSE,FALSE
944584,"gate_30",14,TRUE,FALSE
944628,"gate_40",48,TRUE,FALSE
944704,"gate_40",1,FALSE,FALSE
944723,"gate_40",86,FALSE,FALSE
944848,"gate_40",15,FALSE,FALSE
944901,"gate_30",7,TRUE,FALSE
944908,"gate_30",137,TRUE,TRUE
945073,"gate_40",14,FALSE,FALSE
945365,"gate_40",7,FALSE,FALSE
945581,"gate_30",105,FALSE,TRUE
945618,"gate_40",666,TRUE,TRUE
945658,"gate_40",90,TRUE,FALSE
945818,"gate_30",88,TRUE,FALSE
945895,"gate_30",59,TRUE,FALSE
945921,"gate_40",590,TRUE,TRUE
946007,"gate_40",11,TRUE,FALSE
946043,"gate_40",2,FALSE,FALSE
946079,"gate_40",126,FALSE,TRUE
946275,"gate_40",1,FALSE,FALSE
946522,"gate_30",50,FALSE,FALSE
946614,"gate_40",199,TRUE,FALSE
946631,"gate_30",27,FALSE,FALSE
946668,"gate_40",6,FALSE,FALSE
946731,"gate_40",23,FALSE,FALSE
946779,"gate_40",45,TRUE,FALSE
946800,"gate_30",75,TRUE,FALSE
946807,"gate_40",29,FALSE,TRUE
946830,"gate_40",0,FALSE,FALSE
946919,"gate_30",132,TRUE,TRUE
946988,"gate_30",9,FALSE,FALSE
947276,"gate_40",82,TRUE,FALSE
947408,"gate_40",45,TRUE,TRUE
947427,"gate_40",21,FALSE,FALSE
947463,"gate_40",13,FALSE,FALSE
947544,"gate_40",0,FALSE,FALSE
947627,"gate_40",37,TRUE,FALSE
947730,"gate_30",7,FALSE,FALSE
947751,"gate_30",1,FALSE,FALSE
947843,"gate_40",38,FALSE,FALSE
947904,"gate_40",12,TRUE,FALSE
947943,"gate_40",32,TRUE,FALSE
948008,"gate_40",129,FALSE,FALSE
948015,"gate_30",5,FALSE,FALSE
948023,"gate_30",21,FALSE,TRUE
948193,"gate_40",10,FALSE,FALSE
948556,"gate_40",130,TRUE,FALSE
948584,"gate_30",21,FALSE,FALSE
948638,"gate_30",509,TRUE,TRUE
948688,"gate_30",4,FALSE,FALSE
948875,"gate_40",0,FALSE,FALSE
949023,"gate_40",30,TRUE,FALSE
949101,"gate_30",18,FALSE,FALSE
949174,"gate_30",4,FALSE,FALSE
949312,"gate_30",2,FALSE,FALSE
949442,"gate_40",13,FALSE,FALSE
949534,"gate_30",1366,TRUE,TRUE
949632,"gate_40",394,TRUE,TRUE
949820,"gate_30",8,FALSE,FALSE
949833,"gate_30",35,TRUE,TRUE
949875,"gate_40",8,FALSE,FALSE
949952,"gate_40",4,FALSE,FALSE
949971,"gate_40",207,TRUE,TRUE
950002,"gate_30",24,TRUE,FALSE
950180,"gate_40",2,FALSE,FALSE
950199,"gate_40",2,FALSE,FALSE
950210,"gate_30",21,FALSE,FALSE
950294,"gate_40",128,TRUE,TRUE
950308,"gate_40",0,FALSE,FALSE
950476,"gate_40",7,FALSE,FALSE
950506,"gate_40",13,FALSE,FALSE
950666,"gate_40",20,TRUE,TRUE
950676,"gate_40",14,FALSE,FALSE
951025,"gate_40",12,FALSE,FALSE
951103,"gate_40",1,FALSE,FALSE
951290,"gate_40",22,FALSE,FALSE
951390,"gate_30",15,FALSE,FALSE
951576,"gate_30",702,TRUE,TRUE
951706,"gate_40",5,FALSE,FALSE
952049,"gate_40",31,TRUE,FALSE
952137,"gate_30",15,FALSE,FALSE
952364,"gate_30",279,TRUE,TRUE
952707,"gate_40",13,FALSE,FALSE
952853,"gate_40",22,FALSE,FALSE
952994,"gate_40",58,TRUE,TRUE
953010,"gate_30",118,TRUE,TRUE
953099,"gate_30",154,TRUE,TRUE
953269,"gate_30",34,TRUE,FALSE
953275,"gate_30",1,FALSE,FALSE
953529,"gate_30",16,FALSE,FALSE
953675,"gate_30",256,TRUE,TRUE
953688,"gate_40",31,TRUE,FALSE
953781,"gate_40",63,TRUE,FALSE
953845,"gate_40",4,FALSE,FALSE
953921,"gate_30",88,TRUE,TRUE
953988,"gate_30",9,TRUE,FALSE
954165,"gate_30",22,TRUE,FALSE
954313,"gate_40",13,FALSE,FALSE
954483,"gate_40",0,FALSE,FALSE
954501,"gate_40",70,TRUE,FALSE
954596,"gate_30",155,TRUE,TRUE
954606,"gate_30",291,TRUE,TRUE
954617,"gate_30",2,FALSE,FALSE
954991,"gate_40",500,TRUE,TRUE
954993,"gate_40",91,TRUE,TRUE
955200,"gate_30",12,TRUE,FALSE
955227,"gate_40",3,FALSE,FALSE
955259,"gate_40",24,FALSE,FALSE
955269,"gate_40",145,TRUE,TRUE
955312,"gate_40",8,FALSE,FALSE
955404,"gate_30",6,FALSE,FALSE
955504,"gate_30",31,TRUE,FALSE
956067,"gate_40",220,TRUE,TRUE
956203,"gate_30",295,TRUE,TRUE
956264,"gate_30",1,FALSE,FALSE
956288,"gate_30",54,TRUE,FALSE
956324,"gate_30",8,TRUE,FALSE
956486,"gate_30",0,FALSE,FALSE
956528,"gate_40",32,FALSE,FALSE
956730,"gate_40",0,FALSE,FALSE
956818,"gate_30",1,FALSE,FALSE
956861,"gate_30",93,TRUE,TRUE
957082,"gate_40",69,FALSE,TRUE
957091,"gate_40",14,FALSE,FALSE
957236,"gate_40",6,FALSE,FALSE
957263,"gate_30",8,FALSE,FALSE
957300,"gate_40",1,FALSE,FALSE
957385,"gate_40",10,FALSE,FALSE
957495,"gate_30",11,TRUE,FALSE
957553,"gate_40",65,TRUE,FALSE
957612,"gate_30",380,TRUE,TRUE
957646,"gate_30",4,FALSE,FALSE
957670,"gate_30",206,TRUE,TRUE
957739,"gate_40",40,TRUE,FALSE
957815,"gate_30",16,FALSE,TRUE
957890,"gate_30",4,FALSE,FALSE
957930,"gate_30",24,FALSE,FALSE
957958,"gate_40",155,TRUE,TRUE
957983,"gate_40",547,TRUE,FALSE
958036,"gate_30",89,TRUE,FALSE
958190,"gate_30",22,TRUE,FALSE
958440,"gate_40",112,TRUE,TRUE
958549,"gate_40",84,TRUE,TRUE
958727,"gate_30",65,FALSE,FALSE
958743,"gate_30",4,FALSE,FALSE
958748,"gate_40",11,FALSE,FALSE
959000,"gate_30",1,FALSE,FALSE
959030,"gate_40",19,TRUE,FALSE
959039,"gate_30",27,TRUE,FALSE
959385,"gate_30",4,FALSE,FALSE
959395,"gate_30",22,FALSE,FALSE
959489,"gate_40",3,FALSE,FALSE
959600,"gate_30",2,FALSE,FALSE
959662,"gate_40",7,TRUE,FALSE
959701,"gate_30",254,TRUE,FALSE
959834,"gate_30",3,TRUE,FALSE
959884,"gate_30",7,FALSE,FALSE
959900,"gate_40",3,FALSE,TRUE
960243,"gate_40",51,TRUE,FALSE
960299,"gate_30",26,TRUE,FALSE
960561,"gate_30",86,TRUE,TRUE
960572,"gate_40",5,FALSE,FALSE
960649,"gate_40",6,FALSE,FALSE
960695,"gate_40",1,FALSE,FALSE
960748,"gate_30",23,TRUE,FALSE
960768,"gate_30",10,FALSE,FALSE
960868,"gate_30",2,FALSE,FALSE
960992,"gate_30",10,FALSE,FALSE
961087,"gate_40",2,FALSE,FALSE
961158,"gate_40",23,TRUE,FALSE
961159,"gate_30",6,FALSE,FALSE
961193,"gate_40",42,TRUE,TRUE
961260,"gate_40",77,TRUE,FALSE
961298,"gate_30",11,FALSE,FALSE
961426,"gate_30",24,FALSE,FALSE
961597,"gate_40",12,FALSE,FALSE
961668,"gate_30",299,FALSE,TRUE
961692,"gate_30",15,TRUE,FALSE
961885,"gate_30",38,TRUE,FALSE
961892,"gate_30",608,TRUE,TRUE
962106,"gate_30",2,FALSE,FALSE
962133,"gate_40",7,FALSE,FALSE
962155,"gate_40",86,TRUE,TRUE
962239,"gate_40",3,FALSE,FALSE
962263,"gate_30",215,TRUE,TRUE
962376,"gate_30",9,FALSE,FALSE
962447,"gate_40",14,FALSE,FALSE
962613,"gate_40",315,TRUE,TRUE
962681,"gate_30",63,TRUE,FALSE
962817,"gate_30",7,TRUE,FALSE
962948,"gate_40",47,TRUE,TRUE
963138,"gate_30",48,TRUE,FALSE
963174,"gate_30",14,TRUE,TRUE
963331,"gate_30",3,FALSE,FALSE
963418,"gate_30",137,TRUE,TRUE
963563,"gate_40",77,FALSE,FALSE
963758,"gate_30",9,TRUE,FALSE
964066,"gate_30",5,FALSE,FALSE
964474,"gate_40",32,FALSE,TRUE
964715,"gate_30",51,FALSE,FALSE
964762,"gate_40",37,TRUE,FALSE
964823,"gate_30",24,TRUE,FALSE
964946,"gate_30",133,TRUE,TRUE
965223,"gate_40",1,FALSE,FALSE
965367,"gate_40",6,FALSE,FALSE
965812,"gate_40",1,FALSE,FALSE
965898,"gate_30",15,TRUE,FALSE
965939,"gate_30",34,TRUE,FALSE
966055,"gate_40",23,TRUE,TRUE
966060,"gate_40",8,FALSE,FALSE
966138,"gate_40",13,TRUE,FALSE
966527,"gate_30",17,TRUE,FALSE
966575,"gate_40",19,TRUE,FALSE
966578,"gate_40",2,FALSE,FALSE
966612,"gate_40",5,FALSE,FALSE
966623,"gate_30",11,FALSE,FALSE
966632,"gate_30",37,FALSE,TRUE
966707,"gate_40",11,FALSE,FALSE
966792,"gate_30",130,FALSE,TRUE
966823,"gate_40",0,FALSE,FALSE
966883,"gate_30",68,FALSE,FALSE
966983,"gate_30",8,TRUE,FALSE
967570,"gate_30",8,FALSE,FALSE
967671,"gate_40",39,FALSE,FALSE
968108,"gate_40",3,FALSE,FALSE
968170,"gate_30",75,TRUE,FALSE
968264,"gate_40",1,FALSE,FALSE
968309,"gate_40",27,TRUE,FALSE
968324,"gate_30",101,TRUE,FALSE
968420,"gate_30",21,FALSE,FALSE
968550,"gate_40",16,FALSE,FALSE
968600,"gate_40",146,TRUE,TRUE
968850,"gate_40",105,TRUE,FALSE
969043,"gate_30",10,FALSE,FALSE
969156,"gate_40",8,FALSE,FALSE
969190,"gate_40",164,FALSE,FALSE
969278,"gate_30",3,FALSE,FALSE
969401,"gate_40",10,FALSE,FALSE
969434,"gate_40",15,FALSE,FALSE
969510,"gate_30",4,FALSE,FALSE
969574,"gate_40",1,FALSE,FALSE
969593,"gate_30",41,FALSE,TRUE
969771,"gate_40",33,TRUE,FALSE
970165,"gate_40",32,TRUE,FALSE
970527,"gate_30",50,TRUE,TRUE
970578,"gate_40",3,FALSE,FALSE
970644,"gate_30",33,FALSE,FALSE
970798,"gate_30",1,FALSE,FALSE
970962,"gate_40",45,TRUE,FALSE
971021,"gate_40",3,FALSE,FALSE
971157,"gate_30",422,TRUE,TRUE
971175,"gate_40",1,FALSE,FALSE
971293,"gate_30",216,TRUE,TRUE
971295,"gate_40",17,FALSE,FALSE
971310,"gate_30",18,FALSE,TRUE
971410,"gate_30",7,FALSE,FALSE
971555,"gate_30",266,TRUE,TRUE
971800,"gate_30",251,TRUE,TRUE
971871,"gate_40",54,TRUE,FALSE
971883,"gate_30",2,FALSE,FALSE
972073,"gate_30",2,FALSE,FALSE
972125,"gate_40",8,FALSE,FALSE
972450,"gate_40",4,FALSE,FALSE
972459,"gate_40",22,FALSE,FALSE
972479,"gate_30",3,FALSE,FALSE
972556,"gate_40",42,TRUE,FALSE
972764,"gate_30",7,FALSE,FALSE
972811,"gate_30",104,TRUE,FALSE
972815,"gate_40",142,TRUE,FALSE
972926,"gate_30",10,FALSE,FALSE
972936,"gate_30",2,FALSE,FALSE
973076,"gate_40",21,TRUE,FALSE
973096,"gate_40",31,FALSE,FALSE
973100,"gate_30",371,TRUE,FALSE
973179,"gate_30",45,FALSE,FALSE
973188,"gate_30",5,FALSE,FALSE
973215,"gate_30",36,FALSE,FALSE
973239,"gate_30",1,FALSE,FALSE
973257,"gate_30",24,TRUE,FALSE
973265,"gate_40",8,FALSE,FALSE
973286,"gate_40",26,TRUE,FALSE
973382,"gate_30",117,FALSE,FALSE
973414,"gate_30",15,TRUE,FALSE
973429,"gate_40",14,FALSE,FALSE
973709,"gate_40",68,TRUE,TRUE
973712,"gate_30",266,TRUE,TRUE
973713,"gate_40",2,FALSE,FALSE
973828,"gate_40",72,TRUE,TRUE
973925,"gate_40",46,TRUE,FALSE
974003,"gate_40",610,TRUE,TRUE
974050,"gate_40",24,TRUE,FALSE
974398,"gate_40",2,FALSE,TRUE
974528,"gate_30",7,FALSE,FALSE
974540,"gate_30",1,FALSE,FALSE
974710,"gate_40",17,FALSE,FALSE
974735,"gate_40",32,FALSE,FALSE
974831,"gate_30",9,FALSE,FALSE
974894,"gate_30",33,FALSE,FALSE
975059,"gate_40",131,TRUE,FALSE
975183,"gate_40",1,FALSE,FALSE
975226,"gate_40",6,FALSE,FALSE
975402,"gate_30",1,FALSE,FALSE
975440,"gate_30",122,FALSE,TRUE
975547,"gate_40",5,FALSE,FALSE
975886,"gate_40",69,TRUE,FALSE
975893,"gate_30",13,FALSE,FALSE
976004,"gate_40",11,TRUE,FALSE
976043,"gate_30",0,FALSE,FALSE
976644,"gate_30",6,TRUE,FALSE
976813,"gate_40",5,FALSE,FALSE
976882,"gate_30",100,TRUE,FALSE
976953,"gate_40",1,FALSE,FALSE
976960,"gate_30",21,TRUE,FALSE
976971,"gate_40",7,FALSE,FALSE
977155,"gate_40",2,FALSE,FALSE
977333,"gate_30",1,FALSE,FALSE
977495,"gate_30",7,FALSE,TRUE
977621,"gate_40",26,FALSE,FALSE
977632,"gate_30",7,TRUE,FALSE
977907,"gate_30",225,TRUE,TRUE
977913,"gate_40",1,FALSE,FALSE
978092,"gate_40",2,FALSE,FALSE
978252,"gate_30",26,TRUE,FALSE
978366,"gate_30",25,FALSE,FALSE
978456,"gate_30",0,FALSE,FALSE
978949,"gate_30",98,TRUE,FALSE
979061,"gate_30",6,FALSE,FALSE
979133,"gate_40",54,TRUE,TRUE
979195,"gate_30",12,TRUE,FALSE
979277,"gate_30",56,TRUE,FALSE
979318,"gate_40",177,TRUE,TRUE
979334,"gate_30",12,TRUE,TRUE
979344,"gate_30",44,FALSE,TRUE
979416,"gate_30",3,FALSE,FALSE
979500,"gate_30",7,FALSE,FALSE
979656,"gate_40",16,TRUE,FALSE
979791,"gate_30",48,TRUE,FALSE
980062,"gate_40",5,FALSE,FALSE
980092,"gate_40",240,TRUE,FALSE
980114,"gate_30",15,FALSE,FALSE
980198,"gate_40",180,TRUE,TRUE
980364,"gate_40",20,FALSE,FALSE
980563,"gate_40",3,FALSE,FALSE
980741,"gate_30",0,TRUE,FALSE
980764,"gate_30",3,TRUE,FALSE
980826,"gate_40",120,TRUE,TRUE
980913,"gate_40",1,TRUE,FALSE
981036,"gate_40",20,TRUE,FALSE
981044,"gate_30",61,FALSE,TRUE
981047,"gate_40",20,TRUE,FALSE
981141,"gate_30",20,TRUE,FALSE
981174,"gate_40",47,TRUE,FALSE
981192,"gate_30",2,FALSE,FALSE
981289,"gate_30",0,FALSE,FALSE
981457,"gate_30",0,FALSE,FALSE
981483,"gate_30",5,FALSE,FALSE
981804,"gate_40",47,TRUE,TRUE
981972,"gate_30",15,FALSE,FALSE
982034,"gate_30",129,TRUE,FALSE
982128,"gate_30",74,TRUE,FALSE
982185,"gate_40",22,TRUE,FALSE
982281,"gate_40",7,TRUE,FALSE
982438,"gate_40",6,FALSE,FALSE
982760,"gate_30",54,FALSE,FALSE
982844,"gate_40",3,FALSE,FALSE
982997,"gate_30",11,FALSE,FALSE
983072,"gate_30",291,TRUE,TRUE
983101,"gate_40",791,TRUE,TRUE
983127,"gate_40",18,TRUE,FALSE
983132,"gate_30",4,FALSE,FALSE
983137,"gate_30",24,TRUE,FALSE
983245,"gate_40",58,FALSE,TRUE
983402,"gate_30",33,TRUE,FALSE
983516,"gate_40",11,TRUE,FALSE
983544,"gate_30",122,TRUE,TRUE
983785,"gate_40",24,FALSE,FALSE
984147,"gate_40",3,TRUE,FALSE
984212,"gate_40",11,FALSE,FALSE
984292,"gate_30",432,TRUE,FALSE
984436,"gate_40",196,TRUE,TRUE
984531,"gate_40",664,TRUE,TRUE
984826,"gate_40",0,FALSE,FALSE
984898,"gate_40",5,FALSE,FALSE
984938,"gate_30",0,FALSE,FALSE
985166,"gate_30",107,TRUE,TRUE
985180,"gate_30",5,FALSE,FALSE
985186,"gate_30",7,FALSE,FALSE
985288,"gate_30",69,TRUE,FALSE
985376,"gate_40",21,FALSE,FALSE
985399,"gate_40",254,TRUE,FALSE
985636,"gate_30",4,FALSE,FALSE
985832,"gate_30",195,TRUE,FALSE
986244,"gate_30",13,TRUE,TRUE
986268,"gate_40",7,FALSE,FALSE
986317,"gate_30",87,TRUE,TRUE
986324,"gate_30",37,TRUE,FALSE
986461,"gate_40",210,TRUE,FALSE
986579,"gate_30",472,TRUE,TRUE
986638,"gate_30",21,TRUE,TRUE
986734,"gate_30",8,FALSE,FALSE
987022,"gate_30",57,TRUE,FALSE
987026,"gate_30",62,TRUE,FALSE
987150,"gate_30",1,FALSE,FALSE
987217,"gate_40",13,FALSE,FALSE
987222,"gate_30",11,TRUE,FALSE
987361,"gate_30",366,TRUE,TRUE
987438,"gate_30",136,TRUE,FALSE
987548,"gate_30",11,FALSE,FALSE
987596,"gate_30",85,TRUE,TRUE
987778,"gate_30",6,FALSE,FALSE
987941,"gate_40",148,TRUE,TRUE
987990,"gate_30",1,FALSE,FALSE
988038,"gate_40",177,TRUE,TRUE
988040,"gate_40",5,FALSE,FALSE
988161,"gate_40",165,TRUE,TRUE
988185,"gate_40",26,TRUE,FALSE
988197,"gate_40",17,TRUE,FALSE
988430,"gate_40",1,FALSE,FALSE
988452,"gate_40",8,FALSE,FALSE
988462,"gate_40",1,FALSE,FALSE
988500,"gate_40",8,TRUE,FALSE
988907,"gate_40",3,FALSE,FALSE
988949,"gate_30",4,TRUE,FALSE
989137,"gate_30",1,FALSE,FALSE
989216,"gate_40",1,FALSE,FALSE
989364,"gate_30",33,FALSE,FALSE
989512,"gate_30",21,TRUE,FALSE
989900,"gate_40",9,FALSE,TRUE
990032,"gate_40",13,FALSE,FALSE
990033,"gate_30",50,TRUE,FALSE
990297,"gate_30",13,FALSE,FALSE
990370,"gate_30",0,FALSE,FALSE
990461,"gate_30",298,TRUE,TRUE
990720,"gate_40",36,FALSE,FALSE
990802,"gate_30",122,TRUE,TRUE
990846,"gate_40",69,TRUE,FALSE
990908,"gate_30",0,FALSE,FALSE
991224,"gate_30",1,TRUE,FALSE
991225,"gate_40",46,TRUE,FALSE
991236,"gate_30",23,FALSE,FALSE
991528,"gate_40",0,FALSE,FALSE
991555,"gate_30",0,FALSE,FALSE
991937,"gate_40",69,TRUE,FALSE
992204,"gate_40",11,TRUE,FALSE
992288,"gate_30",22,FALSE,FALSE
992336,"gate_30",8,FALSE,FALSE
992557,"gate_40",59,TRUE,FALSE
992566,"gate_30",8,TRUE,FALSE
992744,"gate_30",266,TRUE,TRUE
992771,"gate_40",35,TRUE,FALSE
992830,"gate_30",5,FALSE,FALSE
992995,"gate_30",36,TRUE,FALSE
993032,"gate_40",0,FALSE,FALSE
993217,"gate_30",281,TRUE,TRUE
993294,"gate_40",46,TRUE,FALSE
993431,"gate_40",2,FALSE,FALSE
993461,"gate_30",41,TRUE,FALSE
993583,"gate_40",226,TRUE,TRUE
993673,"gate_30",61,TRUE,FALSE
993800,"gate_30",20,TRUE,FALSE
993935,"gate_40",10,FALSE,FALSE
993981,"gate_40",4,FALSE,FALSE
994003,"gate_30",111,TRUE,TRUE
994052,"gate_30",24,TRUE,FALSE
994394,"gate_30",47,TRUE,FALSE
994464,"gate_30",72,TRUE,FALSE
994587,"gate_40",16,FALSE,FALSE
994663,"gate_40",23,FALSE,FALSE
994696,"gate_40",2,FALSE,FALSE
994776,"gate_30",36,TRUE,FALSE
994852,"gate_40",0,FALSE,FALSE
994964,"gate_40",3,FALSE,FALSE
995156,"gate_30",197,TRUE,TRUE
995237,"gate_30",13,FALSE,FALSE
995311,"gate_30",13,FALSE,FALSE
995866,"gate_30",4,FALSE,FALSE
995952,"gate_40",58,TRUE,FALSE
996077,"gate_40",7,FALSE,FALSE
996098,"gate_30",92,TRUE,TRUE
996114,"gate_30",1,TRUE,FALSE
996325,"gate_30",0,FALSE,FALSE
996528,"gate_40",111,TRUE,FALSE
996582,"gate_30",499,FALSE,TRUE
996679,"gate_30",18,FALSE,FALSE
996759,"gate_30",14,TRUE,FALSE
996783,"gate_30",11,FALSE,FALSE
996940,"gate_40",353,TRUE,TRUE
996975,"gate_30",15,FALSE,FALSE
997094,"gate_30",3,FALSE,FALSE
997310,"gate_30",167,TRUE,TRUE
997316,"gate_40",71,TRUE,FALSE
997794,"gate_30",18,FALSE,FALSE
997800,"gate_30",15,TRUE,FALSE
997845,"gate_40",3,FALSE,FALSE
997853,"gate_40",17,TRUE,FALSE
998145,"gate_40",10,FALSE,FALSE
998346,"gate_30",38,TRUE,TRUE
998365,"gate_40",69,TRUE,FALSE
998368,"gate_40",27,FALSE,FALSE
998481,"gate_30",32,FALSE,FALSE
998873,"gate_40",4,FALSE,FALSE
999083,"gate_40",1,FALSE,FALSE
999194,"gate_40",5,FALSE,FALSE
999199,"gate_30",14,TRUE,FALSE
999222,"gate_30",585,TRUE,TRUE
999371,"gate_40",12,TRUE,FALSE
999718,"gate_30",1,FALSE,FALSE
999812,"gate_30",0,FALSE,FALSE
1000074,"gate_40",70,TRUE,FALSE
1000365,"gate_40",19,FALSE,FALSE
1000372,"gate_30",28,FALSE,FALSE
1000375,"gate_30",77,TRUE,FALSE
1000502,"gate_40",2,FALSE,FALSE
1000589,"gate_40",0,FALSE,FALSE
1000806,"gate_30",152,FALSE,TRUE
1000814,"gate_40",3,FALSE,FALSE
1000919,"gate_40",5,FALSE,FALSE
1000952,"gate_40",1,FALSE,FALSE
1001070,"gate_40",129,TRUE,TRUE
1001194,"gate_40",16,FALSE,FALSE
1001288,"gate_40",49,TRUE,TRUE
1001411,"gate_40",17,TRUE,TRUE
1001610,"gate_30",27,FALSE,FALSE
1001632,"gate_40",2,FALSE,FALSE
1001683,"gate_30",3,TRUE,FALSE
1001689,"gate_30",3,FALSE,FALSE
1001718,"gate_40",2,FALSE,FALSE
1001744,"gate_30",41,TRUE,FALSE
1001746,"gate_30",58,TRUE,FALSE
1001785,"gate_40",23,FALSE,FALSE
1001853,"gate_40",45,TRUE,TRUE
1002041,"gate_40",4,FALSE,FALSE
1002107,"gate_40",8,FALSE,FALSE
1002299,"gate_30",157,TRUE,FALSE
1002579,"gate_40",15,TRUE,FALSE
1002581,"gate_40",23,TRUE,FALSE
1002717,"gate_30",44,TRUE,TRUE
1003195,"gate_30",16,FALSE,FALSE
1003342,"gate_30",12,FALSE,FALSE
1003396,"gate_40",138,TRUE,FALSE
1003451,"gate_30",16,TRUE,FALSE
1003475,"gate_30",38,TRUE,TRUE
1003493,"gate_40",6,FALSE,FALSE
1003544,"gate_40",13,FALSE,FALSE
1003556,"gate_40",26,TRUE,FALSE
1003576,"gate_30",24,TRUE,FALSE
1003738,"gate_30",121,TRUE,FALSE
1004031,"gate_30",36,TRUE,FALSE
1004257,"gate_30",8,TRUE,FALSE
1004302,"gate_40",51,TRUE,FALSE
1004373,"gate_30",15,FALSE,FALSE
1004530,"gate_40",61,TRUE,FALSE
1004577,"gate_40",54,TRUE,TRUE
1004589,"gate_40",27,TRUE,FALSE
1004590,"gate_30",93,TRUE,TRUE
1004650,"gate_30",169,TRUE,TRUE
1004929,"gate_40",0,FALSE,FALSE
1005081,"gate_30",3,FALSE,FALSE
1005107,"gate_40",6,TRUE,FALSE
1005140,"gate_40",92,TRUE,FALSE
1005263,"gate_30",31,TRUE,FALSE
1005374,"gate_30",81,TRUE,TRUE
1005388,"gate_40",24,TRUE,FALSE
1005480,"gate_40",11,TRUE,FALSE
1005668,"gate_30",63,TRUE,FALSE
1005701,"gate_40",7,FALSE,FALSE
1005851,"gate_30",536,TRUE,TRUE
1006040,"gate_30",6,FALSE,FALSE
1006142,"gate_40",107,FALSE,FALSE
1006233,"gate_40",9,FALSE,FALSE
1006289,"gate_30",23,FALSE,FALSE
1006340,"gate_40",21,TRUE,FALSE
1006503,"gate_30",1,FALSE,FALSE
1006508,"gate_30",25,TRUE,TRUE
1006560,"gate_40",22,FALSE,FALSE
1006593,"gate_30",35,FALSE,FALSE
1006946,"gate_30",48,TRUE,FALSE
1007048,"gate_40",11,FALSE,FALSE
1007129,"gate_40",1,FALSE,FALSE
1007202,"gate_30",2,FALSE,FALSE
1007331,"gate_30",17,FALSE,FALSE
1007441,"gate_40",15,FALSE,FALSE
1007586,"gate_40",566,TRUE,TRUE
1007665,"gate_30",172,TRUE,TRUE
1007753,"gate_40",27,TRUE,FALSE
1008065,"gate_30",1,FALSE,FALSE
1008112,"gate_30",24,TRUE,FALSE
1008136,"gate_30",14,FALSE,FALSE
1008142,"gate_40",1,FALSE,FALSE
1008220,"gate_40",103,TRUE,TRUE
1008253,"gate_40",2,FALSE,FALSE
1008332,"gate_30",138,TRUE,FALSE
1008493,"gate_40",9,FALSE,FALSE
1008505,"gate_30",3,FALSE,FALSE
1008580,"gate_30",21,FALSE,FALSE
1009011,"gate_40",36,TRUE,FALSE
1009045,"gate_40",40,FALSE,FALSE
1009161,"gate_40",133,TRUE,TRUE
1009192,"gate_30",15,FALSE,FALSE
1009223,"gate_30",4,FALSE,FALSE
1009498,"gate_40",27,FALSE,FALSE
1009576,"gate_30",1,FALSE,FALSE
1009675,"gate_30",2,FALSE,FALSE
1009710,"gate_30",19,TRUE,FALSE
1009891,"gate_30",8,FALSE,FALSE
1009916,"gate_30",9,FALSE,FALSE
1009999,"gate_30",390,TRUE,TRUE
1010022,"gate_40",3,FALSE,FALSE
1010681,"gate_30",135,TRUE,TRUE
1010838,"gate_30",34,TRUE,FALSE
1011141,"gate_30",1,FALSE,FALSE
1011164,"gate_30",147,TRUE,FALSE
1011207,"gate_40",6,FALSE,FALSE
1011239,"gate_40",60,TRUE,FALSE
1011310,"gate_30",134,TRUE,TRUE
1011476,"gate_40",28,TRUE,FALSE
1011723,"gate_40",2,FALSE,FALSE
1011770,"gate_30",0,TRUE,FALSE
1011836,"gate_30",259,TRUE,TRUE
1011853,"gate_40",5,FALSE,FALSE
1011935,"gate_40",356,TRUE,TRUE
1011998,"gate_40",15,FALSE,FALSE
1012013,"gate_40",56,TRUE,FALSE
1012014,"gate_40",19,TRUE,TRUE
1012049,"gate_30",74,TRUE,FALSE
1012117,"gate_40",389,TRUE,TRUE
1012226,"gate_40",115,TRUE,TRUE
1012385,"gate_30",37,TRUE,FALSE
1012478,"gate_40",163,TRUE,FALSE
1012505,"gate_40",77,TRUE,TRUE
1012516,"gate_30",2,FALSE,FALSE
1012645,"gate_40",6,FALSE,FALSE
1012652,"gate_40",199,TRUE,TRUE
1012693,"gate_30",55,TRUE,TRUE
1012697,"gate_30",2,FALSE,FALSE
1012719,"gate_40",5,FALSE,FALSE
1012792,"gate_30",15,FALSE,FALSE
1012826,"gate_40",123,FALSE,TRUE
1012920,"gate_30",42,TRUE,FALSE
1013000,"gate_40",10,FALSE,FALSE
1013051,"gate_30",12,FALSE,FALSE
1013279,"gate_40",21,FALSE,TRUE
1013294,"gate_40",5,FALSE,FALSE
1013356,"gate_40",0,FALSE,FALSE
1013751,"gate_30",55,TRUE,FALSE
1013862,"gate_30",34,TRUE,FALSE
1013970,"gate_40",4,FALSE,FALSE
1014042,"gate_40",136,FALSE,FALSE
1014113,"gate_30",11,FALSE,FALSE
1014131,"gate_40",5,FALSE,FALSE
1014324,"gate_30",242,TRUE,FALSE
1014447,"gate_30",118,FALSE,FALSE
1014478,"gate_40",67,TRUE,TRUE
1014723,"gate_40",1,FALSE,FALSE
1015125,"gate_30",1,FALSE,FALSE
1015140,"gate_40",11,TRUE,FALSE
1015156,"gate_40",5,FALSE,FALSE
1015587,"gate_40",5,TRUE,FALSE
1015668,"gate_30",1,FALSE,FALSE
1015740,"gate_30",8,FALSE,FALSE
1015852,"gate_40",1,FALSE,FALSE
1016101,"gate_30",97,TRUE,FALSE
1016122,"gate_30",2,FALSE,FALSE
1016181,"gate_40",35,FALSE,FALSE
1016229,"gate_30",38,TRUE,TRUE
1016320,"gate_40",37,TRUE,FALSE
1016337,"gate_30",37,TRUE,TRUE
1016344,"gate_40",126,TRUE,FALSE
1016456,"gate_30",17,FALSE,FALSE
1016501,"gate_40",58,TRUE,FALSE
1016741,"gate_40",65,FALSE,FALSE
1016815,"gate_40",6,TRUE,FALSE
1016910,"gate_30",40,TRUE,FALSE
1017049,"gate_40",14,FALSE,TRUE
1017136,"gate_30",1,FALSE,FALSE
1017185,"gate_40",10,TRUE,FALSE
1017463,"gate_40",37,FALSE,FALSE
1017518,"gate_30",2,FALSE,FALSE
1017674,"gate_40",1,FALSE,FALSE
1017902,"gate_30",2,FALSE,FALSE
1018049,"gate_40",13,FALSE,FALSE
1018109,"gate_30",1,FALSE,FALSE
1018162,"gate_40",71,TRUE,FALSE
1018324,"gate_30",7,FALSE,FALSE
1018368,"gate_30",0,FALSE,FALSE
1018500,"gate_40",151,TRUE,FALSE
1018732,"gate_30",55,TRUE,FALSE
1018785,"gate_40",137,TRUE,FALSE
1019024,"gate_30",59,TRUE,FALSE
1019051,"gate_40",164,TRUE,TRUE
1019210,"gate_40",11,FALSE,FALSE
1019251,"gate_30",7,FALSE,FALSE
1019252,"gate_40",46,TRUE,TRUE
1019466,"gate_40",2,FALSE,FALSE
1019467,"gate_30",25,TRUE,FALSE
1019536,"gate_40",32,FALSE,FALSE
1019547,"gate_30",32,TRUE,FALSE
1019576,"gate_30",5,FALSE,FALSE
1019621,"gate_30",4,FALSE,FALSE
1019696,"gate_30",52,TRUE,TRUE
1019734,"gate_40",2,FALSE,FALSE
1019745,"gate_30",76,TRUE,TRUE
1019989,"gate_30",125,TRUE,TRUE
1020210,"gate_30",1,FALSE,FALSE
1020221,"gate_30",107,TRUE,TRUE
1020481,"gate_30",13,FALSE,FALSE
1020503,"gate_30",65,TRUE,TRUE
1020581,"gate_40",23,TRUE,TRUE
1020582,"gate_40",25,TRUE,FALSE
1020681,"gate_30",122,FALSE,TRUE
1020782,"gate_30",17,FALSE,FALSE
1020787,"gate_40",8,TRUE,FALSE
1020801,"gate_30",51,TRUE,TRUE
1020819,"gate_30",0,FALSE,FALSE
1020926,"gate_40",10,FALSE,FALSE
1021068,"gate_40",15,TRUE,FALSE
1021250,"gate_40",3,FALSE,FALSE
1021377,"gate_30",1,FALSE,FALSE
1021444,"gate_40",7,FALSE,FALSE
1021494,"gate_30",12,FALSE,FALSE
1021616,"gate_40",30,FALSE,FALSE
1021649,"gate_30",55,TRUE,FALSE
1021788,"gate_30",10,TRUE,FALSE
1022202,"gate_30",16,TRUE,FALSE
1022205,"gate_40",183,TRUE,TRUE
1022242,"gate_30",21,TRUE,FALSE
1022537,"gate_30",1,FALSE,FALSE
1022543,"gate_40",30,FALSE,FALSE
1022560,"gate_40",4,FALSE,FALSE
1022566,"gate_30",48,TRUE,TRUE
1022694,"gate_40",4,FALSE,FALSE
1022893,"gate_30",101,FALSE,TRUE
1022947,"gate_30",13,FALSE,TRUE
1023174,"gate_30",5,FALSE,FALSE
1023308,"gate_40",5,FALSE,FALSE
1023608,"gate_40",6,FALSE,FALSE
1023997,"gate_30",5,FALSE,FALSE
1024337,"gate_40",110,TRUE,FALSE
1024462,"gate_40",1,FALSE,FALSE
1024527,"gate_40",5,FALSE,FALSE
1024543,"gate_30",6,FALSE,FALSE
1024548,"gate_40",1,FALSE,FALSE
1024601,"gate_40",32,TRUE,FALSE
1024690,"gate_40",158,TRUE,FALSE
1024782,"gate_30",81,TRUE,TRUE
1024898,"gate_30",35,FALSE,TRUE
1024945,"gate_40",91,TRUE,FALSE
1025054,"gate_30",12,FALSE,FALSE
1025124,"gate_30",6,TRUE,FALSE
1025158,"gate_30",5,FALSE,FALSE
1025246,"gate_40",75,TRUE,TRUE
1025325,"gate_40",29,TRUE,FALSE
1025706,"gate_30",34,TRUE,FALSE
1025875,"gate_30",28,FALSE,FALSE
1025965,"gate_40",16,FALSE,FALSE
1025989,"gate_40",17,FALSE,FALSE
1026024,"gate_30",5,TRUE,FALSE
1026119,"gate_40",60,TRUE,FALSE
1026145,"gate_30",2,FALSE,FALSE
1026415,"gate_30",7,FALSE,FALSE
1026468,"gate_30",7,FALSE,FALSE
1026498,"gate_30",9,FALSE,FALSE
1026536,"gate_40",10,FALSE,FALSE
1026794,"gate_40",34,TRUE,FALSE
1026980,"gate_30",42,TRUE,FALSE
1027033,"gate_30",4,TRUE,FALSE
1027073,"gate_30",5,FALSE,FALSE
1027103,"gate_40",3,FALSE,FALSE
1027167,"gate_40",26,TRUE,FALSE
1027170,"gate_30",14,FALSE,FALSE
1027301,"gate_30",6,FALSE,FALSE
1027387,"gate_40",1,FALSE,FALSE
1027483,"gate_40",7,FALSE,FALSE
1027521,"gate_40",21,FALSE,FALSE
1027649,"gate_30",430,TRUE,TRUE
1027766,"gate_30",183,TRUE,FALSE
1027917,"gate_40",24,FALSE,FALSE
1027965,"gate_30",6,FALSE,FALSE
1028043,"gate_40",378,TRUE,FALSE
1028062,"gate_30",123,TRUE,TRUE
1028165,"gate_40",6,TRUE,FALSE
1028242,"gate_30",3,FALSE,FALSE
1028287,"gate_40",41,TRUE,FALSE
1028329,"gate_40",9,FALSE,FALSE
1028567,"gate_40",2,FALSE,FALSE
1028618,"gate_40",24,TRUE,FALSE
1028643,"gate_40",77,TRUE,FALSE
1029099,"gate_30",37,TRUE,FALSE
1029139,"gate_40",34,TRUE,FALSE
1029341,"gate_40",5,TRUE,FALSE
1029369,"gate_40",13,FALSE,FALSE
1029645,"gate_40",51,TRUE,FALSE
1029684,"gate_30",4,FALSE,FALSE
1029718,"gate_30",9,FALSE,FALSE
1029738,"gate_30",204,TRUE,TRUE
1029818,"gate_40",1,FALSE,FALSE
1029882,"gate_40",47,TRUE,FALSE
1029894,"gate_40",6,FALSE,FALSE
1029989,"gate_30",2,FALSE,FALSE
1030020,"gate_30",33,FALSE,FALSE
1030038,"gate_30",10,FALSE,FALSE
1030168,"gate_30",16,FALSE,FALSE
1030184,"gate_30",71,FALSE,FALSE
1030303,"gate_30",28,FALSE,FALSE
1030621,"gate_30",1,FALSE,FALSE
1030778,"gate_40",34,TRUE,FALSE
1030990,"gate_30",104,TRUE,FALSE
1031089,"gate_40",1,FALSE,FALSE
1031239,"gate_30",16,TRUE,FALSE
1031450,"gate_40",265,TRUE,TRUE
1031508,"gate_30",56,TRUE,FALSE
1032108,"gate_30",52,TRUE,FALSE
1032682,"gate_30",26,TRUE,FALSE
1032911,"gate_40",27,FALSE,FALSE
1032926,"gate_30",32,TRUE,FALSE
1032961,"gate_40",29,FALSE,FALSE
1033100,"gate_30",39,FALSE,FALSE
1033484,"gate_40",2,FALSE,FALSE
1033593,"gate_40",27,FALSE,FALSE
1033629,"gate_40",42,FALSE,FALSE
1033659,"gate_40",139,TRUE,TRUE
1033718,"gate_40",419,TRUE,FALSE
1033756,"gate_30",0,FALSE,FALSE
1033813,"gate_30",120,TRUE,FALSE
1033878,"gate_30",3,FALSE,FALSE
1034013,"gate_40",1,FALSE,FALSE
1034145,"gate_40",6,FALSE,FALSE
1034150,"gate_40",114,FALSE,FALSE
1034261,"gate_40",11,FALSE,FALSE
1034493,"gate_40",14,FALSE,FALSE
1034563,"gate_40",8,FALSE,FALSE
1034811,"gate_40",30,TRUE,TRUE
1034854,"gate_40",92,TRUE,FALSE
1035018,"gate_40",5,TRUE,FALSE
1035237,"gate_40",7,FALSE,FALSE
1035349,"gate_40",27,TRUE,TRUE
1035350,"gate_30",6,FALSE,FALSE
1035373,"gate_40",4,FALSE,FALSE
1035384,"gate_40",2,FALSE,FALSE
1035391,"gate_40",9,FALSE,FALSE
1035487,"gate_40",6,FALSE,FALSE
1035591,"gate_30",10,TRUE,FALSE
1035763,"gate_40",0,FALSE,FALSE
1035835,"gate_30",76,TRUE,TRUE
1036079,"gate_40",16,FALSE,FALSE
1036104,"gate_40",15,FALSE,FALSE
1036207,"gate_30",28,FALSE,FALSE
1036607,"gate_40",15,FALSE,FALSE
1036635,"gate_40",151,TRUE,TRUE
1036666,"gate_30",3,FALSE,FALSE
1036954,"gate_40",242,TRUE,TRUE
1036974,"gate_30",4,FALSE,FALSE
1037142,"gate_30",2,FALSE,FALSE
1037406,"gate_40",3,FALSE,FALSE
1037595,"gate_40",1,FALSE,FALSE
1037663,"gate_40",19,TRUE,FALSE
1037736,"gate_30",0,FALSE,FALSE
1037756,"gate_40",1,FALSE,FALSE
1037775,"gate_30",9,FALSE,FALSE
1037781,"gate_30",6,FALSE,FALSE
1037904,"gate_40",96,FALSE,FALSE
1037937,"gate_40",0,FALSE,FALSE
1037945,"gate_30",41,TRUE,FALSE
1037980,"gate_40",71,TRUE,FALSE
1038032,"gate_40",97,TRUE,TRUE
1038035,"gate_30",0,FALSE,FALSE
1038186,"gate_40",20,TRUE,FALSE
1038226,"gate_30",10,FALSE,FALSE
1038301,"gate_30",3,FALSE,FALSE
1038387,"gate_30",24,TRUE,FALSE
1038440,"gate_30",18,TRUE,FALSE
1038532,"gate_40",1,FALSE,FALSE
1038580,"gate_30",2,TRUE,FALSE
1038685,"gate_40",47,TRUE,FALSE
1038727,"gate_40",56,FALSE,FALSE
1038931,"gate_30",7,TRUE,FALSE
1039250,"gate_40",6,FALSE,FALSE
1039460,"gate_30",4,FALSE,FALSE
1039605,"gate_40",0,FALSE,FALSE
1039699,"gate_30",7,FALSE,FALSE
1040437,"gate_30",39,FALSE,FALSE
1040897,"gate_40",94,TRUE,FALSE
1041053,"gate_30",49,TRUE,FALSE
1041297,"gate_40",55,TRUE,TRUE
1041371,"gate_30",1,FALSE,FALSE
1041461,"gate_30",88,TRUE,FALSE
1041538,"gate_30",1,FALSE,FALSE
1041852,"gate_40",152,TRUE,TRUE
1041865,"gate_30",4,FALSE,FALSE
1041870,"gate_40",22,FALSE,FALSE
1041929,"gate_40",351,TRUE,TRUE
1042071,"gate_30",27,TRUE,FALSE
1042150,"gate_40",1,FALSE,FALSE
1042211,"gate_30",43,TRUE,FALSE
1042242,"gate_30",4,FALSE,FALSE
1042622,"gate_40",65,FALSE,FALSE
1042819,"gate_30",6,FALSE,FALSE
1042866,"gate_40",1,FALSE,FALSE
1042973,"gate_30",75,TRUE,FALSE
1043021,"gate_40",23,FALSE,FALSE
1043279,"gate_40",23,TRUE,FALSE
1043316,"gate_40",16,FALSE,FALSE
1043394,"gate_30",37,FALSE,TRUE
1043531,"gate_30",1,FALSE,FALSE
1043601,"gate_40",15,TRUE,FALSE
1043758,"gate_40",13,TRUE,FALSE
1043871,"gate_40",2,TRUE,FALSE
1044004,"gate_40",14,FALSE,FALSE
1044053,"gate_40",101,FALSE,TRUE
1044070,"gate_40",3,TRUE,FALSE
1044113,"gate_40",4,TRUE,FALSE
1044345,"gate_30",4,FALSE,FALSE
1044376,"gate_30",38,TRUE,FALSE
1044877,"gate_30",13,FALSE,FALSE
1044910,"gate_40",5,FALSE,FALSE
1044917,"gate_40",48,FALSE,FALSE
1044934,"gate_30",9,FALSE,FALSE
1045051,"gate_40",1,FALSE,FALSE
1045090,"gate_40",309,FALSE,TRUE
1045101,"gate_40",1,FALSE,FALSE
1045169,"gate_40",162,TRUE,TRUE
1045241,"gate_40",41,TRUE,FALSE
1045453,"gate_40",59,TRUE,FALSE
1045481,"gate_30",73,TRUE,TRUE
1045567,"gate_30",39,TRUE,FALSE
1045598,"gate_30",116,TRUE,TRUE
1045837,"gate_30",77,TRUE,TRUE
1045914,"gate_40",84,TRUE,FALSE
1045958,"gate_30",32,TRUE,FALSE
1046065,"gate_40",11,TRUE,FALSE
1046077,"gate_30",20,TRUE,FALSE
1046171,"gate_40",11,FALSE,FALSE
1046360,"gate_40",33,TRUE,FALSE
1046433,"gate_30",2,FALSE,FALSE
1046523,"gate_30",2,FALSE,FALSE
1046577,"gate_30",44,TRUE,FALSE
1046661,"gate_40",1,FALSE,FALSE
1046732,"gate_40",0,FALSE,FALSE
1046799,"gate_40",14,FALSE,FALSE
1046853,"gate_40",15,FALSE,FALSE
1047169,"gate_40",350,TRUE,TRUE
1047178,"gate_40",28,TRUE,FALSE
1047370,"gate_40",3,FALSE,FALSE
1047421,"gate_40",1,FALSE,FALSE
1047492,"gate_30",24,TRUE,FALSE
1047678,"gate_40",241,TRUE,TRUE
1048135,"gate_40",27,TRUE,FALSE
1048350,"gate_40",2,TRUE,FALSE
1048436,"gate_40",41,FALSE,TRUE
1048550,"gate_40",6,FALSE,FALSE
1048740,"gate_40",37,TRUE,FALSE
1048797,"gate_30",17,FALSE,FALSE
1048896,"gate_40",25,TRUE,FALSE
1049054,"gate_30",16,FALSE,FALSE
1049123,"gate_30",1,FALSE,FALSE
1049203,"gate_40",4,FALSE,FALSE
1049228,"gate_30",5,TRUE,FALSE
1049273,"gate_40",63,TRUE,TRUE
1049524,"gate_40",271,TRUE,FALSE
1049541,"gate_40",4,TRUE,FALSE
1049568,"gate_30",69,TRUE,FALSE
1049592,"gate_30",3,FALSE,FALSE
1049655,"gate_40",7,FALSE,FALSE
1049708,"gate_30",34,TRUE,FALSE
1049758,"gate_40",29,FALSE,FALSE
1050144,"gate_40",4,FALSE,FALSE
1050196,"gate_30",3,FALSE,FALSE
1050309,"gate_40",25,FALSE,TRUE
1050399,"gate_40",228,TRUE,TRUE
1050553,"gate_40",142,TRUE,FALSE
1050686,"gate_30",72,TRUE,TRUE
1050935,"gate_40",3,FALSE,FALSE
1051424,"gate_30",423,TRUE,TRUE
1051514,"gate_40",50,TRUE,FALSE
1051534,"gate_40",100,TRUE,TRUE
1051551,"gate_30",60,FALSE,TRUE
1051605,"gate_30",15,FALSE,FALSE
1051735,"gate_40",0,FALSE,FALSE
1051799,"gate_30",37,FALSE,FALSE
1051854,"gate_40",20,TRUE,FALSE
1051882,"gate_30",22,TRUE,FALSE
1051928,"gate_40",119,TRUE,FALSE
1051938,"gate_30",1,FALSE,FALSE
1052205,"gate_30",43,TRUE,FALSE
1052285,"gate_30",27,FALSE,FALSE
1052474,"gate_30",56,TRUE,FALSE
1052563,"gate_40",2,FALSE,FALSE
1052712,"gate_40",3,TRUE,FALSE
1052775,"gate_30",8,FALSE,FALSE
1052788,"gate_30",0,FALSE,FALSE
1053075,"gate_40",1,FALSE,FALSE
1053133,"gate_40",2,FALSE,FALSE
1053221,"gate_30",42,TRUE,FALSE
1053239,"gate_30",0,FALSE,FALSE
1053247,"gate_30",8,FALSE,FALSE
1053275,"gate_40",9,FALSE,FALSE
1053286,"gate_30",95,TRUE,FALSE
1053330,"gate_40",7,FALSE,FALSE
1053406,"gate_40",620,TRUE,TRUE
1053529,"gate_40",193,TRUE,TRUE
1053552,"gate_30",5,FALSE,FALSE
1053585,"gate_40",87,TRUE,FALSE
1053717,"gate_40",59,FALSE,FALSE
1053853,"gate_40",3,FALSE,FALSE
1053913,"gate_30",7,FALSE,FALSE
1054141,"gate_30",6,FALSE,FALSE
1054380,"gate_40",0,FALSE,FALSE
1054558,"gate_30",0,FALSE,FALSE
1054591,"gate_40",6,FALSE,FALSE
1054596,"gate_40",2,FALSE,FALSE
1054612,"gate_30",12,FALSE,FALSE
1054673,"gate_40",289,TRUE,TRUE
1054770,"gate_40",102,FALSE,TRUE
1054772,"gate_40",5,FALSE,FALSE
1054809,"gate_30",5,FALSE,FALSE
1054811,"gate_30",6,TRUE,FALSE
1054880,"gate_30",28,TRUE,TRUE
1055116,"gate_40",9,FALSE,FALSE
1055123,"gate_30",16,TRUE,FALSE
1055169,"gate_30",3,FALSE,FALSE
1055195,"gate_30",119,TRUE,FALSE
1055344,"gate_40",6,FALSE,FALSE
1055399,"gate_30",3,FALSE,FALSE
1055445,"gate_40",1,FALSE,FALSE
1055448,"gate_40",4,TRUE,FALSE
1055476,"gate_40",12,FALSE,FALSE
1055795,"gate_40",6,FALSE,FALSE
1055806,"gate_40",53,TRUE,FALSE
1055907,"gate_30",0,FALSE,FALSE
1056070,"gate_30",0,FALSE,FALSE
1056074,"gate_30",1,FALSE,FALSE
1056142,"gate_40",42,FALSE,FALSE
1056410,"gate_40",149,FALSE,TRUE
1056439,"gate_40",0,FALSE,FALSE
1056682,"gate_40",106,TRUE,FALSE
1056801,"gate_40",15,TRUE,FALSE
1056960,"gate_30",38,FALSE,FALSE
1057124,"gate_40",18,FALSE,FALSE
1057212,"gate_40",18,FALSE,FALSE
1057302,"gate_30",46,TRUE,FALSE
1057487,"gate_40",3,TRUE,FALSE
1057708,"gate_40",18,TRUE,FALSE
1057723,"gate_40",5,FALSE,FALSE
1057916,"gate_30",4,FALSE,FALSE
1057995,"gate_40",0,FALSE,FALSE
1058136,"gate_30",1,FALSE,FALSE
1058160,"gate_30",1,FALSE,FALSE
1058230,"gate_30",29,TRUE,FALSE
1058256,"gate_30",64,TRUE,FALSE
1058312,"gate_40",17,FALSE,FALSE
1058493,"gate_40",9,FALSE,FALSE
1058670,"gate_40",15,FALSE,FALSE
1058714,"gate_40",212,TRUE,TRUE
1058767,"gate_40",28,FALSE,FALSE
1058819,"gate_40",2,FALSE,FALSE
1058924,"gate_30",5,FALSE,FALSE
1058934,"gate_30",8,FALSE,FALSE
1058951,"gate_30",149,TRUE,FALSE
1059363,"gate_30",65,FALSE,FALSE
1059546,"gate_30",87,TRUE,FALSE
1059603,"gate_40",61,FALSE,FALSE
1059696,"gate_30",83,TRUE,TRUE
1059780,"gate_40",0,FALSE,FALSE
1059788,"gate_40",11,FALSE,FALSE
1059863,"gate_30",13,TRUE,FALSE
1060285,"gate_40",71,TRUE,TRUE
1060739,"gate_30",1,FALSE,FALSE
1060921,"gate_30",140,TRUE,FALSE
1061021,"gate_40",178,TRUE,TRUE
1061317,"gate_40",5,TRUE,FALSE
1061422,"gate_30",16,FALSE,FALSE
1061458,"gate_40",52,TRUE,FALSE
1061460,"gate_30",124,TRUE,FALSE
1061525,"gate_30",19,TRUE,FALSE
1061548,"gate_30",168,TRUE,TRUE
1061563,"gate_40",54,TRUE,FALSE
1061699,"gate_30",74,TRUE,TRUE
1061781,"gate_40",20,TRUE,FALSE
1061858,"gate_40",2,FALSE,FALSE
1061911,"gate_30",36,FALSE,FALSE
1062012,"gate_30",30,FALSE,FALSE
1062113,"gate_30",96,TRUE,TRUE
1062198,"gate_40",24,FALSE,FALSE
1062400,"gate_40",59,TRUE,FALSE
1062750,"gate_30",10,FALSE,FALSE
1062802,"gate_40",6,FALSE,FALSE
1062927,"gate_30",25,TRUE,FALSE
1062997,"gate_40",72,TRUE,TRUE
1063257,"gate_40",4,TRUE,FALSE
1063259,"gate_30",5,FALSE,FALSE
1063599,"gate_30",31,TRUE,FALSE
1063619,"gate_40",3,FALSE,FALSE
1063663,"gate_30",473,TRUE,TRUE
1063842,"gate_30",15,FALSE,FALSE
1063983,"gate_40",68,TRUE,FALSE
1064146,"gate_40",15,FALSE,FALSE
1064147,"gate_40",146,TRUE,FALSE
1064153,"gate_30",10,TRUE,FALSE
1064396,"gate_30",6,FALSE,FALSE
1064639,"gate_30",3,FALSE,FALSE
1064760,"gate_40",133,TRUE,FALSE
1064849,"gate_40",1,FALSE,FALSE
1065067,"gate_40",349,TRUE,TRUE
1065103,"gate_30",91,TRUE,TRUE
1065114,"gate_30",9,FALSE,FALSE
1065335,"gate_40",13,FALSE,FALSE
1065519,"gate_30",7,FALSE,FALSE
1065708,"gate_40",44,FALSE,FALSE
1065946,"gate_30",11,FALSE,FALSE
1066019,"gate_40",4,FALSE,FALSE
1066057,"gate_30",11,FALSE,FALSE
1066060,"gate_40",92,TRUE,FALSE
1066165,"gate_40",0,FALSE,FALSE
1066286,"gate_40",3,FALSE,FALSE
1066310,"gate_30",3,FALSE,FALSE
1066571,"gate_30",7,FALSE,FALSE
1066634,"gate_40",64,FALSE,FALSE
1066659,"gate_30",143,TRUE,TRUE
1066809,"gate_40",17,FALSE,FALSE
1066834,"gate_30",13,FALSE,FALSE
1066848,"gate_40",0,FALSE,FALSE
1066998,"gate_40",4,FALSE,TRUE
1067048,"gate_40",34,TRUE,FALSE
1067085,"gate_30",24,FALSE,FALSE
1067136,"gate_30",10,FALSE,FALSE
1067161,"gate_40",5,FALSE,FALSE
1067173,"gate_40",264,TRUE,TRUE
1067211,"gate_40",35,TRUE,TRUE
1067309,"gate_40",14,TRUE,FALSE
1067607,"gate_30",37,TRUE,FALSE
1067651,"gate_40",5,TRUE,FALSE
1067845,"gate_40",20,TRUE,FALSE
1067947,"gate_40",6,FALSE,FALSE
1068017,"gate_30",35,FALSE,FALSE
1068228,"gate_30",8,FALSE,FALSE
1068323,"gate_40",9,FALSE,FALSE
1068333,"gate_40",17,FALSE,FALSE
1068364,"gate_30",66,TRUE,FALSE
1068366,"gate_30",57,FALSE,TRUE
1068586,"gate_40",18,FALSE,FALSE
1068606,"gate_30",24,TRUE,FALSE
1068632,"gate_40",2,FALSE,FALSE
1068664,"gate_40",11,FALSE,FALSE
1068903,"gate_40",8,FALSE,FALSE
1069062,"gate_40",26,FALSE,FALSE
1069074,"gate_30",43,TRUE,FALSE
1069075,"gate_30",2,FALSE,FALSE
1069085,"gate_30",3,FALSE,FALSE
1069086,"gate_30",12,FALSE,TRUE
1069481,"gate_40",0,FALSE,FALSE
1070071,"gate_40",67,TRUE,FALSE
1070079,"gate_40",5,FALSE,FALSE
1070337,"gate_30",3,FALSE,FALSE
1070340,"gate_30",33,TRUE,FALSE
1070450,"gate_30",41,TRUE,FALSE
1070586,"gate_40",12,FALSE,FALSE
1070860,"gate_30",40,TRUE,TRUE
1071110,"gate_40",18,TRUE,FALSE
1071128,"gate_30",1063,TRUE,TRUE
1071184,"gate_30",63,TRUE,TRUE
1071269,"gate_40",62,FALSE,TRUE
1071295,"gate_40",1,FALSE,FALSE
1071513,"gate_40",12,FALSE,FALSE
1071926,"gate_40",10,FALSE,FALSE
1072019,"gate_40",45,TRUE,FALSE
1072023,"gate_40",17,FALSE,FALSE
1072403,"gate_30",2,FALSE,FALSE
1072420,"gate_40",3,FALSE,FALSE
1072529,"gate_30",30,FALSE,TRUE
1072687,"gate_40",7,FALSE,FALSE
1072770,"gate_40",1,TRUE,FALSE
1072894,"gate_30",16,FALSE,TRUE
1072911,"gate_30",209,TRUE,TRUE
1073085,"gate_40",3,FALSE,FALSE
1073476,"gate_40",0,FALSE,FALSE
1073478,"gate_30",16,TRUE,FALSE
1073575,"gate_40",179,TRUE,TRUE
1073587,"gate_30",1,FALSE,FALSE
1073612,"gate_40",0,FALSE,FALSE
1073653,"gate_30",57,TRUE,FALSE
1073759,"gate_40",14,FALSE,FALSE
1073860,"gate_30",2,FALSE,FALSE
1073913,"gate_30",1,FALSE,FALSE
1074067,"gate_30",7,FALSE,FALSE
1074080,"gate_40",1,FALSE,FALSE
1074156,"gate_30",55,TRUE,FALSE
1074199,"gate_30",40,FALSE,FALSE
1074503,"gate_40",3,FALSE,FALSE
1074544,"gate_30",1,FALSE,FALSE
1075324,"gate_40",21,TRUE,FALSE
1075609,"gate_30",21,FALSE,FALSE
1075968,"gate_30",19,TRUE,FALSE
1076002,"gate_30",33,TRUE,FALSE
1076132,"gate_30",10,FALSE,FALSE
1076226,"gate_30",16,TRUE,FALSE
1076249,"gate_30",65,TRUE,FALSE
1076450,"gate_40",43,TRUE,FALSE
1076500,"gate_30",2,FALSE,FALSE
1076567,"gate_40",21,TRUE,FALSE
1076972,"gate_30",15,TRUE,FALSE
1077035,"gate_40",41,TRUE,FALSE
1077074,"gate_30",39,FALSE,FALSE
1077222,"gate_40",2,FALSE,FALSE
1077305,"gate_40",107,TRUE,TRUE
1077349,"gate_40",45,FALSE,FALSE
1077449,"gate_30",157,FALSE,TRUE
1077478,"gate_40",7,FALSE,FALSE
1077568,"gate_40",7,FALSE,FALSE
1077746,"gate_40",1,FALSE,FALSE
1077752,"gate_40",59,FALSE,FALSE
1077890,"gate_30",183,TRUE,TRUE
1077955,"gate_30",3,FALSE,FALSE
1078095,"gate_30",1,FALSE,FALSE
1078228,"gate_40",3,FALSE,FALSE
1078550,"gate_40",8,TRUE,FALSE
1078560,"gate_30",94,FALSE,TRUE
1078728,"gate_30",7,FALSE,FALSE
1078937,"gate_30",9,FALSE,FALSE
1078981,"gate_30",133,FALSE,TRUE
1079042,"gate_40",6,FALSE,FALSE
1079086,"gate_30",112,TRUE,TRUE
1079249,"gate_30",2,FALSE,FALSE
1079492,"gate_30",76,TRUE,FALSE
1079511,"gate_40",9,FALSE,FALSE
1079898,"gate_30",26,TRUE,TRUE
1079912,"gate_40",19,FALSE,FALSE
1080100,"gate_30",19,FALSE,FALSE
1080158,"gate_30",23,TRUE,FALSE
1080238,"gate_30",9,TRUE,FALSE
1080258,"gate_40",14,FALSE,FALSE
1080543,"gate_30",116,TRUE,FALSE
1080667,"gate_30",5,FALSE,FALSE
1080936,"gate_30",144,TRUE,TRUE
1080984,"gate_30",4,FALSE,FALSE
1081177,"gate_30",4,FALSE,FALSE
1081233,"gate_30",11,TRUE,FALSE
1081265,"gate_40",5,FALSE,FALSE
1081276,"gate_40",123,TRUE,TRUE
1081281,"gate_40",16,TRUE,TRUE
1081294,"gate_30",19,FALSE,FALSE
1081300,"gate_30",14,FALSE,FALSE
1081301,"gate_30",83,TRUE,TRUE
1081386,"gate_30",61,TRUE,FALSE
1081507,"gate_40",154,TRUE,TRUE
1081616,"gate_40",42,FALSE,FALSE
1081772,"gate_40",2,FALSE,FALSE
1081829,"gate_30",52,TRUE,FALSE
1082146,"gate_30",115,TRUE,FALSE
1082287,"gate_30",74,FALSE,FALSE
1082361,"gate_40",10,FALSE,FALSE
1082368,"gate_30",522,TRUE,TRUE
1082715,"gate_30",13,FALSE,FALSE
1082748,"gate_40",6,FALSE,FALSE
1082753,"gate_40",106,TRUE,TRUE
1082895,"gate_40",26,TRUE,FALSE
1082975,"gate_30",21,TRUE,FALSE
1082991,"gate_30",1,TRUE,FALSE
1083251,"gate_30",5,FALSE,FALSE
1083257,"gate_40",6,TRUE,FALSE
1083309,"gate_30",55,TRUE,TRUE
1083375,"gate_40",5,FALSE,FALSE
1083515,"gate_30",1,FALSE,FALSE
1083543,"gate_30",8,TRUE,FALSE
1083725,"gate_30",2,FALSE,FALSE
1083736,"gate_30",4,FALSE,FALSE
1083864,"gate_30",240,TRUE,TRUE
1083963,"gate_40",64,TRUE,TRUE
1084021,"gate_30",3,FALSE,FALSE
1084036,"gate_40",4,FALSE,FALSE
1084155,"gate_30",54,TRUE,TRUE
1084393,"gate_30",1,FALSE,FALSE
1084563,"gate_30",5,FALSE,FALSE
1085014,"gate_40",17,FALSE,FALSE
1085078,"gate_30",21,TRUE,FALSE
1085389,"gate_40",7,FALSE,FALSE
1085465,"gate_40",12,FALSE,FALSE
1085507,"gate_30",14,FALSE,FALSE
1085537,"gate_40",0,FALSE,FALSE
1085559,"gate_40",18,FALSE,FALSE
1085562,"gate_40",330,TRUE,TRUE
1085694,"gate_30",6,FALSE,FALSE
1085890,"gate_40",314,TRUE,TRUE
1085939,"gate_30",13,FALSE,FALSE
1085946,"gate_30",0,FALSE,FALSE
1085992,"gate_40",0,FALSE,FALSE
1086009,"gate_30",18,FALSE,FALSE
1086207,"gate_30",30,TRUE,FALSE
1086288,"gate_30",40,TRUE,FALSE
1086501,"gate_40",10,FALSE,FALSE
1086569,"gate_40",1,FALSE,FALSE
1086634,"gate_30",293,TRUE,FALSE
1086806,"gate_40",2,FALSE,FALSE
1086864,"gate_40",3,FALSE,FALSE
1086930,"gate_30",2,TRUE,FALSE
1086934,"gate_30",21,TRUE,FALSE
1087005,"gate_40",2,FALSE,FALSE
1087174,"gate_30",39,TRUE,FALSE
1087305,"gate_40",59,TRUE,TRUE
1087310,"gate_30",2,FALSE,FALSE
1087327,"gate_40",56,TRUE,TRUE
1087528,"gate_40",31,FALSE,FALSE
1087580,"gate_30",4,FALSE,FALSE
1087732,"gate_30",341,TRUE,TRUE
1088238,"gate_40",10,FALSE,FALSE
NA,"gate_30",87,TRUE,FALSE
1088334,"gate_30",1,FALSE,FALSE
1088407,"gate_40",0,FALSE,FALSE
1088607,"gate_30",47,TRUE,FALSE
1088816,"gate_40",6,FALSE,FALSE
1088846,"gate_30",413,FALSE,TRUE
1088985,"gate_40",47,FALSE,FALSE
1089004,"gate_40",75,TRUE,TRUE
1089230,"gate_30",19,FALSE,FALSE
1089420,"gate_40",6,FALSE,FALSE
1089927,"gate_40",9,FALSE,FALSE
1090012,"gate_40",6,TRUE,FALSE
1090165,"gate_30",0,FALSE,FALSE
1090244,"gate_30",6,FALSE,FALSE
1090285,"gate_30",1,FALSE,FALSE
1090325,"gate_30",3,FALSE,FALSE
1090350,"gate_40",2,FALSE,FALSE
1090668,"gate_40",58,TRUE,FALSE
1090793,"gate_40",4,FALSE,FALSE
1090942,"gate_30",20,FALSE,FALSE
1091026,"gate_30",7,FALSE,FALSE
1091137,"gate_30",17,FALSE,FALSE
1091198,"gate_30",6,FALSE,FALSE
1091201,"gate_40",11,TRUE,FALSE
1091405,"gate_40",44,FALSE,FALSE
1091717,"gate_40",21,FALSE,FALSE
1091756,"gate_40",3,FALSE,FALSE
1092122,"gate_30",0,FALSE,FALSE
1092160,"gate_40",0,FALSE,FALSE
1092179,"gate_30",35,FALSE,FALSE
1092281,"gate_30",1,FALSE,FALSE
1092291,"gate_40",9,TRUE,FALSE
1092317,"gate_40",80,TRUE,FALSE
1092358,"gate_40",19,TRUE,FALSE
1092454,"gate_40",0,FALSE,FALSE
1092536,"gate_30",27,FALSE,FALSE
1092545,"gate_40",76,TRUE,FALSE
1092570,"gate_40",148,TRUE,TRUE
1092645,"gate_40",41,TRUE,TRUE
1092758,"gate_30",23,FALSE,FALSE
1092770,"gate_40",3,FALSE,FALSE
1092908,"gate_40",18,FALSE,FALSE
1092944,"gate_30",24,TRUE,FALSE
1093123,"gate_40",5,FALSE,FALSE
1093158,"gate_40",266,TRUE,TRUE
1093308,"gate_40",26,FALSE,FALSE
1093351,"gate_40",54,TRUE,TRUE
1093460,"gate_40",13,TRUE,FALSE
1093499,"gate_40",162,TRUE,FALSE
1093545,"gate_30",36,FALSE,TRUE
1093607,"gate_30",17,FALSE,FALSE
1093911,"gate_30",36,FALSE,FALSE
1094085,"gate_40",0,FALSE,FALSE
1094292,"gate_30",7,FALSE,FALSE
1094316,"gate_30",28,TRUE,FALSE
1094415,"gate_30",110,TRUE,TRUE
1094642,"gate_30",48,TRUE,FALSE
1094664,"gate_30",8,FALSE,FALSE
1094706,"gate_30",2,FALSE,FALSE
1094774,"gate_30",13,TRUE,FALSE
1094855,"gate_40",1,FALSE,FALSE
1094872,"gate_30",16,FALSE,FALSE
1094937,"gate_30",106,TRUE,TRUE
1095025,"gate_30",3,FALSE,FALSE
1095033,"gate_30",1,FALSE,FALSE
1095168,"gate_40",14,FALSE,FALSE
1095223,"gate_30",18,FALSE,FALSE
1095370,"gate_30",34,TRUE,TRUE
1095490,"gate_40",32,FALSE,FALSE
1095497,"gate_40",13,FALSE,TRUE
1095639,"gate_30",3,FALSE,FALSE
1095727,"gate_30",18,TRUE,FALSE
1095812,"gate_40",2,FALSE,FALSE
1095941,"gate_40",2,FALSE,FALSE
1096144,"gate_40",128,TRUE,FALSE
1096390,"gate_40",97,FALSE,TRUE
1096552,"gate_40",4,FALSE,FALSE
1096563,"gate_40",58,TRUE,FALSE
1096624,"gate_40",4,FALSE,FALSE
1096692,"gate_40",19,FALSE,FALSE
1096766,"gate_40",99,TRUE,TRUE
1096784,"gate_30",3,FALSE,FALSE
1096970,"gate_30",389,TRUE,TRUE
1096975,"gate_40",310,TRUE,FALSE
1096999,"gate_40",10,TRUE,FALSE
1097129,"gate_30",31,TRUE,FALSE
1097483,"gate_40",72,TRUE,FALSE
1097527,"gate_40",14,FALSE,FALSE
1097669,"gate_40",215,TRUE,TRUE
1097691,"gate_30",11,FALSE,FALSE
1097909,"gate_40",10,TRUE,FALSE
1098105,"gate_40",59,TRUE,FALSE
1098152,"gate_40",0,FALSE,FALSE
1098347,"gate_40",362,TRUE,TRUE
1098417,"gate_40",1,FALSE,FALSE
1098548,"gate_30",15,FALSE,FALSE
1098595,"gate_30",7,FALSE,FALSE
1098659,"gate_30",2,FALSE,FALSE
1099023,"gate_40",4,FALSE,FALSE
1099076,"gate_40",28,FALSE,FALSE
1099120,"gate_40",7,FALSE,FALSE
1099215,"gate_40",8,FALSE,FALSE
1099273,"gate_40",8,TRUE,FALSE
1099344,"gate_40",35,FALSE,TRUE
1099470,"gate_40",0,FALSE,FALSE
1099490,"gate_30",187,TRUE,TRUE
1099627,"gate_40",111,TRUE,FALSE
1099812,"gate_40",1,FALSE,FALSE
1099946,"gate_40",31,FALSE,FALSE
1100351,"gate_30",1,FALSE,FALSE
1100386,"gate_40",67,TRUE,TRUE
1100483,"gate_40",10,TRUE,FALSE
1100530,"gate_40",17,FALSE,FALSE
1100534,"gate_40",7,FALSE,FALSE
1100704,"gate_30",2,FALSE,FALSE
1100713,"gate_30",5,FALSE,FALSE
1100748,"gate_30",17,TRUE,FALSE
1101028,"gate_30",39,TRUE,FALSE
1101032,"gate_40",109,TRUE,FALSE
1101042,"gate_30",57,TRUE,FALSE
1101047,"gate_40",54,FALSE,FALSE
1101185,"gate_30",11,FALSE,FALSE
1101239,"gate_40",40,TRUE,FALSE
1101382,"gate_40",3,FALSE,FALSE
1101415,"gate_30",2,TRUE,FALSE
1101473,"gate_30",88,TRUE,FALSE
1101526,"gate_30",76,FALSE,FALSE
1101755,"gate_40",35,TRUE,FALSE
1101931,"gate_30",37,FALSE,TRUE
1101973,"gate_30",21,TRUE,FALSE
1102028,"gate_40",0,FALSE,FALSE
1102139,"gate_30",3,FALSE,FALSE
1102188,"gate_30",20,FALSE,FALSE
1102454,"gate_30",18,TRUE,TRUE
1102634,"gate_40",1,FALSE,FALSE
1102728,"gate_40",92,TRUE,TRUE
1102756,"gate_40",397,TRUE,TRUE
1102777,"gate_30",1,FALSE,FALSE
1102804,"gate_30",8,FALSE,TRUE
1102878,"gate_40",4,FALSE,FALSE
1102921,"gate_40",2,FALSE,FALSE
1102950,"gate_30",32,TRUE,FALSE
1103135,"gate_30",7,FALSE,FALSE
1103245,"gate_40",1,FALSE,FALSE
1103349,"gate_30",11,FALSE,FALSE
1103469,"gate_40",17,FALSE,FALSE
1103506,"gate_30",69,TRUE,FALSE
1103572,"gate_40",277,TRUE,TRUE
1103940,"gate_40",0,FALSE,FALSE
1103965,"gate_40",3,FALSE,FALSE
1104034,"gate_40",258,TRUE,TRUE
1104306,"gate_30",6,FALSE,FALSE
1104711,"gate_40",87,FALSE,TRUE
1104953,"gate_40",90,TRUE,TRUE
1105176,"gate_30",1,FALSE,FALSE
1105383,"gate_40",144,TRUE,TRUE
1105548,"gate_40",9,FALSE,FALSE
1105684,"gate_40",10,FALSE,FALSE
1105906,"gate_30",163,TRUE,FALSE
1105944,"gate_30",1,FALSE,FALSE
1105960,"gate_30",6,FALSE,FALSE
1105993,"gate_40",2,FALSE,FALSE
1106082,"gate_40",0,FALSE,FALSE
1106316,"gate_40",1,FALSE,FALSE
1106388,"gate_40",15,TRUE,FALSE
1106434,"gate_30",76,TRUE,TRUE
1106440,"gate_40",17,TRUE,FALSE
1106488,"gate_40",65,TRUE,FALSE
1106543,"gate_30",5,FALSE,FALSE
1107342,"gate_30",5,FALSE,FALSE
1107408,"gate_40",39,TRUE,FALSE
1107414,"gate_40",13,TRUE,FALSE
1107528,"gate_40",34,FALSE,TRUE
1107619,"gate_30",5,FALSE,FALSE
1107663,"gate_30",4,FALSE,FALSE
1107725,"gate_30",5,FALSE,FALSE
1107845,"gate_30",367,TRUE,TRUE
1107881,"gate_30",7,FALSE,FALSE
1107907,"gate_30",133,TRUE,FALSE
1108056,"gate_40",38,TRUE,FALSE
1108062,"gate_40",1,FALSE,FALSE
1108113,"gate_30",0,FALSE,FALSE
1108132,"gate_40",3,FALSE,FALSE
1108424,"gate_40",233,TRUE,TRUE
1108490,"gate_30",38,TRUE,FALSE
1108538,"gate_30",3,FALSE,FALSE
1108624,"gate_30",223,TRUE,TRUE
1108630,"gate_30",508,TRUE,TRUE
1108681,"gate_40",3,FALSE,FALSE
1108697,"gate_30",0,FALSE,FALSE
1108857,"gate_40",15,TRUE,FALSE
1109055,"gate_30",203,FALSE,TRUE
1109197,"gate_40",74,TRUE,FALSE
1109320,"gate_30",53,TRUE,FALSE
1109437,"gate_30",75,TRUE,FALSE
1109438,"gate_30",9,FALSE,FALSE
1109548,"gate_40",79,FALSE,FALSE
1109672,"gate_30",1,FALSE,FALSE
1109845,"gate_30",0,FALSE,FALSE
1109894,"gate_30",1,FALSE,FALSE
1109936,"gate_40",10,FALSE,FALSE
1109969,"gate_30",4,FALSE,FALSE
1110386,"gate_30",4,FALSE,FALSE
1110428,"gate_30",2,FALSE,FALSE
1110697,"gate_40",2,FALSE,FALSE
1110766,"gate_40",1,FALSE,FALSE
1110802,"gate_40",73,TRUE,FALSE
1110855,"gate_30",64,TRUE,FALSE
1110896,"gate_40",11,FALSE,FALSE
1110986,"gate_30",35,FALSE,TRUE
1110994,"gate_30",6,FALSE,FALSE
1111059,"gate_40",18,TRUE,FALSE
1111068,"gate_40",56,TRUE,FALSE
1111111,"gate_40",11,TRUE,FALSE
1111120,"gate_30",74,TRUE,FALSE
1111268,"gate_40",3,TRUE,FALSE
1111461,"gate_30",141,TRUE,FALSE
1111474,"gate_30",7,TRUE,FALSE
1111550,"gate_40",168,TRUE,TRUE
1111581,"gate_40",9,TRUE,FALSE
1111984,"gate_40",45,TRUE,FALSE
1112091,"gate_30",31,FALSE,TRUE
1112171,"gate_40",8,FALSE,FALSE
1112221,"gate_40",2,TRUE,TRUE
1112338,"gate_40",31,FALSE,FALSE
1112495,"gate_30",76,TRUE,TRUE
1112529,"gate_30",4,FALSE,FALSE
1112590,"gate_30",24,FALSE,FALSE
1112736,"gate_30",31,TRUE,TRUE
1112812,"gate_40",16,FALSE,FALSE
1112863,"gate_30",39,TRUE,FALSE
1113013,"gate_30",0,FALSE,FALSE
1113190,"gate_40",3,FALSE,FALSE
1113286,"gate_30",38,TRUE,FALSE
1113327,"gate_40",37,FALSE,FALSE
1113433,"gate_30",3,FALSE,FALSE
1113645,"gate_30",5,FALSE,FALSE
1113696,"gate_30",1,FALSE,FALSE
1113892,"gate_40",59,TRUE,FALSE
1113918,"gate_40",7,FALSE,FALSE
1113924,"gate_30",20,TRUE,FALSE
1114038,"gate_40",514,TRUE,TRUE
1114408,"gate_30",1,FALSE,FALSE
1114488,"gate_40",85,TRUE,FALSE
1114647,"gate_40",1,FALSE,FALSE
1114921,"gate_30",197,TRUE,TRUE
1114946,"gate_40",26,FALSE,FALSE
1115235,"gate_40",42,FALSE,FALSE
1115240,"gate_30",74,TRUE,TRUE
1115418,"gate_30",307,FALSE,FALSE
1115800,"gate_30",2,FALSE,FALSE
1115840,"gate_30",36,FALSE,FALSE
1115958,"gate_40",13,FALSE,FALSE
1115990,"gate_40",7,FALSE,FALSE
1116066,"gate_40",136,TRUE,TRUE
1116238,"gate_30",1,FALSE,FALSE
1116274,"gate_30",1,FALSE,FALSE
1116461,"gate_30",0,FALSE,FALSE
1116488,"gate_30",38,TRUE,TRUE
1116573,"gate_30",9,TRUE,FALSE
1116608,"gate_30",2,FALSE,FALSE
1116705,"gate_40",4,FALSE,FALSE
1116815,"gate_30",8,FALSE,FALSE
1116863,"gate_40",3,FALSE,FALSE
1117143,"gate_40",170,TRUE,TRUE
1117215,"gate_30",1,FALSE,FALSE
1117276,"gate_30",29,TRUE,FALSE
1117277,"gate_40",3,FALSE,FALSE
1117436,"gate_30",9,FALSE,FALSE
1117442,"gate_40",51,FALSE,TRUE
1117456,"gate_40",189,TRUE,FALSE
1117494,"gate_30",57,TRUE,FALSE
1117525,"gate_40",90,TRUE,FALSE
1117587,"gate_40",3,FALSE,FALSE
1117676,"gate_40",7,FALSE,FALSE
1117693,"gate_40",142,FALSE,TRUE
1117729,"gate_30",28,TRUE,FALSE
1117795,"gate_40",3,FALSE,FALSE
1118231,"gate_40",13,FALSE,FALSE
1118393,"gate_40",33,TRUE,FALSE
1118528,"gate_40",303,TRUE,TRUE
1118755,"gate_40",1,FALSE,FALSE
1119133,"gate_40",2,FALSE,FALSE
1119144,"gate_30",45,TRUE,TRUE
1119175,"gate_40",3,FALSE,FALSE
1119406,"gate_30",3,FALSE,FALSE
1119462,"gate_40",2,FALSE,FALSE
1119476,"gate_30",65,TRUE,FALSE
1119496,"gate_30",300,TRUE,TRUE
1119666,"gate_30",0,FALSE,FALSE
1119701,"gate_30",38,TRUE,FALSE
1119806,"gate_40",0,FALSE,FALSE
1119933,"gate_40",55,TRUE,FALSE
1119934,"gate_30",168,TRUE,TRUE
1120163,"gate_40",31,TRUE,FALSE
1120451,"gate_30",17,TRUE,FALSE
1120489,"gate_40",71,TRUE,FALSE
1120688,"gate_30",7,FALSE,FALSE
1120696,"gate_30",43,TRUE,FALSE
1120798,"gate_30",45,TRUE,FALSE
1121067,"gate_40",3,FALSE,FALSE
1121087,"gate_40",198,TRUE,FALSE
1121097,"gate_30",29,FALSE,TRUE
1121478,"gate_30",12,TRUE,TRUE
1121587,"gate_30",771,TRUE,TRUE
1122112,"gate_30",6,FALSE,FALSE
1122175,"gate_40",67,TRUE,TRUE
1122431,"gate_30",7,FALSE,FALSE
1122568,"gate_30",484,TRUE,TRUE
1122638,"gate_30",2,FALSE,FALSE
1122677,"gate_40",17,FALSE,FALSE
1122730,"gate_40",12,FALSE,TRUE
1123060,"gate_40",174,TRUE,TRUE
1123226,"gate_40",46,TRUE,TRUE
1123269,"gate_30",24,TRUE,TRUE
1123331,"gate_40",5,FALSE,FALSE
1123490,"gate_30",84,TRUE,FALSE
1123502,"gate_40",1,FALSE,FALSE
1123746,"gate_30",11,TRUE,TRUE
1124434,"gate_30",124,TRUE,TRUE
1124568,"gate_40",23,FALSE,TRUE
1124690,"gate_30",239,TRUE,TRUE
1124741,"gate_30",326,TRUE,TRUE
1124760,"gate_40",30,TRUE,FALSE
1124842,"gate_30",96,TRUE,FALSE
1124876,"gate_40",32,FALSE,TRUE
1125086,"gate_40",124,TRUE,FALSE
1125106,"gate_40",269,TRUE,TRUE
1125117,"gate_30",24,TRUE,FALSE
1125127,"gate_40",56,FALSE,TRUE
1125202,"gate_40",0,FALSE,FALSE
1125248,"gate_40",4,FALSE,FALSE
1125361,"gate_40",16,FALSE,FALSE
1125394,"gate_30",77,FALSE,TRUE
1125419,"gate_40",2,FALSE,FALSE
1126054,"gate_40",9,FALSE,FALSE
1126075,"gate_30",2,FALSE,FALSE
1126154,"gate_30",29,TRUE,FALSE
1126192,"gate_40",1,FALSE,FALSE
1126530,"gate_40",42,TRUE,FALSE
1126745,"gate_30",2,FALSE,FALSE
1126949,"gate_30",1,FALSE,FALSE
1127036,"gate_40",21,FALSE,FALSE
1127098,"gate_40",122,FALSE,TRUE
1127177,"gate_40",2,FALSE,FALSE
1127197,"gate_40",19,TRUE,FALSE
1127205,"gate_40",114,TRUE,TRUE
1127317,"gate_40",143,FALSE,TRUE
1127435,"gate_40",42,TRUE,FALSE
1127555,"gate_30",67,TRUE,TRUE
1127579,"gate_40",33,TRUE,FALSE
1127590,"gate_40",8,FALSE,FALSE
1127648,"gate_40",54,TRUE,FALSE
1127729,"gate_40",63,TRUE,FALSE
1127766,"gate_30",7,FALSE,FALSE
1127922,"gate_40",1,FALSE,FALSE
1128095,"gate_40",8,FALSE,FALSE
1128255,"gate_40",3,TRUE,FALSE
1128439,"gate_40",11,TRUE,FALSE
1128675,"gate_40",588,TRUE,TRUE
1128744,"gate_40",58,FALSE,TRUE
1128936,"gate_30",3,FALSE,FALSE
1129162,"gate_40",271,TRUE,TRUE
1129504,"gate_40",63,TRUE,FALSE
1129879,"gate_40",12,FALSE,FALSE
1129901,"gate_40",35,TRUE,FALSE
1130223,"gate_40",1,TRUE,FALSE
1130321,"gate_30",153,TRUE,TRUE
1130628,"gate_30",16,FALSE,FALSE
1130659,"gate_40",5,FALSE,FALSE
1130671,"gate_30",8,FALSE,FALSE
1130751,"gate_30",12,TRUE,FALSE
1130849,"gate_30",3,FALSE,FALSE
1130894,"gate_40",282,TRUE,TRUE
1131381,"gate_40",1,FALSE,FALSE
1131489,"gate_40",51,TRUE,FALSE
1131495,"gate_40",0,FALSE,FALSE
1131506,"gate_30",79,TRUE,TRUE
1131557,"gate_30",10,FALSE,FALSE
1131574,"gate_30",0,FALSE,FALSE
1131634,"gate_30",48,FALSE,FALSE
1131657,"gate_40",110,TRUE,FALSE
1131736,"gate_40",3,FALSE,FALSE
1131801,"gate_40",343,FALSE,TRUE
1131943,"gate_40",5,TRUE,FALSE
1132012,"gate_30",22,TRUE,FALSE
1132149,"gate_30",18,FALSE,FALSE
1132288,"gate_30",3,FALSE,FALSE
1132346,"gate_30",23,TRUE,FALSE
1132423,"gate_30",13,FALSE,FALSE
1132488,"gate_30",6,FALSE,FALSE
1132520,"gate_30",55,TRUE,TRUE
1132765,"gate_30",95,TRUE,TRUE
1132865,"gate_40",1,FALSE,FALSE
1132985,"gate_40",13,TRUE,FALSE
1133201,"gate_40",49,FALSE,FALSE
1133223,"gate_40",17,FALSE,FALSE
1133249,"gate_40",96,TRUE,FALSE
1133256,"gate_40",1,FALSE,FALSE
1133283,"gate_30",89,TRUE,FALSE
1133376,"gate_30",5,FALSE,FALSE
1133520,"gate_40",4,FALSE,FALSE
1133647,"gate_40",42,FALSE,FALSE
1133738,"gate_40",28,FALSE,FALSE
1133760,"gate_30",52,TRUE,FALSE
1133892,"gate_40",73,TRUE,FALSE
1134083,"gate_30",108,TRUE,TRUE
1134165,"gate_40",283,TRUE,TRUE
1134196,"gate_40",242,FALSE,FALSE
1134268,"gate_30",11,TRUE,FALSE
1134463,"gate_30",13,TRUE,FALSE
1134477,"gate_30",33,TRUE,FALSE
1134640,"gate_30",7,FALSE,FALSE
1135510,"gate_30",2,TRUE,FALSE
1135601,"gate_30",9,FALSE,FALSE
1135632,"gate_30",9,FALSE,FALSE
1135638,"gate_30",5,FALSE,FALSE
1135788,"gate_30",62,TRUE,FALSE
1135825,"gate_40",33,TRUE,FALSE
1136077,"gate_40",48,TRUE,FALSE
1136242,"gate_40",5,FALSE,FALSE
1136279,"gate_30",4,FALSE,FALSE
1136485,"gate_30",3,FALSE,FALSE
1136652,"gate_30",1,FALSE,FALSE
1136877,"gate_40",3,FALSE,FALSE
1136982,"gate_30",171,TRUE,TRUE
1137004,"gate_30",19,TRUE,FALSE
1137017,"gate_40",18,FALSE,FALSE
1137022,"gate_30",0,FALSE,FALSE
1137181,"gate_40",18,TRUE,FALSE
1137344,"gate_40",19,TRUE,TRUE
1137375,"gate_40",7,FALSE,FALSE
1137406,"gate_40",11,TRUE,FALSE
1137518,"gate_40",35,FALSE,FALSE
1137551,"gate_40",4,FALSE,FALSE
1137602,"gate_40",9,FALSE,FALSE
1137655,"gate_30",12,FALSE,FALSE
1137784,"gate_30",101,TRUE,TRUE
1137816,"gate_40",69,TRUE,FALSE
1138036,"gate_40",177,TRUE,TRUE
1138228,"gate_40",16,TRUE,FALSE
1138363,"gate_30",20,TRUE,FALSE
1138398,"gate_40",34,TRUE,FALSE
1138421,"gate_30",32,FALSE,FALSE
1138476,"gate_40",43,FALSE,FALSE
1138680,"gate_30",388,TRUE,TRUE
1138725,"gate_30",38,FALSE,FALSE
1139002,"gate_40",7,FALSE,FALSE
1139005,"gate_40",4,FALSE,FALSE
1139069,"gate_40",11,FALSE,FALSE
1139107,"gate_30",2,TRUE,FALSE
1139379,"gate_40",1,FALSE,FALSE
1139658,"gate_30",88,TRUE,FALSE
1139886,"gate_40",22,TRUE,FALSE
1139929,"gate_30",46,TRUE,FALSE
1140137,"gate_30",1,FALSE,FALSE
1140139,"gate_40",3,FALSE,FALSE
1140293,"gate_30",1,FALSE,FALSE
1140371,"gate_40",3,FALSE,FALSE
1140380,"gate_40",61,TRUE,TRUE
1140769,"gate_30",16,TRUE,FALSE
1140827,"gate_40",5,FALSE,FALSE
1140848,"gate_40",143,FALSE,TRUE
1140865,"gate_40",97,TRUE,FALSE
1140884,"gate_40",10,FALSE,FALSE
1140904,"gate_30",8,FALSE,FALSE
1141629,"gate_40",139,TRUE,FALSE
1141673,"gate_30",138,TRUE,FALSE
1141788,"gate_40",258,TRUE,TRUE
1141804,"gate_40",53,FALSE,FALSE
1141806,"gate_40",25,FALSE,FALSE
1141811,"gate_40",2,FALSE,FALSE
1141819,"gate_40",2,TRUE,FALSE
1141822,"gate_30",83,TRUE,FALSE
1141837,"gate_30",46,TRUE,FALSE
1141890,"gate_30",12,FALSE,FALSE
1142048,"gate_40",6,FALSE,FALSE
1142215,"gate_30",14,TRUE,FALSE
1142530,"gate_40",31,FALSE,FALSE
1142660,"gate_40",70,TRUE,TRUE
1142761,"gate_40",1,FALSE,FALSE
1142813,"gate_40",205,TRUE,FALSE
1142845,"gate_40",7,FALSE,FALSE
1142885,"gate_30",11,FALSE,FALSE
1142892,"gate_30",11,FALSE,FALSE
1143004,"gate_40",54,TRUE,FALSE
1143199,"gate_30",8,TRUE,FALSE
1143254,"gate_40",1,FALSE,FALSE
1143357,"gate_30",85,TRUE,TRUE
1143358,"gate_40",41,TRUE,FALSE
1143501,"gate_40",22,FALSE,FALSE
1143564,"gate_40",1,FALSE,FALSE
1143582,"gate_30",174,FALSE,FALSE
1143755,"gate_30",27,TRUE,FALSE
1143986,"gate_30",16,TRUE,FALSE
1144046,"gate_40",186,TRUE,TRUE
1144293,"gate_30",31,TRUE,FALSE
1144326,"gate_40",2,FALSE,FALSE
1144369,"gate_40",57,FALSE,FALSE
1144382,"gate_30",46,FALSE,TRUE
1144474,"gate_30",97,TRUE,TRUE
1144649,"gate_40",47,TRUE,FALSE
1145248,"gate_40",114,FALSE,FALSE
1145309,"gate_30",41,TRUE,FALSE
1145411,"gate_30",33,TRUE,FALSE
1145466,"gate_30",4,FALSE,FALSE
1145652,"gate_30",0,FALSE,FALSE
1145670,"gate_40",17,TRUE,FALSE
1145777,"gate_30",4,FALSE,FALSE
1146144,"gate_40",307,TRUE,TRUE
1146217,"gate_40",2,FALSE,FALSE
1146345,"gate_40",1,FALSE,FALSE
1146451,"gate_40",7,FALSE,FALSE
1146778,"gate_30",647,TRUE,TRUE
1146782,"gate_40",88,TRUE,FALSE
1146850,"gate_30",3,TRUE,FALSE
1146967,"gate_40",27,FALSE,FALSE
1147009,"gate_30",8,FALSE,FALSE
1147058,"gate_30",44,FALSE,FALSE
1147184,"gate_30",8,FALSE,FALSE
1147200,"gate_30",35,TRUE,FALSE
1147452,"gate_40",7,FALSE,FALSE
1147471,"gate_40",7,FALSE,FALSE
1147569,"gate_30",3,FALSE,FALSE
1147781,"gate_30",3,FALSE,FALSE
1147809,"gate_40",65,TRUE,TRUE
1147898,"gate_30",47,TRUE,FALSE
1147974,"gate_30",4,FALSE,FALSE
1148155,"gate_40",33,TRUE,FALSE
1148163,"gate_40",18,FALSE,FALSE
1148364,"gate_30",23,TRUE,FALSE
1148606,"gate_30",72,TRUE,TRUE
1148848,"gate_30",2,FALSE,FALSE
1149088,"gate_40",77,TRUE,TRUE
1149161,"gate_30",18,FALSE,FALSE
1149217,"gate_30",3,TRUE,FALSE
1149241,"gate_30",6,FALSE,FALSE
1149403,"gate_30",14,TRUE,FALSE
1149647,"gate_30",11,FALSE,FALSE
1149698,"gate_30",113,FALSE,TRUE
1149700,"gate_30",1,FALSE,FALSE
1149707,"gate_30",2,FALSE,FALSE
1149795,"gate_40",1,FALSE,FALSE
1149997,"gate_30",81,TRUE,FALSE
1150339,"gate_30",2,FALSE,FALSE
1150374,"gate_30",2,FALSE,FALSE
1150401,"gate_30",71,TRUE,FALSE
1150427,"gate_30",31,TRUE,FALSE
1150437,"gate_40",7,FALSE,FALSE
1150492,"gate_30",1,FALSE,FALSE
1150614,"gate_30",5,FALSE,FALSE
1150771,"gate_30",7,FALSE,FALSE
1151043,"gate_30",7,FALSE,FALSE
1151117,"gate_40",10,FALSE,FALSE
1151146,"gate_40",1,FALSE,FALSE
1151193,"gate_30",40,TRUE,FALSE
1151221,"gate_30",12,TRUE,FALSE
1151323,"gate_40",19,TRUE,FALSE
1151491,"gate_40",77,TRUE,FALSE
1151645,"gate_40",3,FALSE,FALSE
1151853,"gate_30",6,TRUE,FALSE
1152009,"gate_40",25,TRUE,FALSE
1152032,"gate_30",4,TRUE,FALSE
1152103,"gate_30",25,TRUE,FALSE
1152199,"gate_40",6,FALSE,FALSE
1152240,"gate_30",9,FALSE,FALSE
1152608,"gate_30",624,TRUE,TRUE
1152724,"gate_30",25,TRUE,FALSE
1152747,"gate_40",8,FALSE,FALSE
1152928,"gate_30",391,TRUE,TRUE
1152932,"gate_40",1,FALSE,FALSE
1153055,"gate_30",1,FALSE,FALSE
1153301,"gate_40",45,TRUE,FALSE
1153332,"gate_30",9,FALSE,FALSE
1153379,"gate_30",34,TRUE,FALSE
1153408,"gate_30",31,FALSE,FALSE
1153619,"gate_30",15,FALSE,FALSE
1153717,"gate_40",30,TRUE,FALSE
1153725,"gate_40",2,FALSE,FALSE
1154158,"gate_40",8,FALSE,FALSE
1154730,"gate_30",17,TRUE,FALSE
1154731,"gate_30",53,TRUE,FALSE
1154921,"gate_30",1,FALSE,FALSE
1154933,"gate_30",3,FALSE,FALSE
1155445,"gate_40",74,TRUE,TRUE
1155483,"gate_30",58,TRUE,FALSE
1155489,"gate_40",6,FALSE,FALSE
1155561,"gate_40",41,TRUE,FALSE
1155622,"gate_40",1,FALSE,FALSE
1155645,"gate_30",0,FALSE,FALSE
1155701,"gate_30",6,FALSE,FALSE
1155732,"gate_40",279,TRUE,TRUE
1155739,"gate_40",3,FALSE,FALSE
1155764,"gate_30",80,TRUE,FALSE
1155824,"gate_40",8,FALSE,FALSE
1155857,"gate_30",13,FALSE,FALSE
1155888,"gate_30",7,FALSE,FALSE
1155928,"gate_30",567,TRUE,TRUE
1155993,"gate_30",36,TRUE,FALSE
1156152,"gate_40",0,FALSE,FALSE
1156257,"gate_40",17,TRUE,FALSE
1156451,"gate_40",151,TRUE,TRUE
1156532,"gate_40",37,TRUE,TRUE
1156901,"gate_40",1,FALSE,FALSE
1156922,"gate_40",14,FALSE,FALSE
1157016,"gate_40",15,FALSE,FALSE
1157021,"gate_30",92,FALSE,FALSE
1157338,"gate_30",15,FALSE,FALSE
1157402,"gate_30",5,FALSE,FALSE
1157404,"gate_30",14,FALSE,FALSE
1157479,"gate_40",69,TRUE,TRUE
1157541,"gate_40",17,TRUE,FALSE
1157545,"gate_40",6,FALSE,FALSE
1157589,"gate_40",189,TRUE,FALSE
1157639,"gate_30",15,TRUE,FALSE
1157656,"gate_40",23,FALSE,FALSE
1157668,"gate_40",31,FALSE,FALSE
1157817,"gate_30",0,FALSE,FALSE
1157847,"gate_30",15,FALSE,TRUE
1157900,"gate_40",10,TRUE,FALSE
1158002,"gate_30",35,TRUE,FALSE
1158189,"gate_30",31,TRUE,FALSE
1158214,"gate_40",101,TRUE,TRUE
1158347,"gate_40",55,TRUE,TRUE
1158572,"gate_30",2,FALSE,FALSE
1158612,"gate_40",3,FALSE,FALSE
1158777,"gate_30",141,TRUE,TRUE
1158860,"gate_30",9,FALSE,FALSE
1158931,"gate_30",14,TRUE,FALSE
1159071,"gate_30",18,TRUE,FALSE
1159217,"gate_40",19,FALSE,FALSE
1159260,"gate_40",97,TRUE,FALSE
1159422,"gate_30",18,FALSE,FALSE
1159583,"gate_30",11,FALSE,FALSE
1160056,"gate_40",3,FALSE,FALSE
1160095,"gate_40",18,FALSE,FALSE
1160144,"gate_40",3,FALSE,FALSE
1160261,"gate_30",195,TRUE,TRUE
1160329,"gate_30",2,TRUE,FALSE
1160413,"gate_40",140,TRUE,FALSE
1160564,"gate_40",245,TRUE,FALSE
1160570,"gate_30",4,FALSE,FALSE
1160604,"gate_40",8,FALSE,FALSE
1160687,"gate_30",92,TRUE,FALSE
1160747,"gate_30",1035,TRUE,TRUE
1160837,"gate_40",14,FALSE,FALSE
1160848,"gate_40",25,TRUE,FALSE
1160877,"gate_40",25,TRUE,TRUE
1161034,"gate_30",41,TRUE,FALSE
1161100,"gate_40",45,TRUE,FALSE
1161514,"gate_40",65,FALSE,FALSE
1161617,"gate_40",6,FALSE,FALSE
1161623,"gate_40",154,TRUE,TRUE
1161838,"gate_30",81,TRUE,FALSE
1161870,"gate_40",13,FALSE,FALSE
1161886,"gate_30",9,FALSE,FALSE
1161899,"gate_40",20,TRUE,FALSE
1162099,"gate_40",3,FALSE,FALSE
1162177,"gate_30",238,TRUE,TRUE
1162254,"gate_30",1,FALSE,FALSE
1162399,"gate_40",8,TRUE,FALSE
1162423,"gate_30",44,TRUE,FALSE
1162428,"gate_40",1,FALSE,FALSE
1162509,"gate_40",12,FALSE,TRUE
1162541,"gate_30",16,TRUE,FALSE
1162565,"gate_30",1,FALSE,FALSE
1162600,"gate_30",5,TRUE,FALSE
1162682,"gate_30",5,FALSE,FALSE
1162975,"gate_40",0,FALSE,FALSE
1163012,"gate_40",27,TRUE,FALSE
1163134,"gate_30",12,FALSE,FALSE
1163191,"gate_30",8,FALSE,FALSE
1163242,"gate_40",43,TRUE,FALSE
1163454,"gate_40",42,FALSE,FALSE
1163500,"gate_30",269,TRUE,FALSE
1163613,"gate_30",79,TRUE,FALSE
1163741,"gate_30",4,FALSE,FALSE
1163875,"gate_30",43,TRUE,FALSE
1164033,"gate_30",75,FALSE,FALSE
1164207,"gate_40",23,TRUE,FALSE
1164231,"gate_30",0,FALSE,FALSE
1164272,"gate_40",11,TRUE,FALSE
1164286,"gate_40",104,TRUE,TRUE
1164403,"gate_40",14,TRUE,FALSE
1164475,"gate_40",18,FALSE,FALSE
1164527,"gate_40",3,FALSE,FALSE
1164531,"gate_30",5,FALSE,FALSE
1164554,"gate_40",61,FALSE,TRUE
1164694,"gate_40",40,TRUE,TRUE
1164797,"gate_30",3,FALSE,FALSE
1164950,"gate_40",0,FALSE,FALSE
1164996,"gate_40",22,FALSE,TRUE
1165328,"gate_30",17,FALSE,FALSE
1165607,"gate_30",14,TRUE,FALSE
1165700,"gate_30",1,FALSE,FALSE
1165727,"gate_30",6,TRUE,FALSE
1165730,"gate_30",8,FALSE,FALSE
1165752,"gate_30",11,TRUE,FALSE
1165763,"gate_40",7,FALSE,FALSE
1165916,"gate_30",5,FALSE,FALSE
1166037,"gate_40",13,FALSE,FALSE
1166152,"gate_40",35,TRUE,FALSE
1166219,"gate_40",19,TRUE,FALSE
1166743,"gate_40",59,TRUE,FALSE
1166796,"gate_40",9,FALSE,FALSE
1166929,"gate_30",21,TRUE,FALSE
1166971,"gate_40",172,TRUE,TRUE
1167210,"gate_40",33,TRUE,FALSE
1167260,"gate_40",99,TRUE,FALSE
1167434,"gate_40",349,FALSE,TRUE
1167435,"gate_40",11,TRUE,TRUE
1167472,"gate_30",192,FALSE,TRUE
1167718,"gate_30",10,FALSE,FALSE
1167772,"gate_30",25,FALSE,TRUE
1167833,"gate_40",12,TRUE,FALSE
1167938,"gate_30",20,FALSE,FALSE
1168090,"gate_40",41,FALSE,FALSE
1168285,"gate_30",14,FALSE,FALSE
1168451,"gate_40",3,FALSE,FALSE
1168532,"gate_30",17,TRUE,FALSE
1168596,"gate_30",59,TRUE,FALSE
1168829,"gate_30",83,TRUE,TRUE
1169080,"gate_30",17,FALSE,FALSE
1169162,"gate_40",33,FALSE,FALSE
1169233,"gate_40",3,FALSE,FALSE
1169389,"gate_30",12,TRUE,FALSE
1169545,"gate_40",2,FALSE,FALSE
1169568,"gate_30",86,TRUE,FALSE
1169779,"gate_30",2,FALSE,FALSE
1170323,"gate_30",40,TRUE,TRUE
1170491,"gate_30",126,TRUE,TRUE
1170517,"gate_40",2,TRUE,TRUE
1170568,"gate_40",67,TRUE,FALSE
1170571,"gate_40",23,TRUE,FALSE
1170677,"gate_40",7,TRUE,FALSE
1170713,"gate_40",91,TRUE,FALSE
1170726,"gate_30",47,TRUE,FALSE
1170738,"gate_40",1,FALSE,FALSE
1170974,"gate_30",13,FALSE,FALSE
1171352,"gate_40",458,TRUE,TRUE
1171562,"gate_30",5,FALSE,FALSE
1171693,"gate_40",225,TRUE,TRUE
1171793,"gate_40",107,TRUE,FALSE
1171836,"gate_40",10,FALSE,FALSE
1171928,"gate_40",244,TRUE,TRUE
1171970,"gate_40",3,FALSE,FALSE
1172164,"gate_40",3,FALSE,TRUE
1172228,"gate_30",505,TRUE,TRUE
1172357,"gate_40",64,TRUE,TRUE
1172655,"gate_30",12,FALSE,FALSE
1172901,"gate_40",13,FALSE,FALSE
1173119,"gate_30",4,FALSE,FALSE
1173158,"gate_30",34,TRUE,TRUE
1173216,"gate_30",1,FALSE,FALSE
1173439,"gate_40",2,FALSE,FALSE
1173458,"gate_40",603,TRUE,TRUE
1173642,"gate_40",52,TRUE,FALSE
1173673,"gate_30",1,FALSE,FALSE
1173749,"gate_30",23,FALSE,FALSE
1173774,"gate_40",189,TRUE,TRUE
1173828,"gate_40",96,TRUE,FALSE
1173835,"gate_30",1,FALSE,FALSE
1174091,"gate_40",154,TRUE,TRUE
1174466,"gate_30",35,TRUE,FALSE
1174520,"gate_40",515,TRUE,TRUE
1174636,"gate_40",2,FALSE,FALSE
1174982,"gate_30",21,TRUE,FALSE
1174991,"gate_30",60,TRUE,TRUE
1174995,"gate_30",43,TRUE,FALSE
1175166,"gate_40",6,TRUE,FALSE
1175239,"gate_40",47,TRUE,FALSE
1175413,"gate_30",0,FALSE,FALSE
1175465,"gate_40",2,FALSE,FALSE
1175502,"gate_30",2,FALSE,FALSE
1175607,"gate_40",1,FALSE,FALSE
1175690,"gate_30",15,TRUE,FALSE
1175749,"gate_30",28,FALSE,FALSE
1175847,"gate_30",75,TRUE,FALSE
1175887,"gate_40",54,TRUE,TRUE
1176261,"gate_40",121,TRUE,TRUE
1176303,"gate_30",398,TRUE,TRUE
1176389,"gate_30",37,TRUE,FALSE
1176486,"gate_30",5,TRUE,FALSE
1176495,"gate_40",5,FALSE,FALSE
1176949,"gate_30",7,FALSE,FALSE
1177427,"gate_30",6,FALSE,FALSE
1177566,"gate_30",164,TRUE,TRUE
1177646,"gate_30",4,FALSE,FALSE
1177734,"gate_30",4,FALSE,FALSE
1177780,"gate_30",35,TRUE,TRUE
1177830,"gate_40",4,FALSE,FALSE
1177901,"gate_40",70,TRUE,TRUE
1178104,"gate_40",18,TRUE,FALSE
1178279,"gate_40",132,TRUE,TRUE
1178635,"gate_40",44,TRUE,FALSE
1178681,"gate_40",7,FALSE,FALSE
1178797,"gate_30",41,TRUE,FALSE
1178857,"gate_40",193,TRUE,FALSE
1178911,"gate_30",4,FALSE,FALSE
1178924,"gate_40",610,TRUE,TRUE
1179155,"gate_40",4,FALSE,FALSE
1179162,"gate_40",3,FALSE,FALSE
1179206,"gate_40",8,FALSE,FALSE
1179307,"gate_30",36,TRUE,FALSE
1179465,"gate_30",34,TRUE,FALSE
1179477,"gate_40",1,FALSE,FALSE
1179503,"gate_40",1573,TRUE,TRUE
1179585,"gate_40",1,FALSE,FALSE
1179652,"gate_30",6,TRUE,FALSE
1179817,"gate_40",1,FALSE,FALSE
1180197,"gate_30",58,TRUE,TRUE
1180333,"gate_30",479,FALSE,TRUE
1180397,"gate_30",6,FALSE,FALSE
1180920,"gate_40",25,FALSE,FALSE
1180958,"gate_40",46,TRUE,FALSE
1181099,"gate_40",35,TRUE,FALSE
1181193,"gate_30",177,TRUE,FALSE
1181319,"gate_40",455,TRUE,TRUE
1181417,"gate_30",10,FALSE,FALSE
1181765,"gate_30",17,TRUE,FALSE
1181917,"gate_40",1,FALSE,FALSE
1181964,"gate_40",273,TRUE,TRUE
1181970,"gate_30",20,FALSE,FALSE
1182099,"gate_40",4,FALSE,FALSE
1182120,"gate_30",1,FALSE,FALSE
1182568,"gate_40",1,FALSE,FALSE
1182597,"gate_40",3,FALSE,FALSE
1182611,"gate_30",1,FALSE,FALSE
1182659,"gate_30",6,TRUE,FALSE
1182704,"gate_40",3,TRUE,FALSE
1183015,"gate_40",1,FALSE,FALSE
1183054,"gate_40",18,TRUE,FALSE
1183128,"gate_30",54,FALSE,TRUE
1183170,"gate_40",3,FALSE,FALSE
1183175,"gate_40",8,FALSE,FALSE
1183318,"gate_30",69,TRUE,FALSE
1183395,"gate_40",18,TRUE,FALSE
1183396,"gate_40",43,TRUE,FALSE
1183466,"gate_40",25,FALSE,TRUE
1183546,"gate_40",6,FALSE,FALSE
1183595,"gate_40",75,TRUE,FALSE
1183651,"gate_30",1,FALSE,FALSE
1183659,"gate_40",77,TRUE,FALSE
1183896,"gate_40",1,FALSE,FALSE
1184191,"gate_40",167,TRUE,FALSE
1184322,"gate_40",92,TRUE,TRUE
1184470,"gate_40",10,FALSE,FALSE
1184799,"gate_40",26,TRUE,FALSE
1184942,"gate_40",52,TRUE,FALSE
1185140,"gate_30",69,TRUE,TRUE
1185283,"gate_40",13,FALSE,FALSE
1185322,"gate_40",5,FALSE,FALSE
1185915,"gate_40",2,TRUE,FALSE
1186156,"gate_40",40,TRUE,FALSE
1186586,"gate_40",28,TRUE,FALSE
1186614,"gate_40",20,TRUE,FALSE
1186625,"gate_40",6,FALSE,FALSE
1186652,"gate_30",20,FALSE,FALSE
1186694,"gate_40",242,TRUE,TRUE
1186860,"gate_30",35,FALSE,FALSE
1186960,"gate_30",27,TRUE,FALSE
1187016,"gate_30",33,TRUE,FALSE
1187093,"gate_40",2,FALSE,FALSE
1187104,"gate_40",32,TRUE,FALSE
1187115,"gate_30",34,FALSE,FALSE
1187163,"gate_40",32,FALSE,FALSE
1187188,"gate_40",7,FALSE,FALSE
1187333,"gate_40",67,FALSE,TRUE
1187352,"gate_30",2,FALSE,FALSE
1187429,"gate_40",100,TRUE,FALSE
1187637,"gate_40",7,TRUE,FALSE
1187645,"gate_40",20,FALSE,FALSE
1187676,"gate_30",377,TRUE,TRUE
1187690,"gate_40",2,TRUE,FALSE
1187963,"gate_30",43,FALSE,TRUE
1188054,"gate_30",389,TRUE,FALSE
1188328,"gate_40",180,TRUE,TRUE
1188383,"gate_40",48,TRUE,FALSE
1188448,"gate_30",9,TRUE,FALSE
1188525,"gate_40",15,TRUE,FALSE
1188654,"gate_30",81,TRUE,FALSE
1188800,"gate_40",5,TRUE,FALSE
1188843,"gate_30",71,TRUE,FALSE
1188919,"gate_30",66,TRUE,TRUE
1188953,"gate_40",5,FALSE,FALSE
1189035,"gate_30",6,TRUE,FALSE
1189379,"gate_40",15,FALSE,FALSE
1189526,"gate_30",5,FALSE,FALSE
1189534,"gate_30",18,TRUE,FALSE
1189662,"gate_40",6,FALSE,FALSE
1189730,"gate_30",68,TRUE,FALSE
1189744,"gate_40",205,TRUE,TRUE
1190242,"gate_40",9,TRUE,FALSE
1190410,"gate_40",12,FALSE,TRUE
1190419,"gate_30",0,FALSE,FALSE
1190652,"gate_30",640,TRUE,TRUE
1190720,"gate_30",163,TRUE,FALSE
1190968,"gate_30",6,FALSE,FALSE
1191039,"gate_40",24,TRUE,FALSE
1191301,"gate_30",22,TRUE,FALSE
1191348,"gate_40",5,FALSE,FALSE
1191390,"gate_40",152,TRUE,TRUE
1191581,"gate_40",14,FALSE,FALSE
1191582,"gate_30",14,FALSE,FALSE
1191617,"gate_30",23,FALSE,FALSE
1191667,"gate_40",2,FALSE,FALSE
1191752,"gate_40",21,FALSE,FALSE
1191789,"gate_40",155,TRUE,TRUE
1192025,"gate_30",106,TRUE,TRUE
1192135,"gate_30",5,FALSE,FALSE
1192199,"gate_40",136,TRUE,TRUE
1192310,"gate_40",6,FALSE,FALSE
1192437,"gate_30",35,FALSE,FALSE
1192447,"gate_30",22,TRUE,FALSE
1192604,"gate_30",13,FALSE,FALSE
1192702,"gate_30",15,TRUE,FALSE
1192953,"gate_30",4,FALSE,FALSE
1193214,"gate_40",3,FALSE,FALSE
1193348,"gate_40",8,TRUE,FALSE
1193366,"gate_30",6,FALSE,FALSE
1193376,"gate_40",58,TRUE,FALSE
1193462,"gate_30",7,FALSE,FALSE
1193512,"gate_40",10,FALSE,FALSE
1193534,"gate_30",6,FALSE,FALSE
1193566,"gate_40",26,TRUE,FALSE
1193691,"gate_30",50,FALSE,FALSE
1193729,"gate_40",1,FALSE,FALSE
1193917,"gate_30",10,FALSE,FALSE
1194266,"gate_30",112,TRUE,FALSE
1194273,"gate_40",0,FALSE,FALSE
1194311,"gate_40",7,FALSE,TRUE
1194372,"gate_30",9,FALSE,FALSE
1194500,"gate_30",26,TRUE,FALSE
1194825,"gate_30",1,FALSE,FALSE
1194975,"gate_40",2,FALSE,FALSE
1195107,"gate_30",29,TRUE,FALSE
1195386,"gate_40",16,FALSE,FALSE
1195485,"gate_40",6,FALSE,FALSE
1195572,"gate_40",5,FALSE,FALSE
1195730,"gate_40",19,TRUE,FALSE
1195793,"gate_40",10,FALSE,FALSE
1195845,"gate_30",13,FALSE,FALSE
1195849,"gate_30",58,TRUE,TRUE
1196494,"gate_30",29,TRUE,FALSE
1196808,"gate_30",13,TRUE,FALSE
1196911,"gate_40",18,TRUE,FALSE
1196975,"gate_40",98,TRUE,TRUE
1197003,"gate_30",5,FALSE,FALSE
1197083,"gate_40",44,TRUE,FALSE
1197089,"gate_30",90,TRUE,TRUE
1197246,"gate_30",1,FALSE,FALSE
1197332,"gate_40",192,TRUE,TRUE
1197449,"gate_40",146,FALSE,TRUE
1197579,"gate_40",30,TRUE,FALSE
1197621,"gate_30",4,FALSE,TRUE
1197683,"gate_40",1,FALSE,FALSE
1197970,"gate_40",24,TRUE,FALSE
1198240,"gate_30",9,TRUE,FALSE
1198242,"gate_30",29,FALSE,FALSE
1198459,"gate_30",27,TRUE,FALSE
1198496,"gate_40",104,TRUE,TRUE
1198641,"gate_30",85,FALSE,FALSE
1198830,"gate_40",1,FALSE,FALSE
1198978,"gate_40",28,TRUE,FALSE
1199152,"gate_40",16,FALSE,FALSE
1199255,"gate_30",2,FALSE,FALSE
1199291,"gate_40",5,FALSE,FALSE
1199316,"gate_40",62,TRUE,FALSE
1199557,"gate_40",36,TRUE,FALSE
1199692,"gate_40",45,FALSE,FALSE
1199752,"gate_40",17,FALSE,FALSE
1199926,"gate_30",2,FALSE,FALSE
1200059,"gate_30",29,FALSE,FALSE
1200067,"gate_30",48,TRUE,FALSE
1200243,"gate_40",2,FALSE,FALSE
1200323,"gate_30",32,FALSE,TRUE
1200425,"gate_40",21,FALSE,FALSE
1200604,"gate_40",147,TRUE,TRUE
1200767,"gate_30",337,FALSE,FALSE
1200943,"gate_30",19,FALSE,FALSE
1201007,"gate_30",110,TRUE,FALSE
1201014,"gate_30",8,TRUE,TRUE
1201017,"gate_40",5,FALSE,FALSE
1201083,"gate_40",46,TRUE,FALSE
1201190,"gate_30",9,FALSE,TRUE
1201307,"gate_40",152,TRUE,FALSE
1201446,"gate_40",9,FALSE,FALSE
1201551,"gate_30",17,TRUE,FALSE
1201655,"gate_30",491,TRUE,TRUE
1201680,"gate_30",4,FALSE,FALSE
1201821,"gate_40",2,TRUE,FALSE
1201874,"gate_30",36,TRUE,FALSE
1202046,"gate_30",266,TRUE,TRUE
1202127,"gate_30",35,FALSE,FALSE
1202542,"gate_30",18,FALSE,FALSE
1202559,"gate_40",9,FALSE,TRUE
1202617,"gate_40",1,FALSE,FALSE
1202665,"gate_30",0,FALSE,FALSE
1202753,"gate_30",5,FALSE,FALSE
1202790,"gate_40",65,TRUE,TRUE
1202971,"gate_40",2,FALSE,FALSE
1203008,"gate_30",104,FALSE,FALSE
1203294,"gate_40",10,FALSE,FALSE
1203459,"gate_40",76,TRUE,TRUE
1203590,"gate_40",62,TRUE,FALSE
1203610,"gate_40",2,FALSE,FALSE
1203613,"gate_40",21,FALSE,FALSE
1203693,"gate_30",6,FALSE,FALSE
1203817,"gate_40",5,TRUE,FALSE
1203870,"gate_40",17,TRUE,FALSE
1204193,"gate_30",289,TRUE,TRUE
1204213,"gate_40",13,FALSE,FALSE
1204222,"gate_40",5,FALSE,FALSE
1204256,"gate_30",39,TRUE,TRUE
1204277,"gate_30",9,TRUE,FALSE
1204699,"gate_40",20,FALSE,FALSE
1204975,"gate_40",14,FALSE,FALSE
1205082,"gate_30",20,TRUE,FALSE
1205136,"gate_40",101,TRUE,TRUE
1205668,"gate_30",82,FALSE,FALSE
1205695,"gate_30",24,FALSE,FALSE
1205724,"gate_40",37,TRUE,FALSE
1205734,"gate_30",8,TRUE,TRUE
1205798,"gate_30",3,FALSE,FALSE
1205825,"gate_40",68,TRUE,TRUE
1206001,"gate_30",1,FALSE,FALSE
1206022,"gate_40",19,FALSE,FALSE
1206031,"gate_40",62,TRUE,FALSE
1206234,"gate_30",10,TRUE,FALSE
1206327,"gate_40",60,TRUE,FALSE
1206333,"gate_40",3,FALSE,FALSE
1206370,"gate_30",10,FALSE,FALSE
1206416,"gate_30",2,FALSE,FALSE
1206536,"gate_40",3,TRUE,FALSE
1206607,"gate_30",9,TRUE,FALSE
1206830,"gate_40",113,TRUE,FALSE
1206993,"gate_30",17,TRUE,FALSE
1207009,"gate_30",4,TRUE,FALSE
1207077,"gate_30",15,FALSE,FALSE
1207110,"gate_40",20,FALSE,FALSE
1207142,"gate_40",71,TRUE,FALSE
1207421,"gate_30",19,FALSE,FALSE
1207438,"gate_40",7,FALSE,FALSE
1207511,"gate_40",52,FALSE,FALSE
1207552,"gate_30",14,TRUE,FALSE
1207562,"gate_40",22,FALSE,TRUE
1207585,"gate_40",22,TRUE,FALSE
1207735,"gate_40",2,TRUE,FALSE
1207784,"gate_40",24,TRUE,FALSE
1207794,"gate_30",4,FALSE,FALSE
1207950,"gate_30",2,FALSE,FALSE
1207989,"gate_30",14,TRUE,FALSE
1208105,"gate_40",73,TRUE,TRUE
1208155,"gate_40",2,TRUE,FALSE
1208178,"gate_40",6,FALSE,FALSE
1208477,"gate_30",1,FALSE,FALSE
1208553,"gate_30",29,TRUE,FALSE
1208610,"gate_30",33,TRUE,FALSE
1208723,"gate_30",13,FALSE,FALSE
1208815,"gate_40",11,TRUE,FALSE
1208840,"gate_30",3,FALSE,FALSE
1208851,"gate_30",755,TRUE,TRUE
1208894,"gate_40",22,TRUE,FALSE
1208956,"gate_30",5,FALSE,FALSE
1209097,"gate_30",4,FALSE,FALSE
1209272,"gate_30",18,TRUE,FALSE
1209296,"gate_40",44,TRUE,FALSE
1209303,"gate_40",0,FALSE,FALSE
1209344,"gate_30",13,TRUE,FALSE
1209486,"gate_40",183,TRUE,FALSE
1209613,"gate_40",13,FALSE,FALSE
1209703,"gate_40",5,FALSE,FALSE
1209748,"gate_30",19,TRUE,FALSE
1209922,"gate_40",1,FALSE,FALSE
1209927,"gate_30",2,FALSE,FALSE
1210034,"gate_40",1,FALSE,FALSE
1210176,"gate_40",7,FALSE,TRUE
1210200,"gate_30",163,TRUE,TRUE
1210238,"gate_30",15,FALSE,FALSE
1210323,"gate_40",4,FALSE,FALSE
1210597,"gate_30",161,TRUE,FALSE
1210635,"gate_30",207,TRUE,FALSE
1210658,"gate_30",106,FALSE,TRUE
1210852,"gate_30",343,TRUE,TRUE
1210905,"gate_30",3,FALSE,FALSE
1210929,"gate_30",41,TRUE,FALSE
1210943,"gate_30",2,FALSE,FALSE
1211050,"gate_40",110,TRUE,FALSE
1211062,"gate_40",1,FALSE,FALSE
1211108,"gate_40",371,TRUE,TRUE
1211436,"gate_30",8,FALSE,FALSE
1211615,"gate_30",0,FALSE,FALSE
1211738,"gate_30",26,TRUE,FALSE
1211771,"gate_40",26,FALSE,FALSE
1211774,"gate_30",8,FALSE,FALSE
1211852,"gate_30",36,FALSE,FALSE
1211921,"gate_40",50,TRUE,TRUE
1212056,"gate_40",1,FALSE,FALSE
1212211,"gate_30",3,FALSE,FALSE
1212421,"gate_30",23,FALSE,FALSE
1212455,"gate_40",115,TRUE,TRUE
1212527,"gate_30",8,FALSE,FALSE
1212854,"gate_40",183,TRUE,FALSE
1213208,"gate_30",1,FALSE,FALSE
1213226,"gate_40",52,TRUE,TRUE
1213316,"gate_40",58,TRUE,FALSE
1213397,"gate_40",25,TRUE,FALSE
1213410,"gate_30",38,TRUE,FALSE
1213469,"gate_40",36,FALSE,TRUE
1213494,"gate_40",218,FALSE,FALSE
1213866,"gate_30",20,TRUE,FALSE
1214074,"gate_40",47,TRUE,TRUE
1214256,"gate_30",2,FALSE,FALSE
1214308,"gate_40",146,TRUE,FALSE
1214398,"gate_40",4,FALSE,FALSE
1214425,"gate_40",1,FALSE,FALSE
1214437,"gate_30",27,TRUE,FALSE
1214952,"gate_40",16,FALSE,FALSE
1215077,"gate_40",183,TRUE,FALSE
1215178,"gate_40",20,FALSE,FALSE
1215332,"gate_30",1,FALSE,FALSE
1215870,"gate_40",5,TRUE,FALSE
1215891,"gate_40",147,TRUE,TRUE
1215911,"gate_40",166,TRUE,TRUE
1215952,"gate_40",4,FALSE,FALSE
1215999,"gate_30",214,FALSE,TRUE
1216016,"gate_30",1,FALSE,FALSE
1216068,"gate_40",9,FALSE,FALSE
1216372,"gate_30",21,FALSE,FALSE
1216389,"gate_40",21,FALSE,FALSE
1216497,"gate_30",57,TRUE,FALSE
1216697,"gate_30",22,FALSE,FALSE
1216803,"gate_30",51,FALSE,TRUE
1216815,"gate_40",56,TRUE,FALSE
1216885,"gate_40",45,TRUE,FALSE
1216894,"gate_40",27,FALSE,FALSE
1216957,"gate_40",68,TRUE,FALSE
1217015,"gate_40",42,TRUE,FALSE
1217249,"gate_30",70,TRUE,FALSE
1217377,"gate_40",33,TRUE,FALSE
1217611,"gate_30",0,FALSE,FALSE
1217656,"gate_40",20,FALSE,FALSE
1217839,"gate_30",1,FALSE,FALSE
1217884,"gate_40",48,TRUE,TRUE
1218007,"gate_40",3,FALSE,FALSE
1218113,"gate_40",4,FALSE,FALSE
1218142,"gate_30",14,TRUE,FALSE
1218275,"gate_40",1,FALSE,FALSE
1218447,"gate_40",4,FALSE,FALSE
1218527,"gate_40",58,TRUE,TRUE
1218563,"gate_40",18,FALSE,FALSE
1218706,"gate_30",30,TRUE,FALSE
1218805,"gate_30",6,FALSE,FALSE
1219025,"gate_30",8,TRUE,FALSE
1219113,"gate_40",1,FALSE,FALSE
1219127,"gate_40",5,FALSE,FALSE
1219199,"gate_40",4,FALSE,FALSE
1219263,"gate_40",2,FALSE,FALSE
1219277,"gate_30",22,FALSE,FALSE
1219321,"gate_40",12,FALSE,FALSE
1219348,"gate_40",44,TRUE,FALSE
1219874,"gate_30",15,FALSE,TRUE
1219896,"gate_30",306,TRUE,FALSE
1219943,"gate_30",17,TRUE,FALSE
1220099,"gate_30",1,FALSE,FALSE
1220160,"gate_40",36,FALSE,TRUE
1220325,"gate_30",3,FALSE,FALSE
1220482,"gate_30",50,FALSE,FALSE
1220616,"gate_30",45,FALSE,TRUE
1220763,"gate_30",24,FALSE,TRUE
1220979,"gate_30",62,FALSE,TRUE
1221042,"gate_30",15,TRUE,FALSE
1221044,"gate_30",1,FALSE,FALSE
1221071,"gate_40",36,TRUE,FALSE
1221186,"gate_30",15,FALSE,FALSE
1221275,"gate_30",2,FALSE,FALSE
1221347,"gate_40",2,FALSE,FALSE
1221441,"gate_30",45,FALSE,FALSE
1221705,"gate_30",46,TRUE,FALSE
1221727,"gate_40",11,FALSE,FALSE
1221764,"gate_30",1,FALSE,FALSE
1221790,"gate_40",1,FALSE,FALSE
1222000,"gate_30",30,TRUE,TRUE
1222020,"gate_30",132,TRUE,TRUE
1222039,"gate_40",16,FALSE,FALSE
1222102,"gate_30",17,TRUE,FALSE
1222124,"gate_30",136,TRUE,TRUE
1222529,"gate_40",0,FALSE,FALSE
1222557,"gate_30",226,TRUE,TRUE
1222709,"gate_40",154,TRUE,FALSE
1222749,"gate_40",110,TRUE,TRUE
1222849,"gate_40",67,TRUE,TRUE
1222859,"gate_30",3,FALSE,FALSE
1223132,"gate_40",0,FALSE,FALSE
1223173,"gate_40",105,TRUE,TRUE
1223378,"gate_30",10,FALSE,FALSE
1224147,"gate_40",1,FALSE,FALSE
1224235,"gate_40",48,FALSE,FALSE
1224496,"gate_30",56,TRUE,FALSE
1224654,"gate_30",55,FALSE,FALSE
1224856,"gate_40",20,TRUE,FALSE
1224897,"gate_30",120,FALSE,TRUE
1225327,"gate_30",289,TRUE,FALSE
1225388,"gate_30",40,TRUE,TRUE
1225487,"gate_40",76,TRUE,TRUE
1225847,"gate_40",24,TRUE,FALSE
1225855,"gate_30",0,FALSE,FALSE
1225966,"gate_30",14,TRUE,FALSE
1226132,"gate_40",18,FALSE,FALSE
1226186,"gate_40",6,FALSE,FALSE
1226296,"gate_40",2,FALSE,FALSE
1226434,"gate_30",4,FALSE,FALSE
1226489,"gate_30",17,TRUE,FALSE
1226490,"gate_40",3,FALSE,FALSE
1226624,"gate_40",298,TRUE,TRUE
1226629,"gate_30",38,FALSE,FALSE
1226671,"gate_40",2,FALSE,FALSE
1226785,"gate_30",13,TRUE,FALSE
1226895,"gate_40",100,TRUE,TRUE
1227016,"gate_40",1,FALSE,FALSE
1227111,"gate_40",26,TRUE,FALSE
1227115,"gate_40",52,TRUE,FALSE
1227165,"gate_40",22,FALSE,FALSE
1227183,"gate_40",2,FALSE,FALSE
1227313,"gate_30",2,FALSE,FALSE
1227371,"gate_30",5,FALSE,FALSE
1227615,"gate_40",12,FALSE,FALSE
1227690,"gate_30",26,TRUE,TRUE
1227693,"gate_40",166,TRUE,FALSE
1227960,"gate_40",0,FALSE,FALSE
1228192,"gate_30",8,FALSE,FALSE
1228195,"gate_40",0,FALSE,FALSE
1228265,"gate_40",123,TRUE,FALSE
1228616,"gate_30",11,FALSE,FALSE
1228645,"gate_30",11,FALSE,FALSE
1228657,"gate_30",1,FALSE,FALSE
1229072,"gate_30",2,FALSE,TRUE
1229104,"gate_30",11,FALSE,FALSE
1229365,"gate_40",9,FALSE,FALSE
1229395,"gate_40",15,FALSE,FALSE
1229430,"gate_40",13,TRUE,FALSE
1229597,"gate_40",19,FALSE,FALSE
1229932,"gate_40",58,FALSE,FALSE
1229951,"gate_40",139,TRUE,TRUE
1230010,"gate_40",142,TRUE,TRUE
1230022,"gate_30",194,TRUE,TRUE
1230124,"gate_40",63,FALSE,FALSE
1230246,"gate_30",143,TRUE,TRUE
1230405,"gate_30",52,FALSE,TRUE
1230841,"gate_40",4,TRUE,FALSE
1230988,"gate_40",10,FALSE,FALSE
1230999,"gate_40",79,TRUE,TRUE
1231073,"gate_30",2,FALSE,FALSE
1231172,"gate_40",8,TRUE,FALSE
1231225,"gate_30",17,FALSE,FALSE
1231261,"gate_40",160,TRUE,TRUE
1231313,"gate_30",8,FALSE,FALSE
1231445,"gate_30",47,TRUE,FALSE
1231530,"gate_30",1,FALSE,FALSE
1231531,"gate_30",16,FALSE,FALSE
1231647,"gate_40",23,TRUE,TRUE
1231653,"gate_40",39,FALSE,FALSE
1231690,"gate_40",25,TRUE,FALSE
1231705,"gate_30",10,FALSE,FALSE
1231876,"gate_30",78,TRUE,TRUE
1231929,"gate_40",11,TRUE,FALSE
1232079,"gate_30",462,TRUE,TRUE
1232096,"gate_30",1,FALSE,FALSE
1232171,"gate_40",220,TRUE,TRUE
1232176,"gate_40",52,TRUE,FALSE
1232231,"gate_40",36,TRUE,FALSE
1232288,"gate_40",1,FALSE,FALSE
1232389,"gate_40",1000,TRUE,TRUE
1232423,"gate_40",83,TRUE,TRUE
1232435,"gate_40",1,FALSE,FALSE
1232490,"gate_40",0,FALSE,FALSE
1232535,"gate_40",37,TRUE,FALSE
1232561,"gate_40",95,TRUE,FALSE
1232582,"gate_30",37,TRUE,FALSE
1232633,"gate_40",1,FALSE,FALSE
1232741,"gate_30",163,TRUE,TRUE
1232744,"gate_30",547,FALSE,TRUE
1233033,"gate_40",38,TRUE,FALSE
1233086,"gate_30",32,FALSE,FALSE
1233179,"gate_40",5,FALSE,FALSE
1233293,"gate_40",7,TRUE,FALSE
1233333,"gate_30",31,FALSE,FALSE
1233473,"gate_40",67,TRUE,FALSE
1233590,"gate_40",10,TRUE,FALSE
1233609,"gate_30",1,FALSE,FALSE
1233765,"gate_40",4,FALSE,FALSE
1233802,"gate_40",1,FALSE,FALSE
1233908,"gate_30",15,TRUE,FALSE
1234016,"gate_30",37,TRUE,FALSE
1234029,"gate_30",26,FALSE,TRUE
1234054,"gate_30",238,TRUE,TRUE
1234178,"gate_40",240,TRUE,TRUE
1234274,"gate_30",152,TRUE,TRUE
1234325,"gate_30",0,FALSE,FALSE
1234582,"gate_40",28,TRUE,TRUE
1234640,"gate_30",62,TRUE,TRUE
1234643,"gate_40",3,FALSE,FALSE
1234677,"gate_40",17,FALSE,FALSE
1234848,"gate_30",24,TRUE,FALSE
1235027,"gate_30",56,TRUE,TRUE
1235058,"gate_40",50,TRUE,FALSE
1235137,"gate_40",14,FALSE,FALSE
1235265,"gate_40",5,FALSE,FALSE
1235270,"gate_30",67,TRUE,FALSE
1235296,"gate_40",14,TRUE,FALSE
1235687,"gate_30",0,FALSE,FALSE
1236048,"gate_30",1,FALSE,FALSE
1236253,"gate_40",23,TRUE,TRUE
1236612,"gate_30",57,TRUE,FALSE
1236628,"gate_40",1,FALSE,FALSE
1236892,"gate_40",72,TRUE,TRUE
1236894,"gate_40",72,TRUE,FALSE
1236911,"gate_30",101,TRUE,TRUE
1237270,"gate_30",120,TRUE,TRUE
1237369,"gate_40",26,FALSE,FALSE
1237380,"gate_40",44,TRUE,FALSE
1237525,"gate_30",8,FALSE,FALSE
1237560,"gate_40",7,FALSE,FALSE
1237649,"gate_30",171,TRUE,TRUE
1237865,"gate_30",38,TRUE,FALSE
1237968,"gate_40",229,TRUE,TRUE
1237970,"gate_40",1,FALSE,FALSE
1238107,"gate_40",57,FALSE,FALSE
1238191,"gate_30",1,TRUE,FALSE
1238267,"gate_40",4,FALSE,FALSE
1238284,"gate_40",2,FALSE,FALSE
1238384,"gate_30",163,TRUE,FALSE
1238620,"gate_30",93,TRUE,TRUE
1238718,"gate_40",40,FALSE,FALSE
1238954,"gate_30",33,FALSE,FALSE
1239022,"gate_30",1,FALSE,FALSE
1239067,"gate_30",35,TRUE,FALSE
1239102,"gate_30",50,TRUE,FALSE
1239283,"gate_40",4,FALSE,FALSE
1239333,"gate_40",2,FALSE,FALSE
1239346,"gate_30",94,TRUE,FALSE
1239437,"gate_30",113,TRUE,TRUE
1239556,"gate_40",5,FALSE,FALSE
1239655,"gate_30",1,TRUE,FALSE
1239662,"gate_40",45,TRUE,TRUE
1239685,"gate_40",6,FALSE,FALSE
1239699,"gate_30",11,FALSE,FALSE
1240017,"gate_30",15,FALSE,FALSE
1240024,"gate_30",97,TRUE,TRUE
1240062,"gate_40",22,FALSE,TRUE
1240141,"gate_30",16,FALSE,FALSE
1240272,"gate_40",22,TRUE,FALSE
1240355,"gate_40",25,TRUE,FALSE
1240595,"gate_30",57,TRUE,TRUE
1240774,"gate_40",66,TRUE,TRUE
1240902,"gate_40",79,FALSE,TRUE
1241697,"gate_30",37,TRUE,FALSE
1241750,"gate_40",12,TRUE,FALSE
1241853,"gate_40",130,TRUE,TRUE
1242017,"gate_30",21,TRUE,FALSE
1242164,"gate_40",19,FALSE,FALSE
1242188,"gate_40",3,FALSE,FALSE
1242563,"gate_30",18,TRUE,TRUE
1242638,"gate_30",66,FALSE,TRUE
1242788,"gate_40",8,FALSE,FALSE
1242937,"gate_30",43,TRUE,FALSE
1243160,"gate_40",89,TRUE,FALSE
1243163,"gate_30",2,TRUE,FALSE
1243295,"gate_30",225,TRUE,TRUE
1243311,"gate_40",1,FALSE,FALSE
1243340,"gate_30",199,TRUE,TRUE
1243472,"gate_40",17,TRUE,FALSE
1243637,"gate_30",129,TRUE,TRUE
1243715,"gate_40",1,FALSE,FALSE
1243726,"gate_30",12,FALSE,FALSE
1243765,"gate_40",49,FALSE,FALSE
1243953,"gate_40",10,FALSE,FALSE
1243973,"gate_30",0,FALSE,FALSE
1244044,"gate_30",3,FALSE,FALSE
1244052,"gate_30",36,FALSE,FALSE
1244065,"gate_40",16,FALSE,FALSE
1244353,"gate_40",37,FALSE,FALSE
1244503,"gate_40",5,FALSE,FALSE
1244650,"gate_40",94,TRUE,TRUE
1244910,"gate_30",70,TRUE,FALSE
1245245,"gate_30",16,FALSE,FALSE
1245253,"gate_40",428,TRUE,TRUE
1245281,"gate_30",648,TRUE,TRUE
1245334,"gate_30",14,FALSE,FALSE
1245416,"gate_30",5,FALSE,FALSE
1245506,"gate_30",1,FALSE,FALSE
1245654,"gate_40",0,FALSE,FALSE
1245681,"gate_40",2,FALSE,FALSE
1245778,"gate_30",70,TRUE,TRUE
1245843,"gate_30",32,FALSE,FALSE
1245964,"gate_30",1,FALSE,FALSE
1245980,"gate_30",75,TRUE,TRUE
1246288,"gate_30",143,TRUE,FALSE
1246304,"gate_40",292,TRUE,FALSE
1246323,"gate_40",38,TRUE,FALSE
1246379,"gate_30",56,FALSE,TRUE
1246410,"gate_30",29,FALSE,TRUE
1246425,"gate_30",24,TRUE,FALSE
1246442,"gate_30",4,FALSE,FALSE
1246514,"gate_40",18,TRUE,FALSE
1246568,"gate_40",45,TRUE,TRUE
1246629,"gate_30",14,FALSE,FALSE
1246663,"gate_40",5,FALSE,FALSE
1246678,"gate_30",12,TRUE,FALSE
1246865,"gate_30",24,FALSE,FALSE
1246936,"gate_40",0,FALSE,FALSE
1246966,"gate_30",196,TRUE,FALSE
1247001,"gate_30",22,FALSE,FALSE
1247059,"gate_40",1,TRUE,FALSE
1247358,"gate_40",0,FALSE,FALSE
1247537,"gate_30",10,FALSE,FALSE
1247786,"gate_40",44,TRUE,FALSE
1247830,"gate_30",77,FALSE,TRUE
1247841,"gate_30",16,FALSE,FALSE
1248004,"gate_40",10,FALSE,FALSE
1248011,"gate_40",7,FALSE,FALSE
1248028,"gate_40",151,FALSE,TRUE
1248183,"gate_40",30,TRUE,FALSE
1248220,"gate_30",0,FALSE,FALSE
1248342,"gate_30",140,TRUE,TRUE
1248378,"gate_30",64,TRUE,FALSE
1248556,"gate_30",35,TRUE,FALSE
1249064,"gate_40",174,TRUE,FALSE
1249098,"gate_30",87,TRUE,FALSE
1249129,"gate_30",61,TRUE,FALSE
1249131,"gate_40",45,FALSE,FALSE
1249138,"gate_40",144,TRUE,TRUE
1249601,"gate_30",29,TRUE,FALSE
1249658,"gate_40",50,TRUE,FALSE
1249765,"gate_30",3,FALSE,FALSE
1249821,"gate_40",277,FALSE,TRUE
1250389,"gate_30",34,TRUE,FALSE
1250391,"gate_30",4,TRUE,FALSE
1250498,"gate_30",14,FALSE,FALSE
1250702,"gate_40",119,TRUE,TRUE
1250723,"gate_30",15,FALSE,FALSE
1250758,"gate_40",40,TRUE,FALSE
1250812,"gate_30",406,TRUE,TRUE
1250826,"gate_30",1,FALSE,FALSE
1250836,"gate_30",91,TRUE,FALSE
1251166,"gate_40",33,TRUE,FALSE
1251213,"gate_30",24,TRUE,FALSE
1251259,"gate_40",1,FALSE,FALSE
1251272,"gate_40",5,FALSE,FALSE
1251280,"gate_40",8,FALSE,FALSE
1251781,"gate_30",26,FALSE,FALSE
1251825,"gate_40",4,FALSE,FALSE
1251901,"gate_40",125,TRUE,FALSE
1251934,"gate_30",1,FALSE,FALSE
1252117,"gate_40",26,TRUE,FALSE
1252130,"gate_40",44,TRUE,FALSE
1252176,"gate_40",2,FALSE,FALSE
1252236,"gate_40",3,FALSE,FALSE
1252346,"gate_30",4,FALSE,FALSE
1252419,"gate_30",161,FALSE,FALSE
1252619,"gate_30",32,TRUE,FALSE
1252709,"gate_30",27,FALSE,TRUE
1252735,"gate_30",102,TRUE,FALSE
1252994,"gate_30",1,FALSE,FALSE
1253050,"gate_30",10,FALSE,FALSE
1253162,"gate_40",1,FALSE,FALSE
1253213,"gate_40",14,FALSE,FALSE
1253333,"gate_40",27,TRUE,FALSE
1253552,"gate_30",75,TRUE,TRUE
1253662,"gate_30",0,FALSE,FALSE
1253803,"gate_30",53,TRUE,FALSE
1253947,"gate_30",0,FALSE,FALSE
1254117,"gate_40",10,FALSE,FALSE
1254153,"gate_40",12,FALSE,FALSE
1254166,"gate_30",46,TRUE,FALSE
1254334,"gate_40",2,FALSE,FALSE
1254371,"gate_30",4,FALSE,FALSE
1254387,"gate_30",2,FALSE,FALSE
1254528,"gate_40",26,TRUE,FALSE
1254574,"gate_40",20,FALSE,FALSE
1254589,"gate_40",6,FALSE,FALSE
1254611,"gate_40",30,FALSE,FALSE
1254639,"gate_30",68,TRUE,FALSE
1254856,"gate_30",12,FALSE,FALSE
1255133,"gate_40",14,TRUE,FALSE
1255319,"gate_40",172,TRUE,FALSE
1255340,"gate_40",4,FALSE,FALSE
1255377,"gate_40",37,TRUE,FALSE
1255463,"gate_30",21,TRUE,FALSE
1255639,"gate_30",3,FALSE,FALSE
1255746,"gate_30",9,FALSE,FALSE
1255873,"gate_30",15,FALSE,FALSE
1255876,"gate_40",206,FALSE,TRUE
1255979,"gate_40",18,TRUE,FALSE
1255998,"gate_30",0,FALSE,FALSE
1256171,"gate_30",20,TRUE,TRUE
1256176,"gate_40",29,TRUE,TRUE
1256187,"gate_40",15,FALSE,FALSE
1256238,"gate_40",1,FALSE,FALSE
1256278,"gate_40",802,TRUE,TRUE
1256772,"gate_30",8,TRUE,FALSE
1256820,"gate_30",14,FALSE,FALSE
1256974,"gate_40",0,FALSE,FALSE
1257054,"gate_40",14,TRUE,TRUE
1257061,"gate_30",24,FALSE,FALSE
1257169,"gate_40",163,TRUE,TRUE
1257252,"gate_30",15,FALSE,FALSE
1257268,"gate_40",0,FALSE,FALSE
1257374,"gate_30",25,TRUE,FALSE
1257398,"gate_30",110,TRUE,TRUE
1257482,"gate_30",74,TRUE,TRUE
1257741,"gate_30",23,TRUE,FALSE
1257795,"gate_30",20,FALSE,FALSE
1257853,"gate_30",10,FALSE,FALSE
1258042,"gate_30",9,FALSE,FALSE
1258100,"gate_40",305,TRUE,TRUE
1258334,"gate_30",0,FALSE,FALSE
1258374,"gate_40",2,FALSE,FALSE
1258408,"gate_40",4,FALSE,FALSE
1258422,"gate_40",228,TRUE,TRUE
1258642,"gate_40",5,FALSE,FALSE
1258809,"gate_30",0,FALSE,FALSE
1258817,"gate_30",58,TRUE,FALSE
1258844,"gate_30",5,FALSE,FALSE
1259033,"gate_30",47,TRUE,FALSE
1259095,"gate_40",5,FALSE,FALSE
1259633,"gate_40",10,FALSE,FALSE
1259653,"gate_40",48,FALSE,TRUE
1259835,"gate_40",10,TRUE,FALSE
1259909,"gate_40",0,FALSE,FALSE
1259932,"gate_40",180,TRUE,TRUE
1260096,"gate_40",4,FALSE,FALSE
1260181,"gate_40",35,FALSE,TRUE
1260196,"gate_30",13,FALSE,FALSE
1260226,"gate_30",14,TRUE,FALSE
1260395,"gate_30",13,FALSE,FALSE
1260475,"gate_30",71,FALSE,FALSE
1260545,"gate_40",63,FALSE,TRUE
1260590,"gate_40",3,FALSE,FALSE
1260691,"gate_30",24,FALSE,FALSE
1260772,"gate_30",8,FALSE,FALSE
1260807,"gate_40",14,FALSE,FALSE
1260855,"gate_40",17,FALSE,FALSE
1260919,"gate_30",4,FALSE,FALSE
1260985,"gate_30",18,FALSE,FALSE
1261025,"gate_30",4,FALSE,FALSE
1261201,"gate_40",8,FALSE,FALSE
1261242,"gate_40",11,FALSE,TRUE
1261444,"gate_40",103,TRUE,TRUE
1261609,"gate_40",5,FALSE,FALSE
1261613,"gate_40",14,FALSE,FALSE
1261667,"gate_40",104,TRUE,FALSE
1261742,"gate_30",1,FALSE,FALSE
1261876,"gate_40",36,TRUE,FALSE
1262057,"gate_30",38,FALSE,FALSE
1262203,"gate_30",2,TRUE,FALSE
1262252,"gate_30",4,FALSE,FALSE
1262350,"gate_40",1,FALSE,FALSE
1262417,"gate_40",94,TRUE,FALSE
1262496,"gate_30",5,FALSE,FALSE
1262694,"gate_30",1,FALSE,FALSE
1262845,"gate_30",56,TRUE,FALSE
1263127,"gate_40",83,FALSE,FALSE
1263327,"gate_40",42,TRUE,FALSE
1263412,"gate_40",75,FALSE,TRUE
1263453,"gate_40",1,TRUE,FALSE
1263587,"gate_30",23,FALSE,FALSE
1263614,"gate_40",6,FALSE,FALSE
1263660,"gate_40",6,FALSE,FALSE
1263690,"gate_40",1,FALSE,FALSE
1263727,"gate_40",8,FALSE,FALSE
1263912,"gate_30",11,TRUE,FALSE
1263913,"gate_30",1,FALSE,FALSE
1263932,"gate_40",14,TRUE,FALSE
1264516,"gate_40",21,TRUE,FALSE
1264960,"gate_30",8,TRUE,FALSE
1264995,"gate_30",42,TRUE,FALSE
1265048,"gate_40",1,FALSE,FALSE
1265052,"gate_30",4,FALSE,FALSE
1265085,"gate_30",153,FALSE,TRUE
1265163,"gate_30",26,TRUE,FALSE
1265262,"gate_30",16,FALSE,FALSE
1265339,"gate_40",8,FALSE,FALSE
1265626,"gate_40",96,TRUE,FALSE
1265720,"gate_30",10,FALSE,FALSE
1265811,"gate_30",1,FALSE,FALSE
1266017,"gate_30",19,FALSE,FALSE
1266118,"gate_30",4,FALSE,FALSE
1266197,"gate_40",99,TRUE,TRUE
1266483,"gate_40",16,FALSE,FALSE
1266582,"gate_40",30,FALSE,FALSE
1266589,"gate_40",11,FALSE,FALSE
1266660,"gate_30",30,TRUE,FALSE
1266667,"gate_30",13,FALSE,FALSE
1266736,"gate_40",17,FALSE,FALSE
1266793,"gate_40",2,FALSE,FALSE
1266817,"gate_40",147,TRUE,FALSE
1266934,"gate_40",68,TRUE,FALSE
1267068,"gate_30",6,FALSE,FALSE
1267109,"gate_40",13,FALSE,FALSE
1267477,"gate_40",192,TRUE,TRUE
1267763,"gate_30",4,FALSE,FALSE
1267804,"gate_30",28,FALSE,FALSE
1267852,"gate_30",35,TRUE,FALSE
1267973,"gate_30",7,FALSE,FALSE
1267982,"gate_30",23,TRUE,FALSE
1268098,"gate_30",1,TRUE,FALSE
1268112,"gate_30",88,TRUE,FALSE
1268193,"gate_30",18,TRUE,FALSE
1268387,"gate_40",31,TRUE,FALSE
1268546,"gate_30",1,FALSE,FALSE
1268638,"gate_40",141,TRUE,TRUE
1268655,"gate_30",16,TRUE,FALSE
1268782,"gate_30",35,TRUE,TRUE
1268870,"gate_30",143,TRUE,FALSE
1268937,"gate_30",8,FALSE,FALSE
1268948,"gate_30",40,TRUE,FALSE
1269316,"gate_30",7,FALSE,FALSE
1269330,"gate_30",2,FALSE,FALSE
1269590,"gate_40",36,FALSE,FALSE
1269953,"gate_30",21,FALSE,TRUE
1269998,"gate_40",1,FALSE,FALSE
1270038,"gate_30",40,FALSE,FALSE
1270043,"gate_40",204,TRUE,TRUE
1270240,"gate_40",157,TRUE,TRUE
1270298,"gate_30",1,FALSE,FALSE
1270454,"gate_30",1,FALSE,FALSE
1270463,"gate_40",128,TRUE,TRUE
1270588,"gate_40",5,FALSE,FALSE
1270742,"gate_40",0,FALSE,FALSE
1270774,"gate_30",494,TRUE,TRUE
1270934,"gate_30",2,FALSE,FALSE
1271121,"gate_30",183,TRUE,TRUE
1271142,"gate_30",9,TRUE,TRUE
1271248,"gate_40",2,FALSE,FALSE
1271358,"gate_30",6,FALSE,FALSE
1271392,"gate_40",8,FALSE,FALSE
1271665,"gate_30",18,TRUE,FALSE
1272109,"gate_30",10,FALSE,FALSE
1272143,"gate_40",6,FALSE,FALSE
1272162,"gate_30",88,TRUE,FALSE
1272187,"gate_30",9,FALSE,FALSE
1272277,"gate_30",5,FALSE,FALSE
1272333,"gate_30",1,FALSE,FALSE
1272694,"gate_40",23,FALSE,FALSE
1272767,"gate_40",1,FALSE,FALSE
1272890,"gate_30",35,FALSE,TRUE
1273012,"gate_30",4,FALSE,FALSE
1273651,"gate_30",13,TRUE,FALSE
1273701,"gate_30",11,FALSE,FALSE
1273747,"gate_30",1,FALSE,FALSE
1273874,"gate_40",17,TRUE,FALSE
1273972,"gate_40",1,FALSE,FALSE
1274012,"gate_30",12,FALSE,FALSE
1274074,"gate_40",9,FALSE,FALSE
1274262,"gate_40",2,FALSE,FALSE
1274283,"gate_30",14,FALSE,FALSE
1274536,"gate_30",3,FALSE,FALSE
1274637,"gate_40",129,FALSE,FALSE
1274735,"gate_30",126,TRUE,FALSE
1274957,"gate_30",83,FALSE,FALSE
1275057,"gate_30",331,TRUE,TRUE
1275327,"gate_30",1,FALSE,FALSE
1275347,"gate_40",7,FALSE,FALSE
1275413,"gate_30",115,TRUE,FALSE
1275430,"gate_40",20,FALSE,FALSE
1275472,"gate_40",80,TRUE,TRUE
1275680,"gate_40",2,FALSE,FALSE
1275764,"gate_40",0,FALSE,FALSE
1275850,"gate_40",3,FALSE,FALSE
1276042,"gate_40",2,FALSE,FALSE
1276130,"gate_40",7,FALSE,FALSE
1276206,"gate_40",23,TRUE,FALSE
1276292,"gate_30",1,FALSE,FALSE
1276622,"gate_40",64,TRUE,TRUE
1276689,"gate_30",16,FALSE,TRUE
1276909,"gate_30",26,TRUE,FALSE
1277055,"gate_40",13,TRUE,FALSE
1277298,"gate_40",5,FALSE,FALSE
1277355,"gate_40",128,TRUE,TRUE
1277706,"gate_30",27,TRUE,FALSE
1277884,"gate_40",38,TRUE,FALSE
1277899,"gate_40",14,FALSE,FALSE
1277951,"gate_30",29,TRUE,FALSE
1277971,"gate_40",3,FALSE,FALSE
1278000,"gate_40",24,TRUE,FALSE
1278153,"gate_30",1,FALSE,FALSE
1278209,"gate_40",81,FALSE,FALSE
1278235,"gate_30",1,FALSE,FALSE
1278671,"gate_40",18,FALSE,FALSE
1278706,"gate_40",17,FALSE,FALSE
1278737,"gate_30",62,TRUE,TRUE
1278880,"gate_40",8,FALSE,FALSE
1278911,"gate_40",247,TRUE,TRUE
1279024,"gate_30",90,FALSE,FALSE
1279413,"gate_40",19,TRUE,FALSE
1279432,"gate_40",1,FALSE,FALSE
1279639,"gate_40",104,TRUE,FALSE
1279646,"gate_30",9,TRUE,FALSE
1279805,"gate_30",38,TRUE,TRUE
1280301,"gate_30",8,FALSE,FALSE
1280370,"gate_30",35,TRUE,FALSE
1280628,"gate_40",1,FALSE,FALSE
1280658,"gate_40",7,FALSE,FALSE
1280665,"gate_40",105,TRUE,FALSE
1280682,"gate_40",10,FALSE,FALSE
1280773,"gate_40",54,TRUE,FALSE
1280907,"gate_30",4,FALSE,FALSE
1280931,"gate_30",2,FALSE,FALSE
1280957,"gate_30",3,FALSE,FALSE
1280992,"gate_30",8,FALSE,TRUE
1281045,"gate_40",23,FALSE,FALSE
1281074,"gate_40",9,FALSE,FALSE
1281189,"gate_30",32,TRUE,FALSE
1281222,"gate_40",0,FALSE,FALSE
1281375,"gate_40",5,TRUE,FALSE
1281406,"gate_30",1,FALSE,FALSE
1281434,"gate_30",20,FALSE,FALSE
1281570,"gate_40",23,FALSE,FALSE
1281601,"gate_30",78,TRUE,TRUE
1281648,"gate_30",120,TRUE,FALSE
1281725,"gate_30",35,TRUE,FALSE
1281982,"gate_30",59,TRUE,FALSE
1282255,"gate_30",8,FALSE,FALSE
1282263,"gate_40",6,FALSE,FALSE
1282320,"gate_40",28,FALSE,FALSE
1282462,"gate_40",644,TRUE,FALSE
1282467,"gate_40",26,TRUE,FALSE
1282497,"gate_30",3,FALSE,TRUE
1282554,"gate_40",7,FALSE,FALSE
1282655,"gate_30",7,FALSE,FALSE
1282738,"gate_40",17,FALSE,FALSE
1282830,"gate_40",8,TRUE,FALSE
1282973,"gate_30",25,FALSE,FALSE
1283046,"gate_30",14,FALSE,FALSE
1283212,"gate_30",4,FALSE,FALSE
1283432,"gate_30",4,FALSE,FALSE
1283519,"gate_40",2,FALSE,FALSE
1283522,"gate_30",0,FALSE,FALSE
1284133,"gate_30",18,TRUE,FALSE
1284565,"gate_30",2,FALSE,FALSE
1284581,"gate_30",9,FALSE,FALSE
1284711,"gate_30",1,FALSE,FALSE
1284733,"gate_40",3,FALSE,FALSE
1284790,"gate_40",55,TRUE,FALSE
1284929,"gate_30",7,FALSE,FALSE
1285147,"gate_30",21,TRUE,FALSE
1285196,"gate_40",13,TRUE,FALSE
1285376,"gate_40",7,FALSE,FALSE
1285428,"gate_30",18,TRUE,FALSE
1285466,"gate_30",0,FALSE,FALSE
1285513,"gate_40",99,TRUE,FALSE
1285636,"gate_40",8,TRUE,FALSE
1285638,"gate_40",26,TRUE,TRUE
1285753,"gate_40",1,FALSE,FALSE
1285852,"gate_30",8,TRUE,FALSE
1285876,"gate_40",18,FALSE,FALSE
1285989,"gate_30",23,FALSE,TRUE
1286016,"gate_40",40,TRUE,FALSE
1286238,"gate_40",8,FALSE,FALSE
1286339,"gate_40",5,FALSE,FALSE
1286547,"gate_30",1,FALSE,FALSE
1286804,"gate_30",0,FALSE,FALSE
1286933,"gate_40",49,TRUE,FALSE
1287088,"gate_40",5,FALSE,FALSE
1287216,"gate_30",28,TRUE,FALSE
1287247,"gate_40",35,TRUE,FALSE
1287267,"gate_30",2,FALSE,FALSE
1287338,"gate_30",7,FALSE,FALSE
1287442,"gate_40",305,TRUE,TRUE
1287475,"gate_30",21,FALSE,FALSE
1287835,"gate_40",69,TRUE,FALSE
1288101,"gate_30",0,FALSE,FALSE
1288277,"gate_40",34,TRUE,FALSE
1288296,"gate_40",35,FALSE,FALSE
1288353,"gate_40",30,TRUE,FALSE
1288672,"gate_40",1,FALSE,FALSE
1288768,"gate_30",33,TRUE,FALSE
1289149,"gate_30",22,TRUE,FALSE
1289169,"gate_30",27,FALSE,FALSE
1289177,"gate_30",13,FALSE,FALSE
1289297,"gate_30",50,TRUE,TRUE
1289338,"gate_30",61,TRUE,FALSE
1289617,"gate_30",35,FALSE,FALSE
1289950,"gate_40",27,TRUE,FALSE
1289966,"gate_30",137,TRUE,TRUE
1289974,"gate_40",6,TRUE,FALSE
1290091,"gate_40",29,TRUE,FALSE
1290248,"gate_30",362,TRUE,TRUE
1290311,"gate_40",3,FALSE,FALSE
1290333,"gate_40",21,TRUE,FALSE
1290470,"gate_30",97,TRUE,FALSE
1290474,"gate_40",3,FALSE,FALSE
1290740,"gate_30",29,TRUE,FALSE
1290795,"gate_40",18,TRUE,FALSE
1290804,"gate_30",23,TRUE,FALSE
1290851,"gate_40",17,FALSE,TRUE
1291079,"gate_30",10,FALSE,FALSE
1291265,"gate_40",10,TRUE,FALSE
1291401,"gate_30",16,FALSE,FALSE
1291441,"gate_30",0,FALSE,FALSE
1291501,"gate_30",254,FALSE,TRUE
1291522,"gate_30",43,TRUE,FALSE
1291552,"gate_30",614,TRUE,TRUE
1291688,"gate_30",236,TRUE,TRUE
1291781,"gate_40",168,TRUE,TRUE
1291918,"gate_40",4,FALSE,FALSE
1291977,"gate_30",5,FALSE,FALSE
1292133,"gate_40",19,TRUE,FALSE
1292176,"gate_30",14,FALSE,FALSE
1292196,"gate_40",38,TRUE,FALSE
1292227,"gate_40",9,TRUE,FALSE
1292390,"gate_40",5,FALSE,FALSE
1292466,"gate_40",21,FALSE,FALSE
1292548,"gate_40",34,TRUE,FALSE
1292669,"gate_30",0,FALSE,FALSE
1292878,"gate_40",55,TRUE,TRUE
1292948,"gate_40",0,FALSE,FALSE
1293146,"gate_40",2,TRUE,FALSE
1293189,"gate_40",23,FALSE,TRUE
1293223,"gate_30",21,TRUE,FALSE
1293356,"gate_40",14,TRUE,FALSE
1293525,"gate_40",8,FALSE,FALSE
1293546,"gate_30",16,FALSE,FALSE
1293567,"gate_30",3,FALSE,FALSE
1293605,"gate_30",52,TRUE,TRUE
1293768,"gate_30",3,FALSE,FALSE
1293921,"gate_40",0,FALSE,FALSE
1293936,"gate_40",35,FALSE,FALSE
1294065,"gate_30",10,FALSE,FALSE
1294169,"gate_30",10,FALSE,FALSE
1294310,"gate_30",46,FALSE,FALSE
1294356,"gate_30",22,TRUE,FALSE
1294480,"gate_40",14,FALSE,FALSE
1294540,"gate_40",13,FALSE,FALSE
1294575,"gate_40",1,FALSE,FALSE
1294723,"gate_30",13,FALSE,TRUE
1294763,"gate_30",28,TRUE,FALSE
1294876,"gate_30",38,TRUE,FALSE
1294898,"gate_40",147,TRUE,TRUE
1295065,"gate_40",392,TRUE,TRUE
1295071,"gate_30",1,FALSE,FALSE
1295093,"gate_30",220,TRUE,TRUE
1295142,"gate_40",3,FALSE,FALSE
1295243,"gate_40",13,FALSE,FALSE
1295354,"gate_30",193,TRUE,TRUE
1295466,"gate_40",2,FALSE,FALSE
1295538,"gate_40",6,FALSE,FALSE
1295696,"gate_30",7,FALSE,FALSE
1295761,"gate_40",69,TRUE,FALSE
1295840,"gate_30",57,TRUE,FALSE
1295988,"gate_40",4,FALSE,FALSE
1296346,"gate_30",114,FALSE,TRUE
1296421,"gate_40",40,FALSE,FALSE
1296463,"gate_30",12,TRUE,FALSE
1296708,"gate_40",242,TRUE,FALSE
1296747,"gate_40",0,FALSE,FALSE
1297061,"gate_40",1,TRUE,FALSE
1297487,"gate_30",124,TRUE,TRUE
1297488,"gate_40",2,FALSE,FALSE
1297678,"gate_40",5,FALSE,FALSE
1297719,"gate_30",5,FALSE,FALSE
1297762,"gate_30",4,FALSE,FALSE
1297795,"gate_30",90,TRUE,TRUE
1297811,"gate_30",107,TRUE,FALSE
1297851,"gate_30",5,FALSE,FALSE
1297986,"gate_40",59,TRUE,FALSE
1297999,"gate_40",18,TRUE,FALSE
1298002,"gate_30",21,TRUE,FALSE
1298016,"gate_30",12,FALSE,FALSE
1298018,"gate_40",1,FALSE,FALSE
1298026,"gate_40",73,TRUE,TRUE
1298068,"gate_30",2,FALSE,FALSE
1298387,"gate_30",208,TRUE,TRUE
1298502,"gate_40",33,FALSE,FALSE
1298652,"gate_40",277,FALSE,TRUE
1298815,"gate_40",0,FALSE,FALSE
1299006,"gate_40",25,FALSE,FALSE
1299070,"gate_30",49,FALSE,FALSE
1299132,"gate_30",6,FALSE,FALSE
1299179,"gate_40",4,FALSE,FALSE
1299320,"gate_40",35,TRUE,FALSE
1299408,"gate_30",8,TRUE,FALSE
1299525,"gate_30",137,TRUE,TRUE
1299572,"gate_40",9,FALSE,FALSE
1299702,"gate_30",223,TRUE,TRUE
1299780,"gate_40",2,FALSE,FALSE
1299916,"gate_40",0,FALSE,FALSE
1300015,"gate_30",1,FALSE,FALSE
1300167,"gate_40",144,TRUE,TRUE
1300340,"gate_40",118,TRUE,TRUE
1300354,"gate_40",15,TRUE,FALSE
1300396,"gate_30",55,TRUE,TRUE
1300522,"gate_40",44,TRUE,TRUE
1300586,"gate_40",101,TRUE,TRUE
1300676,"gate_30",18,FALSE,FALSE
1301049,"gate_30",153,TRUE,TRUE
1301070,"gate_40",2,FALSE,FALSE
1301073,"gate_40",41,FALSE,FALSE
1301310,"gate_30",22,TRUE,FALSE
1301311,"gate_30",3,FALSE,FALSE
1301436,"gate_40",12,FALSE,FALSE
1301503,"gate_30",49,TRUE,FALSE
1301569,"gate_30",4,FALSE,FALSE
1301649,"gate_30",17,FALSE,FALSE
1301685,"gate_30",2,FALSE,FALSE
1301729,"gate_30",1,FALSE,FALSE
1301863,"gate_40",16,FALSE,FALSE
1301923,"gate_40",7,TRUE,FALSE
1302029,"gate_40",21,FALSE,FALSE
1302075,"gate_30",82,TRUE,FALSE
1302159,"gate_30",13,FALSE,FALSE
1302170,"gate_40",11,TRUE,FALSE
1302173,"gate_30",7,FALSE,FALSE
1302326,"gate_30",14,TRUE,FALSE
1302803,"gate_30",11,FALSE,FALSE
1302968,"gate_40",0,FALSE,FALSE
1303096,"gate_40",4,FALSE,FALSE
1303251,"gate_40",2,FALSE,FALSE
1303321,"gate_30",0,FALSE,FALSE
1303330,"gate_40",13,FALSE,FALSE
1303343,"gate_40",145,TRUE,TRUE
1303357,"gate_30",5,FALSE,FALSE
1303379,"gate_30",3,FALSE,FALSE
1303406,"gate_40",257,TRUE,TRUE
1303590,"gate_40",38,TRUE,FALSE
1303671,"gate_30",113,TRUE,TRUE
1303854,"gate_30",1,FALSE,FALSE
1304191,"gate_30",22,TRUE,FALSE
1304344,"gate_30",4,FALSE,FALSE
1304408,"gate_30",35,TRUE,FALSE
1304571,"gate_40",52,TRUE,FALSE
1305074,"gate_40",2,FALSE,FALSE
1305155,"gate_30",32,FALSE,FALSE
1305198,"gate_40",6,FALSE,TRUE
1305257,"gate_30",26,TRUE,FALSE
1305354,"gate_40",2,FALSE,FALSE
1305410,"gate_40",30,TRUE,FALSE
1305499,"gate_40",6,FALSE,FALSE
1305582,"gate_30",6,FALSE,FALSE
1305684,"gate_30",45,TRUE,FALSE
1305689,"gate_40",1,FALSE,FALSE
1305818,"gate_40",13,TRUE,FALSE
1305905,"gate_30",20,FALSE,TRUE
1305947,"gate_40",11,TRUE,FALSE
1306067,"gate_30",7,FALSE,FALSE
1306286,"gate_30",10,FALSE,FALSE
1306684,"gate_40",7,TRUE,FALSE
1306787,"gate_40",42,TRUE,FALSE
1306828,"gate_30",43,TRUE,FALSE
1307237,"gate_30",17,TRUE,FALSE
1307527,"gate_30",95,TRUE,FALSE
1307536,"gate_30",2,FALSE,FALSE
1307677,"gate_40",5,FALSE,FALSE
1307729,"gate_30",10,FALSE,FALSE
1307762,"gate_30",49,TRUE,FALSE
1307808,"gate_40",65,TRUE,FALSE
1307885,"gate_30",12,TRUE,FALSE
1308047,"gate_40",0,FALSE,FALSE
1308200,"gate_30",8,FALSE,FALSE
1308319,"gate_40",8,TRUE,FALSE
1308537,"gate_40",231,TRUE,TRUE
1308598,"gate_30",6,FALSE,FALSE
1308659,"gate_30",1,FALSE,FALSE
1308712,"gate_30",31,TRUE,FALSE
1308901,"gate_30",42,TRUE,FALSE
1308987,"gate_30",3,TRUE,FALSE
1309049,"gate_30",10,TRUE,FALSE
1309122,"gate_40",2,FALSE,FALSE
1309137,"gate_30",33,TRUE,FALSE
1309140,"gate_30",50,TRUE,FALSE
1309141,"gate_30",11,TRUE,TRUE
1309159,"gate_40",83,TRUE,FALSE
1309359,"gate_40",6,FALSE,TRUE
1309456,"gate_40",0,FALSE,FALSE
1309511,"gate_40",13,TRUE,FALSE
1309549,"gate_40",96,TRUE,TRUE
1309615,"gate_40",55,TRUE,FALSE
1309754,"gate_30",91,TRUE,FALSE
1309934,"gate_40",9,FALSE,FALSE
1309960,"gate_40",31,TRUE,FALSE
1310015,"gate_40",1697,TRUE,TRUE
1310024,"gate_40",2,FALSE,FALSE
1310207,"gate_30",11,FALSE,FALSE
1310431,"gate_30",0,FALSE,FALSE
1310463,"gate_30",3,FALSE,FALSE
1310481,"gate_40",3,FALSE,FALSE
1310543,"gate_30",0,FALSE,FALSE
1310651,"gate_40",0,FALSE,FALSE
1310810,"gate_40",7,TRUE,FALSE
1311059,"gate_30",19,TRUE,TRUE
1311274,"gate_30",19,TRUE,FALSE
1311333,"gate_30",5,FALSE,FALSE
1311402,"gate_40",165,TRUE,TRUE
1311422,"gate_40",296,TRUE,TRUE
1311595,"gate_30",1,FALSE,FALSE
1311639,"gate_40",21,FALSE,FALSE
1311719,"gate_40",2,FALSE,FALSE
1311793,"gate_30",8,TRUE,FALSE
1311923,"gate_30",49,TRUE,TRUE
1311929,"gate_30",11,TRUE,FALSE
1311983,"gate_30",148,FALSE,TRUE
1312034,"gate_30",12,FALSE,FALSE
1312050,"gate_40",79,TRUE,FALSE
1312138,"gate_30",15,FALSE,FALSE
1312226,"gate_30",4,FALSE,FALSE
1312248,"gate_30",6,FALSE,FALSE
1312255,"gate_30",10,FALSE,FALSE
1312317,"gate_40",49,FALSE,FALSE
1312532,"gate_30",93,TRUE,FALSE
1312562,"gate_30",72,TRUE,FALSE
1312989,"gate_40",5,FALSE,FALSE
1313052,"gate_40",144,TRUE,FALSE
1313285,"gate_40",106,TRUE,TRUE
1313292,"gate_30",14,TRUE,FALSE
1313319,"gate_40",3,FALSE,FALSE
1313560,"gate_30",1,FALSE,FALSE
1313570,"gate_40",39,TRUE,FALSE
1313585,"gate_40",0,FALSE,TRUE
1313604,"gate_40",4,FALSE,FALSE
1313618,"gate_30",183,TRUE,TRUE
1313705,"gate_40",8,FALSE,FALSE
1313784,"gate_30",11,FALSE,FALSE
1314088,"gate_30",5,TRUE,FALSE
1314113,"gate_30",12,FALSE,FALSE
1314211,"gate_40",18,TRUE,FALSE
1314273,"gate_30",220,TRUE,TRUE
1314451,"gate_30",6,FALSE,FALSE
1314562,"gate_30",23,FALSE,FALSE
1314619,"gate_30",48,TRUE,FALSE
1314673,"gate_40",4,FALSE,FALSE
1314795,"gate_40",3,FALSE,FALSE
1314923,"gate_40",28,FALSE,FALSE
1315040,"gate_40",47,TRUE,TRUE
1315103,"gate_30",59,TRUE,FALSE
1315115,"gate_30",20,FALSE,FALSE
1315199,"gate_40",130,TRUE,FALSE
1315273,"gate_30",67,TRUE,FALSE
1315373,"gate_40",64,TRUE,FALSE
1315536,"gate_30",43,FALSE,FALSE
1315587,"gate_40",140,TRUE,TRUE
1315616,"gate_30",2,FALSE,FALSE
1315763,"gate_30",6,FALSE,FALSE
1315913,"gate_30",0,FALSE,FALSE
1315973,"gate_30",19,TRUE,FALSE
1316035,"gate_30",169,FALSE,FALSE
1316053,"gate_40",6,FALSE,FALSE
1316248,"gate_40",51,TRUE,FALSE
1316280,"gate_30",15,FALSE,FALSE
1316839,"gate_30",32,TRUE,FALSE
1316852,"gate_30",409,TRUE,TRUE
1316882,"gate_40",56,FALSE,FALSE
1317130,"gate_40",4,FALSE,FALSE
1317345,"gate_30",215,TRUE,TRUE
1317404,"gate_40",54,TRUE,TRUE
1318041,"gate_40",7,FALSE,FALSE
1318150,"gate_40",0,TRUE,FALSE
1318310,"gate_30",209,TRUE,TRUE
1318673,"gate_30",59,FALSE,FALSE
1318805,"gate_30",290,FALSE,TRUE
1318848,"gate_40",35,TRUE,TRUE
1318874,"gate_30",88,TRUE,FALSE
1318959,"gate_30",20,TRUE,FALSE
1319002,"gate_30",132,TRUE,TRUE
1319042,"gate_30",8,FALSE,FALSE
1319158,"gate_40",31,TRUE,FALSE
1319281,"gate_40",6,TRUE,FALSE
1319368,"gate_40",2,FALSE,FALSE
1319560,"gate_40",350,TRUE,TRUE
1319616,"gate_30",6,FALSE,FALSE
1319697,"gate_40",22,FALSE,FALSE
1319818,"gate_30",40,FALSE,FALSE
1319942,"gate_40",261,TRUE,TRUE
1319983,"gate_30",1,FALSE,FALSE
1320064,"gate_30",92,TRUE,TRUE
1320065,"gate_40",1,FALSE,FALSE
1320071,"gate_40",47,FALSE,TRUE
1320089,"gate_40",31,TRUE,FALSE
1320190,"gate_40",4,FALSE,FALSE
1320266,"gate_30",63,TRUE,FALSE
1320287,"gate_40",152,TRUE,TRUE
1320328,"gate_30",117,TRUE,TRUE
1320331,"gate_40",12,FALSE,FALSE
1320425,"gate_30",10,TRUE,FALSE
1320462,"gate_30",27,TRUE,FALSE
1320489,"gate_40",15,FALSE,FALSE
1321256,"gate_30",1,FALSE,FALSE
1321336,"gate_40",245,FALSE,TRUE
1321433,"gate_40",218,TRUE,TRUE
1321443,"gate_30",1,FALSE,FALSE
1321482,"gate_40",118,TRUE,FALSE
1321538,"gate_40",4,FALSE,FALSE
1321665,"gate_30",70,TRUE,FALSE
1321963,"gate_40",9,FALSE,FALSE
1321971,"gate_40",14,FALSE,FALSE
1321976,"gate_40",2,FALSE,FALSE
1322218,"gate_30",0,FALSE,FALSE
1322368,"gate_40",61,FALSE,FALSE
1322528,"gate_40",34,FALSE,FALSE
1322573,"gate_30",54,TRUE,FALSE
1322602,"gate_30",7,FALSE,FALSE
1322761,"gate_30",1,FALSE,FALSE
1322989,"gate_40",8,FALSE,FALSE
1323381,"gate_30",3,FALSE,FALSE
1323416,"gate_30",13,FALSE,FALSE
1323430,"gate_30",152,TRUE,TRUE
1323560,"gate_30",22,TRUE,FALSE
1323700,"gate_30",51,TRUE,FALSE
1323809,"gate_30",1209,TRUE,TRUE
1323824,"gate_40",3,FALSE,FALSE
1323833,"gate_40",22,FALSE,FALSE
1324077,"gate_40",0,FALSE,FALSE
1324083,"gate_30",7,FALSE,FALSE
1324105,"gate_40",2,FALSE,FALSE
1324277,"gate_40",6,FALSE,FALSE
1324284,"gate_40",103,TRUE,FALSE
1324387,"gate_30",1,FALSE,FALSE
1324546,"gate_40",106,TRUE,TRUE
1324702,"gate_40",22,TRUE,FALSE
1324723,"gate_30",38,FALSE,FALSE
1324784,"gate_30",10,FALSE,FALSE
1325478,"gate_30",34,TRUE,FALSE
1325828,"gate_40",15,FALSE,FALSE
1325855,"gate_30",3,FALSE,FALSE
1325858,"gate_40",7,TRUE,FALSE
1326038,"gate_30",38,TRUE,FALSE
1326085,"gate_30",70,TRUE,FALSE
1326111,"gate_40",237,FALSE,FALSE
1326212,"gate_40",12,TRUE,FALSE
1326435,"gate_40",2,FALSE,FALSE
1326461,"gate_30",9,FALSE,FALSE
1326515,"gate_30",148,TRUE,TRUE
1326539,"gate_40",1,FALSE,FALSE
1326685,"gate_30",7,FALSE,FALSE
1326731,"gate_40",16,FALSE,FALSE
1326964,"gate_30",21,FALSE,FALSE
1327140,"gate_30",1,FALSE,FALSE
1327146,"gate_40",4,FALSE,FALSE
1327157,"gate_40",1,FALSE,FALSE
1327188,"gate_40",48,FALSE,FALSE
1327428,"gate_40",312,TRUE,TRUE
1327465,"gate_40",48,TRUE,FALSE
1327870,"gate_30",5,FALSE,FALSE
1327942,"gate_40",1,FALSE,FALSE
1327991,"gate_30",6,FALSE,FALSE
1328220,"gate_30",34,TRUE,FALSE
1328247,"gate_30",33,TRUE,FALSE
1328505,"gate_30",1,FALSE,FALSE
1328565,"gate_40",5,FALSE,FALSE
1328583,"gate_30",4,FALSE,FALSE
1328893,"gate_40",12,FALSE,FALSE
1329126,"gate_40",7,FALSE,FALSE
1329263,"gate_30",129,TRUE,FALSE
1329303,"gate_40",9,FALSE,FALSE
1329488,"gate_40",56,FALSE,TRUE
1329534,"gate_40",103,TRUE,FALSE
1329703,"gate_40",7,FALSE,FALSE
1329792,"gate_40",182,TRUE,FALSE
1329924,"gate_40",27,FALSE,FALSE
1329936,"gate_30",7,FALSE,FALSE
1329941,"gate_30",2,FALSE,FALSE
1330062,"gate_40",3,FALSE,FALSE
1330099,"gate_30",419,TRUE,TRUE
1330150,"gate_30",5,FALSE,FALSE
1330316,"gate_30",2,FALSE,FALSE
1330354,"gate_40",11,TRUE,FALSE
1330373,"gate_30",1,FALSE,FALSE
1330402,"gate_30",0,FALSE,FALSE
1330409,"gate_30",2,FALSE,FALSE
1330417,"gate_40",21,FALSE,FALSE
1330461,"gate_30",1,FALSE,FALSE
1330589,"gate_30",12,FALSE,FALSE
1330672,"gate_40",43,TRUE,FALSE
1330803,"gate_30",338,TRUE,TRUE
1330895,"gate_30",19,TRUE,FALSE
1330979,"gate_30",36,TRUE,TRUE
1331010,"gate_30",87,TRUE,TRUE
1331027,"gate_40",13,TRUE,FALSE
1331555,"gate_30",52,TRUE,FALSE
1331563,"gate_30",29,TRUE,TRUE
1331603,"gate_40",10,FALSE,FALSE
1331741,"gate_30",19,TRUE,FALSE
1331787,"gate_30",104,TRUE,FALSE
1331799,"gate_40",2,FALSE,FALSE
1331806,"gate_40",66,TRUE,FALSE
1331907,"gate_30",1,FALSE,FALSE
1332195,"gate_40",11,FALSE,FALSE
1332271,"gate_30",0,FALSE,FALSE
1332348,"gate_40",4,FALSE,FALSE
1332425,"gate_40",44,TRUE,FALSE
1332535,"gate_40",70,TRUE,FALSE
1332669,"gate_30",83,TRUE,FALSE
1332707,"gate_30",167,TRUE,TRUE
1332798,"gate_30",36,TRUE,FALSE
1332832,"gate_40",27,TRUE,FALSE
1332991,"gate_30",1,FALSE,FALSE
1333117,"gate_40",750,TRUE,TRUE
1333252,"gate_40",3,FALSE,FALSE
1333433,"gate_30",15,FALSE,FALSE
1333579,"gate_40",3,FALSE,FALSE
1333627,"gate_30",118,TRUE,TRUE
1333745,"gate_30",1,FALSE,FALSE
1333774,"gate_30",16,TRUE,FALSE
1333853,"gate_30",45,FALSE,FALSE
1333896,"gate_30",7,FALSE,FALSE
1333973,"gate_40",135,TRUE,TRUE
1334470,"gate_40",143,TRUE,TRUE
1334623,"gate_30",15,FALSE,FALSE
1334655,"gate_40",17,TRUE,FALSE
1334796,"gate_40",129,TRUE,FALSE
1334887,"gate_40",54,TRUE,FALSE
1335116,"gate_40",2,FALSE,FALSE
1335126,"gate_30",25,FALSE,FALSE
1335173,"gate_30",15,FALSE,FALSE
1335351,"gate_30",144,TRUE,FALSE
1335466,"gate_40",0,FALSE,FALSE
1335645,"gate_40",105,TRUE,FALSE
1335721,"gate_40",0,FALSE,FALSE
1335879,"gate_30",1,FALSE,FALSE
1335881,"gate_30",4,FALSE,FALSE
1335965,"gate_30",2,FALSE,FALSE
1336073,"gate_40",25,FALSE,FALSE
1336266,"gate_30",12,TRUE,TRUE
1336346,"gate_40",0,FALSE,FALSE
1336372,"gate_40",3,FALSE,FALSE
1336514,"gate_30",6,FALSE,FALSE
1336619,"gate_40",2,FALSE,FALSE
1336785,"gate_30",5,TRUE,FALSE
1336830,"gate_40",3,TRUE,FALSE
1336867,"gate_40",3,FALSE,FALSE
1337045,"gate_40",6,FALSE,FALSE
1337109,"gate_40",3,FALSE,FALSE
1337130,"gate_30",4,FALSE,FALSE
1337539,"gate_30",1,FALSE,FALSE
1337675,"gate_30",3,TRUE,FALSE
1337876,"gate_40",0,FALSE,FALSE
1337888,"gate_30",47,TRUE,FALSE
1337977,"gate_30",24,TRUE,FALSE
1338132,"gate_40",16,TRUE,FALSE
1338300,"gate_30",12,FALSE,FALSE
1338573,"gate_40",1,FALSE,FALSE
1338798,"gate_30",20,FALSE,FALSE
1338972,"gate_40",19,TRUE,FALSE
1339006,"gate_40",104,TRUE,TRUE
1339338,"gate_40",19,TRUE,FALSE
1339369,"gate_30",21,FALSE,FALSE
1339396,"gate_30",5,FALSE,FALSE
1339429,"gate_30",4,FALSE,FALSE
1339552,"gate_30",39,TRUE,FALSE
1339594,"gate_30",50,TRUE,FALSE
1339722,"gate_30",7,FALSE,FALSE
1339794,"gate_40",1,FALSE,FALSE
1339875,"gate_30",3,TRUE,FALSE
1340318,"gate_30",2,FALSE,FALSE
1340366,"gate_40",8,FALSE,FALSE
1340482,"gate_30",61,TRUE,TRUE
1340627,"gate_30",48,TRUE,FALSE
1340805,"gate_30",107,TRUE,FALSE
1341089,"gate_30",143,TRUE,TRUE
1341354,"gate_40",15,FALSE,FALSE
1341371,"gate_30",2,FALSE,FALSE
1341520,"gate_30",55,TRUE,FALSE
1341692,"gate_30",95,TRUE,TRUE
1341735,"gate_40",4,FALSE,FALSE
1341750,"gate_40",9,FALSE,FALSE
1342103,"gate_30",11,FALSE,FALSE
1342587,"gate_40",253,TRUE,TRUE
1342597,"gate_30",5,FALSE,FALSE
1342683,"gate_40",10,FALSE,FALSE
1342714,"gate_40",6,FALSE,FALSE
1342883,"gate_40",202,TRUE,TRUE
1343062,"gate_40",3,FALSE,FALSE
1343226,"gate_30",6,FALSE,FALSE
1343501,"gate_40",17,FALSE,FALSE
1343568,"gate_40",40,TRUE,FALSE
1343652,"gate_40",6,FALSE,FALSE
1343664,"gate_30",9,TRUE,FALSE
1343695,"gate_40",3,TRUE,FALSE
1343787,"gate_40",309,TRUE,FALSE
1343976,"gate_40",103,TRUE,TRUE
1344251,"gate_30",6,FALSE,FALSE
1344354,"gate_30",14,TRUE,FALSE
1344469,"gate_30",55,TRUE,FALSE
1344580,"gate_40",45,TRUE,FALSE
1344649,"gate_40",48,TRUE,FALSE
1344712,"gate_30",15,FALSE,FALSE
1344805,"gate_30",13,TRUE,FALSE
1345559,"gate_40",63,TRUE,TRUE
1345860,"gate_30",1,FALSE,FALSE
1345939,"gate_30",5,FALSE,FALSE
1346212,"gate_30",192,TRUE,TRUE
1346417,"gate_30",295,TRUE,TRUE
1346482,"gate_40",9,FALSE,FALSE
1346547,"gate_30",21,TRUE,FALSE
1346674,"gate_30",3,FALSE,FALSE
1346870,"gate_30",32,FALSE,FALSE
1346940,"gate_30",20,FALSE,FALSE
1347293,"gate_40",1,FALSE,FALSE
1347535,"gate_30",223,TRUE,FALSE
1347638,"gate_40",3,FALSE,FALSE
1347798,"gate_40",177,TRUE,TRUE
1347804,"gate_40",156,FALSE,FALSE
1347893,"gate_40",0,FALSE,FALSE
1348073,"gate_40",69,TRUE,FALSE
1348146,"gate_30",3,FALSE,FALSE
1348157,"gate_30",19,TRUE,FALSE
1348226,"gate_30",8,FALSE,FALSE
1348261,"gate_30",3,FALSE,FALSE
1348350,"gate_30",138,TRUE,TRUE
1348458,"gate_30",8,TRUE,FALSE
1348515,"gate_40",2,FALSE,FALSE
1348567,"gate_40",9,TRUE,FALSE
1348685,"gate_30",309,TRUE,TRUE
1348725,"gate_30",21,FALSE,FALSE
1348944,"gate_40",71,TRUE,FALSE
1349022,"gate_40",4,FALSE,FALSE
1349028,"gate_30",35,TRUE,FALSE
1349068,"gate_40",5,FALSE,FALSE
1349096,"gate_30",3,FALSE,FALSE
1349161,"gate_30",323,TRUE,TRUE
1349372,"gate_30",22,TRUE,FALSE
1349453,"gate_30",20,FALSE,FALSE
1349697,"gate_30",40,TRUE,TRUE
1349902,"gate_40",18,FALSE,FALSE
1349936,"gate_30",3,FALSE,FALSE
1349955,"gate_30",17,FALSE,FALSE
1350316,"gate_40",0,FALSE,FALSE
1350568,"gate_40",16,FALSE,FALSE
1350894,"gate_30",63,TRUE,FALSE
1351152,"gate_40",20,TRUE,FALSE
1351267,"gate_30",9,FALSE,FALSE
1351304,"gate_30",23,TRUE,FALSE
1351312,"gate_40",250,TRUE,TRUE
1351366,"gate_40",662,TRUE,TRUE
1351381,"gate_40",5,FALSE,FALSE
1351444,"gate_40",0,FALSE,FALSE
1351542,"gate_30",0,FALSE,FALSE
1351721,"gate_30",192,TRUE,TRUE
1351873,"gate_40",15,FALSE,FALSE
1351953,"gate_30",0,FALSE,FALSE
1352185,"gate_30",15,FALSE,FALSE
1352196,"gate_40",162,TRUE,FALSE
1352208,"gate_40",47,FALSE,FALSE
1352231,"gate_40",19,FALSE,FALSE
1352426,"gate_40",3,FALSE,FALSE
1352472,"gate_30",12,TRUE,FALSE
1352567,"gate_40",18,TRUE,TRUE
1352577,"gate_40",17,TRUE,FALSE
1352679,"gate_30",0,FALSE,FALSE
1352855,"gate_30",3,FALSE,FALSE
1353087,"gate_40",148,TRUE,TRUE
1353350,"gate_30",11,FALSE,TRUE
1353406,"gate_30",16,FALSE,FALSE
1353479,"gate_30",11,FALSE,FALSE
1353708,"gate_40",1,FALSE,FALSE
1353809,"gate_30",38,TRUE,FALSE
1354265,"gate_40",3,FALSE,FALSE
1354286,"gate_30",20,FALSE,TRUE
1354352,"gate_30",1,FALSE,FALSE
1354357,"gate_30",26,TRUE,FALSE
1354469,"gate_30",3,FALSE,FALSE
1354739,"gate_40",175,TRUE,FALSE
1354913,"gate_40",5,FALSE,FALSE
1355032,"gate_30",1,FALSE,FALSE
1355063,"gate_40",49,FALSE,FALSE
1355092,"gate_40",531,TRUE,TRUE
1355142,"gate_30",14,TRUE,FALSE
1355161,"gate_40",21,FALSE,FALSE
1355421,"gate_30",27,FALSE,FALSE
1355525,"gate_40",9,FALSE,FALSE
1355566,"gate_40",16,FALSE,FALSE
1355628,"gate_40",2,FALSE,FALSE
1355817,"gate_30",13,TRUE,FALSE
1355856,"gate_30",2,FALSE,FALSE
1355922,"gate_30",121,TRUE,TRUE
1356018,"gate_30",19,TRUE,FALSE
1356240,"gate_40",4,FALSE,FALSE
1356345,"gate_40",12,TRUE,TRUE
1356364,"gate_40",159,FALSE,TRUE
1356674,"gate_30",42,FALSE,FALSE
1356932,"gate_30",5,FALSE,FALSE
1356980,"gate_30",6,FALSE,FALSE
1356999,"gate_40",2,FALSE,FALSE
1357396,"gate_30",12,TRUE,FALSE
1357420,"gate_40",347,TRUE,TRUE
1357708,"gate_30",2,FALSE,FALSE
1357719,"gate_40",3,FALSE,FALSE
1358124,"gate_30",4,FALSE,FALSE
1358358,"gate_30",2,FALSE,FALSE
1358455,"gate_40",75,TRUE,TRUE
1358530,"gate_40",6,TRUE,TRUE
1358565,"gate_30",34,TRUE,FALSE
1358680,"gate_40",39,TRUE,FALSE
1359013,"gate_30",17,FALSE,FALSE
1359101,"gate_40",51,TRUE,FALSE
1359117,"gate_30",1,FALSE,FALSE
1359159,"gate_30",0,FALSE,FALSE
1359373,"gate_30",6,FALSE,FALSE
1359575,"gate_40",33,FALSE,FALSE
1359864,"gate_30",41,FALSE,TRUE
1359931,"gate_30",35,TRUE,FALSE
1360012,"gate_40",119,TRUE,FALSE
1360044,"gate_40",68,TRUE,FALSE
1360109,"gate_40",11,TRUE,FALSE
1360113,"gate_30",1,FALSE,FALSE
1360188,"gate_30",4,FALSE,FALSE
1360286,"gate_40",64,TRUE,TRUE
1360344,"gate_30",70,FALSE,TRUE
1360704,"gate_40",6,FALSE,FALSE
1360761,"gate_40",92,TRUE,FALSE
1360911,"gate_40",203,TRUE,TRUE
1360965,"gate_40",8,FALSE,FALSE
1361108,"gate_30",10,TRUE,TRUE
1361201,"gate_40",5,FALSE,FALSE
1361381,"gate_40",5,FALSE,FALSE
1361436,"gate_40",5,FALSE,FALSE
1361633,"gate_40",59,TRUE,FALSE
1361726,"gate_30",5,FALSE,TRUE
1361795,"gate_40",39,TRUE,FALSE
1362024,"gate_40",103,TRUE,FALSE
1362190,"gate_30",23,FALSE,FALSE
1362266,"gate_30",1,FALSE,FALSE
1362276,"gate_40",34,FALSE,TRUE
1362505,"gate_40",0,FALSE,FALSE
1362677,"gate_40",39,TRUE,FALSE
1362706,"gate_30",14,TRUE,TRUE
1362727,"gate_40",23,FALSE,FALSE
1362745,"gate_30",5,FALSE,FALSE
1362880,"gate_40",41,FALSE,FALSE
1362929,"gate_40",3,FALSE,FALSE
1363026,"gate_40",303,TRUE,TRUE
1363075,"gate_40",9,FALSE,FALSE
1363127,"gate_30",33,TRUE,FALSE
1363312,"gate_40",11,FALSE,FALSE
1363440,"gate_40",64,TRUE,FALSE
1363526,"gate_30",7,FALSE,FALSE
1363622,"gate_40",0,FALSE,FALSE
1363731,"gate_40",2,FALSE,FALSE
1363803,"gate_40",4,FALSE,FALSE
1363835,"gate_40",17,FALSE,FALSE
1363838,"gate_30",15,TRUE,FALSE
1363880,"gate_30",24,FALSE,FALSE
1364061,"gate_30",228,TRUE,TRUE
1364212,"gate_40",5,FALSE,FALSE
1364647,"gate_30",7,FALSE,FALSE
1364744,"gate_40",85,TRUE,FALSE
1364894,"gate_30",78,TRUE,TRUE
1365092,"gate_30",7,FALSE,FALSE
1365364,"gate_40",4,FALSE,FALSE
1365387,"gate_30",21,FALSE,FALSE
1365514,"gate_30",6,FALSE,FALSE
1365553,"gate_40",94,TRUE,TRUE
1365562,"gate_40",19,FALSE,FALSE
1365578,"gate_30",19,FALSE,FALSE
1365670,"gate_30",22,TRUE,FALSE
1365734,"gate_40",25,TRUE,FALSE
1365858,"gate_40",37,TRUE,TRUE
1366029,"gate_40",80,FALSE,FALSE
1366048,"gate_40",12,TRUE,FALSE
1366050,"gate_30",32,TRUE,FALSE
1366289,"gate_40",13,FALSE,FALSE
1366332,"gate_30",165,TRUE,TRUE
1366457,"gate_40",54,TRUE,FALSE
1366487,"gate_40",2,FALSE,FALSE
1366560,"gate_30",9,FALSE,FALSE
1366638,"gate_30",14,FALSE,FALSE
1366683,"gate_30",23,FALSE,FALSE
1366732,"gate_40",15,FALSE,FALSE
1366833,"gate_40",460,TRUE,TRUE
1366843,"gate_40",10,FALSE,FALSE
1367137,"gate_30",87,TRUE,FALSE
1367315,"gate_30",6,FALSE,FALSE
1367362,"gate_30",9,FALSE,FALSE
1367424,"gate_30",8,TRUE,FALSE
1367543,"gate_30",588,TRUE,TRUE
1367588,"gate_30",35,FALSE,TRUE
1367599,"gate_40",2,FALSE,FALSE
1367942,"gate_40",190,TRUE,FALSE
1367956,"gate_40",67,TRUE,FALSE
1368095,"gate_40",6,FALSE,FALSE
1368138,"gate_40",0,FALSE,FALSE
1368149,"gate_40",31,FALSE,FALSE
1368230,"gate_30",273,TRUE,TRUE
1368310,"gate_30",493,TRUE,TRUE
1368379,"gate_30",8,FALSE,FALSE
1368639,"gate_30",3,FALSE,FALSE
1368683,"gate_30",8,TRUE,FALSE
1369151,"gate_40",63,TRUE,FALSE
1369201,"gate_40",9,TRUE,FALSE
1369273,"gate_40",323,TRUE,TRUE
1369292,"gate_40",84,TRUE,FALSE
1369436,"gate_30",140,TRUE,FALSE
1369546,"gate_30",8,FALSE,FALSE
1369553,"gate_30",142,TRUE,TRUE
1369688,"gate_40",59,TRUE,FALSE
1369870,"gate_40",122,TRUE,TRUE
1369911,"gate_30",18,FALSE,FALSE
1370051,"gate_30",2,FALSE,FALSE
1370147,"gate_30",9,TRUE,FALSE
1370167,"gate_30",45,TRUE,TRUE
1370227,"gate_30",0,FALSE,FALSE
1370242,"gate_30",29,TRUE,FALSE
1370244,"gate_30",84,FALSE,TRUE
1370253,"gate_30",3,FALSE,FALSE
1370540,"gate_30",19,FALSE,FALSE
1370604,"gate_40",31,TRUE,FALSE
1370609,"gate_40",10,FALSE,FALSE
1370735,"gate_40",1,FALSE,FALSE
1370841,"gate_30",1,FALSE,FALSE
1371238,"gate_40",31,FALSE,FALSE
1371246,"gate_30",11,FALSE,FALSE
1371323,"gate_30",10,FALSE,FALSE
1371420,"gate_40",15,FALSE,FALSE
1371711,"gate_40",31,TRUE,FALSE
1371879,"gate_40",69,FALSE,FALSE
1371885,"gate_40",44,FALSE,FALSE
1371971,"gate_40",21,TRUE,FALSE
1372083,"gate_30",197,TRUE,TRUE
1372439,"gate_40",10,TRUE,FALSE
1372968,"gate_30",8,FALSE,FALSE
1373053,"gate_40",194,TRUE,FALSE
1373146,"gate_40",4,FALSE,FALSE
1373334,"gate_40",34,TRUE,FALSE
1373390,"gate_30",2,TRUE,FALSE
1373410,"gate_40",25,FALSE,FALSE
1373412,"gate_40",4,FALSE,FALSE
1373493,"gate_40",42,TRUE,FALSE
1373563,"gate_40",4,FALSE,FALSE
1373645,"gate_30",11,TRUE,FALSE
1373847,"gate_40",19,TRUE,FALSE
1374112,"gate_40",9,FALSE,FALSE
1374221,"gate_40",11,FALSE,FALSE
1374252,"gate_30",9,FALSE,TRUE
1374546,"gate_40",1643,TRUE,TRUE
1375012,"gate_40",38,FALSE,FALSE
1375337,"gate_30",24,TRUE,FALSE
1375410,"gate_30",23,TRUE,FALSE
1375502,"gate_40",31,FALSE,FALSE
1375550,"gate_40",1,FALSE,FALSE
1375653,"gate_40",0,FALSE,FALSE
1375755,"gate_30",4,FALSE,FALSE
1375761,"gate_40",26,FALSE,FALSE
1376059,"gate_40",13,TRUE,FALSE
1376130,"gate_30",205,TRUE,TRUE
1376406,"gate_40",13,FALSE,FALSE
1376533,"gate_40",1,FALSE,FALSE
1376630,"gate_30",24,TRUE,FALSE
1376793,"gate_30",3,FALSE,FALSE
1377037,"gate_30",1,FALSE,FALSE
1377226,"gate_40",244,TRUE,TRUE
1377299,"gate_40",29,TRUE,FALSE
1377592,"gate_30",8,FALSE,FALSE
1377646,"gate_40",5,FALSE,FALSE
1377696,"gate_30",73,FALSE,TRUE
1377849,"gate_40",2,FALSE,FALSE
1377866,"gate_30",182,FALSE,FALSE
1377875,"gate_30",24,TRUE,FALSE
1377890,"gate_30",42,FALSE,TRUE
1377959,"gate_30",2,FALSE,FALSE
1378024,"gate_40",75,TRUE,TRUE
1378050,"gate_40",5,FALSE,FALSE
1378106,"gate_30",190,TRUE,FALSE
1378110,"gate_40",113,TRUE,FALSE
1378200,"gate_40",61,TRUE,TRUE
1378277,"gate_30",1,FALSE,FALSE
1378296,"gate_40",1,FALSE,FALSE
1378471,"gate_40",2,FALSE,FALSE
1378542,"gate_30",19,FALSE,TRUE
1378638,"gate_40",15,FALSE,FALSE
1378851,"gate_40",74,TRUE,TRUE
1378860,"gate_30",37,TRUE,FALSE
1378882,"gate_40",3,FALSE,FALSE
1378901,"gate_40",316,TRUE,TRUE
1379322,"gate_40",10,FALSE,FALSE
1379437,"gate_40",14,FALSE,FALSE
1379450,"gate_30",5,FALSE,FALSE
1379480,"gate_40",0,FALSE,FALSE
1379495,"gate_40",19,FALSE,FALSE
1379583,"gate_30",120,TRUE,TRUE
1379590,"gate_30",122,FALSE,TRUE
1379723,"gate_40",17,TRUE,FALSE
1379826,"gate_30",2,FALSE,FALSE
1379929,"gate_30",50,TRUE,TRUE
1379985,"gate_40",8,FALSE,FALSE
1380019,"gate_30",356,TRUE,TRUE
1380050,"gate_30",34,FALSE,FALSE
1380098,"gate_40",14,FALSE,FALSE
1380203,"gate_40",5,FALSE,FALSE
1380305,"gate_30",1,FALSE,FALSE
1380336,"gate_30",6,FALSE,FALSE
1380345,"gate_30",22,FALSE,FALSE
1380687,"gate_40",0,FALSE,FALSE
1380941,"gate_30",24,FALSE,FALSE
1381221,"gate_40",1,FALSE,FALSE
1381319,"gate_40",42,TRUE,FALSE
1381399,"gate_40",3,FALSE,FALSE
1381459,"gate_40",913,TRUE,TRUE
1381576,"gate_40",3,TRUE,FALSE
1381740,"gate_40",3,TRUE,FALSE
1381802,"gate_40",22,FALSE,FALSE
1381931,"gate_40",30,TRUE,TRUE
1381995,"gate_40",7,TRUE,FALSE
1382039,"gate_40",27,FALSE,FALSE
1382247,"gate_40",41,TRUE,FALSE
1382374,"gate_30",431,FALSE,TRUE
1382479,"gate_30",9,TRUE,FALSE
1382579,"gate_40",1027,TRUE,TRUE
1382628,"gate_30",48,TRUE,FALSE
1382747,"gate_30",252,TRUE,TRUE
1382796,"gate_40",82,TRUE,FALSE
1382887,"gate_40",10,FALSE,FALSE
1383071,"gate_40",0,FALSE,FALSE
1383215,"gate_40",7,FALSE,FALSE
1383336,"gate_40",32,FALSE,FALSE
1383423,"gate_30",0,FALSE,FALSE
1383548,"gate_40",3,FALSE,FALSE
1383785,"gate_30",58,TRUE,FALSE
1383812,"gate_40",16,TRUE,FALSE
1384069,"gate_40",220,TRUE,TRUE
1384079,"gate_40",60,FALSE,TRUE
1384089,"gate_40",29,TRUE,FALSE
1384122,"gate_30",35,TRUE,TRUE
1384179,"gate_40",16,TRUE,FALSE
1384388,"gate_40",209,TRUE,TRUE
1384595,"gate_40",2,FALSE,FALSE
1384736,"gate_40",29,TRUE,FALSE
1384897,"gate_30",17,TRUE,FALSE
1384947,"gate_40",19,FALSE,FALSE
1385020,"gate_30",9,FALSE,FALSE
1385025,"gate_30",78,TRUE,FALSE
1385099,"gate_40",0,TRUE,FALSE
1385106,"gate_30",1,FALSE,FALSE
1385124,"gate_40",9,FALSE,FALSE
1385280,"gate_40",21,FALSE,FALSE
1385526,"gate_30",32,TRUE,FALSE
1385589,"gate_30",130,TRUE,TRUE
1385711,"gate_30",1,FALSE,FALSE
1385790,"gate_40",15,FALSE,FALSE
1386014,"gate_30",7,FALSE,FALSE
1386077,"gate_40",50,TRUE,FALSE
1386255,"gate_40",23,TRUE,TRUE
1386258,"gate_40",3,TRUE,FALSE
1386273,"gate_30",2,FALSE,FALSE
1386601,"gate_40",4,FALSE,TRUE
1386695,"gate_30",59,TRUE,FALSE
1386726,"gate_40",6,FALSE,FALSE
1386838,"gate_30",26,TRUE,FALSE
1387110,"gate_40",15,FALSE,FALSE
1387181,"gate_40",23,TRUE,FALSE
1387357,"gate_40",6,FALSE,FALSE
1387730,"gate_40",10,FALSE,FALSE
1388106,"gate_30",2,FALSE,FALSE
1388314,"gate_40",150,TRUE,FALSE
1388379,"gate_40",245,TRUE,TRUE
1388410,"gate_30",3,FALSE,FALSE
1388455,"gate_40",3,FALSE,FALSE
1388701,"gate_30",81,TRUE,FALSE
1388758,"gate_30",2,FALSE,FALSE
1388790,"gate_30",37,FALSE,FALSE
1388882,"gate_30",117,TRUE,FALSE
1388964,"gate_40",25,FALSE,FALSE
1389040,"gate_30",7,FALSE,FALSE
1389058,"gate_40",17,TRUE,TRUE
1389118,"gate_40",11,FALSE,FALSE
1389316,"gate_40",14,FALSE,FALSE
1389354,"gate_30",47,TRUE,FALSE
1389424,"gate_40",90,FALSE,FALSE
1389463,"gate_30",0,FALSE,FALSE
1389523,"gate_30",7,FALSE,FALSE
1389723,"gate_40",7,FALSE,FALSE
1389771,"gate_40",120,TRUE,TRUE
1389855,"gate_30",30,TRUE,TRUE
1389918,"gate_30",56,TRUE,FALSE
1390073,"gate_30",25,TRUE,FALSE
1390075,"gate_40",8,FALSE,FALSE
1390150,"gate_30",4,FALSE,FALSE
1390254,"gate_30",7,TRUE,FALSE
1390342,"gate_30",50,FALSE,FALSE
1390389,"gate_30",42,FALSE,FALSE
1390414,"gate_30",155,TRUE,FALSE
1390487,"gate_30",61,TRUE,FALSE
1390735,"gate_30",2,TRUE,FALSE
1390812,"gate_40",22,FALSE,FALSE
1390860,"gate_30",7,FALSE,FALSE
1391012,"gate_40",2,FALSE,FALSE
1391041,"gate_40",3,FALSE,FALSE
1391100,"gate_30",184,TRUE,FALSE
1391313,"gate_40",20,TRUE,FALSE
1391345,"gate_30",52,TRUE,FALSE
1391377,"gate_40",27,TRUE,FALSE
1391726,"gate_40",197,TRUE,TRUE
1391765,"gate_40",3,FALSE,FALSE
1391887,"gate_40",15,FALSE,FALSE
1391891,"gate_40",17,FALSE,FALSE
1391982,"gate_30",18,FALSE,FALSE
1392031,"gate_40",0,FALSE,FALSE
1392200,"gate_30",41,TRUE,FALSE
1392215,"gate_40",13,FALSE,FALSE
1392471,"gate_30",7,FALSE,FALSE
1392633,"gate_40",58,FALSE,FALSE
1392666,"gate_30",3,FALSE,FALSE
1392667,"gate_40",59,TRUE,FALSE
1393208,"gate_30",1,FALSE,FALSE
1393262,"gate_40",22,TRUE,FALSE
1393381,"gate_40",97,TRUE,FALSE
1393420,"gate_30",36,FALSE,FALSE
1393611,"gate_30",0,FALSE,FALSE
1393691,"gate_40",66,TRUE,TRUE
1393851,"gate_30",276,TRUE,TRUE
1393916,"gate_40",2,FALSE,FALSE
1393958,"gate_30",19,FALSE,FALSE
1394123,"gate_40",5,FALSE,FALSE
1394266,"gate_30",23,TRUE,FALSE
1394398,"gate_40",110,TRUE,FALSE
1394574,"gate_30",145,TRUE,TRUE
1394666,"gate_40",0,FALSE,FALSE
1394709,"gate_40",5,FALSE,FALSE
1395083,"gate_30",6,FALSE,FALSE
1395316,"gate_30",10,TRUE,FALSE
1395498,"gate_40",1,FALSE,FALSE
1395573,"gate_40",37,TRUE,FALSE
1395578,"gate_30",45,FALSE,FALSE
1395685,"gate_40",7,TRUE,FALSE
1396412,"gate_40",67,TRUE,FALSE
1396442,"gate_30",30,TRUE,FALSE
1396534,"gate_30",10,FALSE,FALSE
1396585,"gate_40",24,TRUE,FALSE
1396663,"gate_40",50,FALSE,TRUE
1396929,"gate_40",3,FALSE,FALSE
1396998,"gate_40",37,TRUE,FALSE
1397045,"gate_40",4,FALSE,FALSE
1397095,"gate_30",38,FALSE,FALSE
1397299,"gate_30",9,FALSE,FALSE
1397450,"gate_40",349,TRUE,TRUE
1397491,"gate_30",12,TRUE,FALSE
1397530,"gate_40",28,FALSE,FALSE
1397654,"gate_40",5,FALSE,FALSE
1397658,"gate_40",176,TRUE,FALSE
1397770,"gate_40",5,FALSE,FALSE
1397862,"gate_40",22,FALSE,FALSE
1398176,"gate_40",8,FALSE,FALSE
1398267,"gate_30",16,FALSE,TRUE
1398296,"gate_30",2,FALSE,FALSE
1398367,"gate_40",149,FALSE,TRUE
1398398,"gate_40",65,TRUE,FALSE
1398531,"gate_40",1,FALSE,FALSE
1398571,"gate_40",266,TRUE,TRUE
1398911,"gate_40",169,TRUE,FALSE
1398966,"gate_30",9,FALSE,FALSE
1399008,"gate_30",113,TRUE,FALSE
1399183,"gate_40",7,TRUE,FALSE
1399211,"gate_30",8,FALSE,FALSE
1399440,"gate_40",1,FALSE,FALSE
1399489,"gate_30",16,TRUE,FALSE
1399621,"gate_30",34,FALSE,FALSE
1399678,"gate_30",31,FALSE,FALSE
1399698,"gate_40",2,FALSE,FALSE
1399779,"gate_40",30,TRUE,FALSE
1399846,"gate_40",9,TRUE,FALSE
1399996,"gate_40",32,FALSE,FALSE
1400063,"gate_30",15,TRUE,FALSE
1400215,"gate_40",50,FALSE,FALSE
1400259,"gate_30",2,FALSE,FALSE
1400292,"gate_30",156,TRUE,TRUE
1400471,"gate_30",5,FALSE,FALSE
1400764,"gate_40",0,FALSE,FALSE
1400768,"gate_30",6,FALSE,FALSE
1400938,"gate_30",8,TRUE,FALSE
1401003,"gate_30",97,TRUE,TRUE
1401083,"gate_40",23,FALSE,FALSE
1401376,"gate_30",27,FALSE,FALSE
1401384,"gate_30",61,TRUE,FALSE
1401550,"gate_30",14,TRUE,FALSE
1401648,"gate_30",0,FALSE,FALSE
1402062,"gate_30",47,TRUE,TRUE
1402098,"gate_40",46,TRUE,FALSE
1402117,"gate_30",4,FALSE,FALSE
1402168,"gate_40",34,TRUE,FALSE
1402241,"gate_40",11,FALSE,FALSE
1402367,"gate_30",22,TRUE,FALSE
1402472,"gate_30",118,TRUE,TRUE
1402524,"gate_30",99,TRUE,TRUE
1402922,"gate_40",74,TRUE,FALSE
1403130,"gate_40",5,FALSE,FALSE
1403270,"gate_40",9,TRUE,FALSE
1403426,"gate_30",4,FALSE,FALSE
1403497,"gate_30",198,TRUE,TRUE
1403570,"gate_30",15,TRUE,FALSE
1403613,"gate_30",2,FALSE,FALSE
1403722,"gate_40",20,FALSE,FALSE
1403861,"gate_40",95,TRUE,FALSE
1403877,"gate_40",18,TRUE,FALSE
1403987,"gate_40",2,FALSE,FALSE
1404021,"gate_30",12,TRUE,FALSE
1404206,"gate_40",28,TRUE,FALSE
1404272,"gate_40",12,FALSE,FALSE
1404307,"gate_30",24,TRUE,FALSE
1404325,"gate_40",15,TRUE,TRUE
1404417,"gate_40",131,TRUE,TRUE
1404468,"gate_30",56,FALSE,TRUE
1404613,"gate_40",37,TRUE,TRUE
1404724,"gate_30",27,TRUE,FALSE
1404789,"gate_40",3,FALSE,FALSE
1404935,"gate_30",273,TRUE,TRUE
1405164,"gate_40",3,FALSE,FALSE
1405296,"gate_30",12,TRUE,FALSE
1405633,"gate_40",3,FALSE,FALSE
1405652,"gate_30",47,TRUE,FALSE
1405657,"gate_40",1,FALSE,FALSE
1405684,"gate_40",46,TRUE,FALSE
1405742,"gate_40",16,FALSE,FALSE
1405911,"gate_40",7,TRUE,FALSE
1405919,"gate_30",10,FALSE,FALSE
1405949,"gate_30",67,FALSE,FALSE
1406039,"gate_40",25,TRUE,FALSE
1406114,"gate_40",33,FALSE,FALSE
1406173,"gate_40",15,FALSE,FALSE
1406223,"gate_40",3,FALSE,FALSE
1406361,"gate_30",7,FALSE,FALSE
1406408,"gate_40",1,FALSE,FALSE
1406554,"gate_30",177,TRUE,FALSE
1406656,"gate_40",15,FALSE,FALSE
1406683,"gate_40",1,FALSE,FALSE
1406850,"gate_40",3,FALSE,FALSE
1406915,"gate_40",9,FALSE,FALSE
1406934,"gate_40",8,FALSE,FALSE
1406949,"gate_30",37,TRUE,FALSE
1407095,"gate_30",6,FALSE,FALSE
1407647,"gate_40",3,FALSE,FALSE
1407762,"gate_40",5,FALSE,FALSE
1407771,"gate_30",31,TRUE,FALSE
1407835,"gate_30",22,FALSE,FALSE
1407837,"gate_30",1,FALSE,FALSE
1407846,"gate_40",0,FALSE,FALSE
1407999,"gate_30",28,TRUE,FALSE
1408112,"gate_40",133,TRUE,FALSE
1408217,"gate_30",34,TRUE,FALSE
1408224,"gate_30",4,FALSE,FALSE
1408444,"gate_40",185,TRUE,TRUE
1408571,"gate_40",8,FALSE,FALSE
1408737,"gate_30",47,TRUE,TRUE
1408764,"gate_40",4,FALSE,FALSE
1408785,"gate_30",1,FALSE,FALSE
1408829,"gate_30",2,FALSE,FALSE
1408966,"gate_40",39,TRUE,TRUE
1409139,"gate_30",6,FALSE,FALSE
1409217,"gate_40",16,FALSE,FALSE
1409277,"gate_30",17,FALSE,FALSE
1409455,"gate_40",10,TRUE,FALSE
1409697,"gate_30",20,TRUE,FALSE
1409785,"gate_40",6,TRUE,FALSE
1409842,"gate_40",15,TRUE,FALSE
1409852,"gate_40",28,TRUE,FALSE
1409929,"gate_40",144,TRUE,FALSE
1409970,"gate_30",238,TRUE,TRUE
1410326,"gate_40",87,TRUE,FALSE
1410357,"gate_40",0,FALSE,FALSE
1410383,"gate_30",18,FALSE,FALSE
1410463,"gate_30",0,FALSE,FALSE
1410662,"gate_30",2,FALSE,FALSE
1410828,"gate_30",0,FALSE,FALSE
1410919,"gate_30",5,FALSE,FALSE
1411214,"gate_30",9,FALSE,FALSE
1411598,"gate_40",27,TRUE,FALSE
1411631,"gate_30",0,FALSE,FALSE
1411641,"gate_30",0,FALSE,FALSE
1411652,"gate_40",7,FALSE,FALSE
1411811,"gate_30",286,FALSE,TRUE
1412111,"gate_40",0,FALSE,FALSE
1412131,"gate_40",33,FALSE,FALSE
1412134,"gate_40",121,TRUE,TRUE
1412310,"gate_30",43,FALSE,FALSE
1412364,"gate_40",50,FALSE,FALSE
1412387,"gate_40",174,TRUE,FALSE
1412473,"gate_40",120,TRUE,FALSE
1412552,"gate_40",128,FALSE,TRUE
1412704,"gate_40",7,FALSE,FALSE
1412792,"gate_30",122,TRUE,TRUE
1413168,"gate_40",15,FALSE,FALSE
1413286,"gate_30",11,TRUE,FALSE
1413551,"gate_30",46,FALSE,FALSE
1413832,"gate_30",3,FALSE,FALSE
1413866,"gate_30",104,TRUE,FALSE
1413872,"gate_40",3,FALSE,FALSE
1413934,"gate_30",15,FALSE,FALSE
1414027,"gate_40",3,FALSE,FALSE
1414070,"gate_30",63,TRUE,FALSE
1414181,"gate_40",15,TRUE,TRUE
1414321,"gate_40",121,TRUE,FALSE
1414382,"gate_30",86,TRUE,FALSE
1414823,"gate_40",174,FALSE,FALSE
1414896,"gate_40",7,FALSE,FALSE
1415023,"gate_40",10,TRUE,FALSE
1415053,"gate_30",0,FALSE,FALSE
1415064,"gate_30",0,TRUE,FALSE
1415157,"gate_30",14,TRUE,FALSE
1415667,"gate_30",23,TRUE,FALSE
1415671,"gate_30",0,FALSE,FALSE
1415676,"gate_30",44,TRUE,TRUE
1415699,"gate_40",3,FALSE,FALSE
1415739,"gate_30",11,FALSE,FALSE
1415744,"gate_30",16,TRUE,FALSE
1415759,"gate_30",21,FALSE,FALSE
1415798,"gate_40",2,FALSE,TRUE
1415910,"gate_40",5,TRUE,FALSE
1415964,"gate_30",6,TRUE,TRUE
1416125,"gate_40",135,TRUE,TRUE
1416325,"gate_40",34,TRUE,FALSE
1416359,"gate_40",13,TRUE,FALSE
1416361,"gate_30",3,FALSE,FALSE
1416369,"gate_30",9,FALSE,FALSE
1416431,"gate_30",60,TRUE,FALSE
1416467,"gate_30",16,FALSE,FALSE
1416525,"gate_30",178,TRUE,FALSE
1416674,"gate_40",22,TRUE,FALSE
1416705,"gate_40",88,TRUE,TRUE
1416740,"gate_40",326,TRUE,TRUE
1416868,"gate_40",9,FALSE,FALSE
1416970,"gate_40",12,FALSE,FALSE
1417106,"gate_30",3,FALSE,FALSE
1417118,"gate_40",64,TRUE,TRUE
1417126,"gate_30",57,FALSE,TRUE
1417264,"gate_30",13,TRUE,FALSE
1417286,"gate_40",10,FALSE,FALSE
1417295,"gate_40",25,TRUE,FALSE
1417302,"gate_40",15,FALSE,FALSE
1417388,"gate_40",43,TRUE,FALSE
1417868,"gate_40",29,TRUE,TRUE
1417883,"gate_30",54,TRUE,FALSE
1417917,"gate_30",69,TRUE,FALSE
1418002,"gate_30",6,FALSE,FALSE
1418019,"gate_30",31,TRUE,FALSE
1418054,"gate_30",247,TRUE,TRUE
1418125,"gate_40",1,FALSE,FALSE
1418283,"gate_40",31,TRUE,FALSE
1418458,"gate_40",2,FALSE,FALSE
1418459,"gate_30",0,FALSE,FALSE
1418609,"gate_40",72,TRUE,FALSE
1418687,"gate_30",1,FALSE,FALSE
1418901,"gate_40",0,FALSE,FALSE
1418917,"gate_40",48,FALSE,TRUE
1418920,"gate_40",36,FALSE,FALSE
1419290,"gate_40",32,FALSE,FALSE
1419296,"gate_40",5,TRUE,FALSE
1419325,"gate_40",310,TRUE,TRUE
1419399,"gate_40",14,FALSE,FALSE
1419479,"gate_30",39,TRUE,FALSE
1419589,"gate_40",23,TRUE,FALSE
1419701,"gate_30",132,TRUE,TRUE
1419736,"gate_30",5,FALSE,FALSE
1419752,"gate_40",50,TRUE,FALSE
1419759,"gate_30",3,FALSE,FALSE
1419810,"gate_30",12,FALSE,FALSE
1420122,"gate_40",17,TRUE,FALSE
1420301,"gate_30",64,TRUE,FALSE
1420425,"gate_40",11,TRUE,FALSE
1420446,"gate_30",21,FALSE,FALSE
1420508,"gate_30",15,TRUE,FALSE
1420548,"gate_30",21,FALSE,FALSE
1420644,"gate_40",40,FALSE,FALSE
1421293,"gate_30",17,TRUE,FALSE
1421294,"gate_40",5,TRUE,FALSE
1421559,"gate_40",98,TRUE,FALSE
1421609,"gate_40",9,TRUE,FALSE
1421760,"gate_40",173,FALSE,FALSE
1421789,"gate_40",81,TRUE,TRUE
1421833,"gate_40",33,FALSE,FALSE
1421877,"gate_40",189,TRUE,FALSE
1422015,"gate_40",7,FALSE,FALSE
1422147,"gate_30",2,FALSE,FALSE
1422273,"gate_40",44,TRUE,FALSE
1422338,"gate_40",25,TRUE,FALSE
1422469,"gate_30",34,TRUE,FALSE
1422608,"gate_40",124,FALSE,TRUE
1422613,"gate_40",22,TRUE,FALSE
1422791,"gate_40",92,TRUE,FALSE
1422941,"gate_40",49,FALSE,TRUE
1423174,"gate_30",5,FALSE,FALSE
1423563,"gate_40",64,FALSE,FALSE
1423621,"gate_40",79,TRUE,FALSE
1423734,"gate_40",1,FALSE,FALSE
1423770,"gate_40",9,FALSE,FALSE
1423908,"gate_40",141,TRUE,FALSE
1424010,"gate_40",7,TRUE,FALSE
1424061,"gate_30",135,FALSE,FALSE
1424148,"gate_30",3,FALSE,FALSE
1424363,"gate_30",119,TRUE,FALSE
1424623,"gate_40",201,TRUE,FALSE
1424821,"gate_30",7,TRUE,FALSE
1425099,"gate_30",63,FALSE,FALSE
1425405,"gate_30",2,FALSE,FALSE
1425539,"gate_40",27,TRUE,FALSE
1425603,"gate_40",54,TRUE,FALSE
1425691,"gate_30",74,FALSE,FALSE
1425720,"gate_30",5,TRUE,FALSE
1425975,"gate_40",63,TRUE,FALSE
1426077,"gate_30",118,TRUE,FALSE
1426176,"gate_30",19,FALSE,FALSE
1426273,"gate_40",11,FALSE,FALSE
1426320,"gate_40",131,TRUE,TRUE
1426356,"gate_30",71,FALSE,FALSE
1426404,"gate_30",1,FALSE,FALSE
1426437,"gate_40",64,TRUE,FALSE
1426704,"gate_30",38,FALSE,FALSE
1426960,"gate_30",122,TRUE,TRUE
1427126,"gate_40",0,FALSE,FALSE
1427193,"gate_40",0,FALSE,FALSE
1427287,"gate_30",31,FALSE,FALSE
1427362,"gate_40",13,TRUE,FALSE
1427426,"gate_40",33,TRUE,TRUE
1427431,"gate_40",87,TRUE,FALSE
1427455,"gate_40",1,FALSE,FALSE
1427616,"gate_30",6,FALSE,FALSE
1427685,"gate_40",200,TRUE,TRUE
1427695,"gate_40",5,FALSE,FALSE
1427753,"gate_30",170,TRUE,FALSE
1427804,"gate_30",98,TRUE,FALSE
1428319,"gate_40",80,TRUE,FALSE
1428519,"gate_30",0,FALSE,FALSE
1428535,"gate_40",283,TRUE,TRUE
1428564,"gate_40",85,TRUE,FALSE
1428600,"gate_40",2,FALSE,FALSE
1428631,"gate_40",107,TRUE,FALSE
1428683,"gate_40",20,FALSE,FALSE
1428865,"gate_40",16,TRUE,FALSE
1428972,"gate_40",14,FALSE,FALSE
1428987,"gate_40",273,TRUE,TRUE
1429389,"gate_30",59,TRUE,FALSE
1429551,"gate_30",4,FALSE,FALSE
1429580,"gate_40",21,FALSE,FALSE
1429669,"gate_30",6,FALSE,FALSE
1429672,"gate_30",20,TRUE,FALSE
1429839,"gate_40",156,TRUE,TRUE
1430001,"gate_30",37,TRUE,FALSE
1430049,"gate_30",58,TRUE,FALSE
1430091,"gate_40",40,TRUE,TRUE
1430294,"gate_30",24,TRUE,FALSE
1430564,"gate_40",83,TRUE,FALSE
1430993,"gate_30",5,FALSE,FALSE
1431153,"gate_40",28,TRUE,TRUE
1431195,"gate_40",46,FALSE,TRUE
1431280,"gate_40",21,FALSE,FALSE
1431484,"gate_40",2,FALSE,FALSE
1431720,"gate_30",3,FALSE,FALSE
1432068,"gate_30",12,FALSE,FALSE
1432352,"gate_40",2,FALSE,FALSE
1432361,"gate_40",156,TRUE,TRUE
1432563,"gate_40",15,FALSE,FALSE
1432597,"gate_40",15,FALSE,FALSE
1432601,"gate_40",41,TRUE,FALSE
1432752,"gate_30",9,FALSE,FALSE
1432889,"gate_40",10,TRUE,FALSE
1433018,"gate_40",12,FALSE,FALSE
1433068,"gate_30",109,TRUE,FALSE
1433070,"gate_40",5,FALSE,FALSE
1433168,"gate_40",97,TRUE,FALSE
1433394,"gate_30",51,FALSE,TRUE
1433553,"gate_40",4,FALSE,FALSE
1433726,"gate_30",12,FALSE,FALSE
1433735,"gate_40",49,TRUE,FALSE
1433802,"gate_40",0,FALSE,FALSE
1433877,"gate_30",30,TRUE,FALSE
1434086,"gate_40",29,TRUE,TRUE
1434305,"gate_30",22,TRUE,FALSE
1434356,"gate_40",19,TRUE,FALSE
1434490,"gate_30",2,FALSE,FALSE
1434622,"gate_40",75,TRUE,TRUE
1434781,"gate_30",110,FALSE,TRUE
1434862,"gate_40",16,FALSE,FALSE
1435099,"gate_30",87,FALSE,FALSE
1435149,"gate_30",64,FALSE,FALSE
1435201,"gate_40",8,TRUE,FALSE
1435264,"gate_30",23,TRUE,TRUE
1435508,"gate_30",54,TRUE,FALSE
1435562,"gate_30",121,TRUE,TRUE
1435612,"gate_30",36,TRUE,FALSE
1435644,"gate_30",3,FALSE,FALSE
1435721,"gate_40",2,TRUE,FALSE
1435750,"gate_30",15,TRUE,FALSE
1435816,"gate_40",83,TRUE,TRUE
1435949,"gate_30",2,FALSE,FALSE
1436039,"gate_40",238,TRUE,TRUE
1436076,"gate_30",1,FALSE,FALSE
1436153,"gate_30",1,FALSE,FALSE
1436231,"gate_30",221,TRUE,TRUE
1436300,"gate_40",2,FALSE,FALSE
1436345,"gate_40",39,TRUE,FALSE
1436688,"gate_30",173,TRUE,TRUE
1436733,"gate_40",0,FALSE,FALSE
1436794,"gate_40",26,TRUE,FALSE
1436863,"gate_40",12,TRUE,FALSE
1436875,"gate_40",1,FALSE,FALSE
1436918,"gate_30",9,FALSE,FALSE
1437119,"gate_40",135,TRUE,FALSE
1437206,"gate_30",30,FALSE,FALSE
1437523,"gate_40",1,FALSE,FALSE
1437606,"gate_30",1,FALSE,FALSE
1437727,"gate_40",3,FALSE,FALSE
1437799,"gate_30",64,TRUE,TRUE
1437893,"gate_30",1,FALSE,FALSE
1437913,"gate_40",55,TRUE,FALSE
1437993,"gate_30",50,TRUE,TRUE
1438031,"gate_30",16,TRUE,FALSE
1438057,"gate_40",190,TRUE,TRUE
1438080,"gate_30",7,FALSE,FALSE
1438282,"gate_40",2,FALSE,FALSE
1438346,"gate_30",23,TRUE,FALSE
1438395,"gate_40",32,TRUE,TRUE
1438417,"gate_40",15,TRUE,FALSE
1438526,"gate_30",10,FALSE,FALSE
1438569,"gate_30",32,TRUE,FALSE
1438609,"gate_40",26,FALSE,FALSE
1438628,"gate_30",290,FALSE,TRUE
1438631,"gate_30",547,TRUE,TRUE
1438648,"gate_40",11,FALSE,TRUE
1438699,"gate_40",441,TRUE,TRUE
1439068,"gate_30",18,TRUE,FALSE
1439222,"gate_30",11,FALSE,FALSE
1439284,"gate_30",40,TRUE,FALSE
1439292,"gate_30",8,FALSE,FALSE
1440004,"gate_30",209,TRUE,TRUE
1440296,"gate_40",5,FALSE,FALSE
1440332,"gate_40",21,FALSE,FALSE
1440421,"gate_40",2,FALSE,FALSE
1440577,"gate_40",3,FALSE,FALSE
1440585,"gate_40",25,TRUE,FALSE
1440653,"gate_30",13,FALSE,FALSE
1440912,"gate_30",84,TRUE,TRUE
1441063,"gate_40",5,FALSE,FALSE
1441149,"gate_40",3,TRUE,FALSE
1441182,"gate_40",3,FALSE,FALSE
1441188,"gate_40",56,TRUE,FALSE
1441275,"gate_30",25,FALSE,FALSE
1441410,"gate_40",4,FALSE,FALSE
1441466,"gate_30",1,FALSE,FALSE
1441889,"gate_40",32,FALSE,FALSE
1441937,"gate_30",40,TRUE,TRUE
1442074,"gate_30",2,FALSE,FALSE
1442077,"gate_30",23,TRUE,FALSE
1442108,"gate_40",24,FALSE,TRUE
1442109,"gate_40",53,TRUE,FALSE
1442296,"gate_30",4,FALSE,FALSE
1442370,"gate_40",3,FALSE,FALSE
1442407,"gate_30",7,FALSE,FALSE
1442474,"gate_40",13,FALSE,FALSE
1442582,"gate_40",66,TRUE,TRUE
1443213,"gate_40",165,FALSE,TRUE
1443334,"gate_40",11,FALSE,FALSE
1443361,"gate_30",68,FALSE,FALSE
1443379,"gate_40",9,TRUE,FALSE
1443395,"gate_40",14,TRUE,FALSE
1443477,"gate_40",31,FALSE,FALSE
1443491,"gate_40",1,FALSE,FALSE
1443708,"gate_40",48,TRUE,FALSE
1443737,"gate_40",11,FALSE,FALSE
1443808,"gate_30",63,FALSE,FALSE
1443979,"gate_40",239,FALSE,TRUE
1443991,"gate_30",28,FALSE,FALSE
1444042,"gate_30",8,FALSE,FALSE
1444142,"gate_40",113,TRUE,FALSE
1444310,"gate_30",42,TRUE,TRUE
1444592,"gate_30",132,TRUE,FALSE
1444593,"gate_30",3,FALSE,FALSE
1444662,"gate_30",11,TRUE,FALSE
1444725,"gate_40",260,TRUE,TRUE
1444788,"gate_40",728,TRUE,TRUE
1444837,"gate_30",22,TRUE,FALSE
1445001,"gate_40",7,FALSE,FALSE
1445287,"gate_30",66,TRUE,FALSE
1445308,"gate_40",0,FALSE,FALSE
1445498,"gate_40",9,FALSE,FALSE
1445689,"gate_40",157,TRUE,TRUE
1445749,"gate_40",2,FALSE,FALSE
1445970,"gate_40",8,TRUE,FALSE
1446035,"gate_30",9,FALSE,FALSE
1446507,"gate_30",66,TRUE,FALSE
1446716,"gate_30",46,TRUE,FALSE
1446872,"gate_40",18,TRUE,FALSE
1447110,"gate_40",7,FALSE,FALSE
1447116,"gate_30",1,FALSE,FALSE
1447237,"gate_30",33,FALSE,FALSE
1447430,"gate_30",1,FALSE,FALSE
1447506,"gate_30",32,FALSE,FALSE
1447932,"gate_30",125,TRUE,TRUE
1447938,"gate_30",7,FALSE,FALSE
1448123,"gate_30",160,TRUE,TRUE
1448275,"gate_30",2,FALSE,FALSE
1448324,"gate_30",16,FALSE,FALSE
1448514,"gate_40",2,FALSE,FALSE
1448569,"gate_30",19,TRUE,FALSE
1448672,"gate_30",28,TRUE,TRUE
1449086,"gate_30",246,TRUE,FALSE
1449287,"gate_40",2,FALSE,FALSE
1449384,"gate_30",39,FALSE,FALSE
1449987,"gate_40",46,TRUE,FALSE
1450167,"gate_40",3,FALSE,FALSE
1450190,"gate_30",2,FALSE,FALSE
1450354,"gate_40",44,FALSE,FALSE
1450406,"gate_30",1,FALSE,FALSE
1450631,"gate_30",28,FALSE,FALSE
1450645,"gate_40",77,TRUE,FALSE
1450918,"gate_30",679,FALSE,TRUE
1451212,"gate_30",193,TRUE,TRUE
1451295,"gate_30",32,TRUE,FALSE
1451568,"gate_40",4,FALSE,FALSE
1451950,"gate_40",14,TRUE,FALSE
1452052,"gate_30",25,TRUE,FALSE
1452162,"gate_40",45,TRUE,FALSE
1452419,"gate_30",36,FALSE,FALSE
1452440,"gate_40",7,FALSE,FALSE
1452551,"gate_40",28,FALSE,TRUE
1452876,"gate_40",7,TRUE,FALSE
1452907,"gate_40",50,FALSE,FALSE
1453048,"gate_30",5,FALSE,FALSE
1453062,"gate_30",15,FALSE,FALSE
1453142,"gate_40",3,FALSE,FALSE
1453179,"gate_40",38,TRUE,FALSE
1453184,"gate_40",47,TRUE,FALSE
1453193,"gate_30",75,TRUE,TRUE
1453231,"gate_40",150,TRUE,TRUE
1453374,"gate_30",3,FALSE,FALSE
1453475,"gate_40",3,FALSE,FALSE
1453543,"gate_40",750,TRUE,TRUE
1453649,"gate_40",0,FALSE,FALSE
1453689,"gate_30",1,FALSE,FALSE
1453698,"gate_30",8,FALSE,FALSE
1453906,"gate_40",7,TRUE,FALSE
1454256,"gate_40",7,FALSE,FALSE
1454262,"gate_40",13,FALSE,FALSE
1454351,"gate_40",39,TRUE,TRUE
1454514,"gate_40",0,FALSE,FALSE
1454581,"gate_40",17,FALSE,FALSE
1454864,"gate_30",16,FALSE,FALSE
1454882,"gate_30",3,FALSE,FALSE
1454900,"gate_40",357,TRUE,TRUE
1454964,"gate_30",33,TRUE,TRUE
1455003,"gate_40",7,FALSE,FALSE
1455056,"gate_40",0,TRUE,FALSE
1455124,"gate_30",9,FALSE,FALSE
1455237,"gate_40",66,TRUE,FALSE
1455300,"gate_40",65,FALSE,TRUE
1455488,"gate_40",3,TRUE,FALSE
1455861,"gate_40",65,TRUE,FALSE
1456458,"gate_30",83,FALSE,FALSE
1456463,"gate_40",2,FALSE,FALSE
1456553,"gate_40",32,TRUE,FALSE
1456706,"gate_30",8,FALSE,FALSE
1456789,"gate_30",106,TRUE,FALSE
1456838,"gate_30",64,TRUE,FALSE
1456859,"gate_40",253,TRUE,FALSE
1456919,"gate_30",380,TRUE,TRUE
1456957,"gate_40",8,FALSE,FALSE
1457028,"gate_30",3,FALSE,FALSE
1457039,"gate_40",7,FALSE,FALSE
1457175,"gate_30",1,FALSE,FALSE
1457321,"gate_40",2,FALSE,FALSE
1457497,"gate_30",42,TRUE,FALSE
1457543,"gate_30",2,FALSE,FALSE
1457847,"gate_40",14,FALSE,FALSE
1457863,"gate_30",2,FALSE,FALSE
1457933,"gate_30",41,TRUE,FALSE
1458201,"gate_30",18,TRUE,FALSE
1458239,"gate_30",25,TRUE,FALSE
1458331,"gate_40",213,TRUE,TRUE
1458389,"gate_30",229,TRUE,TRUE
1458404,"gate_30",8,FALSE,FALSE
1458440,"gate_30",25,TRUE,FALSE
1458545,"gate_40",4,FALSE,FALSE
1458610,"gate_40",2,FALSE,FALSE
1458738,"gate_30",92,TRUE,TRUE
1458743,"gate_40",6,FALSE,FALSE
1458772,"gate_30",13,TRUE,TRUE
1458924,"gate_40",2,FALSE,FALSE
1458965,"gate_40",104,FALSE,TRUE
1459061,"gate_30",18,FALSE,FALSE
1459090,"gate_40",563,TRUE,TRUE
1459103,"gate_30",4,FALSE,FALSE
1459154,"gate_30",47,FALSE,FALSE
1459234,"gate_30",29,FALSE,FALSE
1459347,"gate_40",197,TRUE,TRUE
1459353,"gate_40",0,FALSE,FALSE
1459366,"gate_30",6,TRUE,FALSE
1459417,"gate_40",7,TRUE,FALSE
1459426,"gate_40",14,FALSE,FALSE
1459465,"gate_40",43,TRUE,FALSE
1459554,"gate_30",11,FALSE,FALSE
1459869,"gate_40",109,TRUE,TRUE
1459945,"gate_30",1,FALSE,FALSE
1459950,"gate_30",46,TRUE,FALSE
1459979,"gate_30",10,FALSE,FALSE
1460002,"gate_30",41,TRUE,FALSE
1460010,"gate_40",9,FALSE,FALSE
1460209,"gate_30",302,TRUE,TRUE
1460603,"gate_30",21,TRUE,FALSE
1460622,"gate_40",2,FALSE,FALSE
1460720,"gate_30",251,TRUE,TRUE
1460772,"gate_40",118,TRUE,FALSE
1460830,"gate_30",131,TRUE,TRUE
1461080,"gate_40",8,FALSE,FALSE
1461493,"gate_30",2,FALSE,FALSE
1461641,"gate_40",32,TRUE,FALSE
1461660,"gate_30",57,FALSE,FALSE
1461749,"gate_40",41,FALSE,FALSE
1461911,"gate_30",8,TRUE,FALSE
1462076,"gate_40",60,TRUE,FALSE
1462266,"gate_30",50,TRUE,FALSE
1462400,"gate_30",0,FALSE,FALSE
1462582,"gate_30",62,TRUE,FALSE
1462903,"gate_40",22,TRUE,FALSE
1463064,"gate_40",22,FALSE,TRUE
1463122,"gate_30",0,FALSE,FALSE
1463303,"gate_40",196,TRUE,FALSE
1463517,"gate_40",5,FALSE,FALSE
1463525,"gate_30",10,FALSE,FALSE
1463552,"gate_30",16,FALSE,FALSE
1463589,"gate_30",4,FALSE,FALSE
1463591,"gate_30",36,TRUE,FALSE
1463604,"gate_30",28,TRUE,FALSE
1463649,"gate_30",33,TRUE,FALSE
1463833,"gate_30",148,TRUE,FALSE
1463952,"gate_40",0,FALSE,FALSE
1463998,"gate_30",4,FALSE,FALSE
1464036,"gate_40",16,FALSE,FALSE
1464235,"gate_30",91,TRUE,TRUE
1464447,"gate_40",48,FALSE,TRUE
1464989,"gate_30",18,TRUE,FALSE
1465011,"gate_30",2,FALSE,FALSE
1465184,"gate_40",47,TRUE,TRUE
1465409,"gate_30",5,FALSE,FALSE
1465434,"gate_40",3,FALSE,FALSE
1465498,"gate_30",30,TRUE,TRUE
1465511,"gate_30",0,FALSE,FALSE
1465744,"gate_40",17,TRUE,FALSE
1466148,"gate_30",312,TRUE,TRUE
1466426,"gate_30",4,FALSE,FALSE
1466458,"gate_30",510,TRUE,TRUE
1466698,"gate_30",4,FALSE,FALSE
1467022,"gate_30",1,FALSE,FALSE
1467045,"gate_40",20,FALSE,FALSE
1467235,"gate_30",16,FALSE,FALSE
1467267,"gate_30",21,TRUE,FALSE
1467324,"gate_40",13,FALSE,FALSE
1467397,"gate_40",61,TRUE,FALSE
1467511,"gate_40",5,TRUE,FALSE
1467513,"gate_30",5,FALSE,FALSE
1467517,"gate_40",7,FALSE,FALSE
1467728,"gate_30",8,FALSE,FALSE
1467817,"gate_40",8,FALSE,FALSE
1467863,"gate_30",225,TRUE,FALSE
1467984,"gate_40",4,FALSE,FALSE
1468041,"gate_40",1,FALSE,FALSE
1468105,"gate_40",1,FALSE,FALSE
1468134,"gate_40",3,FALSE,FALSE
1468324,"gate_30",457,TRUE,TRUE
1468339,"gate_40",3,FALSE,FALSE
1468400,"gate_40",81,TRUE,FALSE
1468416,"gate_30",37,TRUE,FALSE
1468492,"gate_30",1,FALSE,FALSE
1468505,"gate_40",9,FALSE,FALSE
1468522,"gate_40",10,FALSE,FALSE
1468523,"gate_30",33,TRUE,FALSE
1468767,"gate_30",10,FALSE,FALSE
1468782,"gate_30",36,TRUE,TRUE
1468973,"gate_40",2,FALSE,FALSE
1468975,"gate_30",12,FALSE,FALSE
1469133,"gate_40",13,TRUE,FALSE
1469235,"gate_40",9,FALSE,FALSE
1469367,"gate_30",39,TRUE,FALSE
1469487,"gate_30",83,TRUE,FALSE
1469515,"gate_30",21,FALSE,FALSE
1469548,"gate_30",184,FALSE,TRUE
1469589,"gate_30",3,FALSE,FALSE
1469666,"gate_30",51,TRUE,FALSE
1469676,"gate_40",0,FALSE,FALSE
1469767,"gate_30",2,FALSE,FALSE
1469820,"gate_30",575,TRUE,FALSE
1469946,"gate_40",4,FALSE,FALSE
1469962,"gate_30",34,TRUE,FALSE
1470008,"gate_40",114,TRUE,TRUE
1470191,"gate_40",19,TRUE,TRUE
1470195,"gate_30",0,FALSE,FALSE
1470258,"gate_30",9,FALSE,FALSE
1470308,"gate_30",69,FALSE,TRUE
1470346,"gate_30",34,FALSE,FALSE
1470388,"gate_30",37,FALSE,FALSE
1470390,"gate_30",17,FALSE,FALSE
1470470,"gate_40",16,FALSE,FALSE
1470530,"gate_30",118,TRUE,FALSE
1470578,"gate_30",0,FALSE,FALSE
1470610,"gate_40",16,TRUE,FALSE
1470649,"gate_40",17,FALSE,FALSE
1470745,"gate_30",1,FALSE,FALSE
1470751,"gate_40",262,TRUE,TRUE
1471015,"gate_40",11,TRUE,FALSE
1471095,"gate_40",12,TRUE,FALSE
1471145,"gate_40",0,FALSE,FALSE
1471171,"gate_40",18,TRUE,FALSE
1471251,"gate_30",4,FALSE,FALSE
1471410,"gate_40",4,FALSE,FALSE
1471615,"gate_30",53,TRUE,FALSE
1471712,"gate_40",6,FALSE,FALSE
1471785,"gate_30",0,FALSE,FALSE
1472038,"gate_40",2,FALSE,FALSE
1472483,"gate_40",40,FALSE,FALSE
1472508,"gate_40",17,FALSE,FALSE
1472558,"gate_30",27,TRUE,FALSE
1472566,"gate_30",6,TRUE,FALSE
1473074,"gate_40",46,FALSE,FALSE
1473076,"gate_30",7,FALSE,FALSE
1473239,"gate_40",11,FALSE,FALSE
1473243,"gate_30",27,TRUE,FALSE
1473246,"gate_30",18,FALSE,FALSE
1473428,"gate_30",22,FALSE,FALSE
1473489,"gate_30",49,TRUE,TRUE
1473491,"gate_40",28,FALSE,FALSE
1473627,"gate_40",3,TRUE,FALSE
1473639,"gate_40",113,TRUE,TRUE
1473671,"gate_40",2,FALSE,FALSE
1473676,"gate_40",0,FALSE,FALSE
1473755,"gate_30",20,TRUE,FALSE
1473904,"gate_30",20,FALSE,FALSE
1474108,"gate_40",13,FALSE,FALSE
1474286,"gate_30",7,FALSE,FALSE
1474300,"gate_40",0,FALSE,FALSE
1474363,"gate_40",21,TRUE,FALSE
1474376,"gate_40",35,TRUE,FALSE
1474535,"gate_30",166,TRUE,FALSE
1474658,"gate_40",22,FALSE,FALSE
1474911,"gate_30",238,TRUE,TRUE
1474927,"gate_30",212,TRUE,TRUE
1475123,"gate_40",5,FALSE,FALSE
1475182,"gate_40",66,TRUE,FALSE
1475293,"gate_30",80,TRUE,TRUE
1475305,"gate_30",9,FALSE,FALSE
1475397,"gate_40",8,TRUE,FALSE
1475440,"gate_30",49,TRUE,FALSE
1475501,"gate_40",2,FALSE,FALSE
1475519,"gate_40",26,FALSE,FALSE
1475534,"gate_40",11,TRUE,FALSE
1475805,"gate_40",0,FALSE,FALSE
1475828,"gate_30",0,FALSE,FALSE
1475841,"gate_40",21,FALSE,FALSE
1476004,"gate_40",10,FALSE,FALSE
1476122,"gate_30",1705,TRUE,TRUE
1476240,"gate_30",10,FALSE,FALSE
1476242,"gate_40",5,TRUE,FALSE
1476485,"gate_40",5,FALSE,FALSE
1476503,"gate_30",45,TRUE,FALSE
1476528,"gate_30",5,FALSE,FALSE
1476622,"gate_30",5,FALSE,FALSE
1476730,"gate_40",0,FALSE,FALSE
1476888,"gate_40",10,FALSE,TRUE
1477229,"gate_40",0,FALSE,FALSE
1477488,"gate_30",23,TRUE,FALSE
1477547,"gate_30",44,TRUE,TRUE
1477652,"gate_40",7,FALSE,FALSE
1477796,"gate_40",58,FALSE,TRUE
1477890,"gate_40",11,FALSE,FALSE
1477996,"gate_30",3,FALSE,FALSE
1478035,"gate_40",458,TRUE,TRUE
1478047,"gate_40",3,FALSE,FALSE
1478069,"gate_40",198,TRUE,TRUE
1478351,"gate_40",4,TRUE,TRUE
1478741,"gate_40",5,FALSE,TRUE
1479287,"gate_40",2,FALSE,FALSE
1479347,"gate_30",4,FALSE,FALSE
1479360,"gate_30",6,TRUE,FALSE
1479390,"gate_40",33,TRUE,FALSE
1479549,"gate_40",5,FALSE,FALSE
1479564,"gate_30",24,TRUE,FALSE
1479582,"gate_40",65,FALSE,FALSE
1479654,"gate_30",71,TRUE,FALSE
1479734,"gate_40",24,FALSE,FALSE
1479737,"gate_30",40,TRUE,FALSE
1479759,"gate_40",85,TRUE,FALSE
1479913,"gate_30",6,FALSE,FALSE
1479942,"gate_30",23,FALSE,FALSE
1479992,"gate_30",23,FALSE,FALSE
1480000,"gate_30",4,FALSE,FALSE
1480003,"gate_30",26,FALSE,FALSE
1480120,"gate_40",6,FALSE,FALSE
1480145,"gate_40",4,FALSE,FALSE
1480190,"gate_40",47,TRUE,FALSE
1480357,"gate_30",4,FALSE,FALSE
1480365,"gate_40",28,TRUE,FALSE
1480452,"gate_30",88,TRUE,FALSE
1480598,"gate_40",70,TRUE,FALSE
1480667,"gate_40",68,TRUE,FALSE
1480918,"gate_30",23,FALSE,FALSE
1481118,"gate_30",14,TRUE,FALSE
1481138,"gate_30",7,FALSE,FALSE
1481146,"gate_30",27,TRUE,FALSE
1481208,"gate_30",6,TRUE,FALSE
1481213,"gate_30",2,FALSE,FALSE
1481216,"gate_40",16,FALSE,FALSE
1481245,"gate_30",35,TRUE,FALSE
1481358,"gate_40",3,FALSE,FALSE
1481545,"gate_40",14,FALSE,FALSE
1481758,"gate_30",55,TRUE,TRUE
1481828,"gate_40",163,TRUE,FALSE
1481845,"gate_30",61,TRUE,FALSE
1482138,"gate_30",41,TRUE,FALSE
1482141,"gate_40",1347,TRUE,TRUE
1482172,"gate_30",12,FALSE,FALSE
1482267,"gate_40",55,TRUE,FALSE
1482546,"gate_40",76,FALSE,TRUE
1482806,"gate_40",597,TRUE,TRUE
1483035,"gate_30",2,FALSE,FALSE
1483082,"gate_30",27,TRUE,FALSE
1483110,"gate_30",0,FALSE,FALSE
1483122,"gate_30",11,FALSE,FALSE
1483153,"gate_40",3,FALSE,FALSE
1483216,"gate_40",1,FALSE,FALSE
1483218,"gate_40",0,FALSE,FALSE
1483296,"gate_30",39,TRUE,FALSE
1483303,"gate_40",146,TRUE,TRUE
1483307,"gate_40",3,FALSE,FALSE
1483658,"gate_40",710,TRUE,TRUE
1483734,"gate_30",17,TRUE,FALSE
1483928,"gate_30",40,FALSE,TRUE
1484227,"gate_30",0,FALSE,FALSE
1484251,"gate_30",1,FALSE,FALSE
1484427,"gate_30",1,FALSE,FALSE
1484857,"gate_40",6,TRUE,FALSE
1484951,"gate_30",70,TRUE,TRUE
1484960,"gate_40",1,FALSE,FALSE
1484998,"gate_40",161,TRUE,FALSE
1485143,"gate_40",2,FALSE,FALSE
1485153,"gate_40",19,FALSE,FALSE
1485230,"gate_30",81,TRUE,TRUE
1485247,"gate_40",18,FALSE,FALSE
1485387,"gate_30",29,TRUE,FALSE
1485466,"gate_40",3,FALSE,FALSE
1485489,"gate_30",29,TRUE,FALSE
1485502,"gate_40",4,FALSE,FALSE
1485518,"gate_40",8,FALSE,FALSE
1485657,"gate_30",14,FALSE,FALSE
1485722,"gate_30",83,TRUE,FALSE
1485900,"gate_40",0,FALSE,FALSE
1486054,"gate_30",10,FALSE,FALSE
1486098,"gate_40",6,TRUE,FALSE
1486176,"gate_30",138,TRUE,TRUE
1486216,"gate_30",10,TRUE,TRUE
1486330,"gate_30",4,FALSE,FALSE
1486555,"gate_30",5,TRUE,FALSE
1486584,"gate_40",36,FALSE,TRUE
1486711,"gate_30",119,TRUE,FALSE
1486909,"gate_30",1,FALSE,FALSE
1486989,"gate_30",317,TRUE,TRUE
1486992,"gate_30",10,TRUE,FALSE
1487021,"gate_30",304,TRUE,TRUE
1487154,"gate_30",2,TRUE,FALSE
1487241,"gate_30",15,TRUE,FALSE
1487525,"gate_30",0,FALSE,FALSE
1487729,"gate_40",300,TRUE,TRUE
1487765,"gate_30",38,TRUE,FALSE
1487852,"gate_30",52,FALSE,FALSE
1487945,"gate_40",236,TRUE,TRUE
1488004,"gate_30",6,FALSE,FALSE
1488028,"gate_30",72,TRUE,FALSE
1488129,"gate_40",10,FALSE,FALSE
1488204,"gate_30",3,FALSE,FALSE
1488372,"gate_30",44,TRUE,TRUE
1488712,"gate_40",6,TRUE,FALSE
1488858,"gate_40",62,TRUE,FALSE
1488979,"gate_30",40,TRUE,FALSE
1489035,"gate_40",66,TRUE,FALSE
1489304,"gate_40",4,FALSE,FALSE
1489329,"gate_30",1,FALSE,FALSE
1489378,"gate_30",71,TRUE,FALSE
1489501,"gate_40",11,FALSE,FALSE
1489597,"gate_30",6,FALSE,FALSE
1489674,"gate_30",95,TRUE,FALSE
1489695,"gate_30",5,FALSE,FALSE
1489735,"gate_30",17,FALSE,TRUE
1489790,"gate_30",9,TRUE,FALSE
1489879,"gate_30",7,FALSE,FALSE
1489921,"gate_40",7,TRUE,FALSE
1489969,"gate_40",11,TRUE,FALSE
1490135,"gate_40",2,FALSE,FALSE
1490866,"gate_40",36,TRUE,TRUE
1490933,"gate_30",85,TRUE,TRUE
1490989,"gate_40",1,FALSE,FALSE
1491073,"gate_30",0,FALSE,FALSE
1491117,"gate_30",2,FALSE,FALSE
1491157,"gate_30",4,FALSE,FALSE
1491158,"gate_30",85,TRUE,TRUE
1491180,"gate_40",105,TRUE,FALSE
1491197,"gate_40",272,TRUE,TRUE
1491236,"gate_40",79,TRUE,FALSE
1491436,"gate_30",4,FALSE,FALSE
1491682,"gate_30",25,TRUE,FALSE
1491769,"gate_40",127,FALSE,TRUE
1491855,"gate_40",19,FALSE,FALSE
1492052,"gate_40",78,TRUE,FALSE
1492118,"gate_40",6,FALSE,FALSE
1492236,"gate_40",4,TRUE,FALSE
1492248,"gate_30",27,TRUE,FALSE
1492431,"gate_30",193,TRUE,FALSE
1492465,"gate_30",15,FALSE,FALSE
1492569,"gate_30",4,FALSE,FALSE
1492581,"gate_30",2,FALSE,FALSE
1492660,"gate_40",6,FALSE,FALSE
1492836,"gate_40",111,FALSE,TRUE
1492908,"gate_30",65,TRUE,FALSE
1493098,"gate_30",87,TRUE,TRUE
1493133,"gate_40",11,TRUE,FALSE
1493237,"gate_40",102,TRUE,FALSE
1493497,"gate_30",14,TRUE,FALSE
1493640,"gate_30",9,FALSE,FALSE
1493727,"gate_30",0,FALSE,FALSE
1493735,"gate_40",8,TRUE,FALSE
1493744,"gate_30",39,TRUE,FALSE
1493791,"gate_30",113,TRUE,TRUE
1493865,"gate_30",12,TRUE,FALSE
1493929,"gate_40",21,TRUE,FALSE
1494268,"gate_40",43,TRUE,FALSE
1494272,"gate_40",244,TRUE,TRUE
1494335,"gate_40",128,TRUE,TRUE
1494558,"gate_40",5,FALSE,FALSE
1494787,"gate_30",16,FALSE,FALSE
1494819,"gate_30",9,TRUE,FALSE
1494843,"gate_40",3,FALSE,FALSE
1494901,"gate_40",13,FALSE,FALSE
1494955,"gate_40",6,FALSE,FALSE
1495088,"gate_30",0,FALSE,FALSE
1495091,"gate_30",27,FALSE,FALSE
1495205,"gate_30",39,FALSE,FALSE
1495264,"gate_40",1,FALSE,FALSE
1495670,"gate_30",309,TRUE,TRUE
1495903,"gate_40",345,TRUE,FALSE
1496114,"gate_40",53,TRUE,FALSE
1496162,"gate_30",4,FALSE,FALSE
1496304,"gate_30",3,FALSE,FALSE
1496673,"gate_40",10,FALSE,FALSE
1496993,"gate_30",23,FALSE,FALSE
1497040,"gate_40",4,FALSE,FALSE
1497098,"gate_40",15,TRUE,FALSE
1497151,"gate_40",0,FALSE,FALSE
1497274,"gate_30",13,FALSE,FALSE
1497654,"gate_30",43,TRUE,FALSE
1498203,"gate_30",9,FALSE,FALSE
1498256,"gate_40",32,TRUE,FALSE
1498420,"gate_30",0,FALSE,FALSE
1498442,"gate_30",34,TRUE,FALSE
1498652,"gate_40",1,FALSE,FALSE
1498743,"gate_30",18,TRUE,FALSE
1498878,"gate_40",200,FALSE,FALSE
1499080,"gate_40",7,FALSE,FALSE
1499120,"gate_30",9,FALSE,FALSE
1499129,"gate_30",15,TRUE,TRUE
1499223,"gate_30",164,TRUE,TRUE
1499240,"gate_40",1,FALSE,FALSE
1499325,"gate_30",18,FALSE,FALSE
1499491,"gate_40",34,TRUE,FALSE
1499618,"gate_40",18,FALSE,FALSE
1499674,"gate_30",5,FALSE,FALSE
1499693,"gate_40",0,FALSE,FALSE
1499864,"gate_40",30,FALSE,FALSE
1500166,"gate_40",25,TRUE,TRUE
1500176,"gate_30",77,TRUE,FALSE
1500246,"gate_40",39,TRUE,TRUE
1500556,"gate_30",9,FALSE,FALSE
1500557,"gate_40",65,TRUE,TRUE
1500581,"gate_40",9,FALSE,FALSE
1500586,"gate_30",40,TRUE,FALSE
1500688,"gate_30",1,FALSE,FALSE
1500962,"gate_40",1,FALSE,FALSE
1501094,"gate_40",5,FALSE,FALSE
1501160,"gate_40",11,FALSE,FALSE
1501200,"gate_40",6,FALSE,FALSE
1501223,"gate_30",95,TRUE,FALSE
1501282,"gate_30",26,FALSE,FALSE
1501512,"gate_30",7,TRUE,FALSE
1501528,"gate_40",0,FALSE,FALSE
1501716,"gate_40",13,TRUE,FALSE
1501841,"gate_30",9,FALSE,FALSE
1501860,"gate_40",9,FALSE,FALSE
1501920,"gate_40",252,TRUE,TRUE
1502031,"gate_30",17,TRUE,FALSE
1502058,"gate_40",63,TRUE,FALSE
1502173,"gate_40",21,FALSE,FALSE
1502231,"gate_30",101,TRUE,FALSE
1502248,"gate_40",1,FALSE,FALSE
1502322,"gate_30",15,FALSE,TRUE
1502536,"gate_30",0,FALSE,FALSE
1502693,"gate_30",34,TRUE,FALSE
1502800,"gate_30",20,TRUE,FALSE
1502939,"gate_40",2,FALSE,FALSE
1503049,"gate_30",19,TRUE,FALSE
1503156,"gate_30",488,TRUE,TRUE
1503193,"gate_30",1,FALSE,FALSE
1503229,"gate_40",3,TRUE,FALSE
1503552,"gate_40",171,TRUE,TRUE
1503627,"gate_30",518,TRUE,TRUE
1503643,"gate_30",17,FALSE,FALSE
1503666,"gate_40",2,FALSE,FALSE
1503824,"gate_30",192,TRUE,TRUE
1503898,"gate_40",103,TRUE,TRUE
1503906,"gate_40",68,TRUE,FALSE
1503949,"gate_30",34,TRUE,FALSE
1504188,"gate_30",8,FALSE,FALSE
1504243,"gate_30",275,TRUE,FALSE
1504295,"gate_30",48,TRUE,FALSE
1504534,"gate_40",1,FALSE,FALSE
1504567,"gate_30",4,FALSE,FALSE
1504583,"gate_30",6,FALSE,FALSE
1504616,"gate_30",20,TRUE,TRUE
1504726,"gate_30",29,FALSE,FALSE
1504735,"gate_30",158,FALSE,TRUE
1504794,"gate_30",5,FALSE,FALSE
1504806,"gate_40",12,FALSE,FALSE
1504827,"gate_40",5,FALSE,FALSE
1504840,"gate_40",6,TRUE,FALSE
1504897,"gate_30",14,FALSE,FALSE
1505073,"gate_30",44,TRUE,FALSE
1505350,"gate_40",3,FALSE,FALSE
1505639,"gate_30",1,FALSE,FALSE
1506090,"gate_30",25,TRUE,FALSE
1506092,"gate_30",17,TRUE,FALSE
1506105,"gate_30",50,FALSE,FALSE
1506109,"gate_40",15,TRUE,FALSE
1506117,"gate_30",20,FALSE,FALSE
1506320,"gate_40",41,FALSE,FALSE
1506341,"gate_40",31,FALSE,FALSE
1506611,"gate_40",8,FALSE,FALSE
1506725,"gate_30",8,FALSE,FALSE
1506983,"gate_30",34,TRUE,TRUE
1507290,"gate_40",157,TRUE,FALSE
1507745,"gate_40",4,FALSE,FALSE
1507846,"gate_40",13,FALSE,FALSE
1507932,"gate_30",657,TRUE,TRUE
1508008,"gate_30",3,FALSE,FALSE
1508545,"gate_40",60,TRUE,FALSE
1508554,"gate_40",11,FALSE,FALSE
1508576,"gate_40",125,TRUE,FALSE
1508901,"gate_30",8,FALSE,FALSE
1509237,"gate_30",173,TRUE,TRUE
1509343,"gate_40",11,FALSE,FALSE
1509649,"gate_40",17,FALSE,FALSE
1509681,"gate_30",187,TRUE,TRUE
1509717,"gate_30",1,FALSE,FALSE
1509855,"gate_30",4,FALSE,FALSE
1510100,"gate_40",110,FALSE,TRUE
1510154,"gate_30",26,TRUE,FALSE
1510190,"gate_30",3,FALSE,FALSE
1510198,"gate_40",1,FALSE,FALSE
1510245,"gate_30",16,FALSE,FALSE
1510296,"gate_40",265,TRUE,TRUE
1510427,"gate_40",2,FALSE,FALSE
1510477,"gate_30",79,FALSE,FALSE
1510511,"gate_30",8,FALSE,FALSE
1510538,"gate_30",9,FALSE,FALSE
1510629,"gate_30",53,FALSE,FALSE
1510941,"gate_40",1,FALSE,FALSE
1511206,"gate_30",40,TRUE,FALSE
1511269,"gate_30",27,TRUE,FALSE
1511321,"gate_30",7,FALSE,FALSE
1511399,"gate_30",3,FALSE,FALSE
1511759,"gate_30",6,FALSE,FALSE
1511779,"gate_40",31,TRUE,FALSE
1511840,"gate_40",4,FALSE,FALSE
1511844,"gate_40",6,FALSE,FALSE
1511879,"gate_40",22,FALSE,FALSE
1511950,"gate_40",35,TRUE,TRUE
1511966,"gate_30",69,TRUE,FALSE
1512089,"gate_40",18,TRUE,FALSE
1512120,"gate_30",107,TRUE,FALSE
1512274,"gate_30",90,TRUE,FALSE
1512346,"gate_40",24,TRUE,FALSE
1512643,"gate_40",43,TRUE,FALSE
1512706,"gate_30",74,TRUE,TRUE
1512729,"gate_40",18,FALSE,FALSE
1512866,"gate_40",9,FALSE,FALSE
1512909,"gate_30",19,TRUE,FALSE
1512997,"gate_30",3,FALSE,FALSE
1513050,"gate_30",15,FALSE,FALSE
1513082,"gate_30",162,TRUE,TRUE
1513102,"gate_40",4,FALSE,FALSE
1513521,"gate_40",17,FALSE,FALSE
1513542,"gate_40",70,TRUE,FALSE
1513645,"gate_40",20,TRUE,TRUE
1513681,"gate_30",3,FALSE,FALSE
1513874,"gate_30",2,FALSE,FALSE
1513879,"gate_30",1,FALSE,FALSE
1514013,"gate_40",14,FALSE,TRUE
1514024,"gate_30",6,FALSE,FALSE
1514414,"gate_40",44,TRUE,FALSE
1514428,"gate_30",3,FALSE,FALSE
1514458,"gate_40",5,FALSE,FALSE
1514543,"gate_30",9,TRUE,FALSE
1514740,"gate_30",182,FALSE,TRUE
1515177,"gate_40",39,FALSE,FALSE
1515405,"gate_40",2,FALSE,FALSE
1515457,"gate_40",126,TRUE,TRUE
1515521,"gate_40",40,TRUE,TRUE
1515676,"gate_30",17,FALSE,FALSE
1515768,"gate_30",54,TRUE,FALSE
1515775,"gate_30",171,TRUE,TRUE
1515866,"gate_40",36,TRUE,FALSE
1515964,"gate_30",23,TRUE,FALSE
1516041,"gate_30",29,FALSE,FALSE
1516129,"gate_30",23,TRUE,FALSE
1516252,"gate_30",0,FALSE,FALSE
1516364,"gate_30",53,TRUE,FALSE
1516477,"gate_30",17,TRUE,FALSE
1516541,"gate_40",162,TRUE,FALSE
1516677,"gate_40",2,FALSE,FALSE
1516715,"gate_40",20,FALSE,FALSE
1516746,"gate_40",4,FALSE,FALSE
1516843,"gate_40",157,TRUE,TRUE
1516978,"gate_40",25,FALSE,FALSE
1516988,"gate_40",8,TRUE,FALSE
1517010,"gate_40",50,TRUE,TRUE
1517414,"gate_40",20,TRUE,FALSE
1517431,"gate_40",91,TRUE,FALSE
1517678,"gate_40",32,TRUE,FALSE
1517710,"gate_30",0,FALSE,FALSE
1517842,"gate_30",6,FALSE,FALSE
1517901,"gate_40",4,FALSE,FALSE
1518066,"gate_40",14,FALSE,FALSE
1518076,"gate_40",44,TRUE,FALSE
1518288,"gate_40",99,TRUE,TRUE
1518403,"gate_40",13,FALSE,FALSE
1518425,"gate_30",9,FALSE,FALSE
1518527,"gate_30",6,TRUE,FALSE
1518573,"gate_40",10,FALSE,FALSE
1518884,"gate_30",8,TRUE,FALSE
1518965,"gate_30",33,TRUE,FALSE
1519092,"gate_40",7,FALSE,FALSE
1519126,"gate_30",22,TRUE,FALSE
1519305,"gate_30",2,FALSE,FALSE
1519717,"gate_30",58,TRUE,TRUE
1519746,"gate_30",12,FALSE,FALSE
1519761,"gate_40",2,FALSE,FALSE
1519769,"gate_40",17,TRUE,TRUE
1520134,"gate_40",78,TRUE,FALSE
1520167,"gate_40",71,TRUE,FALSE
1520485,"gate_40",1,FALSE,FALSE
1520555,"gate_40",38,FALSE,FALSE
1520774,"gate_30",57,FALSE,FALSE
1521027,"gate_30",38,FALSE,FALSE
1521142,"gate_40",86,TRUE,FALSE
1521200,"gate_30",1,FALSE,FALSE
1521242,"gate_40",21,FALSE,FALSE
1521305,"gate_30",8,FALSE,FALSE
1521315,"gate_40",78,TRUE,FALSE
1522201,"gate_40",22,FALSE,FALSE
1522319,"gate_40",10,FALSE,FALSE
1522695,"gate_30",5,FALSE,FALSE
1523098,"gate_40",169,TRUE,TRUE
1523231,"gate_30",36,TRUE,TRUE
1523304,"gate_30",2,FALSE,FALSE
1523364,"gate_30",3,FALSE,FALSE
1523416,"gate_40",13,TRUE,FALSE
1523447,"gate_30",29,TRUE,FALSE
1523537,"gate_30",76,TRUE,FALSE
1523543,"gate_40",23,FALSE,FALSE
1523663,"gate_40",15,TRUE,FALSE
1523768,"gate_30",228,TRUE,FALSE
1523896,"gate_30",14,TRUE,FALSE
1523899,"gate_30",531,TRUE,TRUE
1523902,"gate_40",184,TRUE,TRUE
1523907,"gate_30",18,TRUE,FALSE
1524130,"gate_40",15,FALSE,FALSE
1524136,"gate_30",34,TRUE,FALSE
1524237,"gate_30",17,TRUE,TRUE
1524348,"gate_40",20,TRUE,FALSE
1524404,"gate_40",75,FALSE,TRUE
1524454,"gate_30",6,FALSE,FALSE
1524531,"gate_30",48,TRUE,FALSE
1524538,"gate_40",3,FALSE,FALSE
1524663,"gate_30",24,TRUE,FALSE
1524800,"gate_30",61,TRUE,FALSE
1524858,"gate_30",176,TRUE,FALSE
1524878,"gate_40",72,TRUE,FALSE
1524944,"gate_30",10,FALSE,FALSE
1525041,"gate_40",19,FALSE,FALSE
1525081,"gate_30",18,TRUE,FALSE
1525098,"gate_40",18,TRUE,FALSE
1525135,"gate_40",2,FALSE,FALSE
1525225,"gate_30",170,TRUE,FALSE
1525278,"gate_40",0,FALSE,FALSE
1525343,"gate_30",1,FALSE,FALSE
1525381,"gate_40",5,TRUE,FALSE
1525386,"gate_30",54,TRUE,FALSE
1525391,"gate_40",4,FALSE,FALSE
1525527,"gate_40",32,TRUE,FALSE
1525698,"gate_40",9,FALSE,FALSE
1525964,"gate_30",4,FALSE,FALSE
1525981,"gate_40",0,FALSE,FALSE
1526230,"gate_40",1,FALSE,FALSE
1526518,"gate_40",52,TRUE,FALSE
1526567,"gate_30",1,FALSE,TRUE
1526647,"gate_30",23,TRUE,TRUE
1526827,"gate_30",2,FALSE,FALSE
1526893,"gate_30",80,TRUE,FALSE
1527080,"gate_30",12,FALSE,FALSE
1527264,"gate_30",136,TRUE,FALSE
1527306,"gate_30",26,TRUE,FALSE
1527405,"gate_40",19,FALSE,FALSE
1527449,"gate_30",23,TRUE,FALSE
1527536,"gate_40",133,TRUE,TRUE
1527605,"gate_30",8,FALSE,TRUE
1527713,"gate_30",6,FALSE,FALSE
1527888,"gate_30",306,TRUE,TRUE
1527940,"gate_30",3,FALSE,FALSE
1528181,"gate_30",32,FALSE,TRUE
1528244,"gate_40",17,TRUE,FALSE
1528391,"gate_30",1,FALSE,FALSE
1528451,"gate_30",28,TRUE,FALSE
1528592,"gate_40",6,FALSE,FALSE
1528764,"gate_40",38,TRUE,FALSE
1528801,"gate_30",12,FALSE,FALSE
1529089,"gate_40",39,FALSE,TRUE
1529100,"gate_30",148,TRUE,FALSE
1529107,"gate_40",108,TRUE,TRUE
1529126,"gate_40",1,FALSE,FALSE
1529152,"gate_40",2,FALSE,FALSE
1529248,"gate_40",1,FALSE,FALSE
1529454,"gate_30",29,FALSE,FALSE
1529854,"gate_40",39,TRUE,FALSE
1529927,"gate_30",13,FALSE,FALSE
1529965,"gate_30",4,FALSE,FALSE
1530236,"gate_30",0,FALSE,FALSE
1530457,"gate_40",20,TRUE,FALSE
1530486,"gate_30",50,TRUE,FALSE
1530827,"gate_30",2,FALSE,FALSE
1530932,"gate_30",67,TRUE,FALSE
1530970,"gate_30",211,TRUE,TRUE
1531112,"gate_30",5,FALSE,FALSE
1531152,"gate_40",16,FALSE,FALSE
1531194,"gate_30",11,FALSE,FALSE
1531428,"gate_30",33,TRUE,FALSE
1531431,"gate_30",86,TRUE,TRUE
1531587,"gate_30",57,TRUE,FALSE
1531689,"gate_40",6,FALSE,FALSE
1531735,"gate_30",42,TRUE,FALSE
1531831,"gate_30",99,TRUE,TRUE
1531842,"gate_30",6,FALSE,FALSE
1531888,"gate_40",5,FALSE,FALSE
1531938,"gate_40",8,FALSE,FALSE
1532583,"gate_30",2,FALSE,FALSE
1532663,"gate_30",2,FALSE,FALSE
1532974,"gate_30",7,FALSE,FALSE
1532991,"gate_30",11,FALSE,FALSE
1533000,"gate_30",186,TRUE,FALSE
1533002,"gate_40",6,FALSE,FALSE
1533217,"gate_30",55,TRUE,TRUE
1533325,"gate_40",12,TRUE,FALSE
1533337,"gate_40",101,TRUE,TRUE
1533923,"gate_40",286,TRUE,TRUE
1533942,"gate_30",8,FALSE,FALSE
1533972,"gate_40",2,FALSE,FALSE
1534040,"gate_40",32,FALSE,FALSE
1534076,"gate_40",2,FALSE,FALSE
1534186,"gate_40",201,TRUE,FALSE
1534202,"gate_30",0,FALSE,FALSE
1534212,"gate_40",4,FALSE,FALSE
1534226,"gate_30",82,TRUE,FALSE
1534337,"gate_30",104,TRUE,TRUE
1534340,"gate_40",9,FALSE,FALSE
1534367,"gate_30",27,TRUE,TRUE
1534396,"gate_30",5,FALSE,FALSE
1534579,"gate_30",75,TRUE,TRUE
1534668,"gate_30",8,FALSE,FALSE
1534783,"gate_40",2,TRUE,FALSE
1534999,"gate_30",218,TRUE,TRUE
1535056,"gate_40",1,FALSE,FALSE
1535221,"gate_30",32,TRUE,TRUE
1535279,"gate_40",68,TRUE,FALSE
1535400,"gate_40",21,FALSE,FALSE
1535426,"gate_30",153,TRUE,TRUE
1535502,"gate_30",37,TRUE,TRUE
1535804,"gate_40",20,FALSE,FALSE
1535848,"gate_40",1,FALSE,FALSE
1536042,"gate_40",254,TRUE,TRUE
1536088,"gate_30",14,FALSE,FALSE
1536178,"gate_40",439,TRUE,TRUE
1536185,"gate_30",0,FALSE,FALSE
1536195,"gate_30",4,FALSE,FALSE
1536279,"gate_40",5,FALSE,FALSE
1536384,"gate_40",498,TRUE,TRUE
1536417,"gate_40",1,FALSE,FALSE
1536463,"gate_30",1,FALSE,FALSE
1536582,"gate_40",7,FALSE,FALSE
1536830,"gate_40",11,TRUE,FALSE
1536872,"gate_40",10,TRUE,FALSE
1537138,"gate_40",1,FALSE,FALSE
1537219,"gate_40",6,FALSE,FALSE
1537321,"gate_40",27,FALSE,FALSE
1537448,"gate_30",182,TRUE,TRUE
1537475,"gate_40",50,TRUE,FALSE
1537578,"gate_30",33,FALSE,FALSE
1537916,"gate_40",104,FALSE,TRUE
1538042,"gate_40",38,FALSE,FALSE
1538063,"gate_30",2,FALSE,FALSE
1538120,"gate_40",0,FALSE,FALSE
1538258,"gate_40",31,FALSE,FALSE
1538404,"gate_40",4,TRUE,TRUE
1538487,"gate_40",39,TRUE,FALSE
1538535,"gate_40",0,FALSE,FALSE
1538559,"gate_30",161,TRUE,TRUE
1538650,"gate_30",23,FALSE,FALSE
1538711,"gate_40",166,FALSE,TRUE
1538787,"gate_30",640,TRUE,TRUE
1538968,"gate_40",1,FALSE,FALSE
1539109,"gate_30",6,FALSE,FALSE
1539163,"gate_40",31,TRUE,FALSE
1539224,"gate_30",2,FALSE,FALSE
1539397,"gate_30",39,FALSE,FALSE
1539620,"gate_30",7,FALSE,FALSE
1539706,"gate_40",135,TRUE,FALSE
1539813,"gate_40",95,FALSE,FALSE
1539886,"gate_30",2,FALSE,FALSE
1539896,"gate_30",11,FALSE,FALSE
1539963,"gate_30",22,TRUE,FALSE
1540193,"gate_30",46,TRUE,FALSE
1540206,"gate_40",19,TRUE,FALSE
1540217,"gate_30",20,TRUE,FALSE
1540328,"gate_40",17,TRUE,FALSE
1540332,"gate_40",1,FALSE,FALSE
1540552,"gate_40",6,FALSE,FALSE
1540582,"gate_40",13,FALSE,FALSE
1540639,"gate_40",5,FALSE,FALSE
1540677,"gate_30",13,TRUE,FALSE
1540808,"gate_30",3,FALSE,FALSE
1540921,"gate_30",6,FALSE,FALSE
1540962,"gate_40",2,FALSE,FALSE
1541241,"gate_40",18,FALSE,FALSE
1541379,"gate_30",7,FALSE,FALSE
1541430,"gate_30",21,FALSE,FALSE
1541472,"gate_40",67,FALSE,TRUE
1541564,"gate_40",6,FALSE,FALSE
1541807,"gate_30",3,FALSE,FALSE
1541974,"gate_40",26,TRUE,FALSE
1541986,"gate_40",25,TRUE,FALSE
1542021,"gate_40",47,TRUE,FALSE
1542046,"gate_40",43,FALSE,FALSE
1542084,"gate_30",10,TRUE,FALSE
1542239,"gate_30",0,FALSE,FALSE
1542320,"gate_40",22,FALSE,FALSE
1542444,"gate_40",68,TRUE,TRUE
1542502,"gate_40",42,FALSE,FALSE
1542571,"gate_40",7,FALSE,FALSE
1542752,"gate_30",2,FALSE,FALSE
1542757,"gate_30",5,FALSE,FALSE
1542968,"gate_30",0,FALSE,FALSE
1543094,"gate_40",3,FALSE,FALSE
1543151,"gate_40",301,TRUE,TRUE
1543218,"gate_30",13,FALSE,FALSE
1543223,"gate_30",28,TRUE,FALSE
1543258,"gate_40",4,FALSE,FALSE
1543293,"gate_40",4,FALSE,FALSE
1543490,"gate_30",85,TRUE,FALSE
1543501,"gate_30",12,TRUE,FALSE
1543601,"gate_40",13,FALSE,FALSE
1543734,"gate_30",64,FALSE,TRUE
1543930,"gate_30",2,FALSE,FALSE
1543939,"gate_30",7,FALSE,FALSE
1543953,"gate_40",100,TRUE,FALSE
1544007,"gate_40",1,FALSE,FALSE
1544113,"gate_40",7,FALSE,FALSE
1544498,"gate_40",33,TRUE,FALSE
1544515,"gate_30",164,TRUE,TRUE
1544558,"gate_30",38,TRUE,TRUE
1544679,"gate_30",7,TRUE,FALSE
1544699,"gate_30",116,TRUE,FALSE
1544719,"gate_30",7,TRUE,FALSE
1544784,"gate_40",17,FALSE,FALSE
1544828,"gate_40",9,FALSE,FALSE
1545120,"gate_40",5,TRUE,FALSE
1545182,"gate_30",18,FALSE,FALSE
1545322,"gate_30",15,TRUE,FALSE
1545384,"gate_30",19,TRUE,FALSE
1545558,"gate_30",0,FALSE,FALSE
1545691,"gate_30",56,TRUE,FALSE
1545746,"gate_30",16,TRUE,FALSE
1545988,"gate_30",18,FALSE,TRUE
1546105,"gate_30",17,FALSE,FALSE
1546188,"gate_30",6,FALSE,FALSE
1546520,"gate_40",323,FALSE,FALSE
1546704,"gate_30",188,TRUE,TRUE
1546929,"gate_40",126,TRUE,TRUE
1546930,"gate_40",86,TRUE,FALSE
1547151,"gate_30",53,TRUE,FALSE
1547284,"gate_40",267,TRUE,TRUE
1547462,"gate_30",105,TRUE,TRUE
1547545,"gate_30",7,FALSE,FALSE
1547684,"gate_30",22,TRUE,FALSE
1547806,"gate_40",62,TRUE,FALSE
1547900,"gate_40",2,FALSE,FALSE
1548379,"gate_40",142,TRUE,FALSE
1548440,"gate_30",2,FALSE,FALSE
1548640,"gate_30",2,FALSE,FALSE
1548766,"gate_40",68,FALSE,FALSE
1548833,"gate_40",6,FALSE,FALSE
1548914,"gate_30",12,TRUE,FALSE
1548975,"gate_40",48,TRUE,FALSE
1548990,"gate_30",688,TRUE,TRUE
1549116,"gate_30",20,FALSE,FALSE
1549147,"gate_30",73,TRUE,TRUE
1549212,"gate_30",78,TRUE,FALSE
1549408,"gate_40",53,TRUE,FALSE
1549442,"gate_30",29,TRUE,FALSE
1549494,"gate_30",8,FALSE,FALSE
1549514,"gate_40",80,TRUE,FALSE
1549526,"gate_30",7,FALSE,FALSE
1549649,"gate_40",41,TRUE,FALSE
1549810,"gate_40",29,TRUE,FALSE
1549916,"gate_30",5,FALSE,FALSE
1550007,"gate_30",78,TRUE,FALSE
1550107,"gate_30",0,FALSE,FALSE
1550378,"gate_40",39,TRUE,TRUE
1550694,"gate_30",8,FALSE,FALSE
1550709,"gate_30",13,TRUE,FALSE
1550712,"gate_40",550,TRUE,TRUE
1550759,"gate_40",66,TRUE,TRUE
1550804,"gate_40",2,FALSE,FALSE
1551101,"gate_40",179,TRUE,TRUE
1551269,"gate_30",7,TRUE,FALSE
1551324,"gate_30",1,FALSE,FALSE
1551515,"gate_30",5,FALSE,FALSE
1551840,"gate_40",55,TRUE,FALSE
1551904,"gate_40",0,FALSE,FALSE
1552200,"gate_30",741,TRUE,TRUE
1552326,"gate_40",11,FALSE,FALSE
1552443,"gate_40",0,FALSE,FALSE
1552464,"gate_30",36,FALSE,FALSE
1552637,"gate_30",721,TRUE,TRUE
1552697,"gate_40",10,TRUE,FALSE
1553158,"gate_40",86,TRUE,FALSE
1553170,"gate_40",51,FALSE,FALSE
1553279,"gate_30",5,FALSE,FALSE
1553330,"gate_40",348,TRUE,TRUE
1553425,"gate_30",34,TRUE,FALSE
1553710,"gate_30",238,TRUE,TRUE
1553725,"gate_40",32,TRUE,FALSE
1553745,"gate_30",3,FALSE,FALSE
1553814,"gate_30",2,FALSE,FALSE
1553950,"gate_40",176,TRUE,FALSE
1554020,"gate_40",2,FALSE,FALSE
1554116,"gate_30",53,FALSE,TRUE
1554145,"gate_40",39,TRUE,FALSE
1554221,"gate_30",25,TRUE,FALSE
1554261,"gate_30",12,FALSE,FALSE
1554532,"gate_30",1,FALSE,FALSE
1554671,"gate_30",87,TRUE,FALSE
1554783,"gate_30",31,TRUE,FALSE
1554792,"gate_30",6,FALSE,FALSE
1554858,"gate_30",22,TRUE,FALSE
1554916,"gate_40",44,TRUE,FALSE
1554933,"gate_40",86,TRUE,TRUE
1554994,"gate_40",25,FALSE,FALSE
1555093,"gate_40",112,FALSE,FALSE
1555214,"gate_30",20,FALSE,FALSE
1555319,"gate_40",64,TRUE,FALSE
1555582,"gate_40",69,TRUE,TRUE
1555695,"gate_30",2,FALSE,FALSE
1555942,"gate_30",1,FALSE,FALSE
1555959,"gate_30",3,FALSE,FALSE
1556071,"gate_30",2,FALSE,FALSE
1556215,"gate_40",7,FALSE,FALSE
1556683,"gate_30",19,TRUE,FALSE
1556815,"gate_40",400,TRUE,TRUE
1556822,"gate_40",8,TRUE,FALSE
1556843,"gate_40",2,FALSE,FALSE
1556850,"gate_30",0,TRUE,FALSE
1556853,"gate_40",0,FALSE,FALSE
1556861,"gate_30",7,FALSE,FALSE
1557018,"gate_30",553,TRUE,TRUE
1557093,"gate_40",3,TRUE,FALSE
1557118,"gate_40",1,FALSE,FALSE
1557302,"gate_40",3,FALSE,FALSE
1557436,"gate_30",6,FALSE,FALSE
1557684,"gate_30",44,TRUE,FALSE
1557979,"gate_30",1,FALSE,FALSE
1557997,"gate_40",112,TRUE,FALSE
1558054,"gate_40",0,FALSE,FALSE
1558068,"gate_40",7,FALSE,FALSE
1558103,"gate_30",1,FALSE,FALSE
1558182,"gate_30",22,TRUE,FALSE
1558187,"gate_30",110,TRUE,TRUE
1558290,"gate_30",3,FALSE,FALSE
1558386,"gate_30",17,TRUE,FALSE
1558401,"gate_40",2,FALSE,FALSE
1558486,"gate_30",3,TRUE,FALSE
1558754,"gate_40",5,FALSE,FALSE
1558755,"gate_40",119,TRUE,TRUE
1558762,"gate_30",9,FALSE,FALSE
1558996,"gate_40",40,TRUE,FALSE
1559238,"gate_40",2,FALSE,FALSE
1559309,"gate_30",15,TRUE,FALSE
1559330,"gate_40",18,TRUE,FALSE
1559556,"gate_30",3,FALSE,FALSE
1559632,"gate_30",177,TRUE,TRUE
1559641,"gate_30",2,FALSE,FALSE
1559690,"gate_40",13,TRUE,FALSE
1559692,"gate_30",19,TRUE,FALSE
1559728,"gate_30",0,FALSE,FALSE
1559930,"gate_40",11,TRUE,FALSE
1560128,"gate_30",1,FALSE,FALSE
1560177,"gate_40",14,FALSE,FALSE
1560223,"gate_30",5,FALSE,FALSE
1560236,"gate_30",59,FALSE,FALSE
1560252,"gate_30",41,TRUE,FALSE
1560475,"gate_40",9,FALSE,FALSE
1560505,"gate_30",1,FALSE,FALSE
1560581,"gate_30",0,FALSE,FALSE
1560728,"gate_40",5,FALSE,FALSE
1560786,"gate_30",9,TRUE,FALSE
1560881,"gate_40",45,TRUE,FALSE
1560983,"gate_30",14,FALSE,FALSE
1560984,"gate_40",0,FALSE,FALSE
1561100,"gate_40",9,FALSE,FALSE
1561124,"gate_40",0,FALSE,FALSE
1561196,"gate_40",243,TRUE,TRUE
1561520,"gate_30",10,FALSE,FALSE
1561682,"gate_40",0,FALSE,FALSE
1562008,"gate_30",2,FALSE,FALSE
1562138,"gate_40",284,TRUE,TRUE
1562186,"gate_40",44,TRUE,FALSE
1562393,"gate_30",7,TRUE,FALSE
1562612,"gate_30",27,FALSE,TRUE
1562628,"gate_40",47,FALSE,TRUE
1562661,"gate_40",4,TRUE,FALSE
1563007,"gate_40",97,FALSE,TRUE
1563099,"gate_40",5,FALSE,FALSE
1563310,"gate_40",111,TRUE,FALSE
1563450,"gate_30",4,FALSE,FALSE
1563456,"gate_40",127,TRUE,FALSE
1563533,"gate_40",81,TRUE,TRUE
1563976,"gate_30",204,TRUE,TRUE
1563996,"gate_30",42,FALSE,FALSE
1564345,"gate_40",5,FALSE,FALSE
1564377,"gate_30",281,FALSE,FALSE
1564483,"gate_30",24,FALSE,TRUE
1564495,"gate_30",16,TRUE,FALSE
1564527,"gate_40",164,TRUE,TRUE
1564924,"gate_40",8,TRUE,FALSE
1564987,"gate_40",2,FALSE,FALSE
1565017,"gate_30",5,TRUE,FALSE
1565274,"gate_40",52,FALSE,FALSE
1565348,"gate_30",54,TRUE,FALSE
1565399,"gate_30",5,FALSE,FALSE
1565457,"gate_30",77,TRUE,FALSE
1565460,"gate_30",2,FALSE,FALSE
1565608,"gate_40",50,TRUE,TRUE
1565824,"gate_30",17,TRUE,FALSE
1565836,"gate_40",62,FALSE,FALSE
1566097,"gate_30",2,FALSE,FALSE
1566118,"gate_40",2,FALSE,FALSE
1566152,"gate_30",1,FALSE,FALSE
1566156,"gate_30",56,TRUE,FALSE
1566193,"gate_30",0,FALSE,FALSE
1566505,"gate_30",604,TRUE,TRUE
1566531,"gate_40",26,TRUE,FALSE
1566720,"gate_30",0,FALSE,FALSE
1566731,"gate_40",79,TRUE,FALSE
1566792,"gate_40",101,TRUE,TRUE
1566889,"gate_30",25,FALSE,FALSE
1566938,"gate_30",23,FALSE,FALSE
1567003,"gate_30",40,TRUE,FALSE
1567104,"gate_30",5,TRUE,FALSE
1567235,"gate_40",78,TRUE,FALSE
1567341,"gate_30",53,TRUE,TRUE
1567657,"gate_30",2,FALSE,FALSE
1567743,"gate_40",31,TRUE,FALSE
1567766,"gate_30",66,TRUE,FALSE
1568050,"gate_40",18,FALSE,FALSE
1568443,"gate_40",4,FALSE,TRUE
1568618,"gate_30",27,TRUE,FALSE
1568645,"gate_30",10,TRUE,TRUE
1569095,"gate_40",25,FALSE,FALSE
1569131,"gate_40",204,FALSE,TRUE
1569493,"gate_30",2,FALSE,FALSE
1569586,"gate_40",250,TRUE,FALSE
1569590,"gate_40",45,FALSE,FALSE
1569884,"gate_30",6,FALSE,FALSE
1569961,"gate_40",92,TRUE,FALSE
1570122,"gate_30",56,TRUE,TRUE
1570389,"gate_30",3,FALSE,FALSE
1570443,"gate_40",11,TRUE,FALSE
1570792,"gate_40",284,TRUE,TRUE
1570795,"gate_40",10,FALSE,FALSE
1570893,"gate_30",31,TRUE,FALSE
1571084,"gate_40",89,TRUE,TRUE
1571252,"gate_40",93,TRUE,TRUE
1571269,"gate_40",528,TRUE,FALSE
1571278,"gate_30",95,FALSE,TRUE
1571376,"gate_40",130,FALSE,TRUE
1571506,"gate_30",4,FALSE,FALSE
1571591,"gate_40",69,TRUE,FALSE
1571803,"gate_40",9,TRUE,FALSE
1571810,"gate_40",31,TRUE,FALSE
1571839,"gate_40",3,FALSE,FALSE
1571846,"gate_30",4,FALSE,FALSE
1571878,"gate_30",8,FALSE,FALSE
1572102,"gate_40",3,FALSE,FALSE
1572170,"gate_30",1,FALSE,FALSE
1572325,"gate_30",34,TRUE,FALSE
1572383,"gate_40",2,FALSE,FALSE
1572411,"gate_30",13,FALSE,FALSE
1572469,"gate_40",6,FALSE,FALSE
1572592,"gate_30",19,TRUE,FALSE
1572743,"gate_40",29,TRUE,FALSE
1573018,"gate_30",6,FALSE,FALSE
1573063,"gate_30",2,FALSE,FALSE
1573064,"gate_30",31,TRUE,FALSE
1573240,"gate_30",1,FALSE,FALSE
1573300,"gate_30",17,FALSE,FALSE
1573305,"gate_40",56,TRUE,FALSE
1573353,"gate_40",1,FALSE,FALSE
1573361,"gate_30",11,TRUE,FALSE
1573510,"gate_40",337,TRUE,TRUE
1573599,"gate_30",436,TRUE,TRUE
1573613,"gate_30",319,TRUE,FALSE
1573809,"gate_40",55,TRUE,TRUE
1573823,"gate_30",110,TRUE,FALSE
1573979,"gate_40",93,TRUE,FALSE
1574070,"gate_40",31,TRUE,FALSE
1574187,"gate_30",33,TRUE,FALSE
1574541,"gate_40",26,FALSE,TRUE
1574670,"gate_40",4,TRUE,FALSE
1574684,"gate_40",2,FALSE,FALSE
1574707,"gate_30",6,FALSE,FALSE
1574767,"gate_30",36,TRUE,FALSE
1574808,"gate_30",110,TRUE,TRUE
1574831,"gate_30",172,TRUE,TRUE
1575055,"gate_40",72,FALSE,TRUE
1575111,"gate_40",2,FALSE,FALSE
1575276,"gate_40",19,TRUE,FALSE
1575528,"gate_30",38,TRUE,FALSE
1575529,"gate_40",86,TRUE,TRUE
1575954,"gate_30",3,FALSE,FALSE
1576244,"gate_30",9,FALSE,FALSE
1576751,"gate_40",10,FALSE,FALSE
1576952,"gate_30",213,FALSE,FALSE
1577236,"gate_30",1,FALSE,FALSE
1577340,"gate_40",17,TRUE,FALSE
1577363,"gate_30",23,TRUE,FALSE
1577376,"gate_30",72,TRUE,TRUE
1577388,"gate_40",8,FALSE,FALSE
1577492,"gate_40",8,FALSE,FALSE
1577572,"gate_40",32,FALSE,FALSE
1577580,"gate_30",12,FALSE,FALSE
1577896,"gate_40",121,TRUE,TRUE
1577902,"gate_40",105,TRUE,FALSE
1577903,"gate_30",17,FALSE,FALSE
1577908,"gate_40",23,FALSE,FALSE
1578429,"gate_40",1,FALSE,FALSE
1578456,"gate_40",30,TRUE,TRUE
1578480,"gate_30",7,FALSE,FALSE
1578489,"gate_40",30,TRUE,FALSE
1578511,"gate_40",21,TRUE,FALSE
1578616,"gate_40",5,FALSE,FALSE
1578938,"gate_30",84,FALSE,TRUE
1578970,"gate_40",25,TRUE,FALSE
1579181,"gate_30",5,FALSE,FALSE
1579293,"gate_40",1,FALSE,FALSE
1579320,"gate_30",5,FALSE,FALSE
1579334,"gate_40",4,FALSE,FALSE
1579349,"gate_30",242,TRUE,FALSE
1579425,"gate_30",15,TRUE,FALSE
1579619,"gate_40",24,TRUE,FALSE
1579627,"gate_30",25,FALSE,TRUE
1579850,"gate_40",1,FALSE,FALSE
1579945,"gate_30",10,FALSE,FALSE
1579997,"gate_40",15,FALSE,FALSE
1580030,"gate_40",127,TRUE,FALSE
1580168,"gate_30",0,FALSE,FALSE
1580257,"gate_30",22,TRUE,FALSE
1580273,"gate_40",2,FALSE,FALSE
1580426,"gate_30",40,TRUE,FALSE
1580433,"gate_40",15,FALSE,FALSE
1580458,"gate_40",6,TRUE,FALSE
1580837,"gate_30",40,TRUE,FALSE
1580955,"gate_40",5,FALSE,FALSE
1581022,"gate_30",99,TRUE,FALSE
1581225,"gate_30",47,TRUE,FALSE
1581256,"gate_40",1,FALSE,FALSE
1581388,"gate_40",3,FALSE,FALSE
1581431,"gate_40",12,FALSE,FALSE
1581467,"gate_30",42,TRUE,FALSE
1581503,"gate_30",8,FALSE,FALSE
1581688,"gate_30",9,FALSE,FALSE
1581731,"gate_30",2,FALSE,FALSE
1581760,"gate_30",151,TRUE,FALSE
1581829,"gate_30",316,TRUE,FALSE
1581907,"gate_30",18,FALSE,TRUE
1582082,"gate_30",102,TRUE,TRUE
1582472,"gate_40",173,TRUE,TRUE
1582486,"gate_40",65,FALSE,FALSE
1582634,"gate_40",1,FALSE,FALSE
1582812,"gate_30",480,TRUE,TRUE
1582835,"gate_40",179,TRUE,TRUE
1582915,"gate_30",9,FALSE,FALSE
1582933,"gate_30",185,TRUE,FALSE
1583006,"gate_40",6,TRUE,FALSE
1583054,"gate_30",1,FALSE,FALSE
1583419,"gate_30",6,FALSE,FALSE
1583514,"gate_30",22,FALSE,FALSE
1583622,"gate_30",4,FALSE,FALSE
1583703,"gate_40",12,TRUE,FALSE
1583706,"gate_30",14,FALSE,FALSE
1583963,"gate_40",6,FALSE,FALSE
1583966,"gate_40",49,TRUE,FALSE
1584150,"gate_40",5,FALSE,FALSE
1584313,"gate_30",1,FALSE,FALSE
1584419,"gate_30",0,FALSE,FALSE
1584528,"gate_40",19,TRUE,FALSE
1584942,"gate_40",21,FALSE,TRUE
1584945,"gate_30",449,TRUE,TRUE
1585076,"gate_30",96,TRUE,FALSE
1585099,"gate_40",7,FALSE,FALSE
1585186,"gate_40",0,FALSE,FALSE
1585206,"gate_40",11,TRUE,FALSE
1585207,"gate_30",7,FALSE,FALSE
1585299,"gate_30",146,TRUE,FALSE
1585331,"gate_30",12,FALSE,FALSE
1585387,"gate_40",7,FALSE,FALSE
1585434,"gate_40",29,TRUE,FALSE
1585505,"gate_40",7,FALSE,FALSE
1585678,"gate_40",0,FALSE,FALSE
1585741,"gate_40",12,FALSE,FALSE
1585746,"gate_30",1,FALSE,FALSE
1585819,"gate_30",9,FALSE,FALSE
1585844,"gate_40",5,FALSE,FALSE
1585973,"gate_30",25,FALSE,FALSE
1586024,"gate_30",34,TRUE,FALSE
1586034,"gate_30",4,TRUE,FALSE
1586157,"gate_30",56,FALSE,FALSE
1586274,"gate_30",29,FALSE,TRUE
1586502,"gate_40",11,TRUE,TRUE
1586596,"gate_40",4,TRUE,FALSE
1586606,"gate_30",10,FALSE,FALSE
1586632,"gate_40",236,TRUE,TRUE
1586777,"gate_40",22,TRUE,TRUE
1586953,"gate_30",4,FALSE,TRUE
1587019,"gate_30",29,TRUE,FALSE
1587186,"gate_40",6,FALSE,FALSE
1587411,"gate_40",9,TRUE,FALSE
1587430,"gate_40",6,FALSE,FALSE
1587471,"gate_30",139,TRUE,TRUE
1587609,"gate_30",15,FALSE,FALSE
1587789,"gate_30",0,FALSE,FALSE
1587891,"gate_40",4,FALSE,FALSE
1587921,"gate_30",15,FALSE,FALSE
1588060,"gate_40",3,FALSE,FALSE
1588123,"gate_40",3,FALSE,FALSE
1588129,"gate_40",69,TRUE,TRUE
1588177,"gate_40",28,TRUE,FALSE
1588207,"gate_30",89,TRUE,FALSE
1588433,"gate_30",11,FALSE,FALSE
1588723,"gate_30",21,FALSE,FALSE
1588811,"gate_40",78,TRUE,FALSE
1588840,"gate_30",3,FALSE,FALSE
1588964,"gate_30",87,TRUE,TRUE
1589006,"gate_30",4,FALSE,FALSE
1589052,"gate_30",28,FALSE,FALSE
1589126,"gate_30",2,FALSE,FALSE
1589589,"gate_30",12,TRUE,FALSE
1589831,"gate_30",5,FALSE,FALSE
1589837,"gate_40",49,FALSE,FALSE
1589953,"gate_30",205,TRUE,TRUE
1590118,"gate_30",77,TRUE,TRUE
1590176,"gate_30",49,TRUE,FALSE
1590404,"gate_30",9,FALSE,FALSE
1590622,"gate_30",1,FALSE,FALSE
1590635,"gate_40",8,FALSE,FALSE
1590699,"gate_30",188,TRUE,TRUE
1590859,"gate_40",91,TRUE,TRUE
1590873,"gate_40",82,TRUE,FALSE
1591317,"gate_30",198,TRUE,TRUE
1591588,"gate_40",229,FALSE,TRUE
1591802,"gate_40",74,TRUE,TRUE
1591868,"gate_40",7,FALSE,FALSE
1592076,"gate_30",245,TRUE,TRUE
1592194,"gate_40",1,FALSE,FALSE
1592304,"gate_30",150,TRUE,FALSE
1592315,"gate_30",95,TRUE,FALSE
1592388,"gate_30",5,TRUE,FALSE
1592474,"gate_40",71,TRUE,FALSE
1592516,"gate_40",3,FALSE,FALSE
1592751,"gate_40",2,FALSE,FALSE
1592915,"gate_30",53,FALSE,FALSE
1592966,"gate_40",11,TRUE,FALSE
1593138,"gate_30",21,FALSE,FALSE
1593200,"gate_30",95,TRUE,FALSE
1593332,"gate_40",0,FALSE,FALSE
1593488,"gate_30",28,TRUE,FALSE
1593514,"gate_40",128,TRUE,FALSE
1594002,"gate_30",16,FALSE,FALSE
1594094,"gate_30",42,TRUE,FALSE
1594197,"gate_40",7,FALSE,FALSE
1594403,"gate_40",22,TRUE,FALSE
1594410,"gate_30",1,FALSE,FALSE
1594552,"gate_30",10,FALSE,FALSE
1594635,"gate_40",2,FALSE,FALSE
1594640,"gate_40",313,TRUE,TRUE
1594710,"gate_40",5,TRUE,FALSE
1594785,"gate_40",13,TRUE,FALSE
1594906,"gate_30",58,TRUE,TRUE
1595027,"gate_30",1,FALSE,FALSE
1595039,"gate_30",36,TRUE,FALSE
1595298,"gate_30",52,TRUE,FALSE
1595302,"gate_40",80,TRUE,TRUE
1595360,"gate_30",73,FALSE,FALSE
1595594,"gate_30",9,FALSE,FALSE
1596068,"gate_30",1,FALSE,FALSE
1596261,"gate_30",17,FALSE,FALSE
1596351,"gate_40",16,TRUE,FALSE
1596551,"gate_30",113,TRUE,FALSE
1596628,"gate_40",3,TRUE,FALSE
1596764,"gate_40",45,TRUE,FALSE
1596871,"gate_30",100,TRUE,TRUE
1596872,"gate_30",33,FALSE,FALSE
1596902,"gate_30",111,TRUE,FALSE
1596952,"gate_30",18,TRUE,FALSE
1596995,"gate_30",13,FALSE,FALSE
1597204,"gate_30",141,TRUE,TRUE
1597291,"gate_30",9,FALSE,FALSE
1597383,"gate_30",50,TRUE,FALSE
1597501,"gate_40",0,FALSE,FALSE
1597564,"gate_40",5,TRUE,FALSE
1597930,"gate_30",8,FALSE,FALSE
1598046,"gate_30",3,FALSE,FALSE
1598091,"gate_30",200,TRUE,TRUE
1598122,"gate_30",215,TRUE,TRUE
1598456,"gate_30",36,TRUE,FALSE
1598486,"gate_40",6,FALSE,FALSE
1598525,"gate_40",26,FALSE,FALSE
1598548,"gate_40",10,FALSE,FALSE
1598639,"gate_40",18,FALSE,FALSE
1598676,"gate_30",53,TRUE,TRUE
1598728,"gate_40",18,TRUE,FALSE
1599045,"gate_40",49,TRUE,FALSE
1599193,"gate_40",25,TRUE,TRUE
1599264,"gate_30",48,TRUE,FALSE
1599346,"gate_40",52,FALSE,TRUE
1599498,"gate_30",19,TRUE,FALSE
1599501,"gate_30",30,FALSE,FALSE
1599612,"gate_30",2,FALSE,FALSE
1599701,"gate_30",33,TRUE,FALSE
1600007,"gate_30",338,FALSE,FALSE
1600263,"gate_30",12,TRUE,TRUE
1600539,"gate_40",2,FALSE,FALSE
1600572,"gate_30",68,TRUE,TRUE
1600841,"gate_40",18,FALSE,FALSE
1600861,"gate_40",38,TRUE,FALSE
1600982,"gate_30",19,FALSE,FALSE
1601080,"gate_40",8,FALSE,FALSE
1601213,"gate_40",33,FALSE,FALSE
1601219,"gate_30",23,FALSE,FALSE
1601540,"gate_40",21,FALSE,FALSE
1601553,"gate_40",5,FALSE,FALSE
1601780,"gate_30",75,TRUE,FALSE
1601911,"gate_30",8,FALSE,FALSE
1602027,"gate_40",4,FALSE,FALSE
1602266,"gate_40",8,FALSE,FALSE
1602405,"gate_40",7,FALSE,FALSE
1602408,"gate_30",24,TRUE,FALSE
1602430,"gate_30",11,FALSE,FALSE
1602521,"gate_40",56,TRUE,FALSE
1602588,"gate_40",4,FALSE,FALSE
1602640,"gate_40",12,FALSE,FALSE
1602747,"gate_30",17,FALSE,FALSE
1602933,"gate_40",9,FALSE,FALSE
1602986,"gate_40",14,FALSE,FALSE
1603207,"gate_40",96,TRUE,TRUE
1603493,"gate_30",11,FALSE,FALSE
1603650,"gate_40",28,TRUE,FALSE
1603864,"gate_30",6,FALSE,FALSE
1604053,"gate_30",36,TRUE,FALSE
1604065,"gate_40",6,FALSE,FALSE
1604248,"gate_30",69,TRUE,FALSE
1604250,"gate_40",336,TRUE,TRUE
1604296,"gate_30",60,TRUE,TRUE
1604425,"gate_30",5,FALSE,FALSE
1604748,"gate_30",5,FALSE,FALSE
1604854,"gate_40",118,TRUE,TRUE
1604909,"gate_40",11,TRUE,FALSE
1605267,"gate_30",272,TRUE,TRUE
1605372,"gate_40",15,FALSE,TRUE
1605383,"gate_30",6,FALSE,FALSE
1605559,"gate_40",14,FALSE,FALSE
1605575,"gate_30",47,TRUE,FALSE
1605585,"gate_40",1,FALSE,FALSE
1605841,"gate_30",1,FALSE,FALSE
1605876,"gate_40",9,FALSE,FALSE
1606123,"gate_30",37,TRUE,TRUE
1606174,"gate_30",2,FALSE,FALSE
1606314,"gate_30",89,TRUE,TRUE
1606347,"gate_40",34,TRUE,TRUE
1606350,"gate_30",43,FALSE,TRUE
1606559,"gate_30",0,FALSE,FALSE
1606590,"gate_40",90,TRUE,FALSE
1606650,"gate_40",47,TRUE,TRUE
1606663,"gate_40",4,FALSE,FALSE
1606927,"gate_30",21,FALSE,TRUE
1607114,"gate_30",60,TRUE,FALSE
1607130,"gate_30",61,TRUE,TRUE
1607238,"gate_40",6,FALSE,FALSE
1607309,"gate_40",43,TRUE,FALSE
1607422,"gate_30",53,TRUE,FALSE
1607694,"gate_30",2,FALSE,FALSE
1607961,"gate_30",14,TRUE,FALSE
1608149,"gate_40",120,TRUE,TRUE
1608172,"gate_40",117,TRUE,TRUE
1608350,"gate_30",27,FALSE,FALSE
1608469,"gate_30",26,FALSE,FALSE
1608585,"gate_40",5,FALSE,FALSE
1608636,"gate_40",116,TRUE,TRUE
1608667,"gate_30",4,FALSE,FALSE
1608740,"gate_30",41,FALSE,FALSE
1608741,"gate_40",9,TRUE,FALSE
1608880,"gate_30",2,FALSE,FALSE
1609062,"gate_40",29,TRUE,FALSE
1609079,"gate_40",11,FALSE,FALSE
1609291,"gate_40",7,TRUE,FALSE
1609361,"gate_30",1,FALSE,FALSE
1609420,"gate_30",74,FALSE,FALSE
1609423,"gate_40",15,TRUE,FALSE
1609457,"gate_30",101,TRUE,FALSE
1609620,"gate_40",28,TRUE,FALSE
1609638,"gate_30",42,TRUE,TRUE
1609710,"gate_30",0,FALSE,FALSE
1609845,"gate_30",22,TRUE,FALSE
1610261,"gate_40",114,TRUE,TRUE
1610484,"gate_30",4,FALSE,FALSE
1610531,"gate_40",26,TRUE,FALSE
1610555,"gate_30",24,TRUE,FALSE
1610560,"gate_30",51,TRUE,FALSE
1610640,"gate_30",5,FALSE,FALSE
1610657,"gate_40",3,FALSE,FALSE
1610664,"gate_40",28,TRUE,TRUE
1610884,"gate_40",29,FALSE,FALSE
1610977,"gate_40",1,FALSE,FALSE
1611119,"gate_40",11,TRUE,FALSE
1611218,"gate_40",101,FALSE,FALSE
1611239,"gate_40",26,TRUE,FALSE
1611293,"gate_30",10,TRUE,FALSE
1611348,"gate_30",1,FALSE,FALSE
1611462,"gate_30",21,TRUE,FALSE
1611538,"gate_30",38,TRUE,TRUE
1611668,"gate_30",98,TRUE,TRUE
1611673,"gate_30",1,FALSE,FALSE
1611737,"gate_40",31,TRUE,FALSE
1611810,"gate_30",9,FALSE,FALSE
1612122,"gate_30",69,TRUE,FALSE
1612155,"gate_40",312,TRUE,TRUE
1612337,"gate_40",10,TRUE,FALSE
1612367,"gate_40",71,FALSE,TRUE
1612394,"gate_30",11,TRUE,FALSE
1612463,"gate_40",91,TRUE,TRUE
1612664,"gate_30",147,TRUE,FALSE
1612884,"gate_40",11,TRUE,FALSE
1613020,"gate_40",1,FALSE,FALSE
1613157,"gate_30",21,FALSE,FALSE
1613411,"gate_30",11,FALSE,FALSE
1613414,"gate_40",16,TRUE,FALSE
1613738,"gate_30",1,FALSE,FALSE
1613969,"gate_40",30,TRUE,FALSE
1614046,"gate_40",3,FALSE,FALSE
1614094,"gate_30",30,FALSE,FALSE
1614280,"gate_30",63,TRUE,FALSE
1614330,"gate_40",17,FALSE,FALSE
1614550,"gate_40",115,TRUE,FALSE
1614562,"gate_40",15,TRUE,FALSE
1615020,"gate_40",32,TRUE,FALSE
1615144,"gate_30",55,TRUE,FALSE
1615155,"gate_30",15,FALSE,FALSE
1615225,"gate_30",37,TRUE,FALSE
1615263,"gate_40",19,FALSE,FALSE
1615404,"gate_30",18,FALSE,FALSE
1615421,"gate_40",9,FALSE,FALSE
1615492,"gate_30",57,TRUE,FALSE
1615503,"gate_40",7,TRUE,FALSE
1615810,"gate_30",10,FALSE,FALSE
1615861,"gate_40",84,TRUE,FALSE
1616023,"gate_30",4,FALSE,FALSE
1616027,"gate_30",17,FALSE,TRUE
1616030,"gate_30",19,FALSE,FALSE
1616149,"gate_40",6,TRUE,FALSE
1616555,"gate_40",63,FALSE,FALSE
1616628,"gate_30",3,FALSE,FALSE
1616977,"gate_40",22,FALSE,FALSE
1617734,"gate_40",60,TRUE,TRUE
1617803,"gate_40",12,TRUE,FALSE
1617852,"gate_40",3,FALSE,FALSE
1618031,"gate_40",22,FALSE,FALSE
1618032,"gate_30",3,FALSE,FALSE
1618246,"gate_30",4,FALSE,FALSE
1618295,"gate_40",51,TRUE,FALSE
1618362,"gate_30",16,TRUE,FALSE
1618379,"gate_30",36,FALSE,FALSE
1618570,"gate_40",14,FALSE,FALSE
1618744,"gate_30",2,FALSE,FALSE
1618957,"gate_40",31,FALSE,FALSE
1618958,"gate_40",3,FALSE,FALSE
1619254,"gate_40",67,TRUE,FALSE
1619384,"gate_30",5,FALSE,FALSE
1619433,"gate_30",4,FALSE,FALSE
1619511,"gate_30",7,TRUE,FALSE
1619667,"gate_40",39,TRUE,TRUE
1619745,"gate_30",8,FALSE,FALSE
1619787,"gate_30",10,TRUE,FALSE
1619819,"gate_40",0,FALSE,FALSE
1620154,"gate_30",11,FALSE,FALSE
1620202,"gate_40",247,TRUE,TRUE
1620265,"gate_40",7,FALSE,FALSE
1620347,"gate_30",10,FALSE,FALSE
1620542,"gate_40",13,FALSE,FALSE
1620547,"gate_40",66,FALSE,FALSE
1620621,"gate_40",11,FALSE,FALSE
1620689,"gate_40",72,FALSE,TRUE
1620788,"gate_40",285,TRUE,TRUE
1620821,"gate_40",19,FALSE,FALSE
1620904,"gate_30",92,TRUE,FALSE
1620919,"gate_40",0,FALSE,FALSE
1621018,"gate_30",9,FALSE,FALSE
1621020,"gate_40",13,FALSE,FALSE
1621049,"gate_40",21,FALSE,TRUE
1621132,"gate_40",6,FALSE,FALSE
1621259,"gate_30",76,TRUE,TRUE
1621378,"gate_30",20,TRUE,FALSE
1621651,"gate_40",15,TRUE,TRUE
1621728,"gate_30",45,TRUE,FALSE
1621989,"gate_40",55,TRUE,FALSE
1622160,"gate_40",6,FALSE,FALSE
1622288,"gate_40",126,TRUE,FALSE
1622294,"gate_30",87,TRUE,FALSE
1622562,"gate_30",0,FALSE,FALSE
1622568,"gate_40",34,FALSE,FALSE
1622695,"gate_30",5,FALSE,FALSE
1622779,"gate_30",2,FALSE,FALSE
1622801,"gate_40",4,FALSE,FALSE
1623003,"gate_30",2,FALSE,FALSE
1623111,"gate_40",7,FALSE,FALSE
1623234,"gate_40",662,TRUE,TRUE
1623382,"gate_40",48,TRUE,FALSE
1623463,"gate_30",7,FALSE,FALSE
1623600,"gate_40",12,TRUE,FALSE
1623725,"gate_40",36,FALSE,TRUE
1623784,"gate_30",143,TRUE,TRUE
1623795,"gate_30",5,FALSE,FALSE
1623865,"gate_30",296,FALSE,FALSE
1623884,"gate_40",3,FALSE,FALSE
1623892,"gate_30",2,FALSE,FALSE
1624166,"gate_30",23,FALSE,FALSE
1624680,"gate_30",17,FALSE,FALSE
1624683,"gate_40",0,FALSE,FALSE
1624689,"gate_30",195,TRUE,TRUE
1624701,"gate_30",153,TRUE,TRUE
1624851,"gate_40",2,FALSE,FALSE
1625192,"gate_30",260,TRUE,TRUE
1625195,"gate_30",99,TRUE,TRUE
1625307,"gate_40",30,FALSE,FALSE
1625334,"gate_40",7,FALSE,FALSE
1625450,"gate_30",69,TRUE,TRUE
1625516,"gate_40",66,FALSE,FALSE
1625768,"gate_30",70,TRUE,TRUE
1625820,"gate_30",9,FALSE,FALSE
1625827,"gate_30",0,FALSE,FALSE
1626074,"gate_30",8,FALSE,FALSE
1626379,"gate_30",9,FALSE,FALSE
1626461,"gate_30",308,TRUE,TRUE
1626701,"gate_30",7,FALSE,FALSE
1626703,"gate_40",157,TRUE,TRUE
1626841,"gate_40",87,TRUE,FALSE
1626914,"gate_30",12,FALSE,FALSE
1627225,"gate_40",0,FALSE,FALSE
1627432,"gate_30",3,FALSE,FALSE
1627518,"gate_40",9,TRUE,FALSE
1627628,"gate_30",2,FALSE,FALSE
1627641,"gate_30",7,FALSE,FALSE
1627733,"gate_40",119,TRUE,FALSE
1627948,"gate_30",86,TRUE,FALSE
1628148,"gate_40",4,FALSE,FALSE
1628186,"gate_40",4,FALSE,FALSE
1628535,"gate_40",0,FALSE,FALSE
1628779,"gate_40",13,FALSE,FALSE
1628780,"gate_30",23,FALSE,FALSE
1628796,"gate_40",7,FALSE,FALSE
1628808,"gate_40",22,TRUE,FALSE
1628814,"gate_40",474,TRUE,TRUE
1628986,"gate_40",403,TRUE,TRUE
1629028,"gate_40",30,TRUE,FALSE
1629058,"gate_40",40,TRUE,FALSE
1629371,"gate_40",16,FALSE,FALSE
1629398,"gate_40",1,FALSE,FALSE
1629452,"gate_40",1,FALSE,FALSE
1629582,"gate_30",52,TRUE,FALSE
1629686,"gate_40",24,TRUE,FALSE
1629695,"gate_40",59,TRUE,FALSE
1629930,"gate_40",200,TRUE,FALSE
1630272,"gate_40",1,FALSE,FALSE
1630296,"gate_30",37,TRUE,FALSE
1630340,"gate_30",16,TRUE,TRUE
1630478,"gate_30",121,TRUE,FALSE
1630517,"gate_40",1,FALSE,FALSE
1630605,"gate_40",12,FALSE,FALSE
1630637,"gate_40",60,TRUE,FALSE
1630697,"gate_30",31,TRUE,FALSE
1630922,"gate_40",6,TRUE,FALSE
1631010,"gate_40",11,TRUE,FALSE
1631068,"gate_40",7,FALSE,FALSE
1631105,"gate_30",67,TRUE,FALSE
1631148,"gate_40",3,FALSE,FALSE
1631562,"gate_30",26,TRUE,FALSE
1631670,"gate_40",1,FALSE,FALSE
1631687,"gate_40",16,FALSE,FALSE
1631714,"gate_30",38,FALSE,TRUE
1631732,"gate_40",339,TRUE,TRUE
1631791,"gate_40",55,TRUE,TRUE
1632095,"gate_40",215,TRUE,TRUE
1632305,"gate_30",41,TRUE,FALSE
1632313,"gate_30",61,FALSE,TRUE
1632503,"gate_30",58,TRUE,FALSE
1632621,"gate_40",6,TRUE,FALSE
1632739,"gate_40",11,FALSE,FALSE
1632893,"gate_40",140,TRUE,TRUE
1633046,"gate_30",9,FALSE,FALSE
1633071,"gate_30",24,TRUE,FALSE
1633246,"gate_40",26,FALSE,FALSE
1633369,"gate_30",43,TRUE,FALSE
1633421,"gate_30",59,TRUE,FALSE
1633663,"gate_30",43,FALSE,FALSE
1633695,"gate_40",12,FALSE,FALSE
1633711,"gate_30",110,TRUE,TRUE
1633791,"gate_40",12,TRUE,FALSE
1633802,"gate_30",1,FALSE,FALSE
1633975,"gate_40",102,TRUE,FALSE
1634546,"gate_40",16,FALSE,FALSE
1634889,"gate_30",1,FALSE,FALSE
1635002,"gate_40",112,TRUE,TRUE
1635289,"gate_40",1,FALSE,FALSE
1635316,"gate_40",2,FALSE,FALSE
1635406,"gate_30",4,FALSE,FALSE
1635588,"gate_30",21,TRUE,FALSE
1635618,"gate_30",170,TRUE,TRUE
1635662,"gate_40",62,TRUE,FALSE
1635680,"gate_30",1,FALSE,FALSE
1635895,"gate_40",89,TRUE,TRUE
1635960,"gate_30",13,FALSE,FALSE
1636225,"gate_40",11,FALSE,FALSE
1636299,"gate_30",0,FALSE,FALSE
1636310,"gate_40",2,FALSE,FALSE
1636324,"gate_40",10,TRUE,FALSE
1636330,"gate_30",96,TRUE,TRUE
1636474,"gate_40",8,TRUE,FALSE
1636627,"gate_30",29,FALSE,FALSE
1636721,"gate_30",5,FALSE,FALSE
1636832,"gate_30",14,TRUE,FALSE
1636935,"gate_40",16,FALSE,TRUE
1637008,"gate_40",399,TRUE,TRUE
1637062,"gate_40",7,FALSE,FALSE
1637149,"gate_30",9,FALSE,FALSE
1637193,"gate_30",0,FALSE,FALSE
1637231,"gate_40",93,FALSE,FALSE
1637277,"gate_40",95,TRUE,TRUE
1637318,"gate_30",25,FALSE,FALSE
1637353,"gate_30",7,FALSE,FALSE
1637357,"gate_40",5,FALSE,FALSE
1637624,"gate_40",86,TRUE,FALSE
1637627,"gate_30",8,FALSE,FALSE
1637693,"gate_30",0,FALSE,FALSE
1637838,"gate_40",15,TRUE,FALSE
1637865,"gate_40",31,TRUE,FALSE
1637926,"gate_40",36,TRUE,FALSE
1638049,"gate_40",127,TRUE,FALSE
1638167,"gate_40",121,TRUE,FALSE
1638246,"gate_30",4,FALSE,FALSE
1638294,"gate_30",3,FALSE,FALSE
1638347,"gate_30",19,FALSE,FALSE
1638516,"gate_40",16,FALSE,FALSE
1638552,"gate_40",6,FALSE,FALSE
1638615,"gate_30",267,TRUE,FALSE
1638657,"gate_40",11,FALSE,FALSE
1638670,"gate_30",4,FALSE,FALSE
1638748,"gate_40",38,FALSE,FALSE
1638846,"gate_30",301,TRUE,TRUE
1638865,"gate_40",2,FALSE,FALSE
1638979,"gate_40",108,TRUE,FALSE
1639107,"gate_40",7,FALSE,FALSE
1639377,"gate_40",14,TRUE,FALSE
1639409,"gate_30",83,TRUE,TRUE
1640012,"gate_30",37,TRUE,FALSE
1640066,"gate_40",491,TRUE,TRUE
1640131,"gate_30",5,FALSE,FALSE
1640181,"gate_30",205,TRUE,TRUE
1640348,"gate_30",13,TRUE,TRUE
1640372,"gate_30",0,FALSE,FALSE
1640445,"gate_30",12,FALSE,FALSE
1640593,"gate_40",1,FALSE,FALSE
1640632,"gate_40",1,FALSE,TRUE
1640637,"gate_30",11,FALSE,FALSE
1640644,"gate_40",4,FALSE,FALSE
1641136,"gate_40",6,FALSE,FALSE
1641185,"gate_40",5,TRUE,FALSE
1641205,"gate_30",7,FALSE,FALSE
1641213,"gate_30",20,FALSE,FALSE
1641306,"gate_30",62,TRUE,FALSE
1641379,"gate_40",17,TRUE,FALSE
1641398,"gate_40",1,FALSE,FALSE
1641432,"gate_40",39,TRUE,FALSE
1641566,"gate_40",9,FALSE,FALSE
1641682,"gate_30",0,FALSE,FALSE
1641786,"gate_40",1,FALSE,FALSE
1641953,"gate_30",12,TRUE,FALSE
1642075,"gate_30",7,FALSE,FALSE
1642129,"gate_30",5,FALSE,FALSE
1642167,"gate_40",6,FALSE,FALSE
1642198,"gate_40",14,FALSE,TRUE
1642246,"gate_40",316,FALSE,TRUE
1642502,"gate_40",7,FALSE,FALSE
1642563,"gate_30",96,FALSE,TRUE
1642847,"gate_40",1,FALSE,FALSE
1642976,"gate_40",10,TRUE,FALSE
1643119,"gate_30",9,FALSE,FALSE
1643142,"gate_30",6,FALSE,FALSE
1643227,"gate_40",16,TRUE,FALSE
1643339,"gate_30",3,FALSE,FALSE
1643344,"gate_40",7,FALSE,FALSE
1643906,"gate_30",34,TRUE,FALSE
1643924,"gate_40",2,FALSE,FALSE
1643964,"gate_40",106,TRUE,TRUE
1643998,"gate_30",30,TRUE,FALSE
1644199,"gate_30",62,TRUE,FALSE
1644294,"gate_40",11,TRUE,FALSE
1644372,"gate_30",97,TRUE,TRUE
1644499,"gate_40",1,FALSE,FALSE
1644532,"gate_40",3,FALSE,FALSE
1644581,"gate_30",2,FALSE,FALSE
1644607,"gate_40",17,FALSE,FALSE
1644613,"gate_30",20,FALSE,FALSE
1644813,"gate_30",69,FALSE,FALSE
1644847,"gate_30",147,TRUE,TRUE
1644978,"gate_40",3,FALSE,FALSE
1645084,"gate_40",41,TRUE,FALSE
1645227,"gate_30",11,TRUE,FALSE
1645246,"gate_40",1,FALSE,FALSE
1645301,"gate_30",0,FALSE,FALSE
1645383,"gate_30",25,TRUE,FALSE
1645625,"gate_40",7,TRUE,FALSE
1645707,"gate_30",12,FALSE,FALSE
1645779,"gate_30",8,FALSE,FALSE
1645825,"gate_30",315,TRUE,TRUE
1645890,"gate_40",103,TRUE,FALSE
1646105,"gate_40",105,TRUE,TRUE
1646146,"gate_40",45,TRUE,FALSE
1646287,"gate_40",22,TRUE,FALSE
1646351,"gate_30",2,FALSE,FALSE
1646539,"gate_30",18,TRUE,FALSE
1646564,"gate_30",17,TRUE,FALSE
1646638,"gate_40",46,TRUE,FALSE
1646847,"gate_40",26,FALSE,FALSE
1647172,"gate_30",95,TRUE,FALSE
1647350,"gate_40",21,FALSE,FALSE
1647379,"gate_30",307,TRUE,TRUE
1647566,"gate_40",368,FALSE,TRUE
1647765,"gate_40",63,TRUE,FALSE
1647835,"gate_40",83,TRUE,TRUE
1647908,"gate_40",102,TRUE,TRUE
1647916,"gate_30",131,TRUE,FALSE
1648366,"gate_40",495,TRUE,FALSE
1648481,"gate_30",13,FALSE,FALSE
1648553,"gate_30",232,TRUE,TRUE
1648587,"gate_30",2,FALSE,FALSE
1648619,"gate_30",33,TRUE,FALSE
1648871,"gate_30",19,TRUE,FALSE
1649037,"gate_30",29,TRUE,FALSE
1649159,"gate_40",1,FALSE,FALSE
1649166,"gate_30",23,FALSE,FALSE
1649350,"gate_40",5,TRUE,FALSE
1649417,"gate_40",0,FALSE,FALSE
1649575,"gate_30",3,FALSE,FALSE
1649782,"gate_40",40,TRUE,TRUE
1649791,"gate_40",31,FALSE,FALSE
1649857,"gate_40",41,TRUE,FALSE
1650003,"gate_40",52,TRUE,FALSE
1650033,"gate_30",10,FALSE,FALSE
1650105,"gate_40",1,FALSE,FALSE
1650124,"gate_30",46,TRUE,FALSE
1650177,"gate_40",5,FALSE,FALSE
1650376,"gate_40",21,TRUE,FALSE
1650455,"gate_40",51,TRUE,TRUE
1650503,"gate_30",2,FALSE,FALSE
1650554,"gate_30",24,FALSE,FALSE
1650586,"gate_30",22,TRUE,FALSE
1650630,"gate_40",205,TRUE,TRUE
1650635,"gate_30",166,TRUE,FALSE
1650653,"gate_30",3,FALSE,FALSE
1650873,"gate_30",77,TRUE,FALSE
1650923,"gate_40",4,FALSE,FALSE
1650940,"gate_40",56,TRUE,TRUE
1651375,"gate_40",1,FALSE,FALSE
1651506,"gate_30",28,TRUE,FALSE
1651605,"gate_40",4,FALSE,FALSE
1651616,"gate_30",11,FALSE,FALSE
1651658,"gate_40",5,FALSE,FALSE
1651661,"gate_40",41,TRUE,FALSE
1651671,"gate_30",19,FALSE,TRUE
1651696,"gate_40",84,TRUE,TRUE
1652416,"gate_40",22,FALSE,FALSE
1652549,"gate_30",3,FALSE,FALSE
1652596,"gate_40",63,FALSE,FALSE
1652885,"gate_30",1,FALSE,FALSE
1652996,"gate_40",65,TRUE,TRUE
1653030,"gate_40",1,FALSE,FALSE
1653157,"gate_40",9,FALSE,FALSE
1653522,"gate_30",9,FALSE,FALSE
1653717,"gate_30",9,FALSE,FALSE
1653889,"gate_40",84,TRUE,TRUE
1654175,"gate_40",11,FALSE,FALSE
1654255,"gate_30",55,TRUE,FALSE
1654260,"gate_30",16,FALSE,FALSE
1654370,"gate_30",2,FALSE,FALSE
1654452,"gate_40",11,FALSE,FALSE
1654453,"gate_30",28,FALSE,FALSE
1654512,"gate_40",6,TRUE,FALSE
1654555,"gate_40",293,TRUE,TRUE
1654651,"gate_40",144,FALSE,TRUE
1654669,"gate_30",10,FALSE,FALSE
1654714,"gate_40",126,TRUE,FALSE
1654720,"gate_40",0,FALSE,FALSE
1654773,"gate_40",115,TRUE,TRUE
1654927,"gate_40",26,FALSE,FALSE
1654979,"gate_40",5,FALSE,FALSE
1655048,"gate_40",1,FALSE,FALSE
1655135,"gate_40",5,FALSE,FALSE
1655335,"gate_40",230,TRUE,FALSE
1655531,"gate_40",52,TRUE,FALSE
1655607,"gate_30",28,TRUE,FALSE
1655636,"gate_40",36,FALSE,FALSE
1655657,"gate_40",2,FALSE,FALSE
1655705,"gate_30",12,FALSE,FALSE
1655746,"gate_30",5,FALSE,FALSE
1656050,"gate_40",0,FALSE,FALSE
1656056,"gate_30",2,FALSE,FALSE
1656093,"gate_30",24,TRUE,FALSE
1656114,"gate_30",2,FALSE,FALSE
1656194,"gate_30",36,FALSE,FALSE
1656260,"gate_30",13,TRUE,FALSE
1656308,"gate_30",46,TRUE,FALSE
1656790,"gate_30",23,FALSE,FALSE
1656811,"gate_40",3,FALSE,FALSE
1657200,"gate_40",0,FALSE,FALSE
1657212,"gate_40",3,FALSE,FALSE
1657296,"gate_30",6,FALSE,FALSE
1657300,"gate_30",0,FALSE,FALSE
1657478,"gate_40",15,FALSE,FALSE
1657614,"gate_30",150,TRUE,TRUE
1657635,"gate_30",126,TRUE,TRUE
1657691,"gate_30",2,FALSE,FALSE
1657962,"gate_30",3,FALSE,FALSE
1658016,"gate_40",19,TRUE,FALSE
1658120,"gate_40",8,FALSE,TRUE
1658226,"gate_40",0,FALSE,FALSE
1658317,"gate_40",104,FALSE,TRUE
1658408,"gate_30",32,FALSE,FALSE
1658465,"gate_30",2,FALSE,FALSE
1658629,"gate_30",0,FALSE,FALSE
1659226,"gate_40",153,TRUE,FALSE
1659254,"gate_30",68,FALSE,FALSE
1659255,"gate_30",53,TRUE,FALSE
1659394,"gate_40",12,FALSE,FALSE
1659456,"gate_40",128,TRUE,FALSE
1659557,"gate_40",37,TRUE,FALSE
1659589,"gate_30",1,FALSE,FALSE
1659614,"gate_40",77,TRUE,FALSE
1659674,"gate_40",32,TRUE,FALSE
1659898,"gate_40",54,TRUE,FALSE
1659970,"gate_30",33,TRUE,TRUE
1660078,"gate_30",59,TRUE,FALSE
1660148,"gate_30",8,FALSE,FALSE
1660178,"gate_30",46,TRUE,TRUE
1660211,"gate_40",1,FALSE,FALSE
1660346,"gate_40",253,FALSE,TRUE
1660385,"gate_30",18,FALSE,FALSE
1660531,"gate_30",36,TRUE,FALSE
1660539,"gate_30",359,TRUE,FALSE
1660567,"gate_30",1,FALSE,FALSE
1660701,"gate_40",23,TRUE,FALSE
1660759,"gate_30",274,TRUE,TRUE
1660796,"gate_30",12,FALSE,FALSE
1660821,"gate_30",6,FALSE,FALSE
1660931,"gate_40",151,TRUE,TRUE
1660997,"gate_30",22,TRUE,TRUE
1661368,"gate_30",16,TRUE,FALSE
1661674,"gate_30",37,FALSE,FALSE
1661686,"gate_40",29,TRUE,FALSE
1661720,"gate_40",91,TRUE,FALSE
1661756,"gate_30",1,FALSE,FALSE
1661788,"gate_40",2,FALSE,FALSE
1661891,"gate_40",8,TRUE,FALSE
1661950,"gate_40",399,TRUE,TRUE
1661970,"gate_30",58,TRUE,FALSE
1662071,"gate_30",8,TRUE,FALSE
1662195,"gate_30",0,FALSE,FALSE
1662218,"gate_40",5,FALSE,FALSE
1662346,"gate_40",1,FALSE,FALSE
1662461,"gate_40",331,TRUE,FALSE
1662467,"gate_30",5,FALSE,FALSE
1662659,"gate_40",21,FALSE,FALSE
1662680,"gate_40",1,FALSE,FALSE
1662779,"gate_30",26,FALSE,FALSE
1662982,"gate_40",40,FALSE,FALSE
1663037,"gate_30",95,TRUE,TRUE
1663174,"gate_40",0,FALSE,FALSE
1663190,"gate_30",13,FALSE,FALSE
1663197,"gate_40",28,TRUE,FALSE
1663233,"gate_40",225,TRUE,TRUE
1663243,"gate_30",140,TRUE,TRUE
1663272,"gate_40",251,TRUE,FALSE
1663512,"gate_40",3,FALSE,FALSE
1663530,"gate_30",11,FALSE,FALSE
1663596,"gate_30",0,FALSE,FALSE
1663874,"gate_40",39,TRUE,FALSE
1663879,"gate_40",15,TRUE,FALSE
1663931,"gate_30",2,FALSE,FALSE
1664010,"gate_30",2,FALSE,FALSE
1664025,"gate_30",36,TRUE,FALSE
1664028,"gate_40",4,FALSE,FALSE
1664191,"gate_40",16,FALSE,TRUE
1664309,"gate_30",7,TRUE,FALSE
1664357,"gate_30",3,FALSE,FALSE
1664413,"gate_40",22,FALSE,FALSE
1664540,"gate_30",19,TRUE,FALSE
1664541,"gate_30",8,TRUE,FALSE
1664641,"gate_40",5,FALSE,FALSE
1664652,"gate_30",32,TRUE,FALSE
1664664,"gate_40",24,TRUE,FALSE
1664682,"gate_30",23,TRUE,FALSE
1664695,"gate_40",1,FALSE,FALSE
1664779,"gate_30",41,TRUE,FALSE
1664788,"gate_30",95,TRUE,TRUE
1665052,"gate_30",23,TRUE,FALSE
1665192,"gate_40",3,FALSE,FALSE
1665405,"gate_30",3,FALSE,FALSE
1665455,"gate_40",2,FALSE,FALSE
1665600,"gate_30",7,FALSE,FALSE
1665631,"gate_40",22,TRUE,FALSE
1665722,"gate_40",1,FALSE,FALSE
1665810,"gate_40",65,FALSE,FALSE
1665912,"gate_40",28,TRUE,FALSE
1665930,"gate_40",0,FALSE,FALSE
1665945,"gate_40",2,FALSE,FALSE
1665966,"gate_40",41,TRUE,TRUE
1665969,"gate_30",33,TRUE,FALSE
1666241,"gate_40",0,FALSE,FALSE
1666305,"gate_30",3,FALSE,FALSE
1666379,"gate_30",3,FALSE,FALSE
1666420,"gate_30",24,TRUE,FALSE
1666449,"gate_40",95,FALSE,TRUE
1666499,"gate_40",15,FALSE,FALSE
1666599,"gate_30",33,TRUE,FALSE
1666907,"gate_30",20,TRUE,FALSE
1667157,"gate_40",25,TRUE,FALSE
1667375,"gate_30",43,TRUE,FALSE
1667423,"gate_30",14,FALSE,FALSE
1667447,"gate_30",36,FALSE,FALSE
1667596,"gate_30",11,FALSE,FALSE
1667708,"gate_40",0,FALSE,FALSE
1667734,"gate_30",70,TRUE,FALSE
1667871,"gate_40",42,FALSE,FALSE
1667937,"gate_30",10,FALSE,FALSE
1667986,"gate_40",2,FALSE,FALSE
1668019,"gate_30",0,FALSE,FALSE
1668066,"gate_40",1,FALSE,TRUE
1668232,"gate_30",15,TRUE,FALSE
1668259,"gate_30",33,TRUE,FALSE
1668504,"gate_30",0,FALSE,FALSE
1668546,"gate_30",34,FALSE,TRUE
1668551,"gate_30",23,TRUE,FALSE
1668563,"gate_40",13,FALSE,FALSE
1668574,"gate_40",12,FALSE,FALSE
1668701,"gate_30",311,FALSE,TRUE
1668814,"gate_30",32,TRUE,FALSE
1668927,"gate_40",2,FALSE,FALSE
1669042,"gate_40",412,TRUE,TRUE
1669199,"gate_40",45,FALSE,TRUE
1669400,"gate_30",19,TRUE,FALSE
1669509,"gate_30",68,FALSE,FALSE
1669532,"gate_40",11,TRUE,FALSE
1669647,"gate_30",6,FALSE,FALSE
1669747,"gate_30",465,TRUE,TRUE
1669888,"gate_30",114,TRUE,FALSE
1670044,"gate_30",13,FALSE,FALSE
1670225,"gate_30",21,TRUE,FALSE
1670311,"gate_30",36,FALSE,FALSE
1670415,"gate_40",291,TRUE,TRUE
1670545,"gate_30",98,TRUE,FALSE
1670638,"gate_30",101,TRUE,TRUE
1670881,"gate_30",2,FALSE,FALSE
1671177,"gate_30",37,TRUE,FALSE
1671209,"gate_40",15,TRUE,FALSE
1671259,"gate_30",6,FALSE,FALSE
1671283,"gate_40",24,FALSE,FALSE
1671328,"gate_30",36,TRUE,FALSE
1671405,"gate_40",41,TRUE,FALSE
1671524,"gate_40",19,FALSE,FALSE
1671525,"gate_30",488,TRUE,TRUE
1671587,"gate_30",35,TRUE,FALSE
1671602,"gate_30",24,FALSE,FALSE
1671746,"gate_30",69,TRUE,FALSE
1671774,"gate_40",0,FALSE,FALSE
1671983,"gate_30",8,FALSE,TRUE
1672017,"gate_30",43,FALSE,FALSE
1672088,"gate_30",162,FALSE,TRUE
1672148,"gate_30",43,TRUE,FALSE
1672349,"gate_30",5,FALSE,FALSE
1672354,"gate_40",94,TRUE,TRUE
1672371,"gate_30",10,FALSE,FALSE
1672693,"gate_40",12,FALSE,FALSE
1672726,"gate_30",10,FALSE,FALSE
1672796,"gate_30",63,TRUE,TRUE
1673226,"gate_30",4,FALSE,FALSE
1673275,"gate_40",17,FALSE,FALSE
1673727,"gate_30",112,TRUE,FALSE
1674058,"gate_40",98,FALSE,FALSE
1674295,"gate_30",372,TRUE,TRUE
1674318,"gate_40",46,FALSE,FALSE
1674460,"gate_30",237,TRUE,TRUE
1674968,"gate_40",1,FALSE,FALSE
1675026,"gate_30",36,TRUE,TRUE
1675064,"gate_30",10,FALSE,FALSE
1675160,"gate_30",12,FALSE,FALSE
1675253,"gate_40",30,FALSE,TRUE
1675387,"gate_40",30,FALSE,TRUE
1675580,"gate_30",64,TRUE,FALSE
1675620,"gate_40",18,FALSE,FALSE
1675845,"gate_40",90,TRUE,FALSE
1675932,"gate_30",4,FALSE,FALSE
1675954,"gate_40",73,FALSE,TRUE
1676080,"gate_30",62,FALSE,FALSE
1676158,"gate_30",96,TRUE,TRUE
1676330,"gate_40",58,TRUE,FALSE
1676373,"gate_30",1,FALSE,FALSE
1676570,"gate_30",19,TRUE,TRUE
1676579,"gate_40",55,TRUE,FALSE
1676680,"gate_40",7,FALSE,FALSE
1676774,"gate_30",188,FALSE,TRUE
1676821,"gate_40",3,FALSE,FALSE
1676863,"gate_30",8,FALSE,FALSE
1677148,"gate_40",72,TRUE,TRUE
1677242,"gate_40",9,FALSE,FALSE
1677248,"gate_40",64,TRUE,TRUE
1677330,"gate_30",28,TRUE,FALSE
1677525,"gate_30",1,FALSE,FALSE
1677612,"gate_40",49,TRUE,TRUE
1677660,"gate_30",7,FALSE,FALSE
1677674,"gate_30",115,TRUE,FALSE
1677718,"gate_30",0,FALSE,FALSE
1677818,"gate_40",17,FALSE,FALSE
1677924,"gate_30",6,FALSE,FALSE
1677926,"gate_30",3,FALSE,FALSE
1677992,"gate_40",59,FALSE,FALSE
1678007,"gate_30",0,FALSE,FALSE
1678105,"gate_40",1,FALSE,FALSE
1678236,"gate_30",12,FALSE,FALSE
1678361,"gate_40",5,FALSE,FALSE
1678657,"gate_40",8,FALSE,FALSE
1678906,"gate_40",3,FALSE,FALSE
1678921,"gate_40",25,FALSE,FALSE
1679014,"gate_30",38,TRUE,FALSE
1679158,"gate_40",110,FALSE,FALSE
1679182,"gate_30",1,FALSE,FALSE
1679257,"gate_30",2,FALSE,FALSE
1679261,"gate_40",15,FALSE,TRUE
1679352,"gate_40",4,FALSE,FALSE
1679437,"gate_30",1,FALSE,FALSE
1679448,"gate_40",4,FALSE,FALSE
1679476,"gate_40",10,FALSE,FALSE
1679566,"gate_40",8,FALSE,FALSE
1679904,"gate_40",8,FALSE,FALSE
1679916,"gate_30",13,FALSE,FALSE
1680090,"gate_30",7,FALSE,FALSE
1680399,"gate_40",291,TRUE,TRUE
1680491,"gate_40",160,TRUE,TRUE
1681200,"gate_40",51,TRUE,TRUE
1681223,"gate_40",7,FALSE,FALSE
1681253,"gate_30",10,TRUE,FALSE
1681276,"gate_30",1,FALSE,FALSE
1681303,"gate_40",13,FALSE,FALSE
1681358,"gate_30",195,TRUE,TRUE
1681476,"gate_40",164,TRUE,TRUE
1681664,"gate_40",358,TRUE,TRUE
1681813,"gate_30",0,FALSE,FALSE
1681921,"gate_30",6,FALSE,FALSE
1682032,"gate_40",31,TRUE,FALSE
1682051,"gate_30",4,FALSE,FALSE
1682097,"gate_30",23,TRUE,FALSE
1682136,"gate_30",19,FALSE,FALSE
1682200,"gate_40",15,TRUE,FALSE
1682306,"gate_40",18,FALSE,FALSE
1682430,"gate_30",3,FALSE,FALSE
1682593,"gate_40",1,FALSE,FALSE
1682806,"gate_30",53,TRUE,FALSE
1682864,"gate_30",67,TRUE,TRUE
1683189,"gate_40",3,FALSE,FALSE
1683235,"gate_30",63,FALSE,TRUE
1683250,"gate_30",2,FALSE,FALSE
1683433,"gate_40",170,TRUE,TRUE
1683451,"gate_40",6,FALSE,FALSE
1683483,"gate_40",2,FALSE,TRUE
1683560,"gate_40",6,FALSE,FALSE
1683768,"gate_30",67,TRUE,FALSE
1684126,"gate_30",0,FALSE,FALSE
1684227,"gate_30",43,TRUE,FALSE
1684252,"gate_30",11,FALSE,FALSE
1684528,"gate_30",32,TRUE,FALSE
1684645,"gate_40",488,TRUE,FALSE
1684696,"gate_30",3,FALSE,FALSE
1685233,"gate_40",197,TRUE,TRUE
1685241,"gate_40",82,TRUE,TRUE
1685263,"gate_40",155,TRUE,TRUE
1685477,"gate_40",7,FALSE,FALSE
1685539,"gate_40",1,FALSE,FALSE
1685690,"gate_30",3,FALSE,FALSE
1685701,"gate_30",79,FALSE,TRUE
1685794,"gate_40",5,FALSE,FALSE
1685855,"gate_30",4,FALSE,FALSE
1685942,"gate_30",34,FALSE,FALSE
1686082,"gate_30",16,FALSE,FALSE
1686123,"gate_30",11,FALSE,FALSE
1686207,"gate_30",10,FALSE,FALSE
1686292,"gate_40",1,FALSE,FALSE
1686494,"gate_30",5,FALSE,FALSE
1686608,"gate_30",31,FALSE,FALSE
1686632,"gate_40",78,FALSE,FALSE
1686744,"gate_40",140,TRUE,TRUE
1686899,"gate_40",3,FALSE,FALSE
1687070,"gate_40",2,FALSE,FALSE
1687198,"gate_40",226,TRUE,TRUE
1687706,"gate_30",1,FALSE,FALSE
1687910,"gate_30",16,FALSE,FALSE
1688108,"gate_30",1,FALSE,FALSE
1688199,"gate_30",57,FALSE,FALSE
1688549,"gate_30",5,TRUE,FALSE
1689012,"gate_40",93,TRUE,FALSE
1689333,"gate_40",5,FALSE,FALSE
1689419,"gate_40",186,TRUE,TRUE
1689509,"gate_30",30,TRUE,TRUE
1689532,"gate_30",246,TRUE,TRUE
1689542,"gate_30",8,FALSE,FALSE
1689633,"gate_40",14,TRUE,FALSE
1689641,"gate_40",15,FALSE,FALSE
1689643,"gate_30",59,TRUE,TRUE
1689683,"gate_30",4,FALSE,FALSE
1689776,"gate_40",6,FALSE,FALSE
1689809,"gate_30",159,TRUE,TRUE
1689905,"gate_40",140,TRUE,FALSE
1689971,"gate_40",3,FALSE,FALSE
1690048,"gate_40",5,FALSE,FALSE
1690117,"gate_30",73,TRUE,FALSE
1690200,"gate_30",9,FALSE,FALSE
1690251,"gate_30",4,FALSE,FALSE
1690261,"gate_40",21,FALSE,FALSE
1690285,"gate_30",23,TRUE,FALSE
1690390,"gate_30",2,FALSE,FALSE
1690467,"gate_40",6,FALSE,FALSE
1690501,"gate_40",0,FALSE,FALSE
1690672,"gate_40",0,FALSE,FALSE
1690748,"gate_40",2,FALSE,FALSE
1690802,"gate_30",24,TRUE,FALSE
1690834,"gate_30",12,FALSE,FALSE
1690898,"gate_40",190,TRUE,TRUE
1691181,"gate_40",168,TRUE,FALSE
1691313,"gate_30",59,FALSE,FALSE
1691352,"gate_30",21,TRUE,FALSE
1691609,"gate_40",14,TRUE,FALSE
1691648,"gate_30",43,TRUE,FALSE
1691687,"gate_30",4,FALSE,FALSE
1691774,"gate_30",7,FALSE,FALSE
1691803,"gate_30",29,TRUE,FALSE
1691991,"gate_40",8,TRUE,FALSE
1692080,"gate_30",7,TRUE,FALSE
1692147,"gate_40",154,TRUE,TRUE
1692349,"gate_30",0,FALSE,FALSE
1692691,"gate_40",2,FALSE,FALSE
1692790,"gate_30",168,TRUE,TRUE
1692802,"gate_30",34,FALSE,TRUE
1692903,"gate_40",8,FALSE,FALSE
1693107,"gate_40",35,TRUE,FALSE
1693340,"gate_40",3,FALSE,FALSE
1693407,"gate_30",7,FALSE,FALSE
1693449,"gate_40",11,FALSE,FALSE
1694317,"gate_30",38,TRUE,FALSE
1694339,"gate_40",27,TRUE,FALSE
1694499,"gate_40",8,FALSE,FALSE
1694627,"gate_30",1,FALSE,FALSE
1694686,"gate_30",45,TRUE,FALSE
1694821,"gate_30",32,TRUE,FALSE
1695058,"gate_40",1,FALSE,FALSE
1695305,"gate_30",6,FALSE,FALSE
1695365,"gate_40",33,FALSE,FALSE
1695374,"gate_30",4,FALSE,FALSE
1695463,"gate_30",52,TRUE,FALSE
1695959,"gate_30",20,FALSE,FALSE
1696105,"gate_30",380,TRUE,FALSE
1696165,"gate_40",10,TRUE,FALSE
1696235,"gate_40",21,FALSE,FALSE
1696301,"gate_40",233,TRUE,TRUE
1696361,"gate_30",3,FALSE,FALSE
1696432,"gate_40",3,FALSE,FALSE
1696445,"gate_40",92,FALSE,TRUE
1696785,"gate_40",59,TRUE,FALSE
1696797,"gate_30",56,TRUE,FALSE
1696839,"gate_30",2,FALSE,FALSE
1696963,"gate_40",194,TRUE,TRUE
1697085,"gate_40",14,FALSE,FALSE
1697184,"gate_40",8,TRUE,FALSE
1697532,"gate_30",574,TRUE,TRUE
1697718,"gate_40",54,FALSE,TRUE
1697740,"gate_30",27,TRUE,FALSE
1698138,"gate_40",10,TRUE,FALSE
1698285,"gate_30",18,FALSE,FALSE
1698475,"gate_40",82,FALSE,FALSE
1698483,"gate_30",1,FALSE,FALSE
1698682,"gate_40",2,FALSE,FALSE
1698704,"gate_40",2,FALSE,FALSE
1698724,"gate_40",12,FALSE,FALSE
1698736,"gate_30",1,FALSE,FALSE
1698780,"gate_30",3,FALSE,FALSE
1698871,"gate_30",602,TRUE,TRUE
1699197,"gate_40",36,FALSE,TRUE
1699261,"gate_40",1,FALSE,FALSE
1699420,"gate_30",1,FALSE,FALSE
1699837,"gate_30",20,TRUE,FALSE
1699841,"gate_40",22,TRUE,FALSE
1699858,"gate_40",45,TRUE,FALSE
1699942,"gate_40",16,FALSE,TRUE
1700186,"gate_30",18,TRUE,FALSE
1700373,"gate_40",6,FALSE,FALSE
1700702,"gate_30",14,FALSE,TRUE
1700906,"gate_40",1,FALSE,FALSE
1700964,"gate_40",2,FALSE,FALSE
1701080,"gate_40",4,FALSE,FALSE
1701135,"gate_40",7,FALSE,FALSE
1701210,"gate_30",221,TRUE,TRUE
1701256,"gate_30",10,FALSE,FALSE
1701578,"gate_40",12,FALSE,FALSE
1701613,"gate_40",17,FALSE,FALSE
1701637,"gate_30",2,FALSE,FALSE
1701831,"gate_30",11,FALSE,FALSE
1701832,"gate_40",1,FALSE,FALSE
1701861,"gate_30",696,TRUE,TRUE
1701871,"gate_30",82,TRUE,TRUE
1701977,"gate_40",175,TRUE,TRUE
1702016,"gate_30",215,TRUE,TRUE
1702025,"gate_40",28,FALSE,FALSE
1702198,"gate_30",46,FALSE,FALSE
1702241,"gate_30",4,FALSE,FALSE
1702373,"gate_40",19,TRUE,FALSE
1702495,"gate_40",2,FALSE,FALSE
1702610,"gate_30",16,TRUE,FALSE
1702656,"gate_40",124,TRUE,FALSE
1702706,"gate_30",109,TRUE,TRUE
1702757,"gate_30",175,TRUE,TRUE
1702914,"gate_40",18,TRUE,FALSE
1702941,"gate_30",23,TRUE,FALSE
1702994,"gate_30",3,FALSE,FALSE
1703297,"gate_40",27,TRUE,FALSE
1703365,"gate_40",20,FALSE,TRUE
1703442,"gate_40",57,TRUE,TRUE
1703477,"gate_30",18,FALSE,FALSE
1703551,"gate_30",25,TRUE,FALSE
1703634,"gate_30",2,FALSE,FALSE
1703711,"gate_40",53,TRUE,FALSE
1703952,"gate_40",0,FALSE,FALSE
1704458,"gate_30",92,TRUE,TRUE
1704504,"gate_40",49,FALSE,FALSE
1704537,"gate_30",1,FALSE,FALSE
1704623,"gate_40",72,TRUE,FALSE
1704662,"gate_30",16,FALSE,FALSE
1704694,"gate_30",23,TRUE,FALSE
1704699,"gate_30",4,FALSE,FALSE
1704796,"gate_40",11,TRUE,FALSE
1704929,"gate_30",16,TRUE,FALSE
1704951,"gate_40",3,FALSE,FALSE
1705060,"gate_30",29,FALSE,FALSE
1705103,"gate_30",8,FALSE,FALSE
1705165,"gate_30",1,FALSE,FALSE
1705221,"gate_30",15,FALSE,FALSE
1705496,"gate_40",114,TRUE,TRUE
1705517,"gate_30",2,FALSE,FALSE
1705562,"gate_30",8,FALSE,FALSE
1705672,"gate_40",42,FALSE,FALSE
1705777,"gate_30",121,TRUE,FALSE
1705807,"gate_30",5,FALSE,FALSE
1705833,"gate_30",20,FALSE,TRUE
1705861,"gate_30",82,TRUE,TRUE
1705905,"gate_30",16,TRUE,FALSE
1705945,"gate_40",2,FALSE,FALSE
1705981,"gate_30",84,TRUE,FALSE
1706010,"gate_40",45,TRUE,FALSE
1706454,"gate_30",94,TRUE,FALSE
1706523,"gate_30",7,FALSE,FALSE
1706676,"gate_30",2,FALSE,FALSE
1706690,"gate_30",2,FALSE,FALSE
1706699,"gate_30",3,FALSE,FALSE
1706888,"gate_40",2,FALSE,FALSE
1706973,"gate_40",45,TRUE,FALSE
1707192,"gate_30",27,FALSE,FALSE
1707196,"gate_30",15,TRUE,FALSE
1707242,"gate_30",8,FALSE,FALSE
1707384,"gate_40",8,FALSE,FALSE
1707454,"gate_40",5,FALSE,FALSE
1707476,"gate_40",9,TRUE,FALSE
1707568,"gate_30",255,TRUE,FALSE
1707809,"gate_40",73,TRUE,FALSE
1707932,"gate_40",12,FALSE,FALSE
1708007,"gate_40",16,FALSE,FALSE
1708096,"gate_30",17,FALSE,FALSE
1708226,"gate_40",23,FALSE,TRUE
1708234,"gate_30",89,TRUE,FALSE
1708586,"gate_30",153,FALSE,TRUE
1708647,"gate_40",17,TRUE,FALSE
1709020,"gate_30",38,TRUE,FALSE
1709090,"gate_30",87,TRUE,TRUE
1709771,"gate_30",114,TRUE,TRUE
1709773,"gate_40",24,TRUE,FALSE
1709830,"gate_30",8,TRUE,FALSE
1710051,"gate_30",17,FALSE,FALSE
1710172,"gate_30",6,FALSE,FALSE
1710276,"gate_30",25,TRUE,FALSE
1710329,"gate_40",503,TRUE,TRUE
1710365,"gate_30",8,FALSE,FALSE
1710368,"gate_40",303,TRUE,FALSE
1710391,"gate_40",27,TRUE,FALSE
1710924,"gate_30",84,TRUE,TRUE
1711136,"gate_40",20,FALSE,FALSE
1711382,"gate_40",0,FALSE,FALSE
1711453,"gate_30",87,FALSE,TRUE
1711472,"gate_40",23,TRUE,FALSE
1711502,"gate_30",49,TRUE,FALSE
1711552,"gate_30",2,FALSE,FALSE
1711558,"gate_40",158,TRUE,TRUE
1711566,"gate_30",12,FALSE,FALSE
1711607,"gate_30",7,FALSE,FALSE
1711794,"gate_40",111,TRUE,TRUE
1712065,"gate_30",7,FALSE,FALSE
1712300,"gate_40",56,TRUE,FALSE
1712406,"gate_30",2,FALSE,FALSE
1712558,"gate_40",4,FALSE,FALSE
1712646,"gate_40",22,FALSE,FALSE
1712683,"gate_40",0,FALSE,FALSE
1712750,"gate_30",1,FALSE,FALSE
1712808,"gate_40",0,FALSE,FALSE
1712810,"gate_40",52,TRUE,FALSE
1712846,"gate_30",11,FALSE,FALSE
1712938,"gate_30",9,FALSE,FALSE
1712960,"gate_40",69,TRUE,FALSE
1713001,"gate_40",33,TRUE,FALSE
1713138,"gate_30",0,FALSE,FALSE
1713188,"gate_40",16,TRUE,FALSE
1713248,"gate_40",20,TRUE,FALSE
1713340,"gate_30",93,FALSE,FALSE
1713342,"gate_40",7,FALSE,FALSE
1713362,"gate_30",77,FALSE,FALSE
1713457,"gate_40",39,TRUE,FALSE
1713601,"gate_30",11,FALSE,FALSE
1713640,"gate_40",397,TRUE,TRUE
1713735,"gate_40",164,TRUE,FALSE
1713846,"gate_30",125,TRUE,TRUE
1713929,"gate_30",6,FALSE,FALSE
1714305,"gate_30",22,TRUE,FALSE
1714342,"gate_40",2,FALSE,FALSE
1714385,"gate_30",41,TRUE,TRUE
1714548,"gate_40",40,FALSE,FALSE
1714578,"gate_30",51,TRUE,TRUE
1714626,"gate_40",419,FALSE,TRUE
1714732,"gate_30",38,TRUE,TRUE
1714764,"gate_40",5,FALSE,FALSE
1714824,"gate_40",50,FALSE,FALSE
1714964,"gate_30",4,FALSE,FALSE
1715036,"gate_30",0,FALSE,FALSE
1715093,"gate_40",317,FALSE,TRUE
1715177,"gate_30",57,FALSE,TRUE
1715389,"gate_40",36,TRUE,TRUE
1715430,"gate_30",102,FALSE,FALSE
1715592,"gate_40",8,FALSE,FALSE
1715619,"gate_40",15,FALSE,TRUE
1715662,"gate_30",29,FALSE,FALSE
1715663,"gate_40",9,FALSE,FALSE
1715747,"gate_30",64,TRUE,FALSE
1715868,"gate_30",0,FALSE,FALSE
1716005,"gate_30",15,FALSE,FALSE
1716042,"gate_30",9,FALSE,FALSE
1716091,"gate_40",5,FALSE,FALSE
1716151,"gate_30",3,FALSE,FALSE
1716168,"gate_40",66,TRUE,FALSE
1716189,"gate_40",19,TRUE,FALSE
1716328,"gate_30",9,FALSE,FALSE
1716375,"gate_40",88,TRUE,FALSE
1716555,"gate_40",73,TRUE,FALSE
1716749,"gate_40",16,TRUE,FALSE
1716799,"gate_40",29,TRUE,FALSE
1716924,"gate_40",13,FALSE,FALSE
1716941,"gate_40",57,TRUE,FALSE
1716985,"gate_30",3,FALSE,FALSE
1717019,"gate_40",1,FALSE,FALSE
1717308,"gate_40",1,FALSE,FALSE
1717643,"gate_30",42,FALSE,TRUE
1717918,"gate_30",2,FALSE,FALSE
1717959,"gate_30",6,TRUE,FALSE
1717960,"gate_40",8,FALSE,FALSE
1718249,"gate_40",32,FALSE,TRUE
1718441,"gate_40",2,FALSE,FALSE
1718747,"gate_30",3,FALSE,FALSE
1719166,"gate_30",2,FALSE,FALSE
1719206,"gate_30",173,TRUE,TRUE
1719664,"gate_40",23,TRUE,TRUE
1719799,"gate_40",130,TRUE,FALSE
1719892,"gate_30",15,FALSE,FALSE
1719914,"gate_40",19,TRUE,FALSE
1720005,"gate_30",11,FALSE,FALSE
1720085,"gate_30",26,TRUE,FALSE
1720241,"gate_30",1,FALSE,FALSE
1720329,"gate_40",50,FALSE,FALSE
1720375,"gate_30",0,FALSE,FALSE
1720477,"gate_40",79,TRUE,FALSE
1720484,"gate_30",34,FALSE,FALSE
1720909,"gate_30",5,FALSE,FALSE
1720960,"gate_30",6,TRUE,FALSE
1720996,"gate_40",4,FALSE,FALSE
1721109,"gate_30",14,TRUE,FALSE
1721188,"gate_40",104,TRUE,TRUE
1721229,"gate_30",34,FALSE,FALSE
1721458,"gate_30",30,TRUE,FALSE
1721669,"gate_30",145,TRUE,FALSE
1721777,"gate_40",5,FALSE,FALSE
1722093,"gate_30",143,TRUE,TRUE
1722143,"gate_40",3,FALSE,FALSE
1722456,"gate_40",102,TRUE,FALSE
1722557,"gate_40",39,TRUE,TRUE
1723064,"gate_30",19,FALSE,FALSE
1723427,"gate_30",3,TRUE,FALSE
1723614,"gate_30",33,FALSE,FALSE
1723769,"gate_40",14,FALSE,FALSE
1723813,"gate_30",48,FALSE,FALSE
1723824,"gate_30",20,FALSE,FALSE
1723902,"gate_40",133,TRUE,TRUE
1723996,"gate_40",262,TRUE,TRUE
1724028,"gate_30",4,FALSE,FALSE
1724142,"gate_40",6,TRUE,FALSE
1724453,"gate_40",11,TRUE,FALSE
1724503,"gate_30",1,FALSE,FALSE
1724653,"gate_40",37,TRUE,FALSE
1724694,"gate_40",14,TRUE,TRUE
1724696,"gate_30",35,FALSE,FALSE
1724791,"gate_40",38,FALSE,FALSE
1724840,"gate_30",6,FALSE,FALSE
1725040,"gate_30",71,FALSE,TRUE
1725096,"gate_40",6,FALSE,FALSE
1725113,"gate_40",13,FALSE,FALSE
1725179,"gate_30",4,FALSE,FALSE
1725195,"gate_40",6,FALSE,TRUE
1725224,"gate_30",51,TRUE,FALSE
1725465,"gate_30",2,FALSE,FALSE
1725651,"gate_40",89,TRUE,TRUE
1725661,"gate_30",1,FALSE,FALSE
1725675,"gate_40",1,FALSE,FALSE
1725985,"gate_30",29,TRUE,FALSE
1726010,"gate_30",1,FALSE,FALSE
1726054,"gate_30",73,FALSE,FALSE
1726087,"gate_40",56,FALSE,FALSE
1726108,"gate_40",116,TRUE,TRUE
1726138,"gate_30",21,FALSE,TRUE
1726272,"gate_40",32,TRUE,FALSE
1726273,"gate_40",2,FALSE,FALSE
1726700,"gate_40",18,FALSE,FALSE
1726830,"gate_30",1,FALSE,FALSE
1726864,"gate_40",7,FALSE,FALSE
1726878,"gate_40",210,TRUE,FALSE
1726893,"gate_40",38,TRUE,TRUE
1726964,"gate_40",0,FALSE,FALSE
1727029,"gate_30",5,FALSE,FALSE
1727053,"gate_30",23,FALSE,FALSE
1727406,"gate_30",31,TRUE,TRUE
1727414,"gate_40",34,TRUE,FALSE
1727554,"gate_30",21,TRUE,FALSE
1727604,"gate_40",0,FALSE,FALSE
1727663,"gate_40",11,TRUE,FALSE
1727727,"gate_30",17,FALSE,FALSE
1727760,"gate_40",17,FALSE,FALSE
1727816,"gate_30",381,TRUE,TRUE
1727874,"gate_40",1,FALSE,FALSE
1728040,"gate_30",97,TRUE,TRUE
1728372,"gate_30",22,TRUE,FALSE
1728385,"gate_40",60,TRUE,TRUE
1728460,"gate_30",2,FALSE,FALSE
1728600,"gate_30",18,FALSE,FALSE
1728674,"gate_30",2,FALSE,FALSE
1729023,"gate_30",6,FALSE,FALSE
1729195,"gate_40",47,FALSE,FALSE
1729420,"gate_40",62,TRUE,FALSE
1729905,"gate_30",46,TRUE,FALSE
1730030,"gate_30",48,FALSE,TRUE
1730241,"gate_40",25,TRUE,FALSE
1730407,"gate_40",5,FALSE,FALSE
1730451,"gate_30",186,TRUE,TRUE
1730456,"gate_30",1,FALSE,FALSE
1730644,"gate_30",39,FALSE,FALSE
1730737,"gate_30",6,FALSE,FALSE
1730870,"gate_40",1,FALSE,FALSE
1730936,"gate_40",4,FALSE,FALSE
1731138,"gate_40",4,FALSE,FALSE
1731164,"gate_30",35,TRUE,FALSE
1731216,"gate_30",1,FALSE,FALSE
1731220,"gate_30",2,TRUE,FALSE
1731224,"gate_40",103,TRUE,TRUE
1731249,"gate_30",426,TRUE,TRUE
1731410,"gate_30",19,FALSE,FALSE
1731607,"gate_30",9,TRUE,FALSE
1731866,"gate_40",0,FALSE,FALSE
1731873,"gate_30",3,FALSE,FALSE
1732012,"gate_40",45,TRUE,FALSE
1732097,"gate_40",9,FALSE,FALSE
1732134,"gate_40",16,TRUE,FALSE
1732211,"gate_40",12,FALSE,FALSE
1732282,"gate_30",29,FALSE,TRUE
1732370,"gate_30",493,TRUE,TRUE
1732536,"gate_30",17,FALSE,FALSE
1732572,"gate_30",4,FALSE,FALSE
1732729,"gate_40",26,TRUE,FALSE
1733064,"gate_30",92,FALSE,TRUE
1733259,"gate_40",37,TRUE,FALSE
1733436,"gate_30",14,TRUE,FALSE
1733731,"gate_40",16,TRUE,FALSE
1733871,"gate_40",579,TRUE,TRUE
1733881,"gate_40",20,FALSE,FALSE
1734109,"gate_30",6,FALSE,FALSE
1734183,"gate_40",0,FALSE,FALSE
1734241,"gate_30",181,TRUE,TRUE
1734663,"gate_40",16,FALSE,FALSE
1734683,"gate_30",251,TRUE,TRUE
1734830,"gate_40",130,TRUE,FALSE
1735150,"gate_30",27,FALSE,FALSE
1735389,"gate_30",0,FALSE,FALSE
1735399,"gate_30",1,FALSE,FALSE
1735524,"gate_30",35,TRUE,FALSE
1735689,"gate_40",14,FALSE,FALSE
1735699,"gate_40",40,TRUE,FALSE
1735776,"gate_40",11,FALSE,FALSE
1735874,"gate_30",27,TRUE,FALSE
1735931,"gate_30",13,TRUE,FALSE
1735966,"gate_40",169,TRUE,TRUE
1736043,"gate_30",4,FALSE,FALSE
1736102,"gate_40",30,FALSE,FALSE
1736278,"gate_30",158,TRUE,FALSE
1736363,"gate_30",590,TRUE,TRUE
1736402,"gate_40",41,TRUE,FALSE
1736574,"gate_40",38,FALSE,TRUE
1736762,"gate_40",7,TRUE,FALSE
1736830,"gate_40",4,FALSE,FALSE
1736937,"gate_40",22,TRUE,FALSE
1737173,"gate_30",265,TRUE,TRUE
1737322,"gate_30",15,FALSE,FALSE
1737363,"gate_40",7,FALSE,FALSE
1737428,"gate_40",57,TRUE,FALSE
1737547,"gate_40",2,FALSE,FALSE
1737639,"gate_40",68,TRUE,FALSE
1737681,"gate_30",4,FALSE,FALSE
1737754,"gate_30",47,TRUE,FALSE
1737898,"gate_40",54,TRUE,FALSE
1737915,"gate_40",1,FALSE,FALSE
1738003,"gate_30",12,FALSE,FALSE
1738091,"gate_30",26,FALSE,FALSE
1738186,"gate_30",63,TRUE,TRUE
1738200,"gate_40",196,TRUE,FALSE
1738220,"gate_30",1,FALSE,FALSE
1738270,"gate_40",29,TRUE,FALSE
1738293,"gate_30",22,FALSE,FALSE
1738295,"gate_30",339,TRUE,TRUE
1738497,"gate_30",7,FALSE,FALSE
1738539,"gate_30",25,TRUE,FALSE
1738812,"gate_40",18,FALSE,FALSE
1738824,"gate_30",0,FALSE,FALSE
1738893,"gate_30",47,TRUE,FALSE
1738941,"gate_30",1,FALSE,FALSE
1738973,"gate_30",61,FALSE,TRUE
1739028,"gate_30",3,FALSE,FALSE
1739099,"gate_30",30,FALSE,FALSE
1739250,"gate_40",17,TRUE,FALSE
1739327,"gate_40",149,TRUE,TRUE
1739397,"gate_30",44,TRUE,FALSE
1739787,"gate_30",213,TRUE,TRUE
1740145,"gate_40",66,TRUE,FALSE
1740261,"gate_30",14,FALSE,FALSE
1740438,"gate_30",12,FALSE,FALSE
1740469,"gate_40",18,FALSE,FALSE
1740514,"gate_30",14,FALSE,FALSE
1740590,"gate_30",6,FALSE,FALSE
1740616,"gate_30",3,FALSE,FALSE
1740633,"gate_30",27,TRUE,FALSE
1740651,"gate_30",161,TRUE,TRUE
1740824,"gate_30",36,FALSE,FALSE
1741037,"gate_30",76,FALSE,FALSE
1741047,"gate_30",1,FALSE,FALSE
1741489,"gate_40",3,TRUE,FALSE
1741637,"gate_40",155,TRUE,TRUE
1741720,"gate_30",52,FALSE,FALSE
1741986,"gate_30",101,TRUE,TRUE
1742007,"gate_40",11,FALSE,FALSE
1742015,"gate_30",2,FALSE,FALSE
1742067,"gate_30",0,FALSE,FALSE
1742174,"gate_30",110,FALSE,FALSE
1742252,"gate_30",37,TRUE,FALSE
1742255,"gate_30",3,FALSE,FALSE
1742442,"gate_30",119,TRUE,TRUE
1742527,"gate_30",35,TRUE,FALSE
1742589,"gate_30",21,FALSE,FALSE
1742617,"gate_30",39,TRUE,TRUE
1742638,"gate_40",4,FALSE,FALSE
1742651,"gate_40",37,TRUE,FALSE
1742652,"gate_40",56,TRUE,FALSE
1742746,"gate_30",77,TRUE,FALSE
1742859,"gate_40",140,TRUE,FALSE
1742943,"gate_30",4,FALSE,FALSE
1742989,"gate_40",6,FALSE,FALSE
1743051,"gate_30",19,TRUE,FALSE
1743146,"gate_30",39,TRUE,FALSE
1743522,"gate_30",107,TRUE,TRUE
1743575,"gate_30",29,TRUE,TRUE
1743655,"gate_30",1,FALSE,FALSE
1743813,"gate_40",25,FALSE,FALSE
1743898,"gate_40",8,FALSE,FALSE
1743914,"gate_40",126,TRUE,TRUE
1743924,"gate_30",5,FALSE,FALSE
1744031,"gate_40",1,FALSE,FALSE
1744210,"gate_30",60,FALSE,FALSE
1744280,"gate_40",141,TRUE,FALSE
1744376,"gate_30",77,TRUE,FALSE
1744580,"gate_30",8,FALSE,FALSE
1744594,"gate_40",22,TRUE,FALSE
1744652,"gate_40",1,FALSE,FALSE
1744663,"gate_30",1,FALSE,FALSE
1745083,"gate_30",1,FALSE,FALSE
1745245,"gate_30",14,FALSE,FALSE
1745260,"gate_40",5,FALSE,FALSE
1745531,"gate_30",85,TRUE,FALSE
1745660,"gate_30",9,TRUE,FALSE
1746073,"gate_30",15,FALSE,FALSE
1746090,"gate_40",38,FALSE,FALSE
1746091,"gate_40",32,TRUE,FALSE
1746198,"gate_40",14,TRUE,FALSE
1746205,"gate_40",358,TRUE,TRUE
1746498,"gate_40",0,FALSE,FALSE
1746522,"gate_40",395,TRUE,TRUE
1746650,"gate_40",66,FALSE,TRUE
1746704,"gate_40",106,TRUE,FALSE
1746945,"gate_40",4,FALSE,FALSE
1747181,"gate_40",16,TRUE,FALSE
1747184,"gate_40",100,TRUE,FALSE
1747299,"gate_30",152,FALSE,TRUE
1747304,"gate_40",4,FALSE,FALSE
1747667,"gate_40",0,FALSE,FALSE
1747712,"gate_30",24,TRUE,TRUE
1747726,"gate_40",6,FALSE,FALSE
1748012,"gate_40",5,FALSE,FALSE
1748073,"gate_30",3,FALSE,FALSE
1748082,"gate_30",5,FALSE,FALSE
1748113,"gate_40",93,FALSE,FALSE
1748118,"gate_40",134,TRUE,FALSE
1748172,"gate_40",336,TRUE,FALSE
1748883,"gate_40",32,FALSE,FALSE
1748901,"gate_40",126,TRUE,TRUE
1748952,"gate_30",19,TRUE,FALSE
1749123,"gate_30",18,TRUE,FALSE
1749145,"gate_30",3,FALSE,FALSE
1749204,"gate_30",128,TRUE,TRUE
1749642,"gate_30",7,FALSE,FALSE
1749650,"gate_30",0,FALSE,FALSE
1749700,"gate_30",57,TRUE,TRUE
1749904,"gate_40",199,TRUE,TRUE
1749987,"gate_40",19,TRUE,FALSE
1749993,"gate_40",262,FALSE,TRUE
1750284,"gate_40",43,FALSE,FALSE
1750302,"gate_40",218,TRUE,FALSE
1750429,"gate_30",141,TRUE,TRUE
1750447,"gate_40",20,TRUE,FALSE
1750464,"gate_40",13,FALSE,FALSE
1750475,"gate_40",5,FALSE,FALSE
1750701,"gate_40",0,FALSE,FALSE
1750781,"gate_30",5,TRUE,FALSE
1750894,"gate_40",12,FALSE,FALSE
1750943,"gate_30",98,TRUE,FALSE
1751038,"gate_30",4,FALSE,FALSE
1751069,"gate_40",3,FALSE,FALSE
1751163,"gate_30",19,FALSE,FALSE
1751272,"gate_40",5,FALSE,FALSE
1751648,"gate_40",425,TRUE,TRUE
1751677,"gate_30",5,TRUE,FALSE
1751934,"gate_30",46,FALSE,TRUE
1752082,"gate_30",163,TRUE,TRUE
1752204,"gate_40",816,TRUE,TRUE
1752286,"gate_30",205,TRUE,FALSE
1752332,"gate_30",52,TRUE,FALSE
1752360,"gate_30",4,FALSE,FALSE
1752416,"gate_30",27,TRUE,FALSE
1752456,"gate_40",53,TRUE,TRUE
1752521,"gate_30",51,TRUE,TRUE
1752609,"gate_40",112,TRUE,TRUE
1752611,"gate_40",37,FALSE,TRUE
1752630,"gate_40",62,TRUE,TRUE
1752656,"gate_30",20,TRUE,FALSE
1752875,"gate_30",0,FALSE,FALSE
1752912,"gate_40",157,TRUE,FALSE
1753002,"gate_40",0,FALSE,FALSE
1753071,"gate_40",10,FALSE,FALSE
1753221,"gate_40",4,FALSE,FALSE
1753423,"gate_40",0,FALSE,FALSE
1753429,"gate_30",7,FALSE,TRUE
1753606,"gate_40",1,FALSE,FALSE
1753689,"gate_30",27,TRUE,FALSE
1753837,"gate_30",12,FALSE,FALSE
1754039,"gate_40",0,FALSE,FALSE
1754096,"gate_40",18,TRUE,FALSE
1754127,"gate_30",2,FALSE,FALSE
1754280,"gate_30",7,FALSE,FALSE
1754593,"gate_30",5,FALSE,FALSE
1754600,"gate_30",54,TRUE,FALSE
1754613,"gate_30",100,TRUE,TRUE
1754788,"gate_40",0,FALSE,FALSE
1754987,"gate_40",9,FALSE,FALSE
1755238,"gate_40",7,FALSE,FALSE
1755785,"gate_40",5,FALSE,FALSE
1755793,"gate_30",9,FALSE,TRUE
1755847,"gate_40",430,TRUE,TRUE
1755896,"gate_40",8,FALSE,FALSE
1756103,"gate_40",0,FALSE,FALSE
1756173,"gate_30",12,FALSE,FALSE
1756314,"gate_40",15,FALSE,FALSE
1756411,"gate_40",2,FALSE,FALSE
1756569,"gate_40",1,TRUE,FALSE
1756691,"gate_30",168,TRUE,TRUE
1756725,"gate_30",55,TRUE,FALSE
1757001,"gate_30",98,TRUE,FALSE
1757071,"gate_40",21,FALSE,FALSE
1757390,"gate_40",17,TRUE,FALSE
1757400,"gate_40",70,TRUE,FALSE
1757507,"gate_30",3,FALSE,FALSE
1757533,"gate_30",4,FALSE,FALSE
1757634,"gate_40",31,FALSE,TRUE
1757744,"gate_30",155,TRUE,TRUE
1757748,"gate_30",30,FALSE,FALSE
1757769,"gate_30",30,FALSE,FALSE
1757848,"gate_40",0,FALSE,FALSE
1757889,"gate_30",348,TRUE,TRUE
1757921,"gate_40",1,FALSE,FALSE
1758010,"gate_40",17,TRUE,FALSE
1758168,"gate_30",1,FALSE,FALSE
1758193,"gate_40",93,TRUE,FALSE
1758328,"gate_30",288,TRUE,TRUE
1758333,"gate_30",29,FALSE,FALSE
1758371,"gate_30",0,FALSE,FALSE
1758435,"gate_40",46,TRUE,FALSE
1758442,"gate_30",1,FALSE,FALSE
1758516,"gate_30",1,FALSE,FALSE
1758592,"gate_30",51,TRUE,FALSE
1758727,"gate_40",4,TRUE,FALSE
1758753,"gate_40",34,FALSE,TRUE
1758805,"gate_40",75,TRUE,FALSE
1758825,"gate_40",4,FALSE,FALSE
1758942,"gate_30",21,TRUE,FALSE
1758954,"gate_40",1,FALSE,FALSE
1759068,"gate_40",15,TRUE,FALSE
1759148,"gate_40",9,FALSE,FALSE
1759215,"gate_30",1,FALSE,FALSE
1759253,"gate_40",4,TRUE,FALSE
1759304,"gate_30",31,FALSE,TRUE
1759346,"gate_40",25,FALSE,FALSE
1759481,"gate_40",39,TRUE,FALSE
1759518,"gate_30",1,FALSE,FALSE
1759603,"gate_30",1,FALSE,FALSE
1759656,"gate_30",35,TRUE,FALSE
1759691,"gate_40",3,FALSE,FALSE
1759714,"gate_40",21,FALSE,FALSE
1759844,"gate_30",15,FALSE,FALSE
1759928,"gate_30",840,TRUE,TRUE
1759951,"gate_40",27,FALSE,FALSE
1760043,"gate_30",95,TRUE,FALSE
1760148,"gate_40",16,FALSE,FALSE
1760265,"gate_30",120,TRUE,TRUE
1760276,"gate_40",15,FALSE,FALSE
1760576,"gate_30",18,FALSE,FALSE
1760614,"gate_30",7,FALSE,FALSE
1760681,"gate_30",5,FALSE,FALSE
1760753,"gate_30",21,TRUE,FALSE
1760761,"gate_30",64,TRUE,TRUE
1760790,"gate_30",23,FALSE,TRUE
1761036,"gate_30",1,FALSE,FALSE
1761109,"gate_40",40,TRUE,FALSE
1761131,"gate_30",11,FALSE,TRUE
1761749,"gate_40",50,FALSE,TRUE
1761787,"gate_30",25,TRUE,FALSE
1762055,"gate_30",18,FALSE,FALSE
1762271,"gate_40",3,FALSE,FALSE
1762272,"gate_40",13,FALSE,FALSE
1762313,"gate_30",68,TRUE,TRUE
1762408,"gate_30",118,TRUE,TRUE
1762413,"gate_30",1,FALSE,FALSE
1762572,"gate_30",0,FALSE,FALSE
1762857,"gate_30",7,FALSE,FALSE
1762890,"gate_40",63,TRUE,FALSE
1763047,"gate_40",28,FALSE,FALSE
1763098,"gate_30",1,FALSE,FALSE
1763101,"gate_40",1,FALSE,FALSE
1763314,"gate_40",8,FALSE,FALSE
1763344,"gate_30",8,FALSE,FALSE
1763433,"gate_30",16,TRUE,FALSE
1763459,"gate_30",55,TRUE,TRUE
1763489,"gate_40",17,FALSE,FALSE
1763625,"gate_30",34,TRUE,FALSE
1763807,"gate_30",197,TRUE,TRUE
1764023,"gate_30",0,FALSE,TRUE
1764059,"gate_40",49,TRUE,TRUE
1764500,"gate_30",23,FALSE,FALSE
1764542,"gate_40",69,TRUE,FALSE
1764695,"gate_30",35,TRUE,FALSE
1764822,"gate_40",5,FALSE,FALSE
1764920,"gate_40",159,FALSE,TRUE
1765323,"gate_30",17,TRUE,FALSE
1765329,"gate_30",100,FALSE,TRUE
1765357,"gate_30",17,TRUE,FALSE
1765365,"gate_40",23,TRUE,FALSE
1765487,"gate_30",15,FALSE,FALSE
1765582,"gate_40",60,TRUE,FALSE
1765630,"gate_40",72,TRUE,FALSE
1765643,"gate_30",92,TRUE,TRUE
1765738,"gate_30",10,FALSE,FALSE
1765809,"gate_40",0,FALSE,FALSE
1765882,"gate_40",2,FALSE,FALSE
1765965,"gate_40",9,FALSE,FALSE
1766044,"gate_30",0,FALSE,FALSE
1766183,"gate_40",50,FALSE,FALSE
1766217,"gate_30",17,FALSE,FALSE
1766277,"gate_40",80,TRUE,FALSE
1766535,"gate_30",0,FALSE,FALSE
1766591,"gate_40",1,FALSE,FALSE
1766636,"gate_30",94,TRUE,FALSE
1767010,"gate_30",26,TRUE,FALSE
1767236,"gate_30",15,FALSE,FALSE
1767354,"gate_40",3,FALSE,FALSE
1767358,"gate_30",1,FALSE,FALSE
1767365,"gate_40",123,TRUE,FALSE
1767736,"gate_30",152,TRUE,TRUE
1767787,"gate_40",36,FALSE,TRUE
1768342,"gate_40",19,TRUE,FALSE
1768645,"gate_30",27,FALSE,TRUE
1768700,"gate_40",22,FALSE,TRUE
1769069,"gate_40",79,TRUE,FALSE
1769127,"gate_40",1,FALSE,FALSE
1769207,"gate_40",10,FALSE,FALSE
1769524,"gate_40",43,FALSE,FALSE
1769577,"gate_40",3,FALSE,FALSE
1769667,"gate_30",161,TRUE,FALSE
1769805,"gate_40",25,TRUE,FALSE
1769819,"gate_40",0,FALSE,FALSE
1769854,"gate_30",157,TRUE,TRUE
1769878,"gate_40",8,FALSE,FALSE
1769958,"gate_40",1,FALSE,FALSE
1770014,"gate_30",33,TRUE,FALSE
1770015,"gate_40",30,TRUE,FALSE
1770038,"gate_30",54,TRUE,FALSE
1770090,"gate_30",76,TRUE,TRUE
1770106,"gate_30",13,FALSE,FALSE
1770249,"gate_30",3,FALSE,FALSE
1770252,"gate_30",135,TRUE,FALSE
1770374,"gate_30",2,FALSE,FALSE
1770569,"gate_40",257,TRUE,TRUE
1770576,"gate_30",5,FALSE,FALSE
1770625,"gate_40",21,TRUE,FALSE
1770632,"gate_40",11,TRUE,FALSE
1770686,"gate_40",26,FALSE,FALSE
1770771,"gate_30",377,TRUE,TRUE
1770845,"gate_30",8,FALSE,FALSE
1770992,"gate_30",15,TRUE,FALSE
1771137,"gate_40",1,FALSE,FALSE
1771175,"gate_30",130,TRUE,FALSE
1771189,"gate_30",3,FALSE,FALSE
1771216,"gate_30",3,FALSE,FALSE
1771236,"gate_40",20,FALSE,FALSE
1771396,"gate_40",36,TRUE,FALSE
1771445,"gate_30",238,TRUE,FALSE
1771450,"gate_30",69,FALSE,FALSE
1771452,"gate_40",124,TRUE,FALSE
1771832,"gate_30",55,TRUE,TRUE
1771907,"gate_30",642,TRUE,TRUE
1771985,"gate_40",7,FALSE,FALSE
1772242,"gate_40",2,FALSE,FALSE
1772605,"gate_30",22,TRUE,FALSE
1772724,"gate_40",7,FALSE,FALSE
1772937,"gate_40",5,FALSE,FALSE
1773004,"gate_40",149,TRUE,TRUE
1773024,"gate_40",625,TRUE,TRUE
1773098,"gate_30",19,FALSE,FALSE
1773278,"gate_30",38,TRUE,FALSE
1773303,"gate_30",236,TRUE,TRUE
1773436,"gate_30",66,TRUE,TRUE
1773527,"gate_30",32,TRUE,FALSE
1773986,"gate_30",0,FALSE,FALSE
1774158,"gate_30",384,TRUE,TRUE
1774202,"gate_30",2,FALSE,FALSE
1774224,"gate_30",1,FALSE,FALSE
1774229,"gate_40",4,FALSE,FALSE
1774253,"gate_40",61,TRUE,FALSE
1774511,"gate_30",15,FALSE,FALSE
1774705,"gate_40",9,FALSE,FALSE
1774811,"gate_40",37,FALSE,FALSE
1774960,"gate_40",3,FALSE,FALSE
1774994,"gate_30",47,TRUE,FALSE
1775195,"gate_30",5,FALSE,FALSE
1775231,"gate_30",26,TRUE,FALSE
1775387,"gate_40",68,TRUE,FALSE
1775501,"gate_30",55,TRUE,FALSE
1775515,"gate_40",6,FALSE,FALSE
1775700,"gate_40",79,TRUE,FALSE
1775925,"gate_30",158,TRUE,FALSE
1775977,"gate_40",3,FALSE,FALSE
1776242,"gate_30",0,FALSE,FALSE
1776368,"gate_40",3,FALSE,FALSE
1776373,"gate_40",3,FALSE,FALSE
1776463,"gate_30",32,TRUE,TRUE
1776720,"gate_30",12,TRUE,TRUE
1777050,"gate_30",30,TRUE,FALSE
1777060,"gate_30",6,FALSE,FALSE
1777378,"gate_40",129,TRUE,TRUE
1777508,"gate_30",3,FALSE,FALSE
1777561,"gate_40",53,TRUE,FALSE
1777866,"gate_40",1,FALSE,FALSE
1777957,"gate_30",96,TRUE,TRUE
1777970,"gate_30",4,FALSE,FALSE
1778181,"gate_30",5,FALSE,FALSE
1778225,"gate_30",6,FALSE,FALSE
1778228,"gate_40",189,FALSE,TRUE
1778586,"gate_40",4,FALSE,FALSE
1778625,"gate_40",14,TRUE,FALSE
1778793,"gate_30",20,TRUE,FALSE
1778837,"gate_40",193,TRUE,TRUE
1778953,"gate_40",8,FALSE,TRUE
1778982,"gate_40",12,FALSE,FALSE
1779089,"gate_30",4,FALSE,FALSE
1779153,"gate_30",11,FALSE,FALSE
1779286,"gate_40",1,FALSE,FALSE
1779523,"gate_30",305,TRUE,TRUE
1779565,"gate_30",61,TRUE,FALSE
1779596,"gate_30",17,FALSE,TRUE
1779733,"gate_40",6,TRUE,FALSE
1779948,"gate_40",0,FALSE,FALSE
1780055,"gate_30",17,FALSE,FALSE
1780114,"gate_40",6,FALSE,FALSE
1780204,"gate_30",13,FALSE,FALSE
1780216,"gate_40",127,TRUE,TRUE
1780229,"gate_40",102,TRUE,TRUE
1780292,"gate_40",5,FALSE,FALSE
1780388,"gate_40",19,FALSE,FALSE
1780485,"gate_40",18,TRUE,FALSE
1780604,"gate_40",35,FALSE,FALSE
1780882,"gate_40",206,TRUE,TRUE
1780926,"gate_30",188,TRUE,TRUE
1781054,"gate_30",27,TRUE,FALSE
1781110,"gate_40",25,TRUE,FALSE
1781590,"gate_30",8,TRUE,FALSE
1781861,"gate_40",71,TRUE,FALSE
1781915,"gate_40",39,TRUE,FALSE
1781985,"gate_30",420,TRUE,TRUE
1782009,"gate_40",61,TRUE,FALSE
1782025,"gate_40",4,FALSE,FALSE
1782076,"gate_40",2,FALSE,FALSE
1782106,"gate_30",13,FALSE,FALSE
1782285,"gate_40",33,FALSE,FALSE
1782362,"gate_40",1,FALSE,FALSE
1782403,"gate_40",93,TRUE,TRUE
1782459,"gate_30",125,TRUE,FALSE
1782696,"gate_30",3,FALSE,FALSE
1782800,"gate_40",42,FALSE,FALSE
1782955,"gate_40",0,FALSE,FALSE
1783054,"gate_30",8,FALSE,FALSE
1783207,"gate_30",19,TRUE,FALSE
1783288,"gate_30",8,FALSE,FALSE
1783423,"gate_40",24,FALSE,FALSE
1783546,"gate_30",147,FALSE,TRUE
1783689,"gate_30",4,FALSE,FALSE
1783851,"gate_30",97,FALSE,FALSE
1783855,"gate_30",33,FALSE,FALSE
1783958,"gate_40",61,TRUE,TRUE
1784035,"gate_30",4,FALSE,FALSE
1784088,"gate_40",268,TRUE,TRUE
1784362,"gate_30",0,FALSE,FALSE
1784838,"gate_30",16,FALSE,FALSE
1784859,"gate_40",6,TRUE,FALSE
1784955,"gate_40",11,TRUE,FALSE
1785042,"gate_30",3,FALSE,FALSE
1785101,"gate_40",43,TRUE,FALSE
1785120,"gate_40",2,FALSE,FALSE
1785172,"gate_30",36,TRUE,FALSE
1785195,"gate_30",0,TRUE,FALSE
1785435,"gate_30",4,TRUE,FALSE
1785447,"gate_30",7,FALSE,FALSE
1785518,"gate_30",27,FALSE,FALSE
1785706,"gate_30",321,TRUE,FALSE
1785707,"gate_30",91,TRUE,FALSE
1785803,"gate_40",27,TRUE,FALSE
1785842,"gate_40",3,FALSE,FALSE
1785913,"gate_30",30,FALSE,FALSE
1786015,"gate_40",36,TRUE,FALSE
1786279,"gate_30",5,FALSE,FALSE
1786333,"gate_30",23,FALSE,FALSE
1786355,"gate_40",0,FALSE,FALSE
1786376,"gate_40",66,TRUE,FALSE
1786536,"gate_30",6,FALSE,FALSE
1786568,"gate_40",704,TRUE,TRUE
1786593,"gate_30",1,FALSE,FALSE
1786619,"gate_40",1,FALSE,FALSE
1786762,"gate_30",55,TRUE,FALSE
1786853,"gate_40",118,FALSE,FALSE
1787210,"gate_30",9,TRUE,FALSE
1787647,"gate_40",19,FALSE,FALSE
1787781,"gate_30",1,FALSE,FALSE
1787789,"gate_30",43,FALSE,FALSE
1787858,"gate_40",74,TRUE,TRUE
1787969,"gate_40",14,FALSE,FALSE
1788409,"gate_30",74,TRUE,FALSE
1788460,"gate_40",3,TRUE,FALSE
1788584,"gate_30",26,TRUE,FALSE
1788599,"gate_30",58,TRUE,TRUE
1788699,"gate_40",29,TRUE,FALSE
1788778,"gate_30",0,FALSE,FALSE
1788800,"gate_40",56,TRUE,FALSE
1788997,"gate_30",21,TRUE,FALSE
1789070,"gate_40",29,FALSE,FALSE
1789199,"gate_40",83,TRUE,FALSE
1789308,"gate_40",5,FALSE,FALSE
1789312,"gate_30",6,FALSE,FALSE
1789957,"gate_30",1,FALSE,FALSE
1790263,"gate_30",0,FALSE,FALSE
1790336,"gate_40",2,FALSE,FALSE
1790358,"gate_30",5,FALSE,FALSE
1790406,"gate_40",264,TRUE,TRUE
1790547,"gate_40",2,FALSE,FALSE
1790780,"gate_40",72,TRUE,TRUE
1790795,"gate_40",45,TRUE,FALSE
1790837,"gate_30",11,FALSE,FALSE
1790881,"gate_30",11,TRUE,FALSE
1791124,"gate_40",15,FALSE,FALSE
1791135,"gate_30",43,FALSE,TRUE
1791339,"gate_30",43,TRUE,FALSE
1791452,"gate_40",53,FALSE,FALSE
1791525,"gate_30",52,TRUE,FALSE
1792025,"gate_40",52,FALSE,FALSE
1792115,"gate_40",61,TRUE,TRUE
1792186,"gate_40",42,TRUE,TRUE
1792370,"gate_40",1,FALSE,FALSE
1792530,"gate_40",19,TRUE,FALSE
1792568,"gate_40",345,FALSE,TRUE
1792577,"gate_30",17,TRUE,FALSE
1792651,"gate_30",3,FALSE,FALSE
1792652,"gate_30",5,FALSE,TRUE
1792878,"gate_40",212,TRUE,FALSE
1792888,"gate_30",16,FALSE,FALSE
1792901,"gate_30",181,TRUE,FALSE
1793073,"gate_40",7,FALSE,FALSE
1793149,"gate_40",16,TRUE,FALSE
1793382,"gate_40",2,FALSE,FALSE
1793475,"gate_40",12,FALSE,FALSE
1793913,"gate_30",1,FALSE,FALSE
1793989,"gate_40",7,FALSE,FALSE
1793999,"gate_30",7,FALSE,FALSE
1794032,"gate_40",96,FALSE,TRUE
1794139,"gate_40",4,FALSE,FALSE
1794185,"gate_40",318,TRUE,TRUE
1794321,"gate_40",84,TRUE,FALSE
1794673,"gate_30",10,FALSE,FALSE
1794687,"gate_30",20,FALSE,FALSE
1794749,"gate_30",40,FALSE,FALSE
1794835,"gate_30",150,TRUE,TRUE
1795142,"gate_30",4,FALSE,FALSE
1795195,"gate_40",4,FALSE,FALSE
1795269,"gate_40",6,FALSE,FALSE
1795345,"gate_30",16,FALSE,FALSE
1795666,"gate_40",25,TRUE,FALSE
1795826,"gate_40",0,FALSE,FALSE
1796009,"gate_40",2,FALSE,FALSE
1796052,"gate_30",32,TRUE,FALSE
1796345,"gate_30",47,FALSE,FALSE
1796470,"gate_40",116,TRUE,FALSE
1796472,"gate_30",12,TRUE,FALSE
1796562,"gate_40",159,TRUE,TRUE
1796600,"gate_40",4,FALSE,FALSE
1796617,"gate_40",0,FALSE,FALSE
1796839,"gate_30",86,TRUE,TRUE
1797040,"gate_40",71,TRUE,TRUE
1797177,"gate_40",16,FALSE,FALSE
1797192,"gate_30",217,TRUE,TRUE
1797299,"gate_30",68,TRUE,TRUE
1797473,"gate_30",2,FALSE,FALSE
1797608,"gate_30",22,FALSE,FALSE
1798157,"gate_30",8,FALSE,FALSE
1798168,"gate_30",50,FALSE,TRUE
1798343,"gate_30",14,FALSE,FALSE
1798348,"gate_30",6,FALSE,TRUE
1798383,"gate_30",41,TRUE,TRUE
1798452,"gate_30",227,TRUE,TRUE
1798573,"gate_30",15,TRUE,FALSE
1798612,"gate_40",106,FALSE,FALSE
1798643,"gate_30",169,TRUE,TRUE
1798679,"gate_40",26,TRUE,FALSE
1798812,"gate_30",167,TRUE,TRUE
1799082,"gate_30",3,FALSE,FALSE
1799086,"gate_30",1,FALSE,FALSE
1799119,"gate_30",33,TRUE,FALSE
1799142,"gate_30",1,FALSE,FALSE
1799161,"gate_40",105,TRUE,FALSE
1799299,"gate_40",1,FALSE,FALSE
1799307,"gate_30",9,FALSE,FALSE
1799310,"gate_40",4,FALSE,FALSE
1799340,"gate_30",0,FALSE,FALSE
1799875,"gate_30",27,FALSE,FALSE
1799876,"gate_40",5,FALSE,FALSE
1800020,"gate_30",10,FALSE,FALSE
1800092,"gate_40",50,FALSE,FALSE
1800186,"gate_40",1,FALSE,FALSE
1800202,"gate_30",5,FALSE,FALSE
1800413,"gate_40",14,TRUE,FALSE
1800424,"gate_40",46,TRUE,FALSE
1800492,"gate_30",150,TRUE,TRUE
1800594,"gate_40",10,FALSE,FALSE
1800699,"gate_30",15,TRUE,FALSE
1800777,"gate_30",2,TRUE,FALSE
1800785,"gate_30",10,FALSE,FALSE
1801475,"gate_40",3,FALSE,FALSE
1801770,"gate_40",1,FALSE,FALSE
1801831,"gate_40",2,FALSE,FALSE
1802119,"gate_30",5,TRUE,FALSE
1802167,"gate_40",23,FALSE,FALSE
1802390,"gate_40",41,FALSE,FALSE
1802604,"gate_30",40,FALSE,FALSE
1802699,"gate_30",23,FALSE,FALSE
1802811,"gate_40",10,FALSE,FALSE
1802867,"gate_40",26,FALSE,TRUE
1802916,"gate_40",8,FALSE,FALSE
1802931,"gate_30",59,TRUE,FALSE
1803076,"gate_40",20,TRUE,FALSE
1803108,"gate_30",275,TRUE,TRUE
1803354,"gate_40",15,FALSE,FALSE
1803721,"gate_30",44,FALSE,FALSE
1803805,"gate_30",37,TRUE,FALSE
1803930,"gate_40",158,TRUE,FALSE
1804187,"gate_40",19,TRUE,FALSE
1804253,"gate_40",470,TRUE,TRUE
1804283,"gate_30",14,TRUE,FALSE
1804366,"gate_30",0,FALSE,FALSE
1804580,"gate_40",5,FALSE,FALSE
1804773,"gate_30",1,FALSE,FALSE
1805002,"gate_40",4,FALSE,FALSE
1805110,"gate_40",4,FALSE,FALSE
1805216,"gate_40",98,TRUE,FALSE
1805491,"gate_40",61,FALSE,FALSE
1805565,"gate_40",20,TRUE,FALSE
1805681,"gate_30",75,TRUE,FALSE
1805786,"gate_40",15,TRUE,FALSE
1805914,"gate_30",136,TRUE,TRUE
1805938,"gate_40",18,TRUE,FALSE
1806010,"gate_30",1,FALSE,FALSE
1806232,"gate_30",125,TRUE,TRUE
1806388,"gate_40",103,FALSE,FALSE
1806614,"gate_40",12,FALSE,FALSE
1806756,"gate_40",288,FALSE,FALSE
1806843,"gate_40",150,TRUE,FALSE
1806859,"gate_30",5,FALSE,FALSE
1806885,"gate_40",5,TRUE,FALSE
1806936,"gate_40",2,FALSE,FALSE
1807220,"gate_30",0,FALSE,FALSE
1807254,"gate_30",4,TRUE,FALSE
1807357,"gate_30",15,FALSE,FALSE
1807359,"gate_30",103,TRUE,FALSE
1807361,"gate_30",11,TRUE,FALSE
1807421,"gate_30",5,FALSE,FALSE
1807546,"gate_40",44,TRUE,FALSE
1807863,"gate_30",7,TRUE,FALSE
1807925,"gate_40",17,FALSE,FALSE
1807958,"gate_30",19,FALSE,FALSE
1808511,"gate_40",4,FALSE,FALSE
1808514,"gate_30",65,TRUE,FALSE
1808703,"gate_30",3,FALSE,FALSE
1808728,"gate_40",176,TRUE,TRUE
1808934,"gate_40",12,TRUE,FALSE
1809123,"gate_30",86,TRUE,TRUE
1809152,"gate_30",8,FALSE,FALSE
1809244,"gate_30",1,FALSE,FALSE
1809292,"gate_30",29,FALSE,FALSE
1809303,"gate_40",3,TRUE,FALSE
1809319,"gate_40",3,FALSE,FALSE
1809335,"gate_40",4,TRUE,FALSE
1809345,"gate_40",144,TRUE,FALSE
1809512,"gate_30",3,FALSE,FALSE
1809693,"gate_30",172,FALSE,TRUE
1809840,"gate_40",16,TRUE,FALSE
1809912,"gate_40",3,FALSE,FALSE
1809915,"gate_40",2,FALSE,FALSE
1809934,"gate_40",16,TRUE,FALSE
1810278,"gate_30",20,FALSE,FALSE
1810368,"gate_40",14,FALSE,FALSE
1810431,"gate_40",39,TRUE,FALSE
1810443,"gate_30",57,FALSE,TRUE
1810492,"gate_40",8,FALSE,FALSE
1810646,"gate_30",4,FALSE,FALSE
1810671,"gate_40",30,TRUE,FALSE
1811090,"gate_40",0,FALSE,FALSE
1811235,"gate_30",2,FALSE,FALSE
1811355,"gate_30",12,FALSE,FALSE
1811529,"gate_30",65,TRUE,FALSE
1811534,"gate_40",32,FALSE,FALSE
1812161,"gate_30",0,FALSE,FALSE
1812785,"gate_40",179,TRUE,FALSE
1812844,"gate_40",7,FALSE,FALSE
1812881,"gate_30",0,FALSE,FALSE
1813336,"gate_30",33,FALSE,FALSE
1813337,"gate_40",9,FALSE,FALSE
1813344,"gate_40",21,TRUE,FALSE
1813404,"gate_40",101,TRUE,TRUE
1813538,"gate_40",85,TRUE,TRUE
1813539,"gate_30",31,FALSE,FALSE
1813584,"gate_30",31,FALSE,TRUE
1813623,"gate_40",9,FALSE,FALSE
1813649,"gate_30",115,TRUE,FALSE
1813652,"gate_30",2,FALSE,FALSE
1813711,"gate_30",50,FALSE,TRUE
1813837,"gate_40",1,FALSE,FALSE
1813994,"gate_40",4,FALSE,FALSE
1814069,"gate_30",32,TRUE,FALSE
1814156,"gate_30",1,FALSE,FALSE
1814174,"gate_30",8,FALSE,TRUE
1814185,"gate_40",35,TRUE,FALSE
1814256,"gate_40",28,TRUE,FALSE
1814380,"gate_40",24,TRUE,FALSE
1814619,"gate_30",13,FALSE,FALSE
1814648,"gate_30",4,FALSE,FALSE
1814796,"gate_30",0,FALSE,FALSE
1814870,"gate_40",252,TRUE,TRUE
1815118,"gate_40",15,TRUE,FALSE
1815250,"gate_30",51,TRUE,FALSE
1815444,"gate_30",0,FALSE,FALSE
1815776,"gate_30",7,FALSE,FALSE
1816181,"gate_40",8,TRUE,FALSE
1816263,"gate_30",145,FALSE,TRUE
1816392,"gate_40",2,FALSE,FALSE
1816610,"gate_30",135,TRUE,TRUE
1816680,"gate_40",0,FALSE,FALSE
1816821,"gate_30",46,TRUE,TRUE
1816876,"gate_40",0,TRUE,FALSE
1816982,"gate_30",265,TRUE,FALSE
1817132,"gate_30",35,FALSE,TRUE
1817710,"gate_30",1308,TRUE,TRUE
1817900,"gate_30",54,FALSE,FALSE
1818189,"gate_40",2,FALSE,FALSE
1818235,"gate_40",126,TRUE,FALSE
1818327,"gate_30",19,TRUE,FALSE
1818539,"gate_40",14,FALSE,FALSE
1818720,"gate_30",0,FALSE,FALSE
1818739,"gate_40",89,TRUE,TRUE
1818884,"gate_40",7,FALSE,FALSE
1818973,"gate_40",8,TRUE,FALSE
1819048,"gate_40",8,TRUE,FALSE
1819129,"gate_40",7,FALSE,FALSE
1819166,"gate_30",269,TRUE,TRUE
1819422,"gate_40",2,FALSE,FALSE
1819437,"gate_40",239,TRUE,TRUE
1819645,"gate_40",7,FALSE,FALSE
1819760,"gate_30",33,TRUE,FALSE
1819818,"gate_30",113,TRUE,FALSE
1819880,"gate_40",364,TRUE,TRUE
1819915,"gate_40",30,TRUE,FALSE
1819918,"gate_30",7,TRUE,FALSE
1819959,"gate_40",32,TRUE,FALSE
1820280,"gate_30",128,TRUE,FALSE
1820313,"gate_40",28,TRUE,TRUE
1820514,"gate_30",1,FALSE,FALSE
1820533,"gate_40",1,FALSE,FALSE
1820544,"gate_40",16,FALSE,TRUE
1820671,"gate_40",10,FALSE,FALSE
1820936,"gate_40",5,TRUE,FALSE
1820954,"gate_30",47,TRUE,TRUE
1821003,"gate_30",4,FALSE,FALSE
1821034,"gate_40",31,TRUE,FALSE
1821079,"gate_30",36,TRUE,FALSE
1821374,"gate_30",19,TRUE,FALSE
1821487,"gate_40",97,TRUE,FALSE
1821600,"gate_40",58,FALSE,TRUE
1821670,"gate_30",38,TRUE,FALSE
1821708,"gate_40",8,FALSE,FALSE
1822109,"gate_30",12,TRUE,FALSE
1822200,"gate_30",4,FALSE,FALSE
1822210,"gate_30",0,FALSE,FALSE
1822269,"gate_30",19,TRUE,FALSE
1822497,"gate_40",2,FALSE,FALSE
1822559,"gate_30",3,FALSE,FALSE
1822696,"gate_40",1,FALSE,FALSE
1823131,"gate_40",3,FALSE,FALSE
1823180,"gate_40",10,TRUE,FALSE
1823276,"gate_40",111,TRUE,TRUE
1823311,"gate_30",154,TRUE,TRUE
1823356,"gate_30",38,TRUE,FALSE
1823890,"gate_30",5,FALSE,FALSE
1823991,"gate_40",0,FALSE,FALSE
1823992,"gate_40",16,FALSE,FALSE
1824049,"gate_40",13,FALSE,FALSE
1824074,"gate_40",17,FALSE,FALSE
1824112,"gate_30",1,FALSE,FALSE
1824147,"gate_40",1,FALSE,FALSE
1824303,"gate_30",2,FALSE,FALSE
1824483,"gate_30",226,TRUE,TRUE
1824650,"gate_30",35,TRUE,FALSE
1824700,"gate_30",8,TRUE,FALSE
1824782,"gate_40",19,TRUE,FALSE
1824854,"gate_40",23,FALSE,FALSE
1824995,"gate_30",0,FALSE,FALSE
1825003,"gate_40",20,TRUE,FALSE
1825016,"gate_40",34,TRUE,FALSE
1825042,"gate_40",33,FALSE,FALSE
1825090,"gate_30",32,TRUE,FALSE
1825126,"gate_30",49,TRUE,FALSE
1825431,"gate_30",1,FALSE,FALSE
1825484,"gate_40",8,FALSE,FALSE
1825503,"gate_30",127,TRUE,TRUE
1825549,"gate_30",204,TRUE,TRUE
1825668,"gate_30",9,FALSE,FALSE
1825690,"gate_40",26,TRUE,FALSE
1825870,"gate_30",2,FALSE,FALSE
1825871,"gate_30",2,FALSE,FALSE
1825923,"gate_40",66,FALSE,TRUE
1825984,"gate_40",1,FALSE,FALSE
1826080,"gate_40",116,FALSE,FALSE
1826158,"gate_30",105,TRUE,TRUE
1826159,"gate_40",120,FALSE,TRUE
1826223,"gate_40",7,FALSE,FALSE
1826252,"gate_40",21,TRUE,TRUE
1826533,"gate_40",42,FALSE,FALSE
1826860,"gate_30",7,FALSE,FALSE
1826929,"gate_40",198,TRUE,TRUE
1827030,"gate_40",82,TRUE,FALSE
1827173,"gate_30",380,FALSE,TRUE
1827309,"gate_40",55,TRUE,TRUE
1827401,"gate_30",42,TRUE,FALSE
1827419,"gate_30",11,FALSE,FALSE
1827536,"gate_30",22,FALSE,FALSE
1827537,"gate_30",158,TRUE,FALSE
1827580,"gate_30",29,FALSE,FALSE
1827696,"gate_30",0,TRUE,FALSE
1827755,"gate_40",3,FALSE,FALSE
1827962,"gate_30",0,FALSE,FALSE
1828002,"gate_40",233,TRUE,TRUE
1828877,"gate_40",180,TRUE,TRUE
1828941,"gate_30",8,TRUE,FALSE
1828948,"gate_40",29,TRUE,FALSE
1829062,"gate_40",69,TRUE,FALSE
1829403,"gate_30",7,FALSE,FALSE
1829805,"gate_30",5,FALSE,FALSE
1829976,"gate_40",20,TRUE,FALSE
1830031,"gate_30",21,TRUE,FALSE
1830058,"gate_40",18,TRUE,FALSE
1830389,"gate_40",148,TRUE,FALSE
1830494,"gate_30",587,TRUE,TRUE
1830727,"gate_30",42,FALSE,FALSE
1830820,"gate_40",3,FALSE,FALSE
1831079,"gate_40",24,FALSE,FALSE
1831176,"gate_30",43,TRUE,FALSE
1831228,"gate_40",4,TRUE,FALSE
1831394,"gate_40",8,FALSE,FALSE
1831545,"gate_40",66,FALSE,TRUE
1831731,"gate_40",3,FALSE,FALSE
1831772,"gate_30",11,TRUE,FALSE
1831909,"gate_30",188,TRUE,TRUE
1832092,"gate_40",103,TRUE,TRUE
1832254,"gate_40",30,FALSE,TRUE
1832375,"gate_30",12,FALSE,FALSE
1832402,"gate_40",63,TRUE,TRUE
1832423,"gate_40",27,TRUE,FALSE
1832814,"gate_40",21,FALSE,FALSE
1833019,"gate_40",1,FALSE,FALSE
1833231,"gate_30",5,FALSE,FALSE
1833325,"gate_40",151,TRUE,TRUE
1833489,"gate_40",10,FALSE,FALSE
1833527,"gate_40",34,FALSE,FALSE
1833586,"gate_40",95,TRUE,FALSE
1833634,"gate_30",22,TRUE,FALSE
1833675,"gate_30",62,TRUE,FALSE
1833813,"gate_30",6,FALSE,FALSE
1833858,"gate_30",9,FALSE,FALSE
1833881,"gate_30",16,TRUE,FALSE
1833992,"gate_40",24,FALSE,FALSE
1833998,"gate_40",43,FALSE,TRUE
1834117,"gate_40",2,FALSE,FALSE
1834170,"gate_30",43,TRUE,FALSE
1834313,"gate_30",21,FALSE,FALSE
1834317,"gate_30",8,TRUE,FALSE
1834453,"gate_30",6,FALSE,FALSE
1834539,"gate_40",15,FALSE,FALSE
1834560,"gate_40",11,FALSE,FALSE
1834634,"gate_30",29,TRUE,TRUE
1834655,"gate_30",8,TRUE,FALSE
1834663,"gate_30",4,FALSE,TRUE
1834767,"gate_40",21,TRUE,FALSE
1834812,"gate_30",102,TRUE,FALSE
1834911,"gate_40",134,TRUE,TRUE
1835140,"gate_30",5,FALSE,FALSE
1835343,"gate_30",2,FALSE,FALSE
1835598,"gate_30",15,TRUE,TRUE
1835836,"gate_40",0,FALSE,FALSE
1835897,"gate_30",19,TRUE,FALSE
1836030,"gate_30",171,TRUE,TRUE
1836242,"gate_30",1,FALSE,FALSE
1836326,"gate_40",6,FALSE,FALSE
1836336,"gate_40",13,TRUE,FALSE
1836708,"gate_30",15,TRUE,FALSE
1836714,"gate_30",0,FALSE,FALSE
1836849,"gate_40",11,FALSE,FALSE
1837318,"gate_30",5,TRUE,FALSE
1837616,"gate_40",1,FALSE,FALSE
1837717,"gate_40",8,FALSE,FALSE
1837790,"gate_30",4,FALSE,FALSE
1837832,"gate_30",35,TRUE,FALSE
1837875,"gate_40",125,TRUE,TRUE
1837983,"gate_30",71,TRUE,FALSE
1838141,"gate_30",75,TRUE,FALSE
1838173,"gate_30",13,FALSE,FALSE
1838231,"gate_40",2,FALSE,FALSE
1838330,"gate_30",202,TRUE,TRUE
1838346,"gate_40",2,TRUE,TRUE
1838358,"gate_40",88,TRUE,TRUE
1838372,"gate_30",5,FALSE,FALSE
1838469,"gate_30",131,TRUE,FALSE
1838619,"gate_40",8,FALSE,FALSE
1838629,"gate_40",5,TRUE,FALSE
1838686,"gate_30",8,FALSE,FALSE
1838775,"gate_40",3,TRUE,FALSE
1838919,"gate_30",11,FALSE,FALSE
1838949,"gate_40",0,FALSE,FALSE
1839295,"gate_40",11,TRUE,FALSE
1839299,"gate_30",60,FALSE,TRUE
1839316,"gate_40",12,TRUE,FALSE
1839412,"gate_30",64,TRUE,TRUE
1839430,"gate_30",76,TRUE,FALSE
1839547,"gate_40",19,TRUE,FALSE
1839561,"gate_40",80,TRUE,TRUE
1839574,"gate_30",3,FALSE,FALSE
1839725,"gate_40",3,FALSE,FALSE
1839792,"gate_30",54,TRUE,TRUE
1839968,"gate_30",26,TRUE,FALSE
1840093,"gate_30",237,TRUE,TRUE
1840098,"gate_40",4,FALSE,FALSE
1840266,"gate_30",27,FALSE,FALSE
1840327,"gate_40",7,FALSE,FALSE
1840575,"gate_40",18,TRUE,FALSE
1840650,"gate_40",1,FALSE,FALSE
1840748,"gate_40",134,FALSE,TRUE
1840774,"gate_30",41,TRUE,FALSE
1840892,"gate_40",2,FALSE,FALSE
1841017,"gate_40",81,FALSE,FALSE
1841206,"gate_30",47,TRUE,FALSE
1841219,"gate_30",1,FALSE,FALSE
1841233,"gate_30",46,TRUE,FALSE
1841362,"gate_40",198,TRUE,TRUE
1841620,"gate_30",24,FALSE,FALSE
1841823,"gate_40",6,FALSE,FALSE
1841845,"gate_40",1,FALSE,FALSE
1842234,"gate_40",166,TRUE,FALSE
1842265,"gate_30",48,TRUE,FALSE
1842273,"gate_30",54,FALSE,TRUE
1842357,"gate_40",15,FALSE,FALSE
1842414,"gate_40",5,FALSE,FALSE
1842514,"gate_40",11,FALSE,FALSE
1842722,"gate_40",25,TRUE,FALSE
1842797,"gate_40",2,FALSE,FALSE
1842800,"gate_40",4,FALSE,FALSE
1842823,"gate_40",40,FALSE,FALSE
1842893,"gate_30",16,FALSE,FALSE
1842985,"gate_40",4,FALSE,FALSE
1843270,"gate_40",13,FALSE,FALSE
1843453,"gate_40",44,TRUE,FALSE
1843689,"gate_40",10,TRUE,FALSE
1843724,"gate_40",3,TRUE,FALSE
1843996,"gate_30",100,TRUE,FALSE
1844278,"gate_30",86,TRUE,FALSE
1844455,"gate_30",26,TRUE,FALSE
1844538,"gate_40",1,FALSE,FALSE
1844549,"gate_40",86,TRUE,TRUE
1844623,"gate_30",14,FALSE,FALSE
1844827,"gate_40",73,TRUE,TRUE
1844891,"gate_40",0,FALSE,FALSE
1845012,"gate_40",35,TRUE,FALSE
1845094,"gate_40",41,TRUE,TRUE
1845363,"gate_40",86,TRUE,FALSE
1845599,"gate_40",45,TRUE,FALSE
1845616,"gate_40",4,FALSE,FALSE
1845659,"gate_30",111,TRUE,FALSE
1845708,"gate_40",281,TRUE,TRUE
1845849,"gate_30",12,TRUE,TRUE
1845913,"gate_40",17,TRUE,TRUE
1845940,"gate_30",31,TRUE,FALSE
1845976,"gate_30",6,FALSE,FALSE
1846063,"gate_30",49,FALSE,FALSE
1846131,"gate_30",135,TRUE,TRUE
1846146,"gate_30",12,TRUE,FALSE
1846164,"gate_40",34,TRUE,FALSE
1846198,"gate_30",13,TRUE,FALSE
1846439,"gate_30",7,FALSE,FALSE
1846536,"gate_40",25,FALSE,FALSE
1846601,"gate_40",93,TRUE,FALSE
1846607,"gate_30",3,FALSE,FALSE
1846725,"gate_40",160,FALSE,TRUE
1846818,"gate_30",8,TRUE,FALSE
1846836,"gate_40",6,TRUE,FALSE
1847060,"gate_40",4,TRUE,FALSE
1847116,"gate_40",60,FALSE,FALSE
1847172,"gate_40",9,FALSE,FALSE
1847482,"gate_40",3,FALSE,FALSE
1847550,"gate_40",1,FALSE,FALSE
1847609,"gate_30",345,TRUE,TRUE
1847744,"gate_30",56,FALSE,FALSE
1847895,"gate_30",42,TRUE,FALSE
1847915,"gate_30",28,FALSE,TRUE
1847917,"gate_30",74,TRUE,FALSE
1848047,"gate_40",4,FALSE,FALSE
1848175,"gate_30",1,FALSE,FALSE
1848216,"gate_30",95,TRUE,FALSE
1848305,"gate_40",39,TRUE,FALSE
1848318,"gate_40",23,TRUE,FALSE
1848347,"gate_40",60,TRUE,FALSE
1848623,"gate_40",17,FALSE,FALSE
1848803,"gate_30",2,FALSE,FALSE
1848962,"gate_40",49,TRUE,TRUE
1848963,"gate_30",18,TRUE,FALSE
1849078,"gate_40",192,TRUE,TRUE
1849169,"gate_40",2,FALSE,FALSE
1849280,"gate_30",110,TRUE,FALSE
1849456,"gate_30",14,TRUE,FALSE
1849641,"gate_30",92,TRUE,FALSE
1850315,"gate_40",0,FALSE,FALSE
1850323,"gate_40",15,FALSE,FALSE
1850346,"gate_40",2,FALSE,FALSE
1850400,"gate_30",41,TRUE,FALSE
1850466,"gate_40",4,FALSE,FALSE
1850477,"gate_30",58,TRUE,FALSE
1850487,"gate_30",78,TRUE,FALSE
1850835,"gate_40",19,FALSE,FALSE
1850924,"gate_40",3,FALSE,FALSE
1851043,"gate_40",2,FALSE,FALSE
1851320,"gate_30",0,TRUE,FALSE
1851342,"gate_40",7,FALSE,FALSE
1851372,"gate_30",183,TRUE,FALSE
1851416,"gate_30",9,FALSE,FALSE
1851426,"gate_40",43,FALSE,FALSE
1851507,"gate_30",75,TRUE,TRUE
1851544,"gate_40",90,FALSE,FALSE
1851607,"gate_30",1,FALSE,FALSE
1851754,"gate_40",15,FALSE,FALSE
1851762,"gate_40",1,FALSE,FALSE
1851835,"gate_30",64,TRUE,TRUE
1852323,"gate_30",373,FALSE,FALSE
1852443,"gate_40",25,FALSE,FALSE
1852541,"gate_40",3,FALSE,FALSE
1852656,"gate_40",222,TRUE,TRUE
1852734,"gate_30",93,TRUE,TRUE
1852953,"gate_40",2,FALSE,FALSE
1852962,"gate_40",17,FALSE,TRUE
1852984,"gate_40",0,FALSE,FALSE
1853273,"gate_40",268,TRUE,TRUE
1853379,"gate_30",8,FALSE,FALSE
1853483,"gate_30",69,TRUE,TRUE
1853671,"gate_30",19,TRUE,FALSE
1853757,"gate_40",0,FALSE,FALSE
1853842,"gate_30",83,TRUE,TRUE
1853855,"gate_40",6,FALSE,FALSE
1853984,"gate_30",15,FALSE,FALSE
1854331,"gate_40",5,FALSE,FALSE
1854354,"gate_30",48,TRUE,FALSE
1854384,"gate_40",55,TRUE,FALSE
1854520,"gate_30",5,FALSE,FALSE
1854772,"gate_30",66,TRUE,TRUE
1854900,"gate_30",28,TRUE,FALSE
1854950,"gate_30",9,FALSE,FALSE
1854960,"gate_30",5,TRUE,FALSE
1855068,"gate_40",16,FALSE,FALSE
1855114,"gate_30",13,FALSE,FALSE
1855133,"gate_40",38,FALSE,FALSE
1855162,"gate_40",86,TRUE,FALSE
1855417,"gate_30",34,TRUE,TRUE
1855496,"gate_40",51,FALSE,FALSE
1855827,"gate_40",13,FALSE,FALSE
1855974,"gate_40",2,FALSE,FALSE
1856157,"gate_40",1025,TRUE,TRUE
1856319,"gate_30",183,TRUE,FALSE
1856383,"gate_40",15,FALSE,TRUE
1856405,"gate_30",4,FALSE,FALSE
1856794,"gate_30",11,FALSE,FALSE
1856910,"gate_40",10,FALSE,FALSE
1856952,"gate_30",14,FALSE,TRUE
1856967,"gate_40",1,FALSE,FALSE
1857158,"gate_30",21,FALSE,FALSE
1857230,"gate_30",32,FALSE,FALSE
1857267,"gate_40",14,TRUE,TRUE
1857344,"gate_30",7,FALSE,FALSE
1857473,"gate_30",91,TRUE,TRUE
1857694,"gate_30",16,TRUE,FALSE
1857728,"gate_40",15,FALSE,FALSE
1857772,"gate_40",9,FALSE,FALSE
1857821,"gate_40",15,TRUE,FALSE
1857845,"gate_30",89,TRUE,TRUE
1857877,"gate_30",41,TRUE,FALSE
1857881,"gate_30",9,FALSE,FALSE
1857921,"gate_30",32,FALSE,FALSE
1858097,"gate_40",26,TRUE,FALSE
1858253,"gate_40",4,FALSE,FALSE
1858304,"gate_40",4,FALSE,FALSE
1858315,"gate_40",28,TRUE,FALSE
1858345,"gate_30",16,FALSE,FALSE
1858518,"gate_30",41,TRUE,FALSE
1858606,"gate_40",167,TRUE,FALSE
1858717,"gate_30",8,TRUE,FALSE
1859033,"gate_30",60,TRUE,FALSE
1859094,"gate_30",17,FALSE,FALSE
1859199,"gate_30",2,FALSE,FALSE
1859238,"gate_30",88,TRUE,FALSE
1859298,"gate_30",15,FALSE,FALSE
1859343,"gate_40",281,TRUE,TRUE
1859379,"gate_30",59,FALSE,TRUE
1859396,"gate_30",4,TRUE,FALSE
1859421,"gate_30",152,TRUE,TRUE
1859547,"gate_40",281,TRUE,TRUE
1859560,"gate_30",28,FALSE,FALSE
1859633,"gate_30",34,FALSE,FALSE
1859634,"gate_40",1,FALSE,FALSE
1859761,"gate_40",20,FALSE,FALSE
1859851,"gate_40",66,TRUE,FALSE
1859906,"gate_30",12,TRUE,FALSE
1859965,"gate_40",118,TRUE,TRUE
1860251,"gate_30",193,TRUE,FALSE
1860284,"gate_30",1,FALSE,FALSE
1860394,"gate_40",236,TRUE,FALSE
1860544,"gate_40",29,TRUE,FALSE
1860713,"gate_30",18,FALSE,FALSE
1860802,"gate_30",4,FALSE,TRUE
1860821,"gate_30",27,TRUE,FALSE
1860969,"gate_40",5,FALSE,FALSE
1861010,"gate_30",116,TRUE,TRUE
1861449,"gate_30",4,FALSE,FALSE
1861615,"gate_30",58,TRUE,FALSE
1861660,"gate_40",5,FALSE,FALSE
1861884,"gate_40",4,FALSE,FALSE
1862072,"gate_40",96,FALSE,FALSE
1862279,"gate_40",10,FALSE,FALSE
1862421,"gate_30",3,FALSE,FALSE
1862498,"gate_30",157,TRUE,TRUE
1862610,"gate_40",0,FALSE,FALSE
1862624,"gate_40",317,TRUE,FALSE
1862644,"gate_40",4,FALSE,FALSE
1862724,"gate_40",2,FALSE,FALSE
1862814,"gate_30",5,FALSE,FALSE
1862825,"gate_40",15,FALSE,FALSE
1862889,"gate_40",2,FALSE,FALSE
1862914,"gate_40",68,TRUE,FALSE
1863043,"gate_40",9,TRUE,FALSE
1863201,"gate_30",38,TRUE,FALSE
1863587,"gate_40",9,FALSE,FALSE
1863658,"gate_30",11,TRUE,FALSE
1863709,"gate_40",120,TRUE,FALSE
1864052,"gate_40",14,TRUE,FALSE
1864111,"gate_30",217,TRUE,FALSE
1864201,"gate_30",17,FALSE,FALSE
1864311,"gate_40",61,TRUE,FALSE
1864559,"gate_40",1,FALSE,FALSE
1864621,"gate_40",7,FALSE,FALSE
1864715,"gate_30",5,FALSE,FALSE
1864838,"gate_40",2,FALSE,FALSE
1864935,"gate_30",28,TRUE,FALSE
1864949,"gate_40",12,FALSE,FALSE
1865046,"gate_30",6,FALSE,FALSE
1865058,"gate_30",81,TRUE,FALSE
1865128,"gate_30",0,FALSE,FALSE
1865240,"gate_40",160,TRUE,FALSE
1865522,"gate_30",1,FALSE,FALSE
1865640,"gate_30",187,TRUE,FALSE
1865989,"gate_30",103,TRUE,FALSE
1866008,"gate_40",14,FALSE,FALSE
1866236,"gate_30",26,FALSE,FALSE
1866356,"gate_30",1,FALSE,FALSE
1866570,"gate_30",4,TRUE,FALSE
1866667,"gate_30",4,FALSE,FALSE
1866744,"gate_40",59,TRUE,FALSE
1866825,"gate_40",67,FALSE,TRUE
1867076,"gate_40",5,FALSE,FALSE
1867181,"gate_30",4,FALSE,FALSE
1867403,"gate_30",5,FALSE,FALSE
1867456,"gate_30",222,TRUE,FALSE
1867483,"gate_30",1,FALSE,FALSE
1867553,"gate_40",26,TRUE,FALSE
1867616,"gate_40",28,TRUE,FALSE
1867880,"gate_40",22,FALSE,FALSE
1867932,"gate_30",8,FALSE,FALSE
1868068,"gate_40",47,TRUE,FALSE
1868091,"gate_30",4,FALSE,FALSE
1868328,"gate_30",1,FALSE,FALSE
1868699,"gate_30",0,FALSE,FALSE
1868752,"gate_40",22,FALSE,TRUE
1869019,"gate_30",19,FALSE,FALSE
1869105,"gate_40",68,TRUE,TRUE
1869211,"gate_40",3,FALSE,FALSE
1869529,"gate_30",1,FALSE,FALSE
1869737,"gate_30",1,FALSE,FALSE
1869754,"gate_40",17,FALSE,FALSE
1869769,"gate_40",9,TRUE,FALSE
1869781,"gate_30",3,FALSE,FALSE
1869996,"gate_40",60,TRUE,FALSE
1870191,"gate_40",64,TRUE,TRUE
1870199,"gate_40",73,TRUE,FALSE
1870204,"gate_30",36,TRUE,FALSE
1870219,"gate_30",6,FALSE,FALSE
1870258,"gate_40",3,FALSE,FALSE
1870284,"gate_40",151,TRUE,TRUE
1870299,"gate_40",4,FALSE,FALSE
1870412,"gate_30",0,FALSE,FALSE
1870497,"gate_30",1,FALSE,FALSE
1870509,"gate_30",263,TRUE,TRUE
1870559,"gate_40",32,TRUE,FALSE
1870600,"gate_30",10,FALSE,FALSE
1870906,"gate_40",7,FALSE,FALSE
1870992,"gate_30",10,TRUE,FALSE
1871052,"gate_30",17,TRUE,FALSE
1871182,"gate_30",213,FALSE,TRUE
1871212,"gate_30",1,FALSE,FALSE
1871416,"gate_30",55,FALSE,TRUE
1871897,"gate_30",1,FALSE,FALSE
1871941,"gate_30",4,FALSE,FALSE
1871969,"gate_40",275,TRUE,TRUE
1872489,"gate_40",8,FALSE,FALSE
1872508,"gate_30",0,FALSE,FALSE
1872646,"gate_30",46,TRUE,TRUE
1872675,"gate_40",11,FALSE,FALSE
1872707,"gate_30",3,FALSE,FALSE
1873099,"gate_40",23,TRUE,FALSE
1873302,"gate_40",15,FALSE,FALSE
1873347,"gate_40",9,FALSE,FALSE
1873419,"gate_40",16,TRUE,FALSE
1873420,"gate_40",88,TRUE,TRUE
1873746,"gate_40",3,FALSE,FALSE
1874155,"gate_30",2,FALSE,FALSE
1874166,"gate_30",31,TRUE,FALSE
1874421,"gate_30",27,FALSE,FALSE
1874687,"gate_30",64,FALSE,TRUE
1874757,"gate_30",41,TRUE,FALSE
1874760,"gate_30",204,TRUE,TRUE
1874982,"gate_30",34,TRUE,FALSE
1875081,"gate_40",5,FALSE,FALSE
1875304,"gate_40",3,FALSE,FALSE
1875348,"gate_40",87,TRUE,FALSE
1875457,"gate_40",11,FALSE,FALSE
1875491,"gate_40",29,TRUE,FALSE
1875653,"gate_30",26,FALSE,FALSE
1875733,"gate_30",2,FALSE,FALSE
1875862,"gate_40",0,FALSE,FALSE
1876097,"gate_30",5,FALSE,FALSE
1876214,"gate_40",57,TRUE,FALSE
1876262,"gate_40",26,FALSE,FALSE
1876335,"gate_30",110,TRUE,FALSE
1876430,"gate_30",11,TRUE,FALSE
1876705,"gate_40",3,TRUE,FALSE
1876785,"gate_30",11,FALSE,FALSE
1876877,"gate_40",323,TRUE,TRUE
1876951,"gate_30",17,FALSE,FALSE
1876952,"gate_40",62,FALSE,FALSE
1876962,"gate_40",31,FALSE,FALSE
1877043,"gate_30",175,TRUE,TRUE
1877398,"gate_40",54,TRUE,TRUE
1877436,"gate_30",24,TRUE,FALSE
1877817,"gate_30",39,TRUE,TRUE
1877835,"gate_30",34,FALSE,FALSE
1877876,"gate_30",17,FALSE,TRUE
1877976,"gate_30",103,TRUE,TRUE
1877996,"gate_40",71,TRUE,FALSE
1878023,"gate_40",0,FALSE,FALSE
1878065,"gate_30",28,TRUE,FALSE
1878155,"gate_30",245,FALSE,TRUE
1878211,"gate_40",31,TRUE,TRUE
1878437,"gate_40",2,FALSE,FALSE
1878628,"gate_40",11,FALSE,FALSE
1878641,"gate_30",31,TRUE,FALSE
1878761,"gate_40",2,FALSE,FALSE
1878782,"gate_30",70,TRUE,FALSE
1878890,"gate_40",9,FALSE,TRUE
1878995,"gate_30",0,FALSE,FALSE
1879011,"gate_30",3,FALSE,FALSE
1879274,"gate_40",40,FALSE,FALSE
1879337,"gate_30",12,FALSE,FALSE
1879394,"gate_40",10,FALSE,FALSE
1879428,"gate_40",0,FALSE,FALSE
1879443,"gate_40",4,FALSE,FALSE
1879693,"gate_30",22,FALSE,FALSE
1879776,"gate_30",120,TRUE,FALSE
1879810,"gate_40",1,FALSE,FALSE
1879812,"gate_40",38,FALSE,TRUE
1879832,"gate_40",3,FALSE,FALSE
1879986,"gate_30",229,TRUE,TRUE
1880003,"gate_40",7,FALSE,FALSE
1880035,"gate_40",1,FALSE,FALSE
1880086,"gate_30",32,TRUE,FALSE
1880098,"gate_30",60,FALSE,FALSE
1880669,"gate_40",108,FALSE,FALSE
1880790,"gate_30",0,FALSE,FALSE
1881125,"gate_40",13,TRUE,FALSE
1881142,"gate_40",7,FALSE,FALSE
1881344,"gate_30",154,TRUE,FALSE
1881419,"gate_40",16,TRUE,TRUE
1881437,"gate_30",72,TRUE,FALSE
1881490,"gate_40",13,FALSE,FALSE
1881962,"gate_30",103,TRUE,TRUE
1882010,"gate_30",114,TRUE,TRUE
1882373,"gate_30",8,FALSE,FALSE
1882376,"gate_40",24,FALSE,FALSE
1882392,"gate_30",30,TRUE,FALSE
1882425,"gate_30",83,TRUE,FALSE
1882549,"gate_40",5,FALSE,FALSE
1882590,"gate_40",0,FALSE,FALSE
1882632,"gate_40",18,FALSE,FALSE
1882943,"gate_40",40,FALSE,FALSE
1883083,"gate_40",35,TRUE,FALSE
1883152,"gate_40",0,FALSE,FALSE
1883357,"gate_40",16,FALSE,FALSE
1883491,"gate_40",5,FALSE,FALSE
1883528,"gate_30",28,TRUE,FALSE
1883778,"gate_40",314,TRUE,TRUE
1883968,"gate_30",9,FALSE,FALSE
1883971,"gate_30",43,TRUE,FALSE
1884010,"gate_40",0,FALSE,FALSE
1884094,"gate_30",15,FALSE,FALSE
1884259,"gate_30",95,TRUE,FALSE
1884417,"gate_40",23,TRUE,FALSE
1884424,"gate_30",5,FALSE,FALSE
1884447,"gate_30",21,TRUE,FALSE
1884611,"gate_40",8,FALSE,FALSE
1884711,"gate_30",3,FALSE,FALSE
1884730,"gate_40",195,TRUE,TRUE
1884830,"gate_30",5,FALSE,FALSE
1884901,"gate_30",7,FALSE,FALSE
1885058,"gate_30",1,FALSE,FALSE
1885169,"gate_30",53,TRUE,FALSE
1885335,"gate_30",45,FALSE,TRUE
1885393,"gate_40",1,FALSE,FALSE
1885459,"gate_30",21,TRUE,FALSE
1885748,"gate_30",108,TRUE,TRUE
1885802,"gate_40",3,TRUE,FALSE
1885949,"gate_30",28,FALSE,FALSE
1886009,"gate_40",42,TRUE,FALSE
1886080,"gate_30",91,TRUE,TRUE
1886093,"gate_30",81,TRUE,FALSE
1886094,"gate_40",97,TRUE,FALSE
1886225,"gate_40",0,FALSE,FALSE
1886362,"gate_30",6,FALSE,FALSE
1886695,"gate_40",33,FALSE,TRUE
1886745,"gate_40",29,TRUE,FALSE
1886816,"gate_30",82,FALSE,TRUE
1887013,"gate_30",19,TRUE,TRUE
1887330,"gate_40",66,TRUE,FALSE
1887351,"gate_40",26,TRUE,FALSE
1887357,"gate_40",49,TRUE,TRUE
1887609,"gate_40",3,FALSE,FALSE
1887855,"gate_40",228,TRUE,TRUE
1887959,"gate_40",4,FALSE,FALSE
1888027,"gate_40",61,FALSE,TRUE
1888118,"gate_40",108,TRUE,TRUE
1888162,"gate_30",2,FALSE,FALSE
1888212,"gate_40",12,TRUE,FALSE
1888366,"gate_40",50,TRUE,FALSE
1888583,"gate_30",1,FALSE,FALSE
1888769,"gate_30",85,TRUE,FALSE
1888936,"gate_30",44,TRUE,TRUE
1889125,"gate_30",15,FALSE,FALSE
1889144,"gate_30",17,TRUE,FALSE
1889363,"gate_30",58,TRUE,FALSE
1889449,"gate_40",34,TRUE,TRUE
1889532,"gate_30",34,TRUE,FALSE
1889735,"gate_30",2,FALSE,FALSE
1889760,"gate_30",92,TRUE,TRUE
1889873,"gate_30",15,FALSE,FALSE
1889986,"gate_40",15,TRUE,FALSE
1890089,"gate_40",70,TRUE,TRUE
1890175,"gate_40",2,FALSE,FALSE
1890224,"gate_40",67,TRUE,FALSE
1890251,"gate_40",66,TRUE,FALSE
1890258,"gate_40",47,FALSE,FALSE
1890401,"gate_40",262,TRUE,TRUE
1890465,"gate_40",148,TRUE,TRUE
1890494,"gate_40",10,FALSE,FALSE
1890667,"gate_40",303,TRUE,TRUE
1890679,"gate_30",130,TRUE,FALSE
1890921,"gate_30",370,TRUE,TRUE
1890977,"gate_30",19,FALSE,FALSE
1891044,"gate_30",307,TRUE,TRUE
1891062,"gate_30",2,FALSE,FALSE
1891125,"gate_40",6,TRUE,FALSE
1891870,"gate_40",1,FALSE,FALSE
1891871,"gate_40",21,TRUE,FALSE
1891892,"gate_40",1,TRUE,FALSE
1891893,"gate_40",9,FALSE,FALSE
1892130,"gate_30",523,TRUE,TRUE
1892169,"gate_30",6,FALSE,FALSE
1892173,"gate_40",1,FALSE,FALSE
1892304,"gate_30",34,FALSE,FALSE
1892361,"gate_40",56,TRUE,TRUE
1892385,"gate_40",2,FALSE,FALSE
1892515,"gate_30",34,TRUE,TRUE
1892534,"gate_40",13,FALSE,FALSE
1892715,"gate_40",13,TRUE,FALSE
1893035,"gate_30",15,FALSE,FALSE
1893158,"gate_30",28,FALSE,FALSE
1893228,"gate_30",6,FALSE,FALSE
1893268,"gate_40",13,FALSE,FALSE
1893425,"gate_40",2,FALSE,FALSE
1893534,"gate_40",7,FALSE,FALSE
1893539,"gate_40",12,FALSE,FALSE
1893540,"gate_30",27,TRUE,FALSE
1893562,"gate_30",11,FALSE,FALSE
1893572,"gate_40",3,FALSE,FALSE
1893764,"gate_30",14,FALSE,FALSE
1893800,"gate_30",13,TRUE,FALSE
1893863,"gate_30",0,FALSE,FALSE
1894260,"gate_30",8,FALSE,FALSE
1894263,"gate_30",3,FALSE,FALSE
1894541,"gate_40",3,FALSE,FALSE
1894802,"gate_40",51,TRUE,FALSE
1895047,"gate_40",4,FALSE,FALSE
1895083,"gate_40",52,TRUE,FALSE
1895102,"gate_40",45,TRUE,FALSE
1895147,"gate_40",10,FALSE,FALSE
1895387,"gate_40",18,FALSE,FALSE
1895556,"gate_40",12,TRUE,FALSE
1895742,"gate_40",1,FALSE,FALSE
1895778,"gate_40",10,FALSE,FALSE
1895786,"gate_30",12,FALSE,FALSE
1895789,"gate_40",43,TRUE,TRUE
1895944,"gate_30",12,FALSE,FALSE
1896021,"gate_30",42,FALSE,TRUE
1896168,"gate_30",2,FALSE,FALSE
1896198,"gate_30",1,FALSE,FALSE
1896236,"gate_40",41,TRUE,FALSE
1896304,"gate_40",116,TRUE,FALSE
1896370,"gate_30",5,FALSE,FALSE
1896431,"gate_30",14,FALSE,FALSE
1896536,"gate_30",102,FALSE,FALSE
1896562,"gate_40",35,TRUE,FALSE
1896707,"gate_30",45,FALSE,FALSE
1896717,"gate_40",35,TRUE,TRUE
1896747,"gate_40",1,FALSE,FALSE
1896804,"gate_30",168,TRUE,TRUE
1896832,"gate_40",17,FALSE,FALSE
1896934,"gate_30",23,FALSE,TRUE
1897034,"gate_30",9,FALSE,FALSE
1897177,"gate_40",27,FALSE,FALSE
1897189,"gate_40",0,FALSE,FALSE
1897224,"gate_30",4,FALSE,FALSE
1897293,"gate_30",73,TRUE,TRUE
1897317,"gate_40",8,FALSE,FALSE
1897347,"gate_40",0,FALSE,FALSE
1897973,"gate_30",23,FALSE,FALSE
1898202,"gate_30",26,TRUE,FALSE
1898215,"gate_40",4,FALSE,FALSE
1898517,"gate_30",21,FALSE,FALSE
1898525,"gate_30",1,TRUE,FALSE
1898560,"gate_40",1,FALSE,FALSE
1898699,"gate_40",292,TRUE,TRUE
1898920,"gate_30",31,TRUE,FALSE
1898973,"gate_40",11,FALSE,FALSE
1899003,"gate_30",22,TRUE,FALSE
1899278,"gate_40",4,FALSE,FALSE
1899494,"gate_30",14,FALSE,FALSE
1899514,"gate_30",0,FALSE,FALSE
1899997,"gate_30",14,TRUE,FALSE
1900040,"gate_30",82,TRUE,FALSE
1900408,"gate_40",4,TRUE,FALSE
1900636,"gate_40",6,FALSE,FALSE
1900639,"gate_30",28,TRUE,FALSE
1900947,"gate_40",187,TRUE,TRUE
1901160,"gate_30",23,FALSE,FALSE
1901255,"gate_30",70,TRUE,FALSE
1901354,"gate_40",128,TRUE,TRUE
1901886,"gate_30",9,FALSE,FALSE
1901895,"gate_30",3,FALSE,FALSE
1901955,"gate_30",7,TRUE,FALSE
1901986,"gate_30",7,FALSE,FALSE
1902268,"gate_30",0,FALSE,FALSE
1902499,"gate_40",13,TRUE,FALSE
1902669,"gate_30",82,TRUE,FALSE
1902759,"gate_40",29,FALSE,FALSE
1902829,"gate_30",9,TRUE,FALSE
1902934,"gate_30",10,FALSE,FALSE
1902953,"gate_30",10,TRUE,FALSE
1903111,"gate_30",60,TRUE,TRUE
1903226,"gate_40",0,FALSE,FALSE
1903246,"gate_40",40,TRUE,FALSE
1903301,"gate_30",3,TRUE,FALSE
1903305,"gate_40",40,TRUE,FALSE
1903414,"gate_40",13,FALSE,FALSE
1903494,"gate_40",3,FALSE,FALSE
1903547,"gate_30",3,FALSE,FALSE
1903728,"gate_40",4,FALSE,FALSE
1903775,"gate_40",4,FALSE,FALSE
1903794,"gate_40",52,TRUE,FALSE
1904106,"gate_40",11,TRUE,FALSE
1904254,"gate_30",2,FALSE,FALSE
1904323,"gate_40",221,TRUE,TRUE
1904371,"gate_30",161,TRUE,TRUE
1904540,"gate_40",1309,TRUE,TRUE
1904622,"gate_30",87,TRUE,TRUE
1904752,"gate_30",64,TRUE,FALSE
1904753,"gate_40",46,TRUE,FALSE
1904784,"gate_40",10,TRUE,FALSE
1905222,"gate_40",7,FALSE,FALSE
1905247,"gate_30",30,FALSE,TRUE
1905252,"gate_40",2,FALSE,FALSE
1905363,"gate_40",21,TRUE,FALSE
1905593,"gate_40",159,TRUE,TRUE
1905606,"gate_40",8,FALSE,FALSE
1905617,"gate_30",700,TRUE,TRUE
1905649,"gate_40",47,TRUE,FALSE
1905829,"gate_40",15,TRUE,FALSE
1905959,"gate_40",166,TRUE,TRUE
1906057,"gate_30",78,TRUE,TRUE
1906184,"gate_40",20,FALSE,FALSE
1906281,"gate_30",41,TRUE,FALSE
1906389,"gate_40",33,TRUE,FALSE
1906618,"gate_30",65,TRUE,FALSE
1906741,"gate_30",47,TRUE,FALSE
1906834,"gate_30",4,FALSE,FALSE
1906845,"gate_30",7,TRUE,FALSE
1906968,"gate_30",26,TRUE,FALSE
1907149,"gate_30",6,FALSE,FALSE
1907275,"gate_30",37,FALSE,FALSE
1907364,"gate_40",10,FALSE,FALSE
1907457,"gate_40",11,TRUE,FALSE
1907460,"gate_40",0,FALSE,FALSE
1907528,"gate_30",50,TRUE,FALSE
1907634,"gate_30",11,TRUE,FALSE
1907679,"gate_40",133,TRUE,TRUE
1907817,"gate_30",15,TRUE,FALSE
1907968,"gate_40",53,FALSE,FALSE
1908148,"gate_40",42,TRUE,FALSE
1908236,"gate_40",5,FALSE,FALSE
1908298,"gate_30",47,TRUE,FALSE
1908306,"gate_30",1,FALSE,FALSE
1908456,"gate_40",1,FALSE,FALSE
1908582,"gate_30",51,TRUE,FALSE
1908657,"gate_40",217,TRUE,TRUE
1908752,"gate_30",5,FALSE,FALSE
1908841,"gate_40",7,FALSE,FALSE
1908996,"gate_30",64,TRUE,FALSE
1909072,"gate_30",72,TRUE,FALSE
1909120,"gate_30",2,FALSE,FALSE
1909210,"gate_30",9,FALSE,FALSE
1909263,"gate_40",1,FALSE,FALSE
1909429,"gate_40",16,TRUE,TRUE
1909441,"gate_40",6,FALSE,FALSE
1909480,"gate_30",1,TRUE,FALSE
1909521,"gate_40",16,TRUE,TRUE
1909534,"gate_40",27,TRUE,FALSE
1909541,"gate_30",76,TRUE,TRUE
1909713,"gate_40",3,FALSE,FALSE
1910038,"gate_30",1,FALSE,FALSE
1910066,"gate_30",1,FALSE,FALSE
1910278,"gate_30",85,FALSE,TRUE
1910314,"gate_40",142,TRUE,TRUE
1910320,"gate_30",71,TRUE,FALSE
1910364,"gate_40",3,FALSE,FALSE
1910555,"gate_30",203,TRUE,TRUE
1910612,"gate_30",40,TRUE,FALSE
1910829,"gate_40",91,TRUE,TRUE
1910947,"gate_40",56,TRUE,TRUE
1911003,"gate_30",134,TRUE,FALSE
1911004,"gate_40",2,FALSE,FALSE
1911034,"gate_30",41,TRUE,FALSE
1911440,"gate_30",4,FALSE,FALSE
1911543,"gate_40",5,FALSE,FALSE
1911655,"gate_40",11,FALSE,FALSE
1911757,"gate_30",40,TRUE,FALSE
1911789,"gate_30",3,FALSE,FALSE
1911866,"gate_30",2,FALSE,FALSE
1911868,"gate_30",16,FALSE,FALSE
1911989,"gate_40",73,TRUE,FALSE
1912351,"gate_40",0,FALSE,FALSE
1912380,"gate_30",82,TRUE,FALSE
1912496,"gate_30",6,FALSE,FALSE
1912507,"gate_30",6,TRUE,FALSE
1912530,"gate_30",3,FALSE,FALSE
1912709,"gate_40",13,TRUE,FALSE
1912892,"gate_40",14,FALSE,TRUE
1913233,"gate_40",29,TRUE,FALSE
1913426,"gate_40",7,FALSE,FALSE
1913484,"gate_40",6,FALSE,FALSE
1913558,"gate_30",3,FALSE,FALSE
1913576,"gate_30",13,TRUE,FALSE
1913694,"gate_40",22,TRUE,TRUE
1913748,"gate_40",46,TRUE,FALSE
1913853,"gate_40",20,TRUE,FALSE
1913902,"gate_30",257,TRUE,TRUE
1913991,"gate_30",1,FALSE,FALSE
1914060,"gate_30",47,TRUE,FALSE
1914071,"gate_30",17,TRUE,FALSE
1914123,"gate_40",70,FALSE,TRUE
1914283,"gate_30",1,FALSE,FALSE
1914360,"gate_30",17,FALSE,FALSE
1914372,"gate_30",33,FALSE,FALSE
1914640,"gate_30",67,FALSE,FALSE
1914672,"gate_40",83,TRUE,FALSE
1914760,"gate_40",5,FALSE,FALSE
1914834,"gate_30",192,FALSE,FALSE
1914857,"gate_30",247,TRUE,TRUE
1914934,"gate_30",19,FALSE,TRUE
1915052,"gate_40",10,FALSE,FALSE
1915125,"gate_40",394,TRUE,TRUE
1915181,"gate_40",17,TRUE,FALSE
1915185,"gate_30",4,FALSE,FALSE
1915281,"gate_40",15,FALSE,FALSE
1915291,"gate_30",1,TRUE,FALSE
1915297,"gate_30",3,FALSE,FALSE
1915376,"gate_40",3,FALSE,FALSE
1915403,"gate_30",0,FALSE,FALSE
1915635,"gate_40",100,TRUE,TRUE
1915658,"gate_30",132,TRUE,FALSE
1915718,"gate_30",29,TRUE,FALSE
1915949,"gate_40",6,FALSE,TRUE
1916074,"gate_40",3,FALSE,FALSE
1916188,"gate_40",18,TRUE,FALSE
1916256,"gate_40",14,FALSE,FALSE
1916305,"gate_30",3,FALSE,FALSE
1916485,"gate_30",7,FALSE,FALSE
1916554,"gate_40",62,TRUE,FALSE
1916596,"gate_30",158,TRUE,TRUE
1916675,"gate_40",6,TRUE,FALSE
1916993,"gate_40",39,TRUE,FALSE
1917107,"gate_40",84,TRUE,TRUE
1917142,"gate_40",53,TRUE,FALSE
1917160,"gate_40",118,TRUE,TRUE
1917199,"gate_40",29,FALSE,FALSE
1917292,"gate_30",5,TRUE,FALSE
1917433,"gate_30",43,FALSE,FALSE
1917468,"gate_40",40,FALSE,FALSE
1917496,"gate_40",12,FALSE,FALSE
1917553,"gate_40",36,TRUE,FALSE
1917588,"gate_40",8,FALSE,FALSE
1917675,"gate_30",31,FALSE,FALSE
1917879,"gate_30",14,FALSE,FALSE
1917921,"gate_40",3,FALSE,FALSE
1918068,"gate_30",106,FALSE,TRUE
1918123,"gate_30",656,TRUE,TRUE
1918313,"gate_30",6,FALSE,FALSE
1918386,"gate_30",4,FALSE,FALSE
1918388,"gate_40",4,TRUE,FALSE
1918408,"gate_40",45,FALSE,FALSE
1918448,"gate_30",11,TRUE,FALSE
1918468,"gate_30",149,TRUE,FALSE
1918559,"gate_30",164,TRUE,FALSE
1918595,"gate_30",6,FALSE,FALSE
1918617,"gate_30",179,TRUE,FALSE
1918749,"gate_40",109,TRUE,TRUE
1918894,"gate_30",2,FALSE,FALSE
1918896,"gate_30",47,FALSE,TRUE
1919059,"gate_40",1,FALSE,FALSE
1919150,"gate_40",2,FALSE,FALSE
1919208,"gate_40",6,FALSE,FALSE
1919259,"gate_40",11,FALSE,FALSE
1919291,"gate_40",195,FALSE,TRUE
1919325,"gate_30",12,FALSE,FALSE
1919500,"gate_40",12,FALSE,FALSE
1919577,"gate_40",19,FALSE,FALSE
1919578,"gate_40",10,TRUE,FALSE
1919936,"gate_30",0,FALSE,FALSE
1920076,"gate_40",3,FALSE,FALSE
1920825,"gate_40",216,TRUE,TRUE
1920888,"gate_30",0,FALSE,FALSE
1921145,"gate_30",12,TRUE,FALSE
1921188,"gate_40",11,FALSE,TRUE
1921263,"gate_30",65,TRUE,FALSE
1921497,"gate_40",65,TRUE,FALSE
1921560,"gate_30",28,FALSE,TRUE
1921636,"gate_40",0,FALSE,FALSE
1921702,"gate_30",11,FALSE,FALSE
1921739,"gate_30",9,TRUE,FALSE
1921832,"gate_30",45,TRUE,TRUE
1921948,"gate_30",262,TRUE,TRUE
1922017,"gate_30",13,FALSE,FALSE
1922045,"gate_40",9,FALSE,FALSE
1922099,"gate_30",44,FALSE,FALSE
1922217,"gate_40",60,FALSE,FALSE
1922335,"gate_40",18,TRUE,FALSE
1922465,"gate_40",237,TRUE,TRUE
1922552,"gate_40",85,TRUE,FALSE
1922616,"gate_30",39,TRUE,FALSE
1922684,"gate_40",136,TRUE,TRUE
1922934,"gate_40",7,FALSE,FALSE
1922950,"gate_40",14,TRUE,FALSE
1922954,"gate_40",248,TRUE,TRUE
1923311,"gate_30",3,FALSE,FALSE
1923490,"gate_30",84,TRUE,FALSE
1923679,"gate_30",64,TRUE,FALSE
1923773,"gate_30",67,FALSE,FALSE
1924256,"gate_30",147,TRUE,FALSE
1924262,"gate_30",346,FALSE,TRUE
1924307,"gate_40",67,TRUE,TRUE
1924514,"gate_40",9,FALSE,FALSE
1924724,"gate_30",16,FALSE,FALSE
1924873,"gate_30",29,FALSE,FALSE
1924981,"gate_30",6,FALSE,FALSE
1925068,"gate_40",15,FALSE,FALSE
1925126,"gate_40",62,FALSE,TRUE
1925249,"gate_30",22,TRUE,FALSE
1925388,"gate_30",22,TRUE,FALSE
1925445,"gate_30",243,TRUE,TRUE
1925553,"gate_40",1,FALSE,FALSE
1925569,"gate_40",92,TRUE,FALSE
1925646,"gate_30",8,FALSE,FALSE
1925720,"gate_30",6,FALSE,FALSE
1925856,"gate_30",8,FALSE,FALSE
1926425,"gate_30",135,TRUE,TRUE
1926623,"gate_30",2,FALSE,FALSE
1926773,"gate_40",12,TRUE,FALSE
1926798,"gate_40",169,TRUE,FALSE
1926864,"gate_40",6,FALSE,FALSE
1926877,"gate_40",8,FALSE,FALSE
1926894,"gate_30",50,TRUE,FALSE
1927037,"gate_30",21,FALSE,FALSE
1927360,"gate_40",9,TRUE,FALSE
1927402,"gate_30",15,FALSE,FALSE
1927737,"gate_30",33,FALSE,FALSE
1927738,"gate_40",37,FALSE,FALSE
1927931,"gate_40",0,FALSE,FALSE
1927981,"gate_40",371,TRUE,TRUE
1927983,"gate_40",6,FALSE,FALSE
1928182,"gate_30",3,TRUE,FALSE
1928195,"gate_30",10,FALSE,FALSE
1928210,"gate_40",22,TRUE,FALSE
1928279,"gate_30",122,TRUE,TRUE
1928325,"gate_40",51,TRUE,FALSE
1928543,"gate_40",12,FALSE,FALSE
1928603,"gate_30",28,TRUE,FALSE
1928657,"gate_30",161,TRUE,TRUE
1928749,"gate_40",2,FALSE,FALSE
1928768,"gate_40",31,TRUE,FALSE
1929079,"gate_30",5,FALSE,FALSE
1929084,"gate_40",23,TRUE,FALSE
1929216,"gate_30",51,FALSE,FALSE
1929365,"gate_30",22,FALSE,FALSE
1929398,"gate_30",3,FALSE,FALSE
1929475,"gate_40",2,FALSE,FALSE
1929514,"gate_40",9,FALSE,FALSE
1929646,"gate_40",65,TRUE,FALSE
1929652,"gate_40",1,FALSE,FALSE
1929945,"gate_40",5,FALSE,FALSE
1930077,"gate_30",7,FALSE,FALSE
1930081,"gate_40",14,FALSE,FALSE
1930139,"gate_40",6,FALSE,FALSE
1930228,"gate_40",1,FALSE,FALSE
1930303,"gate_40",16,FALSE,FALSE
1930437,"gate_30",64,TRUE,TRUE
1930495,"gate_40",14,TRUE,FALSE
1930528,"gate_40",217,TRUE,TRUE
1930847,"gate_30",2,TRUE,FALSE
1931061,"gate_40",5,TRUE,FALSE
1931127,"gate_40",89,TRUE,TRUE
1931163,"gate_40",79,TRUE,FALSE
1931169,"gate_30",57,TRUE,FALSE
1931182,"gate_40",10,TRUE,TRUE
1931436,"gate_30",28,TRUE,FALSE
1931476,"gate_30",3,FALSE,FALSE
1931498,"gate_40",0,FALSE,FALSE
1931650,"gate_30",119,FALSE,TRUE
1931681,"gate_40",33,TRUE,FALSE
1931777,"gate_40",95,TRUE,TRUE
1931864,"gate_30",214,TRUE,TRUE
1931898,"gate_30",27,TRUE,FALSE
1931926,"gate_40",65,TRUE,FALSE
1932116,"gate_30",13,FALSE,FALSE
1932199,"gate_40",12,FALSE,FALSE
1932266,"gate_40",6,FALSE,FALSE
1932422,"gate_30",47,TRUE,FALSE
1932425,"gate_40",124,TRUE,TRUE
1932460,"gate_40",22,TRUE,FALSE
1932486,"gate_40",36,FALSE,FALSE
1932492,"gate_40",4,FALSE,FALSE
1932747,"gate_30",3,FALSE,FALSE
1932919,"gate_40",1,FALSE,FALSE
1933052,"gate_40",162,TRUE,TRUE
1933169,"gate_30",16,FALSE,FALSE
1933181,"gate_40",15,FALSE,FALSE
1933214,"gate_40",31,FALSE,FALSE
1933235,"gate_30",2,FALSE,FALSE
1933646,"gate_30",16,TRUE,FALSE
1933775,"gate_30",2,FALSE,FALSE
1933857,"gate_40",0,FALSE,FALSE
1933862,"gate_40",43,FALSE,FALSE
1934155,"gate_40",7,TRUE,FALSE
1934161,"gate_30",5,FALSE,FALSE
1934445,"gate_40",16,FALSE,FALSE
1934513,"gate_40",24,FALSE,FALSE
1934592,"gate_40",15,FALSE,FALSE
1934699,"gate_40",650,TRUE,TRUE
1934947,"gate_30",0,FALSE,FALSE
1934997,"gate_30",72,TRUE,FALSE
1935072,"gate_30",184,TRUE,TRUE
1935250,"gate_30",5,FALSE,FALSE
1935315,"gate_30",49,TRUE,FALSE
1935349,"gate_30",0,FALSE,FALSE
1935387,"gate_30",12,FALSE,FALSE
1935395,"gate_40",0,FALSE,FALSE
1935449,"gate_30",56,TRUE,FALSE
1935563,"gate_40",27,TRUE,FALSE
1935623,"gate_40",64,TRUE,FALSE
1935763,"gate_30",1,FALSE,FALSE
1936221,"gate_30",33,TRUE,FALSE
1936309,"gate_30",53,TRUE,TRUE
1936581,"gate_40",6,FALSE,FALSE
1936854,"gate_40",19,FALSE,FALSE
1937135,"gate_30",211,TRUE,TRUE
1937247,"gate_30",13,FALSE,FALSE
1937399,"gate_30",41,TRUE,TRUE
1937402,"gate_30",188,TRUE,FALSE
1937549,"gate_30",23,TRUE,FALSE
1937610,"gate_40",29,FALSE,FALSE
1937749,"gate_30",12,TRUE,FALSE
1937898,"gate_30",13,FALSE,FALSE
1937915,"gate_40",45,FALSE,FALSE
1938059,"gate_40",143,FALSE,TRUE
1938377,"gate_30",37,FALSE,FALSE
1938495,"gate_30",85,TRUE,TRUE
1938645,"gate_30",8,FALSE,FALSE
1938730,"gate_40",6,FALSE,FALSE
1938919,"gate_40",106,TRUE,FALSE
1938976,"gate_30",41,FALSE,TRUE
1939058,"gate_30",5,FALSE,FALSE
1939100,"gate_40",23,TRUE,FALSE
1939149,"gate_40",40,TRUE,FALSE
1939220,"gate_30",309,TRUE,FALSE
1939238,"gate_30",10,FALSE,FALSE
1939266,"gate_30",13,FALSE,FALSE
1939329,"gate_30",5,FALSE,FALSE
1939378,"gate_30",15,FALSE,FALSE
1939459,"gate_30",3,FALSE,FALSE
1939465,"gate_40",3,FALSE,FALSE
1939968,"gate_30",26,TRUE,FALSE
1940379,"gate_40",9,TRUE,FALSE
1940629,"gate_30",265,TRUE,TRUE
1940660,"gate_30",6,FALSE,FALSE
1940986,"gate_40",8,FALSE,FALSE
1941082,"gate_40",16,FALSE,FALSE
1941155,"gate_40",22,FALSE,FALSE
1941403,"gate_40",5,FALSE,FALSE
1941435,"gate_30",307,TRUE,TRUE
1941469,"gate_40",14,FALSE,FALSE
1941742,"gate_30",15,TRUE,FALSE
1942122,"gate_30",19,FALSE,FALSE
1942168,"gate_30",14,FALSE,FALSE
1942391,"gate_40",198,TRUE,TRUE
1942430,"gate_40",137,TRUE,FALSE
1942523,"gate_40",35,FALSE,FALSE
1942572,"gate_30",79,TRUE,TRUE
1942581,"gate_40",4,FALSE,FALSE
1942922,"gate_30",0,FALSE,FALSE
1942974,"gate_40",229,FALSE,TRUE
1943400,"gate_40",70,TRUE,TRUE
1943516,"gate_30",8,FALSE,FALSE
1943605,"gate_40",11,TRUE,FALSE
1943688,"gate_30",5,FALSE,FALSE
1943776,"gate_30",13,FALSE,FALSE
1943874,"gate_40",16,TRUE,FALSE
1943877,"gate_40",9,TRUE,FALSE
1943932,"gate_40",117,TRUE,TRUE
1944211,"gate_30",5,FALSE,FALSE
1944220,"gate_40",88,TRUE,FALSE
1944225,"gate_30",87,TRUE,TRUE
1944385,"gate_30",22,FALSE,FALSE
1944475,"gate_40",35,TRUE,TRUE
1944568,"gate_40",5,FALSE,FALSE
1944643,"gate_40",4,FALSE,FALSE
1944655,"gate_30",21,TRUE,FALSE
1944871,"gate_40",3,FALSE,FALSE
1944904,"gate_30",5,FALSE,FALSE
1945045,"gate_30",64,TRUE,FALSE
1945062,"gate_40",320,TRUE,TRUE
1945088,"gate_40",17,TRUE,FALSE
1945132,"gate_40",8,TRUE,FALSE
1945253,"gate_40",49,TRUE,FALSE
1945468,"gate_40",13,TRUE,FALSE
1945626,"gate_30",4,FALSE,FALSE
1945863,"gate_40",36,TRUE,FALSE
1946070,"gate_40",188,FALSE,TRUE
1946096,"gate_30",16,TRUE,FALSE
1946326,"gate_40",233,TRUE,TRUE
1946424,"gate_30",4,FALSE,FALSE
1946449,"gate_30",61,TRUE,TRUE
1946489,"gate_40",5,FALSE,FALSE
1946499,"gate_30",10,FALSE,FALSE
1946680,"gate_40",19,FALSE,FALSE
1946700,"gate_40",6,FALSE,FALSE
1946754,"gate_30",11,FALSE,FALSE
1946900,"gate_40",187,TRUE,TRUE
1946913,"gate_30",126,TRUE,FALSE
1947327,"gate_40",38,FALSE,FALSE
1947358,"gate_30",756,TRUE,TRUE
1947636,"gate_40",21,TRUE,FALSE
1947743,"gate_40",29,FALSE,FALSE
1947993,"gate_40",69,TRUE,FALSE
1948040,"gate_30",25,TRUE,TRUE
1948201,"gate_40",3,FALSE,FALSE
1948212,"gate_30",2,FALSE,FALSE
1948302,"gate_40",216,TRUE,FALSE
1948351,"gate_30",21,FALSE,FALSE
1948371,"gate_30",139,FALSE,TRUE
1948474,"gate_40",219,FALSE,TRUE
1948543,"gate_40",10,FALSE,FALSE
1948593,"gate_40",16,FALSE,FALSE
1948767,"gate_30",0,FALSE,FALSE
1948965,"gate_40",2,FALSE,FALSE
1948969,"gate_30",10,FALSE,FALSE
1949033,"gate_40",67,TRUE,FALSE
1949342,"gate_30",5,FALSE,FALSE
1949382,"gate_30",20,FALSE,FALSE
1949548,"gate_40",4,FALSE,FALSE
1949554,"gate_40",15,FALSE,FALSE
1949572,"gate_40",23,TRUE,FALSE
1949595,"gate_30",8,FALSE,FALSE
1949638,"gate_30",68,TRUE,TRUE
1950111,"gate_40",28,TRUE,FALSE
1950280,"gate_30",12,TRUE,FALSE
1950337,"gate_40",21,FALSE,FALSE
1950472,"gate_30",68,TRUE,FALSE
1950534,"gate_40",125,TRUE,FALSE
1950744,"gate_40",7,TRUE,FALSE
1950763,"gate_30",10,TRUE,FALSE
1950841,"gate_40",31,FALSE,TRUE
1951039,"gate_40",0,FALSE,FALSE
1951325,"gate_30",3,FALSE,TRUE
1951385,"gate_40",4,FALSE,FALSE
1951661,"gate_40",67,FALSE,FALSE
1951847,"gate_30",91,TRUE,FALSE
1952128,"gate_40",2,FALSE,FALSE
1952139,"gate_40",35,TRUE,FALSE
1952162,"gate_30",243,TRUE,TRUE
1952188,"gate_40",79,TRUE,FALSE
1952272,"gate_30",100,TRUE,FALSE
1952294,"gate_40",19,FALSE,FALSE
1952331,"gate_40",14,TRUE,FALSE
1952360,"gate_40",24,TRUE,FALSE
1952882,"gate_40",0,FALSE,FALSE
1952894,"gate_40",6,FALSE,FALSE
1952911,"gate_30",47,TRUE,FALSE
1953093,"gate_40",7,FALSE,FALSE
1953202,"gate_30",121,TRUE,TRUE
1953249,"gate_40",27,FALSE,FALSE
1953309,"gate_40",17,FALSE,FALSE
1953364,"gate_30",30,FALSE,FALSE
1953578,"gate_30",2,FALSE,FALSE
1953691,"gate_40",0,FALSE,FALSE
1953829,"gate_30",6,TRUE,FALSE
1954041,"gate_30",5,FALSE,FALSE
1954083,"gate_40",1,FALSE,FALSE
1954130,"gate_40",32,TRUE,FALSE
1954149,"gate_40",16,TRUE,FALSE
1954301,"gate_40",2,FALSE,FALSE
1954923,"gate_30",5,FALSE,FALSE
1954928,"gate_30",7,FALSE,FALSE
1955261,"gate_30",2,FALSE,FALSE
1955322,"gate_40",98,TRUE,FALSE
1955431,"gate_40",2,FALSE,FALSE
1955462,"gate_30",1,FALSE,FALSE
1955576,"gate_40",3,FALSE,FALSE
1955580,"gate_30",46,TRUE,FALSE
1955669,"gate_40",7,FALSE,FALSE
1955915,"gate_30",0,FALSE,FALSE
1956055,"gate_30",104,TRUE,FALSE
1956059,"gate_40",48,TRUE,FALSE
1956459,"gate_40",24,FALSE,FALSE
1956587,"gate_40",44,TRUE,TRUE
1956645,"gate_30",8,FALSE,FALSE
1956710,"gate_30",7,FALSE,FALSE
1956981,"gate_30",14,FALSE,FALSE
1957021,"gate_40",302,TRUE,FALSE
1957050,"gate_30",63,FALSE,TRUE
1957056,"gate_30",96,FALSE,TRUE
1957094,"gate_30",9,FALSE,FALSE
1957097,"gate_40",46,FALSE,FALSE
1957099,"gate_40",4,FALSE,FALSE
1957193,"gate_30",12,FALSE,FALSE
1957255,"gate_30",1,FALSE,FALSE
1957409,"gate_30",0,FALSE,FALSE
1957688,"gate_40",11,FALSE,FALSE
1957732,"gate_40",41,FALSE,FALSE
1957750,"gate_30",4,FALSE,FALSE
1958113,"gate_40",0,FALSE,FALSE
1958208,"gate_30",12,FALSE,FALSE
1958396,"gate_40",6,FALSE,FALSE
1958434,"gate_40",7,FALSE,FALSE
1958758,"gate_40",1,FALSE,FALSE
1958819,"gate_30",5,FALSE,FALSE
1958822,"gate_30",75,TRUE,TRUE
1958902,"gate_40",17,TRUE,TRUE
1958973,"gate_40",27,FALSE,FALSE
1959154,"gate_30",62,TRUE,FALSE
1959167,"gate_30",6,FALSE,FALSE
1959425,"gate_40",18,FALSE,TRUE
1959616,"gate_30",15,TRUE,FALSE
1959625,"gate_30",9,FALSE,FALSE
1959696,"gate_30",2,FALSE,FALSE
1959980,"gate_40",5,TRUE,FALSE
1960081,"gate_30",6,FALSE,FALSE
1960149,"gate_30",2,FALSE,FALSE
1960168,"gate_30",0,FALSE,FALSE
1960380,"gate_30",33,FALSE,FALSE
1960390,"gate_40",10,FALSE,FALSE
1960502,"gate_40",102,TRUE,TRUE
1960612,"gate_40",5,FALSE,FALSE
1960631,"gate_30",31,FALSE,FALSE
1960732,"gate_30",0,FALSE,FALSE
1961035,"gate_30",23,FALSE,TRUE
1961419,"gate_40",73,TRUE,FALSE
1961589,"gate_30",3,FALSE,FALSE
1961698,"gate_40",726,FALSE,TRUE
1961827,"gate_40",50,FALSE,FALSE
1961863,"gate_40",1,FALSE,FALSE
1961890,"gate_30",41,TRUE,TRUE
1961957,"gate_40",3,FALSE,FALSE
1962032,"gate_30",13,FALSE,FALSE
1962092,"gate_30",0,FALSE,FALSE
1962109,"gate_40",55,TRUE,FALSE
1962136,"gate_30",79,TRUE,FALSE
1962160,"gate_30",3,FALSE,FALSE
1962171,"gate_40",7,FALSE,FALSE
1962191,"gate_40",132,TRUE,FALSE
1962225,"gate_40",31,TRUE,FALSE
1962253,"gate_30",5,FALSE,FALSE
1962291,"gate_30",25,TRUE,FALSE
1962371,"gate_30",182,TRUE,TRUE
1962490,"gate_40",158,TRUE,TRUE
1962509,"gate_40",4,FALSE,FALSE
1962624,"gate_40",0,FALSE,FALSE
1963002,"gate_40",5,TRUE,FALSE
1963153,"gate_40",7,FALSE,FALSE
1963193,"gate_40",1,FALSE,FALSE
1963334,"gate_40",489,TRUE,FALSE
1963523,"gate_40",55,TRUE,FALSE
1963607,"gate_30",16,TRUE,FALSE
1963614,"gate_40",193,TRUE,TRUE
1963767,"gate_30",440,FALSE,TRUE
1963805,"gate_40",1,FALSE,FALSE
1963814,"gate_40",86,TRUE,FALSE
1963889,"gate_30",55,FALSE,FALSE
1963902,"gate_30",803,TRUE,TRUE
1964176,"gate_30",2,FALSE,FALSE
1964187,"gate_40",63,TRUE,FALSE
1964239,"gate_40",142,TRUE,FALSE
1964377,"gate_40",16,TRUE,FALSE
1964391,"gate_30",34,TRUE,FALSE
1964392,"gate_40",107,TRUE,TRUE
1964585,"gate_40",40,TRUE,TRUE
1964811,"gate_40",16,TRUE,FALSE
1965036,"gate_40",80,TRUE,FALSE
1965095,"gate_30",12,TRUE,FALSE
1965164,"gate_40",1,FALSE,FALSE
1965230,"gate_40",6,FALSE,FALSE
1965450,"gate_30",11,FALSE,FALSE
1965489,"gate_30",239,TRUE,FALSE
1965512,"gate_30",24,FALSE,FALSE
1965580,"gate_40",21,FALSE,FALSE
1965666,"gate_40",7,TRUE,FALSE
1965764,"gate_40",9,FALSE,FALSE
1965980,"gate_40",435,TRUE,TRUE
1966121,"gate_30",109,TRUE,TRUE
1966178,"gate_40",16,TRUE,FALSE
1966237,"gate_30",95,TRUE,FALSE
1966256,"gate_40",13,FALSE,FALSE
1966361,"gate_40",10,FALSE,FALSE
1966520,"gate_30",6,FALSE,TRUE
1966573,"gate_30",7,TRUE,FALSE
1966589,"gate_40",16,FALSE,FALSE
1966918,"gate_40",4,FALSE,FALSE
1966974,"gate_40",7,FALSE,FALSE
1966991,"gate_40",17,FALSE,FALSE
1967031,"gate_30",11,FALSE,FALSE
1967138,"gate_30",8,TRUE,FALSE
1967437,"gate_30",43,TRUE,FALSE
1967459,"gate_30",71,TRUE,FALSE
1967471,"gate_30",43,TRUE,FALSE
1967688,"gate_40",5,FALSE,FALSE
1967722,"gate_30",39,TRUE,TRUE
1967893,"gate_30",46,TRUE,FALSE
1967896,"gate_30",3,FALSE,FALSE
1967991,"gate_30",340,TRUE,TRUE
1968074,"gate_40",31,TRUE,FALSE
1968220,"gate_40",72,TRUE,TRUE
1968282,"gate_30",5,FALSE,FALSE
1968319,"gate_30",53,TRUE,TRUE
1968372,"gate_40",4,FALSE,FALSE
1968491,"gate_40",13,FALSE,FALSE
1968575,"gate_40",8,FALSE,FALSE
1968812,"gate_30",9,FALSE,FALSE
1969033,"gate_30",2,FALSE,FALSE
1969202,"gate_30",2,TRUE,FALSE
1969380,"gate_40",12,FALSE,FALSE
1969417,"gate_40",1,FALSE,FALSE
1969423,"gate_30",0,FALSE,FALSE
1969447,"gate_40",10,TRUE,FALSE
1969562,"gate_30",313,TRUE,FALSE
1969664,"gate_30",10,FALSE,FALSE
1969806,"gate_40",75,TRUE,FALSE
1969819,"gate_30",17,FALSE,FALSE
1970556,"gate_40",97,FALSE,FALSE
1970579,"gate_30",50,TRUE,FALSE
1970626,"gate_30",69,TRUE,TRUE
1970668,"gate_30",11,TRUE,FALSE
1970753,"gate_30",113,FALSE,FALSE
1970755,"gate_40",0,FALSE,FALSE
1970856,"gate_30",6,FALSE,FALSE
1970938,"gate_30",98,TRUE,FALSE
1970985,"gate_30",9,FALSE,FALSE
1971004,"gate_40",32,TRUE,FALSE
1971053,"gate_30",28,TRUE,FALSE
1971063,"gate_40",155,TRUE,TRUE
1971195,"gate_30",11,FALSE,FALSE
1971251,"gate_40",20,TRUE,TRUE
1971351,"gate_30",4,FALSE,FALSE
1971382,"gate_40",4,FALSE,FALSE
1971497,"gate_40",8,FALSE,FALSE
1971665,"gate_40",5,FALSE,FALSE
1971995,"gate_40",1,FALSE,FALSE
1972010,"gate_30",48,TRUE,FALSE
1972090,"gate_40",3,FALSE,FALSE
1972245,"gate_30",1,FALSE,FALSE
1972277,"gate_30",7,FALSE,FALSE
1972361,"gate_30",23,TRUE,FALSE
1972387,"gate_40",26,TRUE,FALSE
1972417,"gate_40",54,TRUE,FALSE
1972602,"gate_30",60,TRUE,FALSE
1972889,"gate_30",11,FALSE,FALSE
1972928,"gate_40",55,TRUE,FALSE
1972960,"gate_40",17,TRUE,FALSE
1972985,"gate_30",4,FALSE,FALSE
1973089,"gate_30",0,FALSE,FALSE
1973257,"gate_40",16,FALSE,FALSE
1973518,"gate_40",69,TRUE,TRUE
1973577,"gate_40",13,TRUE,FALSE
1973760,"gate_30",56,TRUE,FALSE
1974015,"gate_30",62,FALSE,FALSE
1974089,"gate_30",19,FALSE,FALSE
1974114,"gate_40",18,TRUE,FALSE
1974133,"gate_40",70,TRUE,TRUE
1974335,"gate_30",0,FALSE,FALSE
1974450,"gate_40",17,FALSE,FALSE
1974523,"gate_30",8,FALSE,FALSE
1974587,"gate_30",169,FALSE,FALSE
1974830,"gate_40",125,TRUE,TRUE
1974921,"gate_40",53,TRUE,FALSE
1975123,"gate_30",18,TRUE,FALSE
1975174,"gate_30",10,FALSE,FALSE
1975321,"gate_40",15,TRUE,FALSE
1975351,"gate_30",18,FALSE,FALSE
1975506,"gate_30",22,FALSE,FALSE
1975531,"gate_30",6,FALSE,FALSE
1975553,"gate_40",12,FALSE,FALSE
1975918,"gate_30",16,TRUE,FALSE
1975981,"gate_30",313,TRUE,TRUE
1976031,"gate_40",8,FALSE,FALSE
1976081,"gate_40",1,FALSE,FALSE
1976225,"gate_40",16,FALSE,FALSE
1976343,"gate_30",49,TRUE,TRUE
1976529,"gate_30",1,FALSE,FALSE
1976772,"gate_30",17,FALSE,FALSE
1976816,"gate_30",118,TRUE,FALSE
1976932,"gate_30",37,TRUE,FALSE
1977010,"gate_40",2,FALSE,FALSE
1977089,"gate_30",6,TRUE,TRUE
1977169,"gate_40",1,FALSE,FALSE
1977245,"gate_40",141,TRUE,TRUE
1977278,"gate_30",160,TRUE,TRUE
1977379,"gate_30",8,FALSE,FALSE
1977441,"gate_40",3,FALSE,FALSE
1977466,"gate_40",141,TRUE,FALSE
1977622,"gate_30",6,TRUE,FALSE
1978200,"gate_30",32,FALSE,FALSE
1978222,"gate_40",130,TRUE,FALSE
1978387,"gate_40",126,TRUE,FALSE
1978439,"gate_40",3,FALSE,FALSE
1978514,"gate_40",50,FALSE,FALSE
1978553,"gate_40",34,TRUE,FALSE
1978681,"gate_40",62,TRUE,TRUE
1978722,"gate_30",2,FALSE,FALSE
1978748,"gate_30",479,FALSE,TRUE
1978761,"gate_40",1,FALSE,FALSE
1978798,"gate_40",0,FALSE,FALSE
1978915,"gate_40",69,TRUE,FALSE
1978916,"gate_40",419,TRUE,TRUE
1979115,"gate_30",2,FALSE,FALSE
1979228,"gate_40",275,TRUE,TRUE
1979275,"gate_40",21,TRUE,FALSE
1979318,"gate_40",0,FALSE,FALSE
1979360,"gate_30",22,FALSE,FALSE
1979425,"gate_40",209,TRUE,FALSE
1979453,"gate_30",52,TRUE,TRUE
1979908,"gate_30",22,TRUE,FALSE
1979996,"gate_30",222,TRUE,TRUE
1980178,"gate_40",228,TRUE,TRUE
1980200,"gate_30",1,FALSE,FALSE
1980209,"gate_40",33,FALSE,FALSE
1980322,"gate_40",87,TRUE,TRUE
1980419,"gate_30",20,TRUE,TRUE
1980491,"gate_30",1,FALSE,FALSE
1980601,"gate_40",23,TRUE,FALSE
1980867,"gate_40",17,FALSE,TRUE
1980933,"gate_30",39,FALSE,FALSE
1980939,"gate_30",1,FALSE,FALSE
1980971,"gate_40",2,FALSE,FALSE
1980995,"gate_30",13,FALSE,FALSE
1981246,"gate_30",58,TRUE,FALSE
1981507,"gate_30",82,TRUE,FALSE
1981563,"gate_30",11,TRUE,FALSE
1981959,"gate_30",46,FALSE,TRUE
1982243,"gate_30",1,FALSE,FALSE
1982306,"gate_30",51,TRUE,FALSE
1982504,"gate_40",312,TRUE,TRUE
1982519,"gate_40",2,TRUE,FALSE
1982545,"gate_40",61,TRUE,FALSE
1982876,"gate_30",20,FALSE,FALSE
1982933,"gate_40",1,FALSE,FALSE
1982951,"gate_40",129,TRUE,TRUE
1983000,"gate_30",9,FALSE,FALSE
1983060,"gate_30",42,FALSE,FALSE
1983380,"gate_40",13,TRUE,FALSE
1983414,"gate_30",4,FALSE,FALSE
1983454,"gate_40",15,TRUE,FALSE
1983583,"gate_40",25,FALSE,FALSE
1983879,"gate_40",25,FALSE,FALSE
1983915,"gate_40",24,FALSE,FALSE
1984188,"gate_30",4,FALSE,FALSE
1984303,"gate_40",8,FALSE,FALSE
1984463,"gate_30",23,FALSE,FALSE
1984512,"gate_40",11,FALSE,FALSE
1984517,"gate_40",4,FALSE,FALSE
1984617,"gate_30",9,FALSE,FALSE
1984791,"gate_30",63,FALSE,TRUE
1984838,"gate_30",13,TRUE,FALSE
1984919,"gate_40",53,TRUE,FALSE
1984946,"gate_40",62,FALSE,TRUE
1985103,"gate_40",9,TRUE,FALSE
1985178,"gate_30",331,TRUE,FALSE
1985226,"gate_30",17,FALSE,FALSE
1985257,"gate_40",80,TRUE,FALSE
1985294,"gate_30",137,TRUE,FALSE
1985300,"gate_40",0,FALSE,FALSE
1985301,"gate_40",7,FALSE,FALSE
1985316,"gate_40",68,TRUE,FALSE
1985379,"gate_30",49,TRUE,FALSE
1985401,"gate_40",277,TRUE,TRUE
1985516,"gate_30",27,TRUE,FALSE
1985590,"gate_30",98,TRUE,TRUE
1985597,"gate_30",346,TRUE,FALSE
1985639,"gate_30",157,TRUE,FALSE
1985932,"gate_40",7,FALSE,FALSE
1986004,"gate_40",2,FALSE,FALSE
1986066,"gate_40",1,FALSE,FALSE
1986073,"gate_40",5,FALSE,FALSE
1986130,"gate_30",19,FALSE,FALSE
1986232,"gate_40",399,TRUE,TRUE
1986296,"gate_30",28,FALSE,FALSE
1986329,"gate_40",59,TRUE,FALSE
1986412,"gate_30",94,TRUE,TRUE
1986550,"gate_40",31,TRUE,FALSE
1986620,"gate_30",5,FALSE,FALSE
1986652,"gate_40",27,TRUE,TRUE
1986759,"gate_40",225,TRUE,TRUE
1986865,"gate_30",22,TRUE,FALSE
1986996,"gate_30",26,FALSE,TRUE
1987211,"gate_30",11,FALSE,FALSE
1987282,"gate_30",119,FALSE,TRUE
1987283,"gate_40",12,FALSE,FALSE
1987393,"gate_30",14,FALSE,TRUE
1987452,"gate_40",5,FALSE,FALSE
1987510,"gate_30",44,TRUE,TRUE
1987545,"gate_30",75,TRUE,TRUE
1987730,"gate_30",17,TRUE,FALSE
1987823,"gate_40",3,FALSE,FALSE
1988017,"gate_40",7,FALSE,FALSE
1988104,"gate_30",32,FALSE,FALSE
1988129,"gate_40",5,FALSE,FALSE
1988250,"gate_30",11,FALSE,FALSE
1988373,"gate_40",5,FALSE,FALSE
1988473,"gate_30",8,FALSE,FALSE
1988646,"gate_40",59,TRUE,FALSE
1988762,"gate_30",28,FALSE,FALSE
1988771,"gate_30",2,FALSE,FALSE
1988817,"gate_40",14,FALSE,FALSE
1988835,"gate_30",118,TRUE,FALSE
1989213,"gate_30",45,FALSE,FALSE
1989293,"gate_40",31,FALSE,FALSE
1989386,"gate_40",16,FALSE,FALSE
1989392,"gate_30",30,TRUE,FALSE
1989407,"gate_30",141,TRUE,TRUE
1989550,"gate_40",26,TRUE,FALSE
1989563,"gate_30",1,FALSE,FALSE
1989623,"gate_30",1,FALSE,FALSE
1989717,"gate_30",17,TRUE,FALSE
1989875,"gate_30",0,FALSE,FALSE
1989958,"gate_40",81,TRUE,FALSE
1990127,"gate_40",41,TRUE,FALSE
1990149,"gate_40",4,FALSE,FALSE
1990192,"gate_40",1,FALSE,FALSE
1990716,"gate_30",62,TRUE,TRUE
1990967,"gate_30",18,FALSE,FALSE
1991082,"gate_40",52,TRUE,FALSE
1991280,"gate_30",142,TRUE,FALSE
1991592,"gate_30",5,FALSE,FALSE
1991697,"gate_40",25,TRUE,FALSE
1991820,"gate_30",2,FALSE,FALSE
1992162,"gate_40",6,FALSE,FALSE
1992450,"gate_40",21,TRUE,FALSE
1992503,"gate_40",56,TRUE,FALSE
1992737,"gate_40",191,TRUE,TRUE
1992743,"gate_30",26,TRUE,FALSE
1992920,"gate_30",56,TRUE,FALSE
1992985,"gate_40",4,FALSE,FALSE
1993123,"gate_40",140,TRUE,FALSE
1993243,"gate_40",24,TRUE,FALSE
1993383,"gate_30",19,TRUE,FALSE
1993404,"gate_30",495,TRUE,TRUE
1993422,"gate_40",46,TRUE,FALSE
1993737,"gate_30",15,FALSE,FALSE
1994067,"gate_40",5,FALSE,FALSE
1994101,"gate_40",5,FALSE,FALSE
1994125,"gate_30",3,FALSE,FALSE
1994147,"gate_40",13,FALSE,FALSE
1994184,"gate_30",126,TRUE,TRUE
1994351,"gate_30",13,FALSE,FALSE
1994442,"gate_40",16,TRUE,FALSE
1994717,"gate_30",143,TRUE,FALSE
1994734,"gate_40",22,FALSE,FALSE
1994791,"gate_30",8,FALSE,FALSE
1994908,"gate_30",104,TRUE,FALSE
1994986,"gate_40",27,TRUE,FALSE
1995072,"gate_30",55,TRUE,TRUE
1995228,"gate_30",1,FALSE,FALSE
1995244,"gate_40",18,TRUE,FALSE
1995295,"gate_30",5,FALSE,FALSE
1995328,"gate_30",17,FALSE,FALSE
1995402,"gate_30",1,FALSE,FALSE
1995411,"gate_40",16,FALSE,TRUE
1995794,"gate_30",25,TRUE,FALSE
1995803,"gate_30",3,FALSE,FALSE
1995821,"gate_40",61,TRUE,FALSE
1995844,"gate_40",14,TRUE,FALSE
1995853,"gate_40",4,FALSE,FALSE
1995863,"gate_40",49,TRUE,FALSE
1995865,"gate_30",21,TRUE,FALSE
1995866,"gate_30",68,TRUE,TRUE
1995968,"gate_40",0,FALSE,FALSE
1995969,"gate_40",453,TRUE,TRUE
1996069,"gate_40",15,TRUE,FALSE
1996176,"gate_30",8,FALSE,FALSE
1996203,"gate_40",20,FALSE,FALSE
1996349,"gate_40",7,TRUE,FALSE
1996515,"gate_30",40,TRUE,TRUE
1996816,"gate_40",3,FALSE,FALSE
1996907,"gate_40",9,FALSE,FALSE
1996934,"gate_30",66,TRUE,FALSE
1997383,"gate_40",59,TRUE,FALSE
1997577,"gate_30",19,FALSE,FALSE
1997778,"gate_30",7,FALSE,FALSE
1997850,"gate_30",3,FALSE,FALSE
1997853,"gate_40",2,TRUE,FALSE
1997923,"gate_40",3,FALSE,FALSE
1997932,"gate_30",4,FALSE,FALSE
1998064,"gate_30",1,FALSE,FALSE
1998086,"gate_30",19,FALSE,FALSE
1998171,"gate_40",5,FALSE,FALSE
1998423,"gate_40",7,FALSE,FALSE
1998519,"gate_40",37,TRUE,FALSE
1998541,"gate_30",8,TRUE,FALSE
1998684,"gate_30",28,TRUE,TRUE
1998703,"gate_40",45,TRUE,FALSE
1998722,"gate_30",0,FALSE,FALSE
1999027,"gate_40",27,FALSE,FALSE
1999258,"gate_40",9,FALSE,FALSE
1999338,"gate_40",7,FALSE,FALSE
1999424,"gate_30",4,FALSE,FALSE
1999459,"gate_30",21,FALSE,FALSE
1999775,"gate_40",5,TRUE,FALSE
2000409,"gate_40",7,FALSE,FALSE
2000441,"gate_30",5,FALSE,FALSE
2000450,"gate_40",35,TRUE,FALSE
2000522,"gate_30",14,FALSE,FALSE
2000787,"gate_40",1,FALSE,FALSE
2000841,"gate_40",37,TRUE,FALSE
2000865,"gate_30",30,TRUE,FALSE
2001139,"gate_40",7,FALSE,FALSE
2001140,"gate_40",79,TRUE,FALSE
2001231,"gate_40",109,TRUE,FALSE
2001338,"gate_40",2,FALSE,FALSE
2001368,"gate_40",12,FALSE,FALSE
2001453,"gate_30",121,TRUE,FALSE
2001609,"gate_40",3,FALSE,FALSE
2001639,"gate_30",336,TRUE,TRUE
2001645,"gate_40",5,FALSE,FALSE
2001795,"gate_40",18,TRUE,FALSE
2001944,"gate_40",15,FALSE,FALSE
2002027,"gate_30",20,FALSE,FALSE
2002079,"gate_40",15,TRUE,FALSE
2002262,"gate_30",64,TRUE,FALSE
2002345,"gate_30",18,TRUE,FALSE
2002677,"gate_30",57,TRUE,FALSE
2002876,"gate_30",18,FALSE,FALSE
2002908,"gate_30",18,FALSE,FALSE
2003095,"gate_30",5,TRUE,FALSE
2003271,"gate_30",3,FALSE,FALSE
2003300,"gate_40",17,FALSE,FALSE
2003343,"gate_40",24,FALSE,FALSE
2003441,"gate_30",16,TRUE,FALSE
2003638,"gate_30",32,FALSE,FALSE
2003655,"gate_40",0,FALSE,FALSE
2003797,"gate_40",460,TRUE,TRUE
2003798,"gate_40",36,TRUE,TRUE
2004111,"gate_40",233,TRUE,TRUE
2004189,"gate_40",0,FALSE,FALSE
2004740,"gate_40",11,FALSE,FALSE
2004775,"gate_40",5,FALSE,FALSE
2004784,"gate_30",39,TRUE,FALSE
2004920,"gate_40",2,FALSE,FALSE
2004931,"gate_30",93,FALSE,TRUE
2005061,"gate_30",2,FALSE,FALSE
2005068,"gate_30",32,TRUE,FALSE
2005554,"gate_30",22,FALSE,FALSE
2005563,"gate_40",15,TRUE,FALSE
2005570,"gate_30",227,TRUE,TRUE
2005778,"gate_40",132,TRUE,TRUE
2005854,"gate_40",24,TRUE,FALSE
2005914,"gate_30",226,TRUE,TRUE
2006063,"gate_40",5,FALSE,FALSE
2006375,"gate_30",13,FALSE,FALSE
2006539,"gate_30",20,FALSE,TRUE
2006690,"gate_40",85,TRUE,FALSE
2006736,"gate_40",107,TRUE,FALSE
2006773,"gate_30",40,TRUE,FALSE
2006783,"gate_40",4,FALSE,FALSE
2007064,"gate_30",5,FALSE,FALSE
2007249,"gate_40",103,TRUE,FALSE
2007324,"gate_30",3,FALSE,FALSE
2007560,"gate_40",4,FALSE,FALSE
2007654,"gate_30",5,FALSE,FALSE
2007789,"gate_40",6,FALSE,FALSE
2008310,"gate_30",2,FALSE,FALSE
2008375,"gate_30",0,FALSE,FALSE
2008380,"gate_40",1,FALSE,FALSE
2008425,"gate_30",12,FALSE,FALSE
2008486,"gate_30",103,TRUE,TRUE
2008571,"gate_30",64,TRUE,TRUE
2008833,"gate_40",0,FALSE,FALSE
2009412,"gate_40",82,TRUE,TRUE
2009418,"gate_30",20,TRUE,FALSE
2009437,"gate_30",5,FALSE,FALSE
2009459,"gate_30",2,FALSE,FALSE
2009729,"gate_30",9,FALSE,FALSE
2009754,"gate_40",99,TRUE,TRUE
2009840,"gate_40",0,FALSE,FALSE
2009946,"gate_40",6,FALSE,FALSE
2010134,"gate_40",25,FALSE,FALSE
2010219,"gate_30",8,FALSE,FALSE
2010375,"gate_30",2,FALSE,FALSE
2010727,"gate_30",181,TRUE,TRUE
2010888,"gate_30",18,FALSE,FALSE
2010895,"gate_30",1,FALSE,FALSE
2010931,"gate_40",15,FALSE,FALSE
2010937,"gate_30",5,TRUE,FALSE
2011126,"gate_40",1,FALSE,FALSE
2011147,"gate_40",1,FALSE,FALSE
2011188,"gate_40",49,TRUE,TRUE
2011246,"gate_40",15,FALSE,FALSE
2011290,"gate_30",4,FALSE,FALSE
2011391,"gate_40",228,TRUE,TRUE
2011404,"gate_40",13,FALSE,FALSE
2011657,"gate_30",142,TRUE,FALSE
2011724,"gate_30",48,FALSE,FALSE
2011740,"gate_40",87,TRUE,FALSE
2011744,"gate_30",207,TRUE,FALSE
2011836,"gate_30",11,FALSE,FALSE
2011908,"gate_30",2,FALSE,FALSE
2012005,"gate_30",16,FALSE,FALSE
2012066,"gate_40",13,TRUE,FALSE
2012094,"gate_30",1,FALSE,FALSE
2012128,"gate_40",15,FALSE,FALSE
2012211,"gate_40",48,TRUE,FALSE
2012314,"gate_40",53,TRUE,FALSE
2012458,"gate_30",206,FALSE,TRUE
2012533,"gate_30",3,FALSE,FALSE
2012797,"gate_40",51,FALSE,FALSE
2013005,"gate_40",2,FALSE,FALSE
2013050,"gate_40",154,TRUE,FALSE
2013074,"gate_30",1,FALSE,FALSE
2013171,"gate_40",110,TRUE,FALSE
2013305,"gate_40",3,FALSE,FALSE
2013409,"gate_40",0,FALSE,FALSE
2013453,"gate_30",49,TRUE,FALSE
2013516,"gate_40",51,FALSE,FALSE
2014089,"gate_40",243,TRUE,TRUE
2014175,"gate_30",3,FALSE,FALSE
2014395,"gate_40",8,TRUE,FALSE
2014453,"gate_40",39,FALSE,FALSE
2014550,"gate_40",66,TRUE,FALSE
2014633,"gate_30",15,FALSE,FALSE
2014706,"gate_40",6,FALSE,FALSE
2014980,"gate_40",48,FALSE,FALSE
2015145,"gate_30",125,TRUE,TRUE
2015221,"gate_40",159,TRUE,TRUE
2015263,"gate_40",25,TRUE,TRUE
2015282,"gate_40",14,FALSE,FALSE
2015351,"gate_30",4,FALSE,FALSE
2015484,"gate_30",5,FALSE,FALSE
2015533,"gate_30",20,FALSE,FALSE
2015728,"gate_30",58,FALSE,TRUE
2016094,"gate_30",81,TRUE,FALSE
2016107,"gate_30",21,TRUE,FALSE
2016359,"gate_40",163,TRUE,FALSE
2016429,"gate_30",54,TRUE,FALSE
2016614,"gate_30",2,FALSE,FALSE
2016860,"gate_40",33,TRUE,FALSE
2017050,"gate_40",3,FALSE,FALSE
2017060,"gate_40",3,FALSE,FALSE
2017445,"gate_30",28,FALSE,FALSE
2017602,"gate_40",0,FALSE,FALSE
2017719,"gate_40",5,FALSE,FALSE
2017753,"gate_40",12,TRUE,FALSE
2017790,"gate_30",5,FALSE,FALSE
2018118,"gate_30",32,TRUE,FALSE
2018160,"gate_30",19,FALSE,FALSE
2018285,"gate_40",5,TRUE,FALSE
2018336,"gate_40",9,FALSE,FALSE
2018376,"gate_40",27,FALSE,TRUE
2018490,"gate_40",94,TRUE,TRUE
2018538,"gate_40",126,TRUE,TRUE
2018715,"gate_30",3,FALSE,FALSE
2018730,"gate_40",48,TRUE,FALSE
2018846,"gate_30",1,TRUE,FALSE
2018853,"gate_30",0,FALSE,FALSE
2018909,"gate_40",8,FALSE,FALSE
2019067,"gate_40",10,TRUE,FALSE
2019112,"gate_40",4,FALSE,FALSE
2019526,"gate_30",4,FALSE,FALSE
2019697,"gate_40",13,FALSE,FALSE
2019765,"gate_30",43,FALSE,FALSE
2019802,"gate_30",10,FALSE,FALSE
2019869,"gate_30",4,FALSE,FALSE
2019936,"gate_40",3,FALSE,FALSE
2020170,"gate_30",104,TRUE,FALSE
2020348,"gate_30",118,TRUE,TRUE
2020392,"gate_40",61,TRUE,TRUE
2020420,"gate_30",2,FALSE,FALSE
2020701,"gate_30",2,TRUE,FALSE
2020849,"gate_30",809,FALSE,TRUE
2021153,"gate_30",311,TRUE,TRUE
2021267,"gate_40",16,TRUE,FALSE
2021279,"gate_30",19,TRUE,FALSE
2021352,"gate_30",42,FALSE,FALSE
2021450,"gate_40",7,FALSE,FALSE
2021467,"gate_30",1,FALSE,FALSE
2021520,"gate_40",136,TRUE,TRUE
2021555,"gate_30",1,FALSE,FALSE
2021632,"gate_40",62,TRUE,FALSE
2021633,"gate_40",76,TRUE,FALSE
2021793,"gate_30",39,TRUE,FALSE
2021797,"gate_40",35,FALSE,TRUE
2022039,"gate_30",7,FALSE,FALSE
2022056,"gate_40",28,TRUE,FALSE
2022147,"gate_40",3,FALSE,FALSE
2022188,"gate_30",10,FALSE,FALSE
2022252,"gate_40",20,TRUE,FALSE
2022411,"gate_30",51,TRUE,FALSE
2022413,"gate_40",5,TRUE,FALSE
2022456,"gate_30",0,FALSE,FALSE
2022549,"gate_30",33,TRUE,FALSE
2022704,"gate_30",11,FALSE,FALSE
2022793,"gate_40",34,TRUE,TRUE
2023029,"gate_40",1,FALSE,FALSE
2023241,"gate_30",2,FALSE,FALSE
2023336,"gate_40",45,TRUE,FALSE
2023449,"gate_30",9,FALSE,FALSE
2023481,"gate_30",2,FALSE,FALSE
2023509,"gate_40",12,FALSE,FALSE
2023527,"gate_30",13,FALSE,FALSE
2023545,"gate_40",1,FALSE,FALSE
2023566,"gate_40",241,TRUE,FALSE
2023577,"gate_30",7,FALSE,FALSE
2023587,"gate_40",48,TRUE,FALSE
2023700,"gate_40",10,FALSE,FALSE
2023745,"gate_30",37,TRUE,FALSE
2023750,"gate_40",6,TRUE,FALSE
2023961,"gate_40",12,FALSE,TRUE
2024069,"gate_30",91,TRUE,FALSE
2024073,"gate_30",43,TRUE,FALSE
2024075,"gate_40",110,TRUE,FALSE
2024191,"gate_30",21,FALSE,FALSE
2024289,"gate_30",56,TRUE,FALSE
2024355,"gate_40",3,FALSE,FALSE
2024371,"gate_40",1,FALSE,FALSE
2024438,"gate_40",87,TRUE,TRUE
2024539,"gate_30",1,FALSE,FALSE
2024604,"gate_40",1,FALSE,FALSE
2024727,"gate_40",23,FALSE,FALSE
2024732,"gate_40",1,FALSE,FALSE
2024762,"gate_40",120,TRUE,TRUE
2024784,"gate_30",2,FALSE,FALSE
2024885,"gate_30",25,TRUE,TRUE
2024941,"gate_40",12,FALSE,FALSE
2025046,"gate_40",19,FALSE,FALSE
2025103,"gate_30",1,FALSE,FALSE
2025258,"gate_30",3,FALSE,FALSE
2025314,"gate_30",22,TRUE,FALSE
2025380,"gate_40",21,TRUE,FALSE
2025415,"gate_40",0,FALSE,FALSE
2025461,"gate_40",0,FALSE,FALSE
2025661,"gate_30",111,TRUE,FALSE
2025883,"gate_40",11,FALSE,FALSE
2025976,"gate_30",18,TRUE,FALSE
2026048,"gate_40",6,FALSE,FALSE
2026114,"gate_40",24,TRUE,FALSE
2026122,"gate_40",125,TRUE,TRUE
2026219,"gate_40",9,TRUE,FALSE
2026222,"gate_30",16,FALSE,FALSE
2026235,"gate_40",6,FALSE,FALSE
2026721,"gate_30",55,TRUE,TRUE
2026802,"gate_30",186,TRUE,TRUE
2026835,"gate_30",109,TRUE,TRUE
2026880,"gate_40",24,FALSE,TRUE
2026944,"gate_30",1,FALSE,FALSE
2027013,"gate_40",8,FALSE,FALSE
2027162,"gate_40",10,FALSE,FALSE
2027250,"gate_30",36,TRUE,FALSE
2027456,"gate_30",10,FALSE,TRUE
2027460,"gate_40",13,FALSE,FALSE
2027532,"gate_30",11,FALSE,FALSE
2027590,"gate_40",76,FALSE,FALSE
2027651,"gate_40",19,TRUE,FALSE
2027686,"gate_30",5,FALSE,FALSE
2027712,"gate_40",36,TRUE,FALSE
2027831,"gate_30",33,FALSE,FALSE
2027838,"gate_30",3,TRUE,FALSE
2027851,"gate_30",92,FALSE,FALSE
2028030,"gate_40",1,FALSE,FALSE
2028120,"gate_40",92,TRUE,FALSE
2028155,"gate_30",1,FALSE,FALSE
2028394,"gate_30",12,TRUE,FALSE
2028448,"gate_40",2,FALSE,FALSE
2028481,"gate_40",112,FALSE,FALSE
2028563,"gate_30",144,TRUE,TRUE
2028564,"gate_30",1,FALSE,FALSE
2028939,"gate_40",2,FALSE,FALSE
2028949,"gate_40",3,FALSE,FALSE
2029041,"gate_30",1,FALSE,FALSE
2029087,"gate_40",318,TRUE,TRUE
2029471,"gate_30",4,FALSE,FALSE
2029498,"gate_30",328,TRUE,TRUE
2029719,"gate_40",21,TRUE,FALSE
2029747,"gate_30",2,FALSE,FALSE
2029776,"gate_30",4,FALSE,FALSE
2029884,"gate_40",28,TRUE,FALSE
2029956,"gate_30",27,TRUE,FALSE
2030036,"gate_40",46,TRUE,FALSE
2030386,"gate_30",40,TRUE,FALSE
2030806,"gate_40",17,FALSE,FALSE
2030906,"gate_40",5,TRUE,FALSE
2031017,"gate_40",6,FALSE,FALSE
2031164,"gate_40",44,TRUE,FALSE
2031230,"gate_40",4,FALSE,FALSE
2031298,"gate_40",37,TRUE,FALSE
2031390,"gate_30",3,FALSE,FALSE
2031404,"gate_40",15,TRUE,FALSE
2031457,"gate_30",6,FALSE,FALSE
2031471,"gate_40",0,FALSE,FALSE
2031499,"gate_30",3,FALSE,TRUE
2031680,"gate_40",1,FALSE,FALSE
2031781,"gate_30",40,TRUE,FALSE
2031928,"gate_30",35,FALSE,FALSE
2032045,"gate_30",22,TRUE,FALSE
2032165,"gate_40",3,TRUE,FALSE
2032204,"gate_40",150,FALSE,TRUE
2032624,"gate_40",3,FALSE,FALSE
2032665,"gate_40",69,TRUE,FALSE
2032754,"gate_30",0,FALSE,FALSE
2032760,"gate_30",17,TRUE,FALSE
2032850,"gate_40",8,FALSE,FALSE
2033333,"gate_30",115,TRUE,FALSE
2033490,"gate_30",8,TRUE,FALSE
2033615,"gate_40",17,FALSE,FALSE
2033680,"gate_40",2,FALSE,FALSE
2033721,"gate_30",15,TRUE,FALSE
2033847,"gate_30",6,FALSE,FALSE
2034098,"gate_40",12,FALSE,FALSE
2034277,"gate_40",4,FALSE,FALSE
2034974,"gate_30",28,FALSE,FALSE
2035055,"gate_40",35,TRUE,FALSE
2035065,"gate_40",238,TRUE,TRUE
2035452,"gate_40",26,TRUE,FALSE
2035590,"gate_40",29,TRUE,FALSE
2035732,"gate_30",41,FALSE,FALSE
2036031,"gate_30",35,TRUE,FALSE
2036047,"gate_40",16,TRUE,FALSE
2036082,"gate_30",21,FALSE,FALSE
2036185,"gate_30",764,TRUE,TRUE
2036236,"gate_30",2,FALSE,FALSE
2036249,"gate_40",172,TRUE,TRUE
2036289,"gate_30",12,FALSE,FALSE
2036890,"gate_40",8,TRUE,FALSE
2036938,"gate_40",67,TRUE,FALSE
2036992,"gate_40",12,FALSE,FALSE
2037292,"gate_40",132,TRUE,TRUE
2037357,"gate_40",3,TRUE,FALSE
2037404,"gate_30",20,TRUE,FALSE
2037680,"gate_30",122,TRUE,TRUE
2037843,"gate_40",5,FALSE,FALSE
2038104,"gate_30",27,TRUE,FALSE
2038129,"gate_30",7,TRUE,TRUE
2038175,"gate_40",85,FALSE,TRUE
2038192,"gate_30",48,TRUE,FALSE
2038255,"gate_30",3,FALSE,FALSE
2038263,"gate_40",112,TRUE,TRUE
2038438,"gate_30",20,TRUE,FALSE
2038496,"gate_40",50,TRUE,TRUE
2038647,"gate_30",4,FALSE,FALSE
2038662,"gate_40",17,TRUE,FALSE
2038682,"gate_40",14,FALSE,FALSE
2038731,"gate_40",0,FALSE,FALSE
2038738,"gate_40",30,TRUE,TRUE
2038755,"gate_40",5,FALSE,FALSE
2038782,"gate_30",184,TRUE,TRUE
2038794,"gate_40",4,TRUE,FALSE
2039105,"gate_30",6,FALSE,FALSE
2039166,"gate_30",1,FALSE,FALSE
2039245,"gate_40",19,TRUE,FALSE
2039246,"gate_30",86,FALSE,FALSE
2039540,"gate_40",1,FALSE,FALSE
2039570,"gate_40",2,FALSE,FALSE
2039597,"gate_30",3,FALSE,FALSE
2039666,"gate_40",9,FALSE,FALSE
2039695,"gate_30",44,TRUE,TRUE
2039753,"gate_40",13,FALSE,FALSE
2039786,"gate_40",13,FALSE,FALSE
2040101,"gate_30",5,FALSE,FALSE
2040143,"gate_40",25,TRUE,FALSE
2040315,"gate_30",5,FALSE,FALSE
2040343,"gate_40",22,TRUE,FALSE
2040469,"gate_30",86,TRUE,TRUE
2040624,"gate_30",17,FALSE,FALSE
2040858,"gate_30",34,FALSE,FALSE
2040913,"gate_40",9,TRUE,FALSE
2040948,"gate_40",7,FALSE,FALSE
2040993,"gate_30",2,FALSE,FALSE
2041022,"gate_30",8,FALSE,FALSE
2041074,"gate_40",1,FALSE,FALSE
2041241,"gate_30",8,TRUE,FALSE
2041287,"gate_30",235,TRUE,TRUE
2041680,"gate_30",2,FALSE,FALSE
2041710,"gate_40",40,FALSE,TRUE
2041777,"gate_30",40,FALSE,FALSE
2041787,"gate_40",5,FALSE,FALSE
2041895,"gate_40",70,FALSE,FALSE
2042292,"gate_30",4,FALSE,FALSE
2042316,"gate_40",1,FALSE,FALSE
2042537,"gate_30",30,FALSE,FALSE
2042543,"gate_40",29,TRUE,FALSE
2042655,"gate_40",4,FALSE,FALSE
2042858,"gate_40",25,FALSE,FALSE
2042890,"gate_30",2,FALSE,FALSE
2043174,"gate_30",297,TRUE,TRUE
2043239,"gate_30",83,TRUE,FALSE
2043253,"gate_30",0,FALSE,FALSE
2043389,"gate_30",95,TRUE,FALSE
2043421,"gate_30",0,FALSE,FALSE
2043836,"gate_40",64,TRUE,FALSE
2043943,"gate_40",10,TRUE,FALSE
2043989,"gate_30",7,FALSE,FALSE
2044108,"gate_30",17,FALSE,FALSE
2044267,"gate_30",15,TRUE,TRUE
2044300,"gate_40",147,TRUE,TRUE
2044473,"gate_30",29,FALSE,FALSE
2044570,"gate_40",20,FALSE,FALSE
2044652,"gate_40",48,TRUE,FALSE
2044675,"gate_30",2,FALSE,FALSE
2044760,"gate_30",9,FALSE,FALSE
2044772,"gate_30",387,TRUE,TRUE
2044791,"gate_30",31,TRUE,FALSE
2044925,"gate_40",15,FALSE,FALSE
2045029,"gate_30",0,FALSE,FALSE
2045080,"gate_40",6,FALSE,FALSE
2045143,"gate_30",10,FALSE,FALSE
2045170,"gate_30",15,FALSE,FALSE
2045175,"gate_40",19,FALSE,FALSE
2045178,"gate_30",36,FALSE,FALSE
2045208,"gate_40",1,FALSE,FALSE
2045431,"gate_40",20,TRUE,FALSE
2045530,"gate_40",0,FALSE,FALSE
2045626,"gate_40",227,TRUE,TRUE
2045664,"gate_40",44,TRUE,FALSE
2045692,"gate_40",13,FALSE,FALSE
2045711,"gate_30",39,FALSE,FALSE
2045789,"gate_40",3,FALSE,FALSE
2045855,"gate_40",25,TRUE,FALSE
2045883,"gate_40",56,TRUE,FALSE
2046002,"gate_40",80,TRUE,FALSE
2046057,"gate_30",20,FALSE,FALSE
2046118,"gate_40",1,FALSE,FALSE
2046153,"gate_30",4,FALSE,FALSE
2046363,"gate_40",5,FALSE,FALSE
2046763,"gate_30",6,FALSE,TRUE
2046816,"gate_40",144,TRUE,TRUE
2047067,"gate_30",3,FALSE,FALSE
2047158,"gate_30",1,FALSE,FALSE
2047312,"gate_30",175,TRUE,FALSE
2047346,"gate_30",3,FALSE,FALSE
2047564,"gate_30",2,FALSE,FALSE
2047649,"gate_40",14,FALSE,FALSE
2047652,"gate_40",23,TRUE,FALSE
2047798,"gate_30",158,TRUE,TRUE
2047823,"gate_30",6,TRUE,FALSE
2048071,"gate_40",51,TRUE,FALSE
2048098,"gate_40",3,FALSE,FALSE
2048151,"gate_30",7,FALSE,FALSE
2048203,"gate_40",33,TRUE,FALSE
2048224,"gate_30",1,FALSE,FALSE
2048241,"gate_40",11,FALSE,FALSE
2048364,"gate_40",5,FALSE,FALSE
2048579,"gate_30",55,TRUE,FALSE
2048667,"gate_40",12,TRUE,FALSE
2048817,"gate_30",26,TRUE,FALSE
2049000,"gate_30",7,FALSE,FALSE
2049228,"gate_40",14,FALSE,FALSE
2049281,"gate_30",5,FALSE,FALSE
2049383,"gate_30",2,FALSE,FALSE
2049408,"gate_40",2,FALSE,FALSE
2049445,"gate_40",2,FALSE,FALSE
2049584,"gate_30",36,TRUE,FALSE
2049680,"gate_40",5,FALSE,FALSE
2049751,"gate_30",193,TRUE,FALSE
2049803,"gate_30",4,TRUE,FALSE
2050101,"gate_40",392,TRUE,TRUE
2050123,"gate_40",27,FALSE,FALSE
2050141,"gate_40",61,TRUE,FALSE
2050235,"gate_30",21,TRUE,FALSE
2050445,"gate_40",55,TRUE,FALSE
2050619,"gate_30",4,FALSE,FALSE
2050622,"gate_40",6,FALSE,FALSE
2050637,"gate_40",57,TRUE,FALSE
2050687,"gate_30",1,FALSE,FALSE
2050937,"gate_30",2,FALSE,FALSE
2050974,"gate_40",68,FALSE,FALSE
2051070,"gate_30",325,TRUE,TRUE
2051153,"gate_40",154,TRUE,FALSE
2051172,"gate_30",80,TRUE,TRUE
2051249,"gate_40",61,FALSE,FALSE
2051321,"gate_30",0,FALSE,FALSE
2051465,"gate_30",13,FALSE,FALSE
2051807,"gate_30",72,TRUE,FALSE
2051862,"gate_30",3,FALSE,FALSE
2051872,"gate_40",11,FALSE,FALSE
2051895,"gate_30",78,TRUE,TRUE
2051897,"gate_40",218,TRUE,TRUE
2051941,"gate_40",3,FALSE,FALSE
2052004,"gate_40",106,TRUE,TRUE
2052005,"gate_40",91,TRUE,TRUE
2052009,"gate_30",2,FALSE,FALSE
2052044,"gate_40",0,FALSE,FALSE
2052311,"gate_40",4,TRUE,FALSE
2052344,"gate_30",100,TRUE,FALSE
2052592,"gate_30",4,TRUE,FALSE
2052604,"gate_40",13,TRUE,FALSE
2052607,"gate_40",25,FALSE,FALSE
2052694,"gate_30",52,FALSE,TRUE
2052750,"gate_30",39,FALSE,FALSE
2052895,"gate_30",622,TRUE,TRUE
2052961,"gate_30",0,FALSE,FALSE
2053118,"gate_40",4,FALSE,FALSE
2053140,"gate_30",52,FALSE,FALSE
2053206,"gate_40",11,TRUE,FALSE
2053259,"gate_40",1,FALSE,FALSE
2053509,"gate_40",79,FALSE,FALSE
2053593,"gate_30",143,TRUE,TRUE
2053718,"gate_40",40,TRUE,FALSE
2053871,"gate_40",5,FALSE,FALSE
2054197,"gate_30",5,FALSE,TRUE
2054216,"gate_30",23,TRUE,FALSE
2054242,"gate_30",12,TRUE,FALSE
2054377,"gate_40",0,FALSE,FALSE
2054411,"gate_40",86,TRUE,FALSE
2054422,"gate_40",4,FALSE,FALSE
2054466,"gate_30",214,TRUE,FALSE
2054923,"gate_30",133,FALSE,FALSE
2055041,"gate_30",1,FALSE,FALSE
2055096,"gate_40",0,FALSE,FALSE
2055832,"gate_30",3,FALSE,FALSE
2055941,"gate_30",7,FALSE,FALSE
2056009,"gate_30",25,FALSE,FALSE
2056109,"gate_40",15,FALSE,FALSE
2056191,"gate_30",3,FALSE,FALSE
2056328,"gate_30",7,FALSE,FALSE
2056346,"gate_40",4,FALSE,FALSE
2056349,"gate_40",13,FALSE,FALSE
2056457,"gate_30",22,FALSE,FALSE
2056496,"gate_30",4,FALSE,FALSE
2056514,"gate_40",4,FALSE,FALSE
2056554,"gate_30",5,FALSE,FALSE
2056615,"gate_30",2,FALSE,FALSE
2056662,"gate_30",12,FALSE,FALSE
2056668,"gate_30",63,TRUE,TRUE
2056710,"gate_40",4,FALSE,FALSE
2056740,"gate_30",17,FALSE,FALSE
2056787,"gate_40",15,FALSE,FALSE
2056801,"gate_40",0,FALSE,FALSE
2056844,"gate_40",27,FALSE,FALSE
2056922,"gate_40",22,FALSE,FALSE
2057240,"gate_30",14,TRUE,FALSE
2057278,"gate_30",9,TRUE,FALSE
2057344,"gate_30",11,TRUE,FALSE
2057414,"gate_30",34,TRUE,FALSE
2057438,"gate_30",31,TRUE,FALSE
2057552,"gate_30",16,TRUE,FALSE
2057857,"gate_40",0,FALSE,FALSE
2058415,"gate_30",1,FALSE,FALSE
2058586,"gate_30",29,TRUE,FALSE
2058635,"gate_30",68,TRUE,TRUE
2058687,"gate_30",8,FALSE,FALSE
2058696,"gate_40",74,TRUE,TRUE
2058727,"gate_40",10,TRUE,FALSE
2058777,"gate_40",5,TRUE,FALSE
2058798,"gate_40",28,TRUE,FALSE
2058862,"gate_30",26,TRUE,FALSE
2058957,"gate_40",94,TRUE,FALSE
2059172,"gate_40",8,FALSE,FALSE
2059200,"gate_30",39,FALSE,FALSE
2059326,"gate_40",18,FALSE,FALSE
2059347,"gate_40",4,FALSE,TRUE
2059592,"gate_30",40,TRUE,TRUE
2059617,"gate_30",1,FALSE,FALSE
2059690,"gate_40",1,FALSE,FALSE
2059817,"gate_40",27,FALSE,FALSE
2059970,"gate_30",16,FALSE,FALSE
2060144,"gate_40",22,FALSE,TRUE
2060157,"gate_30",3,FALSE,FALSE
2060447,"gate_30",45,FALSE,FALSE
2060618,"gate_40",0,FALSE,FALSE
2060931,"gate_40",151,TRUE,FALSE
2060955,"gate_30",0,FALSE,FALSE
2060975,"gate_30",90,TRUE,TRUE
2061225,"gate_40",10,FALSE,FALSE
2061429,"gate_30",22,FALSE,FALSE
2061621,"gate_40",54,FALSE,FALSE
2061672,"gate_40",4,FALSE,FALSE
2061720,"gate_40",2,FALSE,FALSE
2062108,"gate_30",67,TRUE,TRUE
2062202,"gate_40",19,TRUE,FALSE
2062319,"gate_40",4,FALSE,FALSE
2062858,"gate_30",46,FALSE,FALSE
2062880,"gate_40",9,FALSE,FALSE
2063114,"gate_40",17,FALSE,FALSE
2063598,"gate_40",1,FALSE,FALSE
2063607,"gate_40",9,FALSE,FALSE
2063630,"gate_30",166,TRUE,TRUE
2063638,"gate_40",58,FALSE,FALSE
2063897,"gate_30",77,TRUE,TRUE
2063988,"gate_40",120,TRUE,TRUE
2064005,"gate_40",62,TRUE,FALSE
2064296,"gate_30",36,TRUE,FALSE
2064312,"gate_30",49,TRUE,FALSE
2064471,"gate_30",20,FALSE,FALSE
2064495,"gate_30",0,FALSE,FALSE
2064585,"gate_40",6,FALSE,FALSE
2064683,"gate_40",22,FALSE,FALSE
2064806,"gate_30",9,FALSE,FALSE
2064866,"gate_40",107,TRUE,FALSE
2064926,"gate_30",27,TRUE,FALSE
2064953,"gate_30",1,FALSE,FALSE
2064964,"gate_30",7,FALSE,FALSE
2065034,"gate_30",98,TRUE,TRUE
2065138,"gate_30",22,TRUE,FALSE
2065156,"gate_30",2,FALSE,FALSE
2065164,"gate_30",135,FALSE,TRUE
2065419,"gate_30",76,TRUE,FALSE
2065477,"gate_30",13,FALSE,FALSE
2065529,"gate_30",7,FALSE,FALSE
2065543,"gate_30",212,TRUE,FALSE
2065544,"gate_30",3,FALSE,FALSE
2065754,"gate_40",209,TRUE,FALSE
2065827,"gate_30",0,FALSE,FALSE
2065893,"gate_30",145,TRUE,FALSE
2066016,"gate_30",4,FALSE,FALSE
2066032,"gate_40",34,FALSE,FALSE
2066247,"gate_40",7,TRUE,FALSE
2066295,"gate_30",27,TRUE,FALSE
2066847,"gate_40",8,TRUE,FALSE
2066866,"gate_30",2,FALSE,FALSE
2066942,"gate_30",390,TRUE,TRUE
2066948,"gate_30",10,TRUE,FALSE
2067297,"gate_30",180,TRUE,TRUE
2067298,"gate_40",39,TRUE,FALSE
2067299,"gate_30",14,TRUE,FALSE
2067319,"gate_40",42,FALSE,FALSE
2067471,"gate_40",15,FALSE,FALSE
2067556,"gate_40",1816,TRUE,TRUE
2067558,"gate_30",8,FALSE,FALSE
2067877,"gate_30",26,FALSE,FALSE
2067911,"gate_30",137,TRUE,FALSE
2067997,"gate_30",29,FALSE,FALSE
2068042,"gate_30",2,FALSE,FALSE
2068205,"gate_40",10,TRUE,FALSE
2068565,"gate_40",17,TRUE,FALSE
2068618,"gate_30",48,TRUE,FALSE
2068624,"gate_30",22,TRUE,TRUE
2068784,"gate_30",2,TRUE,FALSE
2068933,"gate_30",19,TRUE,FALSE
2068977,"gate_40",2,FALSE,FALSE
2069141,"gate_30",50,FALSE,TRUE
2069259,"gate_40",12,TRUE,FALSE
2069308,"gate_30",52,TRUE,TRUE
2069434,"gate_30",66,TRUE,TRUE
2069641,"gate_40",0,FALSE,FALSE
2070014,"gate_30",43,TRUE,FALSE
2070030,"gate_40",14,FALSE,FALSE
2070224,"gate_30",1,FALSE,FALSE
2070444,"gate_40",101,TRUE,FALSE
2070445,"gate_30",173,TRUE,TRUE
2070676,"gate_30",17,FALSE,FALSE
2070768,"gate_40",322,TRUE,TRUE
2070835,"gate_30",81,TRUE,FALSE
2070839,"gate_30",166,TRUE,TRUE
2070919,"gate_40",154,TRUE,TRUE
2070945,"gate_30",22,TRUE,FALSE
2071262,"gate_40",5,TRUE,FALSE
2071378,"gate_40",1,FALSE,FALSE
2071437,"gate_30",60,TRUE,TRUE
2071439,"gate_40",182,TRUE,TRUE
2071481,"gate_40",107,TRUE,TRUE
2071487,"gate_30",3,FALSE,FALSE
2072077,"gate_30",13,TRUE,FALSE
2072308,"gate_40",3,FALSE,FALSE
2072351,"gate_30",16,FALSE,FALSE
2072493,"gate_30",22,TRUE,FALSE
2072540,"gate_30",25,TRUE,FALSE
2072565,"gate_40",24,FALSE,FALSE
2072890,"gate_30",2,TRUE,FALSE
2072957,"gate_30",3,TRUE,FALSE
2073006,"gate_30",7,TRUE,FALSE
2073310,"gate_30",215,TRUE,FALSE
2073333,"gate_40",2,TRUE,TRUE
2073353,"gate_30",1,FALSE,FALSE
2073393,"gate_40",6,FALSE,FALSE
2073896,"gate_30",4,FALSE,FALSE
2074396,"gate_30",13,FALSE,FALSE
2074404,"gate_40",16,FALSE,FALSE
2074630,"gate_40",21,TRUE,FALSE
2074785,"gate_40",0,FALSE,FALSE
2074938,"gate_30",13,FALSE,FALSE
2075050,"gate_40",2,FALSE,FALSE
2075164,"gate_30",4,FALSE,FALSE
2075551,"gate_40",19,FALSE,FALSE
2075706,"gate_40",19,FALSE,TRUE
2075870,"gate_40",1075,TRUE,TRUE
2075958,"gate_30",10,FALSE,FALSE
2076009,"gate_40",54,TRUE,FALSE
2076170,"gate_30",0,FALSE,FALSE
2076243,"gate_40",11,FALSE,FALSE
2076456,"gate_40",1,FALSE,FALSE
2076929,"gate_30",4,TRUE,FALSE
2077076,"gate_30",0,FALSE,FALSE
2077083,"gate_30",206,TRUE,TRUE
2077153,"gate_40",5,FALSE,FALSE
2077161,"gate_40",6,FALSE,FALSE
2077221,"gate_30",0,FALSE,FALSE
2077233,"gate_30",6,TRUE,FALSE
2077604,"gate_30",40,FALSE,FALSE
2077790,"gate_30",0,FALSE,FALSE
2077816,"gate_40",92,FALSE,TRUE
2077963,"gate_40",3,FALSE,FALSE
2078044,"gate_40",3,FALSE,FALSE
2078295,"gate_30",17,FALSE,FALSE
2078344,"gate_30",0,FALSE,FALSE
2078559,"gate_30",3,FALSE,FALSE
2078563,"gate_30",15,FALSE,FALSE
2078574,"gate_40",4,FALSE,FALSE
2078606,"gate_40",11,TRUE,FALSE
2078696,"gate_40",157,TRUE,TRUE
2078980,"gate_30",18,TRUE,FALSE
2079171,"gate_30",393,TRUE,TRUE
2079229,"gate_30",9,FALSE,FALSE
2079235,"gate_40",4,FALSE,FALSE
2079366,"gate_30",10,FALSE,FALSE
2079454,"gate_30",5,FALSE,FALSE
2079995,"gate_30",76,TRUE,TRUE
2079999,"gate_40",3,FALSE,FALSE
2080030,"gate_30",25,FALSE,FALSE
2080090,"gate_30",5,FALSE,FALSE
2080193,"gate_40",326,TRUE,TRUE
2080592,"gate_30",64,FALSE,FALSE
2080619,"gate_40",52,FALSE,FALSE
2080865,"gate_40",113,TRUE,TRUE
2080939,"gate_40",192,TRUE,TRUE
2080945,"gate_30",36,TRUE,FALSE
2081068,"gate_30",135,TRUE,TRUE
2081101,"gate_40",5,TRUE,FALSE
2081110,"gate_40",112,TRUE,FALSE
2081223,"gate_40",3,FALSE,FALSE
2081365,"gate_30",0,FALSE,FALSE
2081477,"gate_30",200,TRUE,TRUE
2081621,"gate_30",36,FALSE,FALSE
2081727,"gate_30",5,FALSE,FALSE
2081752,"gate_40",0,FALSE,FALSE
2081828,"gate_40",39,TRUE,FALSE
2081941,"gate_30",18,TRUE,FALSE
2082039,"gate_30",2,FALSE,FALSE
2082234,"gate_40",89,TRUE,TRUE
2082359,"gate_30",0,FALSE,FALSE
2082364,"gate_30",2,TRUE,FALSE
2082467,"gate_30",10,TRUE,FALSE
2082507,"gate_40",41,TRUE,TRUE
2082634,"gate_40",11,TRUE,FALSE
2082754,"gate_30",23,TRUE,FALSE
2082911,"gate_30",55,TRUE,FALSE
2082989,"gate_40",16,FALSE,FALSE
2083149,"gate_30",2,FALSE,FALSE
2083255,"gate_40",3,FALSE,FALSE
2083342,"gate_30",7,FALSE,FALSE
2083363,"gate_30",5,FALSE,FALSE
2083367,"gate_40",15,TRUE,FALSE
2083424,"gate_40",35,TRUE,FALSE
2083479,"gate_40",61,TRUE,TRUE
2083705,"gate_40",65,TRUE,TRUE
2083869,"gate_30",6,FALSE,FALSE
2084020,"gate_30",14,TRUE,FALSE
2084123,"gate_30",38,TRUE,TRUE
2084285,"gate_30",6,FALSE,FALSE
2084337,"gate_40",16,FALSE,FALSE
2084364,"gate_30",5,FALSE,FALSE
2084407,"gate_40",242,TRUE,TRUE
2084484,"gate_30",18,FALSE,TRUE
2084490,"gate_30",13,FALSE,FALSE
2084697,"gate_30",7,TRUE,FALSE
2085040,"gate_30",6,FALSE,FALSE
2085099,"gate_40",4,FALSE,FALSE
2085451,"gate_30",7,TRUE,FALSE
2085514,"gate_40",66,TRUE,FALSE
2085760,"gate_40",8,FALSE,FALSE
2085824,"gate_30",0,FALSE,FALSE
2085987,"gate_40",131,TRUE,TRUE
2085996,"gate_40",71,FALSE,TRUE
2085998,"gate_30",296,TRUE,TRUE
2086068,"gate_30",7,FALSE,FALSE
2086154,"gate_40",187,TRUE,TRUE
2086505,"gate_30",85,TRUE,FALSE
2086531,"gate_30",1,FALSE,FALSE
2086536,"gate_40",9,FALSE,FALSE
2086831,"gate_40",0,FALSE,FALSE
2086862,"gate_40",3,FALSE,FALSE
2086899,"gate_40",1,FALSE,FALSE
2087004,"gate_40",48,TRUE,FALSE
2087044,"gate_40",16,TRUE,FALSE
2087336,"gate_40",9,FALSE,FALSE
2087646,"gate_40",5,FALSE,FALSE
2087650,"gate_30",7,FALSE,FALSE
2087794,"gate_30",16,TRUE,FALSE
2087935,"gate_40",107,TRUE,FALSE
2088011,"gate_40",213,TRUE,TRUE
2088184,"gate_40",45,TRUE,FALSE
2088300,"gate_30",96,TRUE,TRUE
2088358,"gate_30",10,FALSE,TRUE
2088370,"gate_30",38,FALSE,FALSE
2088402,"gate_30",3,FALSE,FALSE
2088657,"gate_40",6,FALSE,FALSE
2088681,"gate_30",83,TRUE,TRUE
2088752,"gate_40",30,FALSE,FALSE
2089199,"gate_40",24,FALSE,FALSE
2089474,"gate_30",51,TRUE,FALSE
2089829,"gate_30",58,FALSE,TRUE
2089834,"gate_30",0,FALSE,FALSE
2089957,"gate_40",0,FALSE,FALSE
2090251,"gate_40",36,TRUE,FALSE
2090301,"gate_30",59,TRUE,FALSE
2090333,"gate_40",1,FALSE,FALSE
2090379,"gate_40",2,FALSE,FALSE
2090483,"gate_40",356,TRUE,TRUE
2090588,"gate_40",9,FALSE,FALSE
2090619,"gate_30",22,TRUE,FALSE
2090790,"gate_30",1,FALSE,FALSE
2090966,"gate_40",11,FALSE,FALSE
2091037,"gate_40",1,FALSE,FALSE
2091075,"gate_30",0,FALSE,FALSE
2091205,"gate_40",139,TRUE,TRUE
2091257,"gate_40",13,FALSE,FALSE
2091391,"gate_30",5,FALSE,FALSE
2091401,"gate_40",8,FALSE,FALSE
2091411,"gate_40",19,TRUE,FALSE
2091420,"gate_30",1,FALSE,FALSE
2091523,"gate_40",934,TRUE,FALSE
2091527,"gate_30",35,FALSE,FALSE
2091688,"gate_40",78,TRUE,FALSE
2091911,"gate_30",1,FALSE,FALSE
2091977,"gate_30",241,TRUE,TRUE
2092044,"gate_40",7,FALSE,FALSE
2092142,"gate_30",47,TRUE,FALSE
2092235,"gate_30",3,FALSE,FALSE
2092412,"gate_30",63,FALSE,FALSE
2092512,"gate_40",18,TRUE,FALSE
2092533,"gate_40",32,FALSE,TRUE
2092584,"gate_40",10,FALSE,FALSE
2092691,"gate_40",10,TRUE,FALSE
2092752,"gate_40",11,TRUE,FALSE
2092773,"gate_40",344,TRUE,TRUE
2092843,"gate_40",29,TRUE,FALSE
2093075,"gate_30",11,TRUE,FALSE
2093129,"gate_30",21,FALSE,FALSE
2093251,"gate_30",15,TRUE,FALSE
2093253,"gate_40",2,FALSE,FALSE
2093262,"gate_30",19,TRUE,TRUE
2093428,"gate_30",47,TRUE,FALSE
2093506,"gate_30",7,TRUE,FALSE
2093572,"gate_30",25,TRUE,FALSE
2093649,"gate_40",3,FALSE,FALSE
2093726,"gate_40",21,FALSE,FALSE
2093743,"gate_40",10,FALSE,FALSE
2093851,"gate_40",2,FALSE,FALSE
2093923,"gate_40",59,TRUE,FALSE
2094056,"gate_30",139,TRUE,TRUE
2094241,"gate_40",0,FALSE,FALSE
2094242,"gate_30",14,FALSE,FALSE
2094276,"gate_40",24,TRUE,FALSE
2094286,"gate_40",4,FALSE,FALSE
2094322,"gate_30",37,TRUE,FALSE
2094538,"gate_30",253,TRUE,TRUE
2094606,"gate_30",0,FALSE,FALSE
2094623,"gate_40",7,TRUE,FALSE
2094707,"gate_40",17,FALSE,FALSE
2094781,"gate_30",159,TRUE,FALSE
2094824,"gate_30",58,TRUE,FALSE
2094930,"gate_30",32,FALSE,FALSE
2095069,"gate_30",231,TRUE,TRUE
2095098,"gate_30",8,FALSE,FALSE
2095159,"gate_30",41,TRUE,FALSE
2095280,"gate_30",485,TRUE,TRUE
2095294,"gate_40",1,FALSE,FALSE
2095478,"gate_40",9,FALSE,FALSE
2095535,"gate_40",10,FALSE,FALSE
2095540,"gate_40",1,FALSE,FALSE
2095614,"gate_40",211,TRUE,TRUE
2095654,"gate_30",8,FALSE,FALSE
2095922,"gate_40",1,FALSE,FALSE
2095967,"gate_40",5,FALSE,FALSE
2096215,"gate_40",5,FALSE,FALSE
2096598,"gate_40",4,FALSE,FALSE
2096653,"gate_30",65,FALSE,TRUE
2096671,"gate_40",59,TRUE,FALSE
2096725,"gate_30",89,TRUE,FALSE
2096822,"gate_40",12,TRUE,FALSE
2097134,"gate_30",1,FALSE,FALSE
2097387,"gate_40",174,TRUE,TRUE
2097407,"gate_30",39,TRUE,FALSE
2097501,"gate_40",7,FALSE,FALSE
2097546,"gate_40",6,FALSE,FALSE
2097734,"gate_40",82,FALSE,TRUE
2097867,"gate_30",32,FALSE,TRUE
2097928,"gate_30",34,TRUE,FALSE
2097934,"gate_40",4,FALSE,FALSE
2098200,"gate_40",22,FALSE,FALSE
2098332,"gate_40",15,FALSE,TRUE
2098704,"gate_30",34,TRUE,FALSE
2098734,"gate_30",1,FALSE,FALSE
2098907,"gate_30",10,FALSE,FALSE
2098938,"gate_30",5,FALSE,FALSE
2098970,"gate_30",275,TRUE,TRUE
2098981,"gate_30",10,TRUE,FALSE
2099049,"gate_40",0,FALSE,FALSE
2099334,"gate_40",1,FALSE,FALSE
2099538,"gate_30",5,FALSE,FALSE
2099548,"gate_30",1,TRUE,FALSE
2099631,"gate_40",10,FALSE,FALSE
2099632,"gate_30",2,FALSE,FALSE
2099687,"gate_30",60,TRUE,FALSE
2099811,"gate_30",11,TRUE,FALSE
2099858,"gate_30",7,FALSE,FALSE
2099868,"gate_40",5,TRUE,FALSE
2099881,"gate_30",41,FALSE,FALSE
2099888,"gate_30",3,FALSE,FALSE
2100057,"gate_30",106,TRUE,FALSE
2100066,"gate_40",17,TRUE,FALSE
2100075,"gate_30",12,FALSE,FALSE
2100091,"gate_40",3,FALSE,FALSE
2100208,"gate_40",177,TRUE,TRUE
2100320,"gate_40",19,FALSE,FALSE
2100348,"gate_40",1,FALSE,FALSE
2100431,"gate_40",5,FALSE,FALSE
2100482,"gate_40",22,FALSE,FALSE
2100654,"gate_40",59,FALSE,FALSE
2100778,"gate_30",39,TRUE,FALSE
2100830,"gate_30",56,TRUE,FALSE
2100840,"gate_30",0,FALSE,FALSE
2100972,"gate_40",21,TRUE,FALSE
2101060,"gate_40",11,TRUE,FALSE
2101100,"gate_30",34,TRUE,FALSE
2101344,"gate_40",48,TRUE,TRUE
2101421,"gate_40",56,TRUE,FALSE
2101447,"gate_30",18,TRUE,FALSE
2101457,"gate_40",2,FALSE,FALSE
2101729,"gate_40",34,FALSE,FALSE
2101826,"gate_30",50,FALSE,FALSE
2101887,"gate_30",0,FALSE,FALSE
2101919,"gate_40",2,FALSE,FALSE
2102037,"gate_30",18,TRUE,FALSE
2102169,"gate_40",8,FALSE,FALSE
2102297,"gate_30",6,TRUE,FALSE
2102540,"gate_40",18,FALSE,FALSE
2102642,"gate_40",38,TRUE,FALSE
2102715,"gate_30",1,TRUE,FALSE
2102863,"gate_40",4,FALSE,FALSE
2103026,"gate_30",173,TRUE,FALSE
2103152,"gate_40",41,TRUE,FALSE
2103243,"gate_40",10,FALSE,FALSE
2103310,"gate_30",172,TRUE,FALSE
2103434,"gate_30",11,FALSE,FALSE
2103464,"gate_30",851,TRUE,TRUE
2103620,"gate_40",478,TRUE,TRUE
2103655,"gate_40",1,FALSE,FALSE
2103687,"gate_40",0,FALSE,FALSE
2103713,"gate_40",1,FALSE,FALSE
2103716,"gate_40",142,TRUE,TRUE
2103749,"gate_40",1,FALSE,FALSE
2103860,"gate_40",47,FALSE,FALSE
2104240,"gate_30",11,FALSE,FALSE
2104487,"gate_30",304,TRUE,TRUE
2104488,"gate_30",16,FALSE,FALSE
2104571,"gate_30",24,TRUE,TRUE
2104652,"gate_40",9,FALSE,FALSE
2104655,"gate_30",1,FALSE,FALSE
2104786,"gate_30",20,FALSE,FALSE
2104794,"gate_40",5,FALSE,FALSE
2105269,"gate_40",59,TRUE,FALSE
2105277,"gate_30",205,TRUE,TRUE
2105278,"gate_40",15,FALSE,FALSE
2105451,"gate_30",11,FALSE,FALSE
2105587,"gate_30",101,TRUE,TRUE
2105739,"gate_40",137,TRUE,TRUE
2105828,"gate_30",70,FALSE,FALSE
2105871,"gate_30",2,FALSE,FALSE
2105996,"gate_30",34,TRUE,FALSE
2106192,"gate_30",25,FALSE,FALSE
2106217,"gate_30",222,TRUE,FALSE
2106562,"gate_40",3,FALSE,FALSE
2106620,"gate_40",4,FALSE,FALSE
2106657,"gate_30",146,TRUE,TRUE
2106671,"gate_30",23,TRUE,FALSE
2106795,"gate_40",42,FALSE,FALSE
2106814,"gate_40",51,TRUE,TRUE
2106828,"gate_40",192,FALSE,TRUE
2106854,"gate_40",0,FALSE,FALSE
2107000,"gate_40",2,FALSE,FALSE
2107217,"gate_40",3,FALSE,FALSE
2107306,"gate_40",25,FALSE,FALSE
2107414,"gate_30",145,TRUE,TRUE
2107533,"gate_30",52,FALSE,FALSE
2107626,"gate_30",18,TRUE,FALSE
2107684,"gate_40",6,FALSE,FALSE
2107696,"gate_40",7,FALSE,FALSE
2107852,"gate_40",53,TRUE,FALSE
2107904,"gate_40",194,FALSE,TRUE
2108031,"gate_40",3,TRUE,FALSE
2108034,"gate_40",26,TRUE,FALSE
2108175,"gate_30",27,TRUE,TRUE
2108256,"gate_40",18,TRUE,FALSE
2108424,"gate_30",51,TRUE,TRUE
2108500,"gate_30",23,FALSE,FALSE
2108534,"gate_30",71,TRUE,TRUE
2108711,"gate_40",5,TRUE,FALSE
2108729,"gate_40",52,TRUE,TRUE
2108763,"gate_40",11,TRUE,FALSE
2108977,"gate_40",66,FALSE,FALSE
2109106,"gate_30",18,FALSE,FALSE
2109145,"gate_30",17,FALSE,FALSE
2109200,"gate_40",117,TRUE,FALSE
2109310,"gate_30",37,FALSE,FALSE
2109348,"gate_30",6,FALSE,FALSE
2109416,"gate_30",0,TRUE,FALSE
2109450,"gate_30",5,FALSE,FALSE
2109502,"gate_30",22,TRUE,FALSE
2109529,"gate_30",6,FALSE,FALSE
2109731,"gate_30",15,FALSE,TRUE
2109903,"gate_40",140,TRUE,FALSE
2110008,"gate_40",17,TRUE,FALSE
2110180,"gate_30",0,FALSE,FALSE
2110248,"gate_40",3,FALSE,FALSE
2110437,"gate_40",51,TRUE,FALSE
2110742,"gate_40",0,FALSE,FALSE
2110748,"gate_30",24,TRUE,FALSE
2110817,"gate_30",3,FALSE,FALSE
2110892,"gate_30",15,TRUE,FALSE
2110908,"gate_40",9,TRUE,FALSE
2110968,"gate_30",14,TRUE,FALSE
2111031,"gate_30",128,TRUE,TRUE
2111040,"gate_40",5,FALSE,FALSE
2111176,"gate_40",274,TRUE,TRUE
2111224,"gate_40",14,FALSE,TRUE
2111319,"gate_40",25,FALSE,FALSE
2111541,"gate_30",1,FALSE,FALSE
2111984,"gate_30",1,FALSE,FALSE
2112039,"gate_40",638,TRUE,FALSE
2112099,"gate_40",75,FALSE,TRUE
2112170,"gate_40",2,FALSE,FALSE
2112174,"gate_40",22,TRUE,FALSE
2112193,"gate_40",5,FALSE,FALSE
2112339,"gate_40",20,TRUE,FALSE
2112383,"gate_30",15,FALSE,FALSE
2112510,"gate_30",7,FALSE,FALSE
2112529,"gate_40",14,TRUE,FALSE
2112587,"gate_40",75,FALSE,TRUE
2112706,"gate_30",63,TRUE,TRUE
2112744,"gate_30",76,TRUE,FALSE
2112869,"gate_40",3,FALSE,FALSE
2112879,"gate_30",153,TRUE,TRUE
2113109,"gate_40",337,TRUE,TRUE
2113138,"gate_30",14,FALSE,FALSE
2113207,"gate_30",3,FALSE,FALSE
2113299,"gate_30",9,FALSE,FALSE
2113539,"gate_30",0,FALSE,FALSE
2113632,"gate_30",7,FALSE,FALSE
2113644,"gate_40",6,FALSE,FALSE
2113793,"gate_40",73,TRUE,FALSE
2113813,"gate_40",29,TRUE,FALSE
2113968,"gate_40",1,FALSE,FALSE
2114080,"gate_40",9,TRUE,FALSE
2114183,"gate_30",323,TRUE,FALSE
2114293,"gate_40",60,TRUE,FALSE
2114351,"gate_30",1,FALSE,FALSE
2114389,"gate_30",24,TRUE,FALSE
2114633,"gate_40",30,FALSE,TRUE
2114752,"gate_40",4,FALSE,FALSE
2114889,"gate_40",66,TRUE,TRUE
2114942,"gate_40",16,FALSE,FALSE
2114968,"gate_40",66,TRUE,FALSE
2115066,"gate_30",51,TRUE,FALSE
2115109,"gate_40",92,TRUE,TRUE
2115110,"gate_30",41,TRUE,FALSE
2115161,"gate_30",52,FALSE,FALSE
2115372,"gate_40",2,FALSE,FALSE
2115662,"gate_40",15,FALSE,FALSE
2115808,"gate_30",55,TRUE,FALSE
2115840,"gate_30",23,TRUE,TRUE
2115859,"gate_30",7,TRUE,FALSE
2115952,"gate_30",186,TRUE,TRUE
2116054,"gate_30",52,TRUE,FALSE
2116094,"gate_30",52,TRUE,FALSE
2116232,"gate_30",5,FALSE,FALSE
2116364,"gate_40",265,TRUE,FALSE
2116487,"gate_40",35,TRUE,FALSE
2116520,"gate_40",3,FALSE,FALSE
2116560,"gate_40",19,FALSE,TRUE
2116709,"gate_30",114,TRUE,FALSE
2116725,"gate_40",18,TRUE,FALSE
2116752,"gate_40",0,TRUE,FALSE
2116859,"gate_30",17,FALSE,TRUE
2117121,"gate_30",16,FALSE,FALSE
2117557,"gate_40",2,FALSE,FALSE
2117666,"gate_40",421,TRUE,TRUE
2117785,"gate_30",2,FALSE,FALSE
2117967,"gate_40",14,FALSE,FALSE
2118017,"gate_40",16,TRUE,FALSE
2118041,"gate_40",4,FALSE,FALSE
2118046,"gate_30",47,FALSE,FALSE
2118138,"gate_40",26,TRUE,FALSE
2118209,"gate_40",18,TRUE,FALSE
2118273,"gate_30",2,FALSE,FALSE
2118355,"gate_40",4,TRUE,FALSE
2118589,"gate_40",2,FALSE,FALSE
2118898,"gate_30",23,TRUE,FALSE
2119064,"gate_40",1687,TRUE,TRUE
2119122,"gate_30",81,TRUE,FALSE
2119141,"gate_40",48,TRUE,TRUE
2119413,"gate_30",35,TRUE,TRUE
2119421,"gate_40",14,FALSE,FALSE
2119602,"gate_30",9,FALSE,FALSE
2120021,"gate_40",49,TRUE,FALSE
2120064,"gate_30",7,FALSE,FALSE
2120231,"gate_30",0,FALSE,FALSE
2120298,"gate_30",107,TRUE,FALSE
2120401,"gate_30",4,FALSE,FALSE
2120471,"gate_30",46,TRUE,FALSE
2120483,"gate_40",0,FALSE,FALSE
2120540,"gate_40",6,TRUE,FALSE
2120632,"gate_30",70,FALSE,FALSE
2120634,"gate_30",3,FALSE,FALSE
2120667,"gate_30",1,FALSE,FALSE
2120731,"gate_30",219,TRUE,FALSE
2120742,"gate_30",9,TRUE,FALSE
2120860,"gate_40",10,FALSE,FALSE
2121017,"gate_30",20,FALSE,FALSE
2121368,"gate_40",0,FALSE,FALSE
2121529,"gate_30",24,TRUE,FALSE
2121536,"gate_40",1,FALSE,FALSE
2121812,"gate_30",1,FALSE,FALSE
2121903,"gate_40",31,TRUE,TRUE
2122006,"gate_30",7,FALSE,FALSE
2122109,"gate_30",14,FALSE,FALSE
2122179,"gate_30",14,FALSE,FALSE
2122474,"gate_30",15,FALSE,FALSE
2122641,"gate_40",46,TRUE,FALSE
2122651,"gate_40",1,FALSE,FALSE
2122867,"gate_40",75,TRUE,TRUE
2122885,"gate_30",4,FALSE,FALSE
2122965,"gate_30",4,FALSE,FALSE
2123028,"gate_30",34,TRUE,TRUE
2123103,"gate_30",161,TRUE,TRUE
2123309,"gate_30",4,FALSE,FALSE
2123365,"gate_30",16,TRUE,FALSE
2123404,"gate_40",15,FALSE,TRUE
2123636,"gate_40",30,FALSE,FALSE
2123717,"gate_30",39,TRUE,FALSE
2123820,"gate_30",1,FALSE,FALSE
2124052,"gate_30",6,TRUE,FALSE
2124148,"gate_30",46,FALSE,TRUE
2124194,"gate_40",0,FALSE,FALSE
2124337,"gate_40",4,FALSE,FALSE
2124476,"gate_40",20,FALSE,FALSE
2124554,"gate_40",4,FALSE,FALSE
2124638,"gate_40",13,TRUE,FALSE
2125044,"gate_30",13,FALSE,FALSE
2125110,"gate_40",98,TRUE,TRUE
2125135,"gate_40",0,FALSE,FALSE
2125249,"gate_40",1,FALSE,FALSE
2125356,"gate_40",6,TRUE,FALSE
2125387,"gate_30",19,TRUE,FALSE
2125422,"gate_30",141,TRUE,TRUE
2125525,"gate_40",44,TRUE,FALSE
2125698,"gate_30",176,TRUE,TRUE
2125743,"gate_30",9,FALSE,FALSE
2125761,"gate_40",13,FALSE,FALSE
2126051,"gate_40",10,FALSE,FALSE
2126077,"gate_40",2,FALSE,FALSE
2126100,"gate_40",38,TRUE,FALSE
2126311,"gate_40",23,FALSE,FALSE
2126879,"gate_40",82,TRUE,TRUE
2126891,"gate_40",31,TRUE,FALSE
2127165,"gate_40",23,TRUE,FALSE
2127232,"gate_30",6,FALSE,FALSE
2127283,"gate_30",35,FALSE,FALSE
2127303,"gate_40",6,FALSE,FALSE
2127333,"gate_40",388,TRUE,TRUE
2127350,"gate_30",2,FALSE,FALSE
2127351,"gate_40",16,FALSE,FALSE
2127366,"gate_30",13,FALSE,FALSE
2127472,"gate_30",40,TRUE,FALSE
2127652,"gate_40",102,TRUE,FALSE
2127745,"gate_30",7,FALSE,TRUE
2127863,"gate_30",73,FALSE,FALSE
2127881,"gate_40",6,FALSE,FALSE
2127933,"gate_40",20,TRUE,FALSE
2127986,"gate_40",15,FALSE,FALSE
2128102,"gate_40",114,TRUE,FALSE
2128421,"gate_30",1,TRUE,FALSE
2128597,"gate_40",30,TRUE,FALSE
2128601,"gate_40",13,TRUE,FALSE
2128643,"gate_30",25,FALSE,FALSE
2129135,"gate_40",12,FALSE,FALSE
2129148,"gate_40",4,FALSE,FALSE
2129545,"gate_40",113,TRUE,TRUE
2129561,"gate_30",73,TRUE,TRUE
2129699,"gate_30",201,TRUE,TRUE
2129837,"gate_40",15,TRUE,FALSE
2130251,"gate_30",129,TRUE,TRUE
2130401,"gate_40",0,FALSE,FALSE
2130449,"gate_30",18,TRUE,FALSE
2130891,"gate_40",2,FALSE,FALSE
2130916,"gate_30",52,TRUE,FALSE
2130977,"gate_40",5,FALSE,FALSE
2131094,"gate_30",28,TRUE,FALSE
2131198,"gate_30",3,FALSE,FALSE
2131323,"gate_30",20,FALSE,FALSE
2131327,"gate_30",15,FALSE,FALSE
2131398,"gate_30",2,FALSE,FALSE
2131908,"gate_30",18,TRUE,FALSE
2132028,"gate_40",74,TRUE,FALSE
2132197,"gate_30",1,FALSE,FALSE
2132393,"gate_40",15,FALSE,FALSE
2132437,"gate_40",84,TRUE,TRUE
2132469,"gate_40",37,TRUE,FALSE
2132665,"gate_30",433,TRUE,TRUE
2132767,"gate_40",87,TRUE,TRUE
2132890,"gate_30",5,FALSE,FALSE
2133050,"gate_30",80,TRUE,TRUE
2133051,"gate_30",72,TRUE,FALSE
2133113,"gate_40",0,FALSE,FALSE
2133611,"gate_40",344,TRUE,TRUE
2133628,"gate_30",0,FALSE,FALSE
2133808,"gate_40",39,TRUE,FALSE
2133884,"gate_30",26,FALSE,FALSE
2134013,"gate_40",20,TRUE,FALSE
2134075,"gate_30",6,FALSE,FALSE
2134420,"gate_30",19,FALSE,FALSE
2134570,"gate_30",186,TRUE,TRUE
2134648,"gate_40",60,TRUE,TRUE
2134687,"gate_30",0,FALSE,FALSE
2134690,"gate_40",1,FALSE,FALSE
2135104,"gate_40",1,FALSE,FALSE
2135312,"gate_40",24,FALSE,TRUE
2135356,"gate_30",1,FALSE,FALSE
2135478,"gate_40",2,FALSE,FALSE
2135552,"gate_30",29,TRUE,FALSE
2135578,"gate_30",197,TRUE,FALSE
2135888,"gate_30",35,FALSE,FALSE
2136345,"gate_40",67,TRUE,FALSE
2136415,"gate_30",3,FALSE,FALSE
2136495,"gate_40",59,TRUE,FALSE
2136571,"gate_40",402,TRUE,TRUE
2136741,"gate_30",12,TRUE,TRUE
2136867,"gate_40",3,FALSE,FALSE
2136888,"gate_30",12,FALSE,FALSE
2137009,"gate_30",3,FALSE,FALSE
2137037,"gate_40",175,TRUE,TRUE
2137257,"gate_30",130,TRUE,FALSE
2137304,"gate_40",1,FALSE,FALSE
2137312,"gate_40",1,FALSE,FALSE
2137646,"gate_30",26,TRUE,FALSE
2137685,"gate_40",141,TRUE,TRUE
2137737,"gate_30",56,TRUE,FALSE
2137843,"gate_40",6,FALSE,FALSE
2138102,"gate_30",19,TRUE,FALSE
2138181,"gate_40",2,FALSE,FALSE
2138205,"gate_30",16,FALSE,FALSE
2138218,"gate_30",90,FALSE,TRUE
2138627,"gate_40",12,TRUE,FALSE
2138716,"gate_40",22,FALSE,FALSE
2138869,"gate_40",1,FALSE,FALSE
2139010,"gate_30",65,TRUE,TRUE
2139050,"gate_40",92,TRUE,TRUE
2139127,"gate_40",18,FALSE,FALSE
2139168,"gate_30",50,TRUE,FALSE
2139314,"gate_40",95,TRUE,FALSE
2139476,"gate_40",24,TRUE,TRUE
2139495,"gate_40",87,TRUE,FALSE
2139602,"gate_30",3,FALSE,FALSE
2139793,"gate_30",1,FALSE,FALSE
2139796,"gate_40",67,TRUE,FALSE
2139799,"gate_40",11,FALSE,FALSE
2139869,"gate_30",15,FALSE,FALSE
2139912,"gate_40",57,TRUE,FALSE
2139973,"gate_40",57,TRUE,FALSE
2140087,"gate_30",98,TRUE,TRUE
2140140,"gate_40",2,FALSE,FALSE
2140203,"gate_30",159,FALSE,TRUE
2140258,"gate_40",98,TRUE,FALSE
2140290,"gate_40",47,TRUE,FALSE
2140330,"gate_30",23,FALSE,FALSE
2140363,"gate_30",26,FALSE,TRUE
2140519,"gate_40",1,FALSE,FALSE
2140637,"gate_30",3,FALSE,FALSE
2140741,"gate_40",253,TRUE,TRUE
2140754,"gate_30",41,TRUE,FALSE
2140912,"gate_40",3,FALSE,FALSE
2141005,"gate_40",6,FALSE,FALSE
2141011,"gate_30",10,FALSE,FALSE
2141073,"gate_40",20,TRUE,FALSE
2141136,"gate_30",135,TRUE,TRUE
2141256,"gate_40",2,TRUE,FALSE
2141283,"gate_30",57,TRUE,TRUE
2141291,"gate_40",65,TRUE,FALSE
2141351,"gate_30",13,FALSE,TRUE
2141352,"gate_30",20,TRUE,FALSE
2141395,"gate_30",10,TRUE,FALSE
2141410,"gate_30",10,FALSE,FALSE
2141531,"gate_40",8,FALSE,FALSE
2141661,"gate_30",19,TRUE,FALSE
2141836,"gate_40",14,FALSE,FALSE
2141901,"gate_40",379,TRUE,TRUE
2141969,"gate_30",18,TRUE,FALSE
2142156,"gate_30",4,FALSE,FALSE
2142210,"gate_40",1,FALSE,FALSE
2142421,"gate_40",9,TRUE,FALSE
2142600,"gate_40",19,TRUE,TRUE
2142638,"gate_30",15,TRUE,FALSE
2142641,"gate_30",4,FALSE,FALSE
2142665,"gate_40",35,TRUE,TRUE
2142736,"gate_30",0,FALSE,FALSE
2142856,"gate_40",0,FALSE,FALSE
2142884,"gate_40",4,FALSE,FALSE
2143177,"gate_30",17,FALSE,FALSE
2143254,"gate_40",4,FALSE,FALSE
2143550,"gate_30",8,FALSE,FALSE
2143552,"gate_30",44,TRUE,TRUE
2143663,"gate_40",25,TRUE,FALSE
2143683,"gate_40",108,FALSE,TRUE
2143799,"gate_40",16,FALSE,FALSE
2144082,"gate_30",12,FALSE,FALSE
2144148,"gate_30",14,FALSE,FALSE
2144198,"gate_30",1,FALSE,FALSE
2144202,"gate_30",137,TRUE,FALSE
2144325,"gate_30",167,TRUE,FALSE
2144403,"gate_30",6,TRUE,FALSE
2145398,"gate_30",201,TRUE,TRUE
2145470,"gate_30",166,TRUE,FALSE
2145516,"gate_40",4,FALSE,FALSE
2145519,"gate_40",72,FALSE,TRUE
2145533,"gate_30",15,TRUE,FALSE
2145571,"gate_40",22,FALSE,FALSE
2145587,"gate_40",40,TRUE,TRUE
2145591,"gate_30",13,TRUE,FALSE
2146042,"gate_30",32,TRUE,FALSE
2146126,"gate_40",16,TRUE,FALSE
2146232,"gate_40",21,TRUE,FALSE
2146336,"gate_40",39,TRUE,FALSE
2146345,"gate_40",58,TRUE,FALSE
2146371,"gate_30",27,TRUE,FALSE
2146450,"gate_30",1,FALSE,FALSE
2146451,"gate_30",3,FALSE,FALSE
2146531,"gate_40",23,TRUE,FALSE
2146637,"gate_30",3,FALSE,FALSE
2146737,"gate_40",3,FALSE,FALSE
2146787,"gate_30",44,TRUE,TRUE
2146797,"gate_40",10,FALSE,FALSE
2146976,"gate_40",43,TRUE,TRUE
2147060,"gate_30",5,TRUE,FALSE
2147172,"gate_40",4,FALSE,FALSE
2147242,"gate_30",4,FALSE,FALSE
2147304,"gate_30",81,FALSE,TRUE
2147407,"gate_40",2,FALSE,FALSE
2147459,"gate_30",6,FALSE,FALSE
2147460,"gate_40",14,FALSE,FALSE
2147550,"gate_40",60,TRUE,TRUE
2147667,"gate_30",17,FALSE,FALSE
2147727,"gate_30",142,TRUE,TRUE
2147865,"gate_40",17,FALSE,FALSE
2148008,"gate_30",109,TRUE,FALSE
2148182,"gate_40",74,TRUE,TRUE
2148223,"gate_40",58,TRUE,TRUE
2148238,"gate_30",34,TRUE,FALSE
2148262,"gate_30",7,FALSE,FALSE
2148389,"gate_40",10,TRUE,FALSE
2148669,"gate_30",7,FALSE,FALSE
2148842,"gate_30",19,TRUE,FALSE
2148934,"gate_40",78,TRUE,TRUE
2148957,"gate_30",1,FALSE,FALSE
2149038,"gate_30",100,FALSE,FALSE
2149082,"gate_30",2,FALSE,FALSE
2149115,"gate_30",89,TRUE,FALSE
2149420,"gate_40",140,TRUE,TRUE
2150284,"gate_30",4,FALSE,FALSE
2150290,"gate_30",5,FALSE,FALSE
2150298,"gate_30",295,TRUE,TRUE
2150307,"gate_30",56,TRUE,FALSE
2150380,"gate_30",224,TRUE,TRUE
2150493,"gate_40",10,TRUE,FALSE
2150554,"gate_30",23,FALSE,FALSE
2150636,"gate_30",68,TRUE,TRUE
2150710,"gate_30",0,FALSE,FALSE
2150877,"gate_30",61,TRUE,TRUE
2150914,"gate_40",35,FALSE,FALSE
2151180,"gate_30",38,FALSE,FALSE
2151185,"gate_30",3,FALSE,FALSE
2151220,"gate_40",3,FALSE,FALSE
2151232,"gate_30",4,FALSE,FALSE
2151446,"gate_40",0,FALSE,FALSE
2151539,"gate_30",57,TRUE,FALSE
2151574,"gate_30",26,TRUE,FALSE
2151655,"gate_30",1,FALSE,FALSE
2151700,"gate_30",3,FALSE,FALSE
2151842,"gate_40",2,FALSE,FALSE
2152262,"gate_30",30,TRUE,TRUE
2152338,"gate_40",3,FALSE,FALSE
2152374,"gate_40",15,FALSE,FALSE
2152487,"gate_30",51,TRUE,TRUE
2152490,"gate_30",18,FALSE,FALSE
2152546,"gate_40",1,FALSE,FALSE
2152754,"gate_40",1,FALSE,FALSE
2152863,"gate_30",467,TRUE,TRUE
2153073,"gate_30",15,FALSE,FALSE
2153247,"gate_40",15,TRUE,FALSE
2153282,"gate_40",305,FALSE,TRUE
2153506,"gate_40",4,FALSE,FALSE
2153537,"gate_30",1,FALSE,FALSE
2153638,"gate_30",15,FALSE,TRUE
2153767,"gate_40",12,TRUE,FALSE
2153789,"gate_30",33,FALSE,FALSE
2153837,"gate_40",9,FALSE,FALSE
2154002,"gate_30",14,FALSE,FALSE
2154190,"gate_40",71,TRUE,FALSE
2154271,"gate_40",8,FALSE,FALSE
2154340,"gate_30",115,TRUE,FALSE
2154341,"gate_40",35,FALSE,FALSE
2154366,"gate_30",38,FALSE,FALSE
2154472,"gate_30",144,TRUE,TRUE
2154587,"gate_40",32,TRUE,TRUE
2154827,"gate_40",17,TRUE,FALSE
2154834,"gate_40",31,TRUE,TRUE
2155050,"gate_40",14,FALSE,FALSE
2155146,"gate_30",14,FALSE,FALSE
2155206,"gate_40",2,FALSE,FALSE
2155220,"gate_30",77,TRUE,FALSE
2155246,"gate_40",2,FALSE,FALSE
2155291,"gate_30",29,TRUE,TRUE
2155348,"gate_30",12,FALSE,FALSE
2155385,"gate_30",17,FALSE,FALSE
2155481,"gate_30",8,FALSE,FALSE
2155589,"gate_30",42,FALSE,FALSE
2156182,"gate_30",5,FALSE,FALSE
2156266,"gate_30",93,TRUE,TRUE
2156294,"gate_40",11,FALSE,FALSE
2156355,"gate_40",36,TRUE,TRUE
2156395,"gate_40",12,FALSE,FALSE
2156533,"gate_40",5,FALSE,FALSE
2156549,"gate_30",6,FALSE,FALSE
2156613,"gate_30",1,FALSE,FALSE
2157132,"gate_40",8,TRUE,FALSE
2157217,"gate_40",31,TRUE,FALSE
2157226,"gate_40",110,TRUE,TRUE
2157232,"gate_30",88,TRUE,TRUE
2157354,"gate_40",289,TRUE,TRUE
2157448,"gate_30",0,FALSE,FALSE
2157560,"gate_40",214,TRUE,TRUE
2157675,"gate_40",11,TRUE,FALSE
2157684,"gate_30",48,TRUE,FALSE
2157785,"gate_40",1,FALSE,FALSE
2157870,"gate_30",20,TRUE,FALSE
2158008,"gate_40",33,FALSE,TRUE
2158110,"gate_40",25,TRUE,FALSE
2158228,"gate_40",3,FALSE,FALSE
2158606,"gate_30",1,FALSE,FALSE
2158699,"gate_30",5,FALSE,TRUE
2158968,"gate_30",168,TRUE,FALSE
2159171,"gate_40",39,TRUE,FALSE
2159177,"gate_30",30,TRUE,FALSE
2159784,"gate_40",11,TRUE,FALSE
2160033,"gate_30",12,FALSE,TRUE
2160430,"gate_40",20,TRUE,FALSE
2160504,"gate_30",3,FALSE,FALSE
2160524,"gate_30",36,TRUE,FALSE
2160671,"gate_40",105,TRUE,TRUE
2160775,"gate_30",1,FALSE,FALSE
2160997,"gate_30",3,FALSE,FALSE
2161051,"gate_40",1,FALSE,FALSE
2161095,"gate_40",55,TRUE,FALSE
2161112,"gate_40",198,TRUE,TRUE
2161239,"gate_30",9,FALSE,FALSE
2161268,"gate_40",3,TRUE,FALSE
2161289,"gate_30",2,FALSE,FALSE
2161312,"gate_40",2,FALSE,FALSE
2161544,"gate_30",27,TRUE,FALSE
2161552,"gate_30",1,FALSE,FALSE
2161600,"gate_30",78,TRUE,FALSE
2161645,"gate_30",24,TRUE,FALSE
2161717,"gate_40",8,FALSE,FALSE
2161777,"gate_40",4,FALSE,FALSE
2161885,"gate_40",16,TRUE,FALSE
2161931,"gate_40",15,FALSE,FALSE
2162183,"gate_40",31,TRUE,FALSE
2162353,"gate_30",13,FALSE,FALSE
2162669,"gate_30",37,FALSE,TRUE
2162995,"gate_40",31,FALSE,FALSE
2163048,"gate_40",144,TRUE,TRUE
2163051,"gate_30",242,TRUE,TRUE
2163079,"gate_40",9,FALSE,FALSE
2163119,"gate_30",12,FALSE,FALSE
2163120,"gate_40",2,FALSE,FALSE
2163200,"gate_30",39,FALSE,FALSE
2163268,"gate_40",12,TRUE,FALSE
2163304,"gate_30",14,FALSE,FALSE
2163356,"gate_40",9,FALSE,FALSE
2163446,"gate_30",38,TRUE,FALSE
2163641,"gate_40",0,FALSE,FALSE
2163820,"gate_30",2,FALSE,FALSE
2164077,"gate_40",22,TRUE,FALSE
2164095,"gate_30",6,FALSE,FALSE
2164245,"gate_30",212,FALSE,FALSE
2164294,"gate_40",25,FALSE,FALSE
2164392,"gate_30",45,TRUE,FALSE
2164437,"gate_40",249,TRUE,TRUE
2164474,"gate_30",20,FALSE,FALSE
2164816,"gate_40",12,FALSE,FALSE
2164917,"gate_30",56,FALSE,TRUE
2164998,"gate_40",8,FALSE,FALSE
2165144,"gate_40",9,FALSE,FALSE
2165188,"gate_40",20,FALSE,TRUE
2165353,"gate_40",33,TRUE,TRUE
2165376,"gate_30",4,FALSE,FALSE
2165458,"gate_30",2,FALSE,FALSE
2165551,"gate_30",52,TRUE,TRUE
2165695,"gate_30",15,TRUE,FALSE
2165826,"gate_40",0,FALSE,FALSE
2165928,"gate_40",0,FALSE,FALSE
2166310,"gate_40",91,TRUE,FALSE
2166403,"gate_40",43,TRUE,TRUE
2166412,"gate_30",3,FALSE,FALSE
2166578,"gate_40",56,TRUE,TRUE
2166774,"gate_30",2,FALSE,FALSE
2167003,"gate_40",5,FALSE,FALSE
2167380,"gate_30",112,TRUE,FALSE
2167411,"gate_30",4,FALSE,FALSE
2167671,"gate_30",8,FALSE,TRUE
2168021,"gate_40",1,FALSE,FALSE
2168056,"gate_40",46,TRUE,FALSE
2168097,"gate_40",1,FALSE,FALSE
2168127,"gate_30",63,TRUE,TRUE
2168176,"gate_30",1,FALSE,FALSE
2168201,"gate_40",3,FALSE,FALSE
2168290,"gate_30",12,FALSE,FALSE
2168292,"gate_40",53,FALSE,FALSE
2168508,"gate_40",31,TRUE,TRUE
2168595,"gate_40",499,TRUE,TRUE
2168738,"gate_40",113,TRUE,TRUE
2168748,"gate_40",2,FALSE,FALSE
2169176,"gate_40",158,TRUE,TRUE
2169396,"gate_40",39,TRUE,TRUE
2169456,"gate_30",18,TRUE,FALSE
2169464,"gate_30",29,TRUE,FALSE
2169719,"gate_30",39,TRUE,FALSE
2169827,"gate_40",0,FALSE,FALSE
2169913,"gate_40",1,FALSE,FALSE
2170434,"gate_40",208,TRUE,TRUE
2170443,"gate_30",42,FALSE,FALSE
2170610,"gate_30",25,TRUE,FALSE
2170709,"gate_30",14,FALSE,FALSE
2170746,"gate_40",14,TRUE,FALSE
2170763,"gate_40",0,FALSE,FALSE
2170875,"gate_40",22,TRUE,FALSE
2170911,"gate_30",48,FALSE,TRUE
2170972,"gate_40",31,TRUE,FALSE
2171198,"gate_30",12,FALSE,FALSE
2171223,"gate_30",36,TRUE,TRUE
2171224,"gate_30",162,TRUE,TRUE
2171467,"gate_30",6,FALSE,FALSE
2171698,"gate_40",72,TRUE,TRUE
2171973,"gate_30",33,FALSE,TRUE
2171987,"gate_40",12,FALSE,FALSE
2172260,"gate_40",4,FALSE,FALSE
2172324,"gate_30",43,TRUE,FALSE
2172660,"gate_30",1,FALSE,FALSE
2172770,"gate_30",16,TRUE,FALSE
2172820,"gate_30",0,FALSE,FALSE
2172835,"gate_40",31,TRUE,FALSE
2173011,"gate_40",58,TRUE,FALSE
2173334,"gate_40",19,TRUE,FALSE
2173453,"gate_40",44,TRUE,FALSE
2173611,"gate_40",9,FALSE,FALSE
2173708,"gate_30",6,FALSE,FALSE
2173802,"gate_40",10,FALSE,FALSE
2173840,"gate_40",30,TRUE,FALSE
2174147,"gate_30",2,FALSE,FALSE
2174229,"gate_40",1,FALSE,FALSE
2174396,"gate_30",219,TRUE,TRUE
2174523,"gate_30",365,TRUE,TRUE
2174527,"gate_30",127,TRUE,TRUE
2174631,"gate_30",0,FALSE,FALSE
2174669,"gate_30",4,FALSE,FALSE
2174851,"gate_30",1,FALSE,FALSE
2174861,"gate_40",43,FALSE,TRUE
2174938,"gate_40",2,FALSE,FALSE
2175045,"gate_30",12,FALSE,TRUE
2175145,"gate_30",7,FALSE,FALSE
2175162,"gate_30",18,FALSE,FALSE
2175172,"gate_40",205,TRUE,FALSE
2175266,"gate_30",3,FALSE,FALSE
2175344,"gate_40",172,TRUE,FALSE
2175378,"gate_40",36,TRUE,TRUE
2175508,"gate_40",101,TRUE,TRUE
2175724,"gate_40",1,FALSE,FALSE
2175830,"gate_40",58,TRUE,TRUE
2176253,"gate_30",18,TRUE,FALSE
2176329,"gate_40",95,TRUE,FALSE
2176405,"gate_40",201,TRUE,TRUE
2176889,"gate_30",10,FALSE,FALSE
2177098,"gate_30",57,TRUE,TRUE
2177222,"gate_40",5,FALSE,FALSE
2177263,"gate_40",11,TRUE,FALSE
2177375,"gate_40",19,FALSE,FALSE
2177460,"gate_40",0,FALSE,FALSE
2177500,"gate_40",84,TRUE,TRUE
2177520,"gate_40",22,FALSE,FALSE
2177533,"gate_40",2,FALSE,FALSE
2177537,"gate_30",9,FALSE,FALSE
2177621,"gate_40",14,TRUE,FALSE
2177822,"gate_40",50,TRUE,FALSE
2177849,"gate_30",3,FALSE,FALSE
2177865,"gate_40",0,FALSE,FALSE
2177991,"gate_40",59,TRUE,TRUE
2178088,"gate_30",196,TRUE,FALSE
2178133,"gate_40",9,TRUE,FALSE
2178146,"gate_30",42,TRUE,FALSE
2178326,"gate_30",4,FALSE,FALSE
2178475,"gate_30",18,FALSE,FALSE
2178542,"gate_40",58,TRUE,TRUE
2178717,"gate_30",22,FALSE,FALSE
2178725,"gate_30",121,TRUE,TRUE
2178820,"gate_40",39,FALSE,FALSE
2178907,"gate_40",46,TRUE,TRUE
2178934,"gate_40",19,FALSE,FALSE
2178984,"gate_40",4,FALSE,FALSE
2179015,"gate_40",10,FALSE,FALSE
2179039,"gate_30",25,FALSE,FALSE
2179492,"gate_40",49,TRUE,TRUE
2180178,"gate_30",20,FALSE,FALSE
2180233,"gate_30",11,FALSE,FALSE
2180594,"gate_40",10,FALSE,FALSE
2180935,"gate_30",76,TRUE,TRUE
2180999,"gate_30",21,FALSE,FALSE
2181156,"gate_40",35,FALSE,FALSE
2181168,"gate_30",1,FALSE,FALSE
2181277,"gate_30",4,FALSE,FALSE
2181281,"gate_30",22,TRUE,FALSE
2181393,"gate_30",16,FALSE,FALSE
2181540,"gate_30",76,TRUE,TRUE
2181718,"gate_40",139,TRUE,TRUE
2181771,"gate_30",3,FALSE,FALSE
2181786,"gate_40",0,FALSE,FALSE
2181849,"gate_30",1,FALSE,FALSE
2181909,"gate_30",5,FALSE,FALSE
2181940,"gate_30",8,TRUE,FALSE
2181975,"gate_40",16,FALSE,FALSE
2182035,"gate_30",29,FALSE,FALSE
2182347,"gate_30",16,FALSE,TRUE
2182450,"gate_30",304,TRUE,TRUE
2182528,"gate_30",51,TRUE,FALSE
2182944,"gate_40",35,TRUE,FALSE
2183030,"gate_30",10,TRUE,FALSE
2183260,"gate_40",31,TRUE,FALSE
2183404,"gate_30",1,FALSE,FALSE
2183442,"gate_40",122,TRUE,TRUE
2183525,"gate_30",14,FALSE,FALSE
2183537,"gate_30",74,FALSE,FALSE
2183556,"gate_30",20,TRUE,TRUE
2183586,"gate_40",15,TRUE,FALSE
2183653,"gate_40",12,FALSE,FALSE
2183713,"gate_40",32,TRUE,FALSE
2183910,"gate_40",222,TRUE,TRUE
2183946,"gate_30",1,FALSE,FALSE
2184071,"gate_40",4,FALSE,FALSE
2184080,"gate_40",29,TRUE,FALSE
2184091,"gate_40",0,FALSE,FALSE
2184194,"gate_30",15,TRUE,FALSE
2184256,"gate_30",11,TRUE,FALSE
2184340,"gate_40",10,FALSE,FALSE
2184497,"gate_40",3,FALSE,FALSE
2184564,"gate_40",0,FALSE,FALSE
2184600,"gate_40",54,TRUE,FALSE
2184718,"gate_30",20,TRUE,FALSE
2184738,"gate_40",42,TRUE,TRUE
2185100,"gate_30",7,TRUE,FALSE
2185180,"gate_40",17,FALSE,FALSE
2185189,"gate_40",2,FALSE,FALSE
2185208,"gate_40",2,FALSE,FALSE
2185214,"gate_40",23,TRUE,TRUE
2185277,"gate_40",0,FALSE,FALSE
2185328,"gate_40",83,TRUE,TRUE
2185511,"gate_40",64,TRUE,FALSE
2185582,"gate_30",29,TRUE,FALSE
2185678,"gate_40",81,TRUE,FALSE
2185791,"gate_40",12,FALSE,FALSE
2185936,"gate_30",88,TRUE,TRUE
2186052,"gate_30",8,FALSE,FALSE
2186103,"gate_40",10,TRUE,FALSE
2186196,"gate_30",1,FALSE,FALSE
2186411,"gate_30",107,TRUE,FALSE
2186486,"gate_30",5,FALSE,FALSE
2186490,"gate_30",22,FALSE,FALSE
2186497,"gate_30",3,FALSE,FALSE
2186658,"gate_40",210,TRUE,TRUE
2186665,"gate_40",69,TRUE,TRUE
2186858,"gate_40",2,FALSE,FALSE
2187261,"gate_40",164,TRUE,TRUE
2187484,"gate_40",7,TRUE,FALSE
2187553,"gate_40",16,TRUE,FALSE
2187757,"gate_30",66,TRUE,TRUE
2187948,"gate_30",3,FALSE,FALSE
2188008,"gate_30",22,TRUE,FALSE
2188147,"gate_40",62,FALSE,TRUE
2188194,"gate_30",135,FALSE,TRUE
2188302,"gate_40",4,TRUE,FALSE
2188320,"gate_40",78,TRUE,FALSE
2188849,"gate_30",3,FALSE,FALSE
2188881,"gate_30",42,TRUE,FALSE
2189018,"gate_30",105,TRUE,FALSE
2189067,"gate_30",256,TRUE,TRUE
2189113,"gate_40",35,FALSE,FALSE
2189159,"gate_40",285,TRUE,TRUE
2189458,"gate_30",226,FALSE,TRUE
2189680,"gate_40",494,TRUE,TRUE
2189681,"gate_40",6,FALSE,FALSE
2190014,"gate_30",8,FALSE,FALSE
2190130,"gate_30",5,FALSE,FALSE
2190200,"gate_40",1,FALSE,FALSE
2190304,"gate_30",26,TRUE,FALSE
2190413,"gate_30",7,FALSE,FALSE
2190518,"gate_30",1,FALSE,FALSE
2190708,"gate_40",84,TRUE,FALSE
2191253,"gate_30",49,TRUE,FALSE
2191274,"gate_30",175,TRUE,TRUE
2191277,"gate_30",1,FALSE,FALSE
2191453,"gate_40",161,TRUE,TRUE
2191498,"gate_30",8,FALSE,FALSE
2191543,"gate_30",25,TRUE,FALSE
2191553,"gate_40",21,TRUE,FALSE
2191812,"gate_30",5,FALSE,FALSE
2191879,"gate_40",1,FALSE,FALSE
2192240,"gate_30",132,FALSE,TRUE
2192693,"gate_40",101,TRUE,FALSE
2192981,"gate_30",3,TRUE,FALSE
2193086,"gate_40",13,FALSE,FALSE
2193101,"gate_30",56,TRUE,FALSE
2193265,"gate_40",17,FALSE,TRUE
2193304,"gate_30",5,FALSE,FALSE
2193338,"gate_30",20,TRUE,FALSE
2193355,"gate_30",23,FALSE,FALSE
2193442,"gate_40",113,FALSE,FALSE
2193607,"gate_30",13,FALSE,FALSE
2193618,"gate_30",2,FALSE,FALSE
2193620,"gate_40",28,TRUE,FALSE
2193761,"gate_40",5,TRUE,FALSE
2193823,"gate_40",3,FALSE,FALSE
2193883,"gate_30",8,FALSE,FALSE
2194152,"gate_30",2,FALSE,FALSE
2194164,"gate_30",1,FALSE,FALSE
2194171,"gate_40",1,FALSE,FALSE
2194199,"gate_40",18,FALSE,FALSE
2194203,"gate_30",0,FALSE,FALSE
2194213,"gate_40",171,TRUE,FALSE
2194337,"gate_40",13,TRUE,FALSE
2194568,"gate_30",1,FALSE,FALSE
2194653,"gate_30",16,TRUE,FALSE
2194661,"gate_30",11,TRUE,FALSE
2194695,"gate_40",45,FALSE,TRUE
2194833,"gate_40",27,TRUE,FALSE
2194942,"gate_40",24,TRUE,FALSE
2195182,"gate_30",25,TRUE,FALSE
2195717,"gate_40",38,TRUE,FALSE
2195742,"gate_30",37,TRUE,TRUE
2195771,"gate_40",10,FALSE,FALSE
2196143,"gate_30",3,TRUE,FALSE
2196266,"gate_30",105,TRUE,FALSE
2196413,"gate_40",332,TRUE,TRUE
2196511,"gate_30",7,FALSE,FALSE
2196610,"gate_30",47,TRUE,FALSE
2196687,"gate_40",7,FALSE,FALSE
2196789,"gate_40",27,TRUE,FALSE
2196971,"gate_40",35,TRUE,FALSE
2197124,"gate_30",100,TRUE,TRUE
2197180,"gate_40",2,FALSE,FALSE
2197204,"gate_40",22,FALSE,FALSE
2197209,"gate_30",0,FALSE,FALSE
2197351,"gate_30",3,FALSE,FALSE
2197359,"gate_30",23,FALSE,FALSE
2197432,"gate_30",7,FALSE,FALSE
2197461,"gate_30",48,TRUE,TRUE
2197883,"gate_30",1,FALSE,FALSE
2197921,"gate_30",255,TRUE,TRUE
2197948,"gate_40",1,FALSE,FALSE
2198027,"gate_30",420,TRUE,TRUE
2198063,"gate_40",41,TRUE,FALSE
2198311,"gate_40",13,FALSE,TRUE
2198520,"gate_30",17,FALSE,FALSE
2198601,"gate_40",75,TRUE,FALSE
2198629,"gate_40",189,TRUE,TRUE
2198722,"gate_40",13,FALSE,FALSE
2198776,"gate_40",5,TRUE,FALSE
2198816,"gate_40",100,TRUE,TRUE
2198818,"gate_30",6,TRUE,FALSE
2199001,"gate_40",27,TRUE,FALSE
2199073,"gate_40",36,TRUE,FALSE
2199281,"gate_40",0,FALSE,FALSE
2199318,"gate_30",126,TRUE,TRUE
2199353,"gate_40",194,TRUE,FALSE
2199418,"gate_30",7,FALSE,FALSE
2199490,"gate_40",107,TRUE,TRUE
2199555,"gate_40",13,TRUE,FALSE
2199633,"gate_40",0,FALSE,FALSE
2199658,"gate_30",31,TRUE,FALSE
2199693,"gate_40",4,FALSE,FALSE
2199758,"gate_30",6,FALSE,FALSE
2199867,"gate_40",28,TRUE,FALSE
2199868,"gate_40",1,FALSE,FALSE
2199900,"gate_30",1,FALSE,FALSE
2200074,"gate_30",3,FALSE,FALSE
2200185,"gate_40",35,TRUE,FALSE
2200219,"gate_30",29,FALSE,FALSE
2200262,"gate_30",7,FALSE,FALSE
2200364,"gate_40",12,FALSE,FALSE
2200418,"gate_40",117,TRUE,TRUE
2200546,"gate_40",5,FALSE,FALSE
2200581,"gate_40",1,FALSE,FALSE
2200666,"gate_40",4,FALSE,FALSE
2200667,"gate_40",112,TRUE,TRUE
2200715,"gate_30",3,FALSE,FALSE
2200761,"gate_30",4,FALSE,FALSE
2200844,"gate_30",15,FALSE,FALSE
2201205,"gate_40",31,TRUE,FALSE
2201262,"gate_30",1,FALSE,FALSE
2201298,"gate_30",86,TRUE,FALSE
2201299,"gate_30",920,TRUE,TRUE
2201393,"gate_30",2,FALSE,FALSE
2201739,"gate_30",137,TRUE,TRUE
2202072,"gate_30",172,TRUE,TRUE
2202125,"gate_30",11,FALSE,FALSE
2202191,"gate_30",16,FALSE,FALSE
2202206,"gate_30",1,FALSE,FALSE
2202483,"gate_30",8,FALSE,FALSE
2202680,"gate_30",7,FALSE,FALSE
2202786,"gate_30",28,FALSE,FALSE
2202838,"gate_30",30,TRUE,FALSE
2202882,"gate_40",43,FALSE,FALSE
2202992,"gate_30",2,TRUE,FALSE
2203023,"gate_30",1,FALSE,FALSE
2203079,"gate_40",38,TRUE,FALSE
2203165,"gate_30",100,TRUE,TRUE
2203300,"gate_30",390,TRUE,TRUE
2203405,"gate_30",11,TRUE,FALSE
2203545,"gate_30",3,FALSE,FALSE
2203569,"gate_30",87,FALSE,TRUE
2203617,"gate_40",51,TRUE,TRUE
2203798,"gate_30",20,TRUE,FALSE
2203822,"gate_30",7,FALSE,FALSE
2203836,"gate_40",0,FALSE,FALSE
2204177,"gate_30",14,TRUE,FALSE
2204184,"gate_30",56,TRUE,TRUE
2204232,"gate_30",37,FALSE,TRUE
2204317,"gate_40",32,FALSE,FALSE
2204369,"gate_40",10,FALSE,FALSE
2204390,"gate_40",266,TRUE,TRUE
2204410,"gate_30",18,TRUE,FALSE
2204633,"gate_40",15,TRUE,FALSE
2204683,"gate_30",389,TRUE,TRUE
2204741,"gate_30",108,TRUE,FALSE
2204758,"gate_40",35,TRUE,TRUE
2205132,"gate_30",3,FALSE,FALSE
2205434,"gate_40",19,FALSE,FALSE
2205692,"gate_30",329,TRUE,TRUE
2205772,"gate_30",3,FALSE,FALSE
2205858,"gate_30",96,FALSE,TRUE
2205985,"gate_40",1,FALSE,FALSE
2206197,"gate_30",45,TRUE,FALSE
2206373,"gate_40",15,FALSE,FALSE
2206383,"gate_30",2,FALSE,TRUE
2206426,"gate_40",6,FALSE,FALSE
2206467,"gate_30",13,FALSE,TRUE
2206520,"gate_40",31,TRUE,FALSE
2206543,"gate_40",121,TRUE,TRUE
2206671,"gate_40",112,TRUE,TRUE
2207055,"gate_30",25,TRUE,FALSE
2207084,"gate_40",14,FALSE,FALSE
2207311,"gate_40",7,TRUE,FALSE
2207325,"gate_40",15,FALSE,FALSE
2207327,"gate_40",10,FALSE,FALSE
2207487,"gate_30",17,FALSE,FALSE
2207635,"gate_30",12,FALSE,FALSE
2207797,"gate_30",32,FALSE,FALSE
2207815,"gate_40",4,FALSE,FALSE
2207832,"gate_40",53,TRUE,TRUE
2208005,"gate_30",13,FALSE,FALSE
2208148,"gate_40",99,TRUE,FALSE
2208554,"gate_30",11,FALSE,FALSE
2208560,"gate_40",24,FALSE,FALSE
2208791,"gate_30",19,FALSE,FALSE
2208823,"gate_40",6,TRUE,FALSE
2209061,"gate_30",14,FALSE,FALSE
2209109,"gate_40",37,FALSE,TRUE
2209157,"gate_40",3,FALSE,FALSE
2209243,"gate_40",4,FALSE,FALSE
2209305,"gate_30",3,FALSE,FALSE
2209313,"gate_40",20,TRUE,FALSE
2209523,"gate_40",48,FALSE,TRUE
2209598,"gate_30",124,TRUE,FALSE
2209601,"gate_40",55,TRUE,FALSE
2209710,"gate_40",24,FALSE,TRUE
2209831,"gate_30",19,TRUE,TRUE
2209835,"gate_40",93,TRUE,TRUE
2210040,"gate_30",0,FALSE,FALSE
2210150,"gate_30",14,FALSE,FALSE
2210363,"gate_40",12,FALSE,FALSE
2210430,"gate_40",0,FALSE,FALSE
2210468,"gate_40",8,FALSE,FALSE
2210567,"gate_40",2,FALSE,FALSE
2210589,"gate_30",2,FALSE,FALSE
2210604,"gate_30",12,FALSE,FALSE
2210741,"gate_40",0,FALSE,FALSE
2210885,"gate_30",73,TRUE,TRUE
2211121,"gate_40",48,TRUE,FALSE
2211199,"gate_40",27,FALSE,FALSE
2211214,"gate_40",1,FALSE,FALSE
2211238,"gate_30",8,TRUE,FALSE
2211330,"gate_30",75,TRUE,TRUE
2211408,"gate_40",352,TRUE,TRUE
2211468,"gate_30",141,TRUE,FALSE
2211499,"gate_40",37,TRUE,FALSE
2211517,"gate_40",2,FALSE,FALSE
2211552,"gate_40",1,FALSE,FALSE
2211591,"gate_40",105,FALSE,TRUE
2211809,"gate_40",139,FALSE,TRUE
2211815,"gate_30",11,TRUE,FALSE
2211867,"gate_30",76,TRUE,TRUE
2211944,"gate_30",7,FALSE,FALSE
2211994,"gate_30",97,TRUE,TRUE
2212415,"gate_40",57,TRUE,FALSE
2212460,"gate_40",20,TRUE,FALSE
2212472,"gate_30",14,FALSE,FALSE
2212591,"gate_30",15,FALSE,FALSE
2212670,"gate_30",2,FALSE,FALSE
2212771,"gate_30",30,TRUE,FALSE
2212832,"gate_40",263,TRUE,FALSE
2212862,"gate_40",3,TRUE,FALSE
2213302,"gate_40",413,TRUE,TRUE
2213311,"gate_40",23,FALSE,FALSE
2213378,"gate_40",5,TRUE,FALSE
2213392,"gate_40",1,FALSE,FALSE
2213559,"gate_30",62,TRUE,TRUE
2213614,"gate_30",10,FALSE,FALSE
2213692,"gate_40",307,TRUE,TRUE
2213740,"gate_40",4,FALSE,FALSE
2213885,"gate_40",62,TRUE,FALSE
2214417,"gate_30",4,FALSE,FALSE
2214458,"gate_30",319,FALSE,TRUE
2214522,"gate_40",11,FALSE,FALSE
2214532,"gate_30",14,FALSE,FALSE
2214734,"gate_30",7,TRUE,FALSE
2214849,"gate_30",1,FALSE,FALSE
2215091,"gate_30",76,TRUE,TRUE
2215125,"gate_40",12,FALSE,FALSE
2215157,"gate_30",167,TRUE,TRUE
2215248,"gate_30",4,TRUE,FALSE
2215417,"gate_40",9,FALSE,FALSE
2215462,"gate_30",37,FALSE,FALSE
2215578,"gate_30",45,FALSE,TRUE
2215615,"gate_30",74,TRUE,FALSE
2215642,"gate_40",8,FALSE,FALSE
2215643,"gate_30",0,FALSE,FALSE
2215858,"gate_30",19,FALSE,FALSE
2216062,"gate_30",0,FALSE,FALSE
2216088,"gate_40",0,FALSE,FALSE
2216371,"gate_30",36,TRUE,FALSE
2216545,"gate_40",10,FALSE,FALSE
2216630,"gate_30",67,FALSE,TRUE
2216853,"gate_40",14,TRUE,FALSE
2217053,"gate_40",77,TRUE,TRUE
2217080,"gate_30",9,FALSE,TRUE
2217096,"gate_40",1,FALSE,FALSE
2217112,"gate_30",4,FALSE,FALSE
2217124,"gate_40",180,TRUE,FALSE
2217134,"gate_40",14,FALSE,FALSE
2217169,"gate_40",13,TRUE,FALSE
2217309,"gate_40",5,FALSE,FALSE
2217517,"gate_30",1,TRUE,FALSE
2217641,"gate_40",3,FALSE,FALSE
2217697,"gate_30",49,FALSE,TRUE
2217718,"gate_30",12,FALSE,FALSE
2217751,"gate_30",8,FALSE,FALSE
2217788,"gate_40",1,FALSE,FALSE
2217869,"gate_30",11,FALSE,FALSE
2217915,"gate_40",1,FALSE,FALSE
2218067,"gate_40",27,TRUE,FALSE
2218255,"gate_40",59,TRUE,FALSE
2218409,"gate_40",4,TRUE,FALSE
2218497,"gate_40",114,TRUE,FALSE
2218537,"gate_30",17,FALSE,FALSE
2218677,"gate_40",10,FALSE,FALSE
2218771,"gate_40",44,TRUE,FALSE
2218888,"gate_40",1,FALSE,FALSE
2218925,"gate_40",2,FALSE,FALSE
2219044,"gate_30",3,FALSE,FALSE
2219173,"gate_30",142,TRUE,TRUE
2219734,"gate_30",161,TRUE,FALSE
2219830,"gate_30",1,FALSE,FALSE
2219878,"gate_40",0,FALSE,FALSE
2219929,"gate_30",15,FALSE,FALSE
2220257,"gate_30",46,TRUE,FALSE
2220307,"gate_30",12,FALSE,FALSE
2220466,"gate_40",4,FALSE,FALSE
2220662,"gate_40",29,FALSE,FALSE
2220683,"gate_40",27,TRUE,FALSE
2220706,"gate_40",3,FALSE,FALSE
2220861,"gate_30",4,FALSE,FALSE
2220962,"gate_30",68,TRUE,FALSE
2221004,"gate_30",133,TRUE,TRUE
2221105,"gate_40",18,FALSE,FALSE
2221142,"gate_30",12,TRUE,FALSE
2221397,"gate_30",18,TRUE,FALSE
2221398,"gate_30",146,TRUE,TRUE
2221413,"gate_40",2,TRUE,FALSE
2221470,"gate_30",0,FALSE,FALSE
2221716,"gate_40",0,TRUE,FALSE
2221717,"gate_30",16,FALSE,FALSE
2221956,"gate_40",1,FALSE,FALSE
2222171,"gate_40",8,FALSE,FALSE
2222184,"gate_30",24,TRUE,FALSE
2222208,"gate_30",205,TRUE,FALSE
2222332,"gate_40",8,FALSE,FALSE
2222419,"gate_30",68,FALSE,FALSE
2222475,"gate_30",81,TRUE,FALSE
2222582,"gate_40",14,TRUE,FALSE
2222665,"gate_40",3,FALSE,FALSE
2222757,"gate_40",7,FALSE,FALSE
2222828,"gate_30",35,FALSE,FALSE
2222857,"gate_30",14,FALSE,FALSE
2222861,"gate_30",12,FALSE,FALSE
2222900,"gate_30",113,TRUE,FALSE
2223046,"gate_40",157,TRUE,FALSE
2223069,"gate_40",38,FALSE,FALSE
2223256,"gate_40",1,FALSE,FALSE
2223310,"gate_40",21,TRUE,FALSE
2223350,"gate_30",27,TRUE,FALSE
2223387,"gate_30",108,TRUE,FALSE
2223396,"gate_40",2,FALSE,FALSE
2223677,"gate_40",87,TRUE,FALSE
2223807,"gate_40",1,FALSE,TRUE
2223832,"gate_30",103,TRUE,FALSE
2223881,"gate_40",55,TRUE,TRUE
2223995,"gate_30",116,TRUE,FALSE
2224052,"gate_40",6,FALSE,FALSE
2224225,"gate_40",21,FALSE,FALSE
2224294,"gate_40",1,FALSE,FALSE
2224322,"gate_30",37,TRUE,FALSE
2224342,"gate_40",16,TRUE,FALSE
2224354,"gate_30",263,TRUE,TRUE
2224421,"gate_40",18,FALSE,FALSE
2224527,"gate_30",0,FALSE,FALSE
2224529,"gate_30",4,FALSE,FALSE
2224794,"gate_40",11,FALSE,FALSE
2224892,"gate_30",23,TRUE,FALSE
2224893,"gate_40",166,TRUE,TRUE
2224975,"gate_40",31,TRUE,FALSE
2225027,"gate_30",39,FALSE,TRUE
2225198,"gate_30",1,FALSE,FALSE
2225254,"gate_30",7,FALSE,FALSE
2225262,"gate_40",316,TRUE,TRUE
2225276,"gate_30",17,FALSE,FALSE
2225547,"gate_30",86,TRUE,FALSE
2225618,"gate_30",16,FALSE,FALSE
2225818,"gate_40",2,FALSE,FALSE
2225974,"gate_30",14,FALSE,FALSE
2225986,"gate_40",0,FALSE,FALSE
2225999,"gate_30",8,FALSE,FALSE
2226077,"gate_30",17,FALSE,FALSE
2226108,"gate_40",2,FALSE,FALSE
2226248,"gate_40",3,FALSE,FALSE
2226272,"gate_40",7,FALSE,FALSE
2226286,"gate_30",1,FALSE,FALSE
2226327,"gate_30",37,TRUE,FALSE
2226463,"gate_40",2,FALSE,FALSE
2226470,"gate_30",0,FALSE,FALSE
2226487,"gate_30",8,TRUE,FALSE
2226651,"gate_30",200,TRUE,FALSE
2226711,"gate_30",49,TRUE,FALSE
2226801,"gate_40",144,TRUE,TRUE
2226809,"gate_40",7,TRUE,FALSE
2227090,"gate_30",2,FALSE,FALSE
2227093,"gate_40",9,FALSE,FALSE
2227264,"gate_40",127,TRUE,TRUE
2227267,"gate_30",23,FALSE,FALSE
2227396,"gate_40",3,FALSE,FALSE
2227575,"gate_40",37,TRUE,FALSE
2227579,"gate_30",36,TRUE,TRUE
2227588,"gate_40",72,TRUE,TRUE
2227756,"gate_30",3,FALSE,FALSE
2227804,"gate_40",34,FALSE,TRUE
2227860,"gate_30",3,FALSE,FALSE
2227914,"gate_30",0,FALSE,FALSE
2227995,"gate_40",36,TRUE,TRUE
2228018,"gate_30",10,FALSE,FALSE
2228087,"gate_30",6,FALSE,FALSE
2228107,"gate_30",2,FALSE,FALSE
2228150,"gate_30",20,TRUE,FALSE
2228255,"gate_40",4,FALSE,FALSE
2228338,"gate_40",156,TRUE,TRUE
2228469,"gate_40",3,FALSE,FALSE
2228509,"gate_40",14,FALSE,FALSE
2228566,"gate_40",125,TRUE,FALSE
2228631,"gate_30",0,FALSE,FALSE
2228782,"gate_40",1,FALSE,FALSE
2228812,"gate_40",211,TRUE,FALSE
2228858,"gate_40",16,TRUE,FALSE
2228987,"gate_30",14,TRUE,FALSE
2229059,"gate_30",1,FALSE,TRUE
2229233,"gate_30",2,FALSE,FALSE
2229312,"gate_40",51,TRUE,TRUE
2229437,"gate_40",2,FALSE,TRUE
2229440,"gate_40",25,FALSE,FALSE
2229540,"gate_30",8,FALSE,FALSE
2229560,"gate_40",4,TRUE,FALSE
2229574,"gate_40",48,TRUE,FALSE
2229706,"gate_40",4,FALSE,FALSE
2229707,"gate_30",3,FALSE,FALSE
2230108,"gate_40",6,FALSE,FALSE
2230127,"gate_30",0,FALSE,FALSE
2230231,"gate_30",30,FALSE,FALSE
2230348,"gate_40",20,TRUE,FALSE
2230376,"gate_40",0,FALSE,FALSE
2230380,"gate_40",6,FALSE,FALSE
2230696,"gate_30",57,TRUE,FALSE
2230830,"gate_30",124,TRUE,TRUE
2231005,"gate_40",81,TRUE,FALSE
2231062,"gate_30",2,FALSE,FALSE
2231072,"gate_30",9,FALSE,FALSE
2231094,"gate_30",9,FALSE,FALSE
2231104,"gate_40",52,TRUE,TRUE
2231147,"gate_30",2,FALSE,TRUE
2231211,"gate_40",1,FALSE,FALSE
2231475,"gate_30",210,TRUE,TRUE
2231654,"gate_40",2,FALSE,FALSE
2231836,"gate_30",12,FALSE,FALSE
2231849,"gate_40",13,TRUE,FALSE
2232031,"gate_30",40,FALSE,FALSE
2232194,"gate_30",7,TRUE,FALSE
2232206,"gate_40",144,TRUE,FALSE
2232240,"gate_30",15,FALSE,FALSE
2232316,"gate_40",12,FALSE,FALSE
2232465,"gate_40",1,FALSE,FALSE
2232487,"gate_40",189,FALSE,FALSE
2232557,"gate_40",1,FALSE,FALSE
2232558,"gate_30",35,TRUE,FALSE
2232719,"gate_30",355,TRUE,TRUE
2232764,"gate_40",14,FALSE,FALSE
2232938,"gate_40",135,TRUE,TRUE
2232944,"gate_30",26,TRUE,FALSE
2232954,"gate_30",12,FALSE,FALSE
2233003,"gate_40",27,FALSE,FALSE
2233056,"gate_30",167,TRUE,TRUE
2233062,"gate_40",6,FALSE,FALSE
2233324,"gate_30",3,FALSE,FALSE
2233548,"gate_40",9,FALSE,FALSE
2233864,"gate_40",20,FALSE,FALSE
2233868,"gate_30",5,FALSE,FALSE
2233927,"gate_30",47,TRUE,FALSE
2233939,"gate_40",29,TRUE,FALSE
2234096,"gate_40",2,FALSE,FALSE
2234146,"gate_40",12,FALSE,FALSE
2234255,"gate_40",4,FALSE,FALSE
2234523,"gate_30",41,TRUE,TRUE
2234615,"gate_30",248,TRUE,TRUE
2234763,"gate_30",3,TRUE,FALSE
2234827,"gate_30",71,TRUE,TRUE
2234846,"gate_30",29,TRUE,FALSE
2235124,"gate_30",3,FALSE,FALSE
2235210,"gate_40",0,FALSE,FALSE
2235270,"gate_30",11,FALSE,FALSE
2235272,"gate_30",42,TRUE,FALSE
2235308,"gate_40",58,TRUE,FALSE
2235538,"gate_30",8,FALSE,FALSE
2235570,"gate_30",2,FALSE,FALSE
2235599,"gate_40",1,FALSE,FALSE
2235632,"gate_30",28,TRUE,FALSE
2235875,"gate_40",19,TRUE,TRUE
2235876,"gate_30",74,TRUE,FALSE
2235956,"gate_40",20,FALSE,FALSE
2235984,"gate_40",120,TRUE,TRUE
2236069,"gate_30",4,FALSE,FALSE
2236075,"gate_40",42,FALSE,TRUE
2236210,"gate_30",57,TRUE,TRUE
2236655,"gate_40",14,TRUE,FALSE
2236743,"gate_30",3,FALSE,FALSE
2236870,"gate_40",81,TRUE,FALSE
2237085,"gate_40",53,TRUE,FALSE
2237110,"gate_40",3,FALSE,FALSE
2237244,"gate_30",31,TRUE,FALSE
2237330,"gate_40",5,FALSE,FALSE
2237641,"gate_40",126,TRUE,TRUE
2237798,"gate_40",86,FALSE,FALSE
2237952,"gate_30",1,FALSE,FALSE
2238007,"gate_40",27,TRUE,FALSE
2238062,"gate_40",1,FALSE,FALSE
2238208,"gate_40",6,FALSE,FALSE
2238216,"gate_40",104,TRUE,FALSE
2238235,"gate_30",24,TRUE,FALSE
2238324,"gate_40",9,TRUE,FALSE
2238372,"gate_30",34,FALSE,FALSE
2238395,"gate_40",13,TRUE,FALSE
2238520,"gate_30",70,TRUE,FALSE
2238549,"gate_30",53,TRUE,FALSE
2238755,"gate_30",1,FALSE,FALSE
2238910,"gate_30",10,FALSE,TRUE
2238938,"gate_30",1,FALSE,FALSE
2239021,"gate_40",49,TRUE,TRUE
2239211,"gate_30",9,FALSE,FALSE
2239404,"gate_40",21,FALSE,FALSE
2239413,"gate_40",43,FALSE,FALSE
2239440,"gate_30",8,TRUE,FALSE
2239503,"gate_30",9,FALSE,FALSE
2239581,"gate_30",34,TRUE,FALSE
2239831,"gate_40",16,TRUE,FALSE
2239866,"gate_40",33,FALSE,FALSE
2239879,"gate_30",0,TRUE,FALSE
2239977,"gate_40",88,FALSE,FALSE
2240097,"gate_30",69,FALSE,FALSE
2240127,"gate_40",0,FALSE,FALSE
2240200,"gate_30",0,FALSE,FALSE
2240306,"gate_30",35,FALSE,FALSE
2240343,"gate_40",4,FALSE,FALSE
2240403,"gate_30",4,FALSE,FALSE
2240500,"gate_40",47,TRUE,FALSE
2240572,"gate_30",9,TRUE,FALSE
2240682,"gate_40",2,FALSE,FALSE
2241116,"gate_30",7,FALSE,FALSE
2241301,"gate_40",107,TRUE,TRUE
2241468,"gate_30",15,FALSE,FALSE
2241683,"gate_30",1,FALSE,FALSE
2241722,"gate_40",2,FALSE,FALSE
2241757,"gate_30",13,FALSE,FALSE
2241794,"gate_40",14,FALSE,FALSE
2241970,"gate_40",13,FALSE,FALSE
2241985,"gate_30",60,TRUE,TRUE
2242014,"gate_30",7,FALSE,FALSE
2242227,"gate_40",44,FALSE,FALSE
2242360,"gate_30",44,TRUE,TRUE
2242440,"gate_40",1,FALSE,FALSE
2242484,"gate_30",16,TRUE,FALSE
2242544,"gate_40",17,FALSE,TRUE
2242909,"gate_30",30,TRUE,FALSE
2242936,"gate_40",56,TRUE,FALSE
2243209,"gate_40",82,TRUE,FALSE
2243220,"gate_40",5,FALSE,FALSE
2243347,"gate_40",8,TRUE,FALSE
2243666,"gate_40",716,TRUE,TRUE
2243713,"gate_40",475,TRUE,TRUE
2243745,"gate_30",9,FALSE,FALSE
2243769,"gate_30",21,TRUE,TRUE
2243770,"gate_40",30,TRUE,FALSE
2243906,"gate_30",582,TRUE,TRUE
2243971,"gate_40",32,TRUE,FALSE
2244058,"gate_40",29,FALSE,FALSE
2244159,"gate_40",14,FALSE,FALSE
2244348,"gate_40",161,TRUE,TRUE
2244525,"gate_40",3,FALSE,FALSE
2244546,"gate_30",25,FALSE,FALSE
2244761,"gate_40",0,FALSE,FALSE
2244790,"gate_40",1,FALSE,FALSE
2244867,"gate_30",67,TRUE,FALSE
2244912,"gate_40",50,TRUE,TRUE
2245036,"gate_30",57,TRUE,FALSE
2245090,"gate_40",10,FALSE,FALSE
2245503,"gate_40",25,TRUE,FALSE
2245509,"gate_40",139,TRUE,TRUE
2245669,"gate_30",16,FALSE,FALSE
2245701,"gate_40",10,TRUE,FALSE
2245961,"gate_30",17,TRUE,FALSE
2246019,"gate_30",13,FALSE,FALSE
2246212,"gate_30",16,FALSE,FALSE
2246360,"gate_30",28,TRUE,FALSE
2246469,"gate_40",151,TRUE,FALSE
2246533,"gate_40",3,FALSE,FALSE
2246637,"gate_30",2,FALSE,FALSE
2246772,"gate_40",0,FALSE,FALSE
2246818,"gate_30",83,TRUE,TRUE
2246831,"gate_30",21,FALSE,FALSE
2246860,"gate_30",36,TRUE,FALSE
2246906,"gate_30",9,TRUE,FALSE
2246984,"gate_30",6,FALSE,FALSE
2247054,"gate_40",58,FALSE,FALSE
2247076,"gate_30",157,TRUE,TRUE
2247137,"gate_40",6,TRUE,FALSE
2247155,"gate_40",24,FALSE,TRUE
2247252,"gate_30",16,TRUE,FALSE
2247253,"gate_40",6,FALSE,FALSE
2247400,"gate_30",38,TRUE,FALSE
2247419,"gate_30",39,FALSE,FALSE
2247553,"gate_30",47,FALSE,FALSE
2247817,"gate_40",0,FALSE,FALSE
2247829,"gate_30",11,FALSE,FALSE
2247849,"gate_40",14,FALSE,FALSE
2247910,"gate_30",25,TRUE,FALSE
2248018,"gate_30",12,FALSE,FALSE
2248124,"gate_30",19,FALSE,FALSE
2248240,"gate_40",291,TRUE,TRUE
2248278,"gate_30",13,FALSE,FALSE
2248303,"gate_30",25,FALSE,FALSE
2248338,"gate_30",34,TRUE,FALSE
2248421,"gate_30",209,TRUE,TRUE
2248549,"gate_40",43,TRUE,FALSE
2248560,"gate_40",0,FALSE,FALSE
2248599,"gate_30",3,FALSE,FALSE
2248760,"gate_40",1,FALSE,FALSE
2249175,"gate_40",12,FALSE,FALSE
2249215,"gate_40",13,TRUE,FALSE
2249654,"gate_30",67,TRUE,TRUE
2249671,"gate_30",27,TRUE,FALSE
2249818,"gate_40",125,TRUE,FALSE
2250246,"gate_30",15,TRUE,FALSE
2250536,"gate_30",5,FALSE,FALSE
2250684,"gate_30",9,TRUE,FALSE
2250751,"gate_40",14,TRUE,FALSE
2250885,"gate_30",1,FALSE,FALSE
2251163,"gate_40",5,FALSE,FALSE
2251174,"gate_40",405,TRUE,TRUE
2251484,"gate_40",654,TRUE,TRUE
2251686,"gate_40",8,TRUE,FALSE
2251750,"gate_30",0,FALSE,FALSE
2251885,"gate_40",27,TRUE,FALSE
2251947,"gate_40",2,FALSE,FALSE
2251957,"gate_40",0,FALSE,FALSE
2251995,"gate_30",5,FALSE,FALSE
2252094,"gate_40",5,FALSE,FALSE
2252109,"gate_40",20,TRUE,FALSE
2252135,"gate_30",6,FALSE,FALSE
2252282,"gate_40",53,FALSE,FALSE
2252642,"gate_40",2,FALSE,FALSE
2252693,"gate_40",15,TRUE,FALSE
2252761,"gate_30",30,FALSE,FALSE
2252906,"gate_30",0,FALSE,FALSE
2253009,"gate_30",212,TRUE,TRUE
2253391,"gate_30",79,TRUE,FALSE
2253783,"gate_30",12,FALSE,FALSE
2253844,"gate_30",97,TRUE,TRUE
2253877,"gate_30",41,TRUE,TRUE
2253884,"gate_40",2,FALSE,FALSE
2253925,"gate_40",90,TRUE,FALSE
2253938,"gate_40",74,TRUE,FALSE
2254204,"gate_40",102,TRUE,TRUE
2254248,"gate_40",19,FALSE,FALSE
2254378,"gate_40",192,TRUE,TRUE
2254391,"gate_40",10,FALSE,TRUE
2254582,"gate_40",12,TRUE,FALSE
2254587,"gate_30",11,TRUE,TRUE
2254630,"gate_30",55,FALSE,TRUE
2254642,"gate_40",2,FALSE,FALSE
2254688,"gate_40",52,TRUE,TRUE
2254778,"gate_40",4,FALSE,FALSE
2254820,"gate_30",1,FALSE,FALSE
2255115,"gate_40",12,FALSE,FALSE
2255183,"gate_40",5,TRUE,FALSE
2255263,"gate_40",5,FALSE,FALSE
2255326,"gate_30",3,FALSE,FALSE
2255532,"gate_30",8,TRUE,FALSE
2255581,"gate_40",39,FALSE,FALSE
2255705,"gate_40",13,TRUE,FALSE
2256485,"gate_30",23,TRUE,FALSE
2256972,"gate_40",0,FALSE,FALSE
2256979,"gate_30",10,FALSE,FALSE
2257041,"gate_40",15,FALSE,FALSE
2257085,"gate_40",36,TRUE,FALSE
2257095,"gate_30",31,TRUE,FALSE
2257345,"gate_30",0,FALSE,FALSE
2257613,"gate_30",4,FALSE,FALSE
2257661,"gate_30",2,FALSE,FALSE
2257819,"gate_30",32,TRUE,FALSE
2257964,"gate_40",2,FALSE,FALSE
2257969,"gate_30",91,FALSE,TRUE
2258030,"gate_30",4,FALSE,FALSE
2258173,"gate_40",692,TRUE,TRUE
2258335,"gate_30",36,FALSE,FALSE
2258354,"gate_30",89,TRUE,TRUE
2258398,"gate_40",4,FALSE,FALSE
2258627,"gate_40",7,FALSE,FALSE
2258755,"gate_40",148,FALSE,FALSE
2258968,"gate_40",187,TRUE,TRUE
2259202,"gate_30",425,TRUE,TRUE
2259220,"gate_30",154,TRUE,TRUE
2259344,"gate_40",14,FALSE,FALSE
2259531,"gate_40",6,FALSE,FALSE
2259643,"gate_30",1,FALSE,FALSE
2260202,"gate_40",2,FALSE,FALSE
2260511,"gate_40",3,FALSE,FALSE
2260578,"gate_30",33,FALSE,FALSE
2260620,"gate_30",24,TRUE,FALSE
2260727,"gate_40",166,TRUE,TRUE
2260848,"gate_30",3,FALSE,FALSE
2261018,"gate_30",47,TRUE,FALSE
2261228,"gate_40",14,FALSE,TRUE
2261244,"gate_30",16,FALSE,FALSE
2261329,"gate_30",1,FALSE,FALSE
2261344,"gate_40",2,FALSE,FALSE
2261531,"gate_30",5,FALSE,FALSE
2261635,"gate_40",29,TRUE,FALSE
2261762,"gate_30",3,FALSE,FALSE
2262037,"gate_40",62,TRUE,FALSE
2262131,"gate_40",30,TRUE,FALSE
2262177,"gate_30",30,TRUE,FALSE
2262311,"gate_40",3,FALSE,FALSE
2262340,"gate_40",34,TRUE,TRUE
2262413,"gate_40",218,FALSE,TRUE
2262441,"gate_40",51,FALSE,FALSE
2262560,"gate_40",3,FALSE,FALSE
2262636,"gate_40",130,TRUE,TRUE
2262761,"gate_40",4,TRUE,FALSE
2262813,"gate_40",49,TRUE,TRUE
2262942,"gate_40",47,FALSE,FALSE
2263349,"gate_30",1,FALSE,FALSE
2263450,"gate_30",9,FALSE,FALSE
2263491,"gate_40",43,TRUE,FALSE
2263606,"gate_30",325,TRUE,FALSE
2263695,"gate_40",25,TRUE,FALSE
2263825,"gate_30",149,TRUE,FALSE
2264074,"gate_40",0,FALSE,FALSE
2264105,"gate_40",63,TRUE,FALSE
2264361,"gate_40",11,FALSE,FALSE
2264655,"gate_40",3,FALSE,FALSE
2264682,"gate_40",3,FALSE,FALSE
2264695,"gate_40",19,FALSE,FALSE
2264876,"gate_30",7,FALSE,FALSE
2264987,"gate_40",22,TRUE,FALSE
2265497,"gate_30",109,TRUE,TRUE
2265570,"gate_40",6,TRUE,FALSE
2265606,"gate_40",19,FALSE,FALSE
2265614,"gate_30",2,TRUE,FALSE
2265948,"gate_30",18,FALSE,FALSE
2266095,"gate_30",6,FALSE,FALSE
2266160,"gate_30",1,FALSE,FALSE
2266331,"gate_30",188,TRUE,FALSE
2266361,"gate_30",13,FALSE,FALSE
2266587,"gate_40",19,TRUE,FALSE
2266834,"gate_40",20,FALSE,FALSE
2267051,"gate_40",20,TRUE,FALSE
2267057,"gate_30",106,TRUE,FALSE
2267070,"gate_30",0,FALSE,FALSE
2267147,"gate_40",10,FALSE,FALSE
2267697,"gate_30",59,FALSE,FALSE
2267924,"gate_40",55,TRUE,FALSE
2267935,"gate_30",39,FALSE,FALSE
2267942,"gate_40",119,TRUE,TRUE
2268036,"gate_40",5,FALSE,FALSE
2268189,"gate_40",2,FALSE,FALSE
2268303,"gate_30",2,FALSE,FALSE
2268337,"gate_40",0,FALSE,FALSE
2268339,"gate_40",0,FALSE,FALSE
2268349,"gate_40",45,TRUE,FALSE
2268368,"gate_30",247,TRUE,TRUE
2268485,"gate_30",8,FALSE,FALSE
2268832,"gate_40",3,FALSE,FALSE
2268858,"gate_40",4,TRUE,FALSE
2268917,"gate_30",63,TRUE,TRUE
2268971,"gate_30",1,FALSE,FALSE
2269155,"gate_30",3,FALSE,FALSE
2269282,"gate_30",5,FALSE,FALSE
2269294,"gate_30",2,FALSE,FALSE
2269331,"gate_40",15,TRUE,FALSE
2269359,"gate_40",163,TRUE,TRUE
2269466,"gate_40",103,TRUE,TRUE
2269529,"gate_40",484,TRUE,TRUE
2269604,"gate_40",3,FALSE,FALSE
2269611,"gate_40",23,FALSE,TRUE
2269651,"gate_30",0,FALSE,FALSE
2269659,"gate_40",16,TRUE,FALSE
2269725,"gate_30",54,TRUE,FALSE
2270369,"gate_30",50,TRUE,FALSE
2270593,"gate_30",1,FALSE,FALSE
2270598,"gate_30",0,FALSE,FALSE
2270616,"gate_30",6,TRUE,FALSE
2271016,"gate_30",45,TRUE,FALSE
2271034,"gate_40",62,TRUE,FALSE
2271106,"gate_30",7,FALSE,FALSE
2271109,"gate_40",38,FALSE,FALSE
2271271,"gate_40",23,FALSE,FALSE
2271309,"gate_40",18,FALSE,FALSE
2271737,"gate_40",69,TRUE,FALSE
2271761,"gate_30",56,TRUE,FALSE
2272031,"gate_40",22,FALSE,FALSE
2272068,"gate_30",22,FALSE,FALSE
2272121,"gate_30",7,FALSE,FALSE
2272154,"gate_30",3,FALSE,FALSE
2272422,"gate_30",26,FALSE,FALSE
2272496,"gate_30",11,TRUE,TRUE
2272523,"gate_30",1,FALSE,FALSE
2272525,"gate_30",5,TRUE,FALSE
2272546,"gate_30",7,FALSE,FALSE
2272596,"gate_30",79,FALSE,TRUE
2272668,"gate_40",29,TRUE,FALSE
2272781,"gate_30",36,FALSE,FALSE
2272947,"gate_40",1,FALSE,FALSE
2273168,"gate_30",3,FALSE,FALSE
2273201,"gate_30",24,TRUE,FALSE
2273219,"gate_30",4,FALSE,FALSE
2273240,"gate_30",228,TRUE,TRUE
2273474,"gate_40",53,TRUE,TRUE
2273531,"gate_40",26,TRUE,FALSE
2273592,"gate_40",5,FALSE,FALSE
2273667,"gate_40",332,TRUE,FALSE
2273701,"gate_30",8,FALSE,FALSE
2273714,"gate_40",15,TRUE,TRUE
2273734,"gate_30",10,FALSE,FALSE
2273736,"gate_40",6,FALSE,FALSE
2273833,"gate_30",6,FALSE,FALSE
2273909,"gate_40",4,TRUE,FALSE
2274187,"gate_40",40,FALSE,FALSE
2274200,"gate_30",378,TRUE,TRUE
2274342,"gate_40",4,FALSE,FALSE
2274430,"gate_40",13,FALSE,FALSE
2274441,"gate_30",4,FALSE,FALSE
2274444,"gate_40",82,TRUE,FALSE
2274473,"gate_40",319,TRUE,TRUE
2274495,"gate_30",13,FALSE,FALSE
2274581,"gate_30",13,FALSE,FALSE
2274637,"gate_40",32,TRUE,FALSE
2275214,"gate_30",4,FALSE,FALSE
2275308,"gate_30",55,TRUE,FALSE
2275415,"gate_40",10,FALSE,FALSE
2275674,"gate_30",66,TRUE,FALSE
2275680,"gate_40",4,FALSE,FALSE
2275706,"gate_40",17,FALSE,FALSE
2275730,"gate_40",8,TRUE,FALSE
2275865,"gate_30",124,FALSE,TRUE
2275983,"gate_30",11,FALSE,FALSE
2276209,"gate_40",8,FALSE,FALSE
2276251,"gate_40",4,TRUE,FALSE
2276257,"gate_40",23,TRUE,FALSE
2276304,"gate_40",0,FALSE,FALSE
2276397,"gate_30",50,FALSE,FALSE
2276406,"gate_40",79,TRUE,FALSE
2276498,"gate_30",76,TRUE,FALSE
2276557,"gate_40",129,TRUE,FALSE
2276682,"gate_40",18,FALSE,TRUE
2276840,"gate_30",16,FALSE,FALSE
2277032,"gate_40",16,TRUE,FALSE
2277077,"gate_30",7,FALSE,FALSE
2277495,"gate_40",213,TRUE,TRUE
2277718,"gate_40",1,FALSE,FALSE
2277758,"gate_30",12,FALSE,FALSE
2277787,"gate_40",22,FALSE,FALSE
2277949,"gate_30",23,TRUE,TRUE
2278275,"gate_30",89,TRUE,FALSE
2278407,"gate_30",44,FALSE,FALSE
2278570,"gate_30",46,TRUE,FALSE
2278622,"gate_30",78,TRUE,TRUE
2278719,"gate_30",96,TRUE,TRUE
2278925,"gate_30",236,TRUE,TRUE
2278929,"gate_30",3,FALSE,TRUE
2278975,"gate_30",24,TRUE,FALSE
2279351,"gate_30",69,TRUE,FALSE
2279459,"gate_30",4,FALSE,FALSE
2279652,"gate_30",3,FALSE,FALSE
2279799,"gate_30",19,TRUE,FALSE
2279849,"gate_40",62,TRUE,TRUE
2279883,"gate_30",0,FALSE,FALSE
2280075,"gate_40",10,FALSE,FALSE
2280143,"gate_40",50,TRUE,FALSE
2280216,"gate_30",102,TRUE,TRUE
2280244,"gate_30",107,TRUE,FALSE
2280537,"gate_40",286,TRUE,TRUE
2280618,"gate_40",8,TRUE,FALSE
2281328,"gate_30",28,TRUE,FALSE
2281514,"gate_30",20,FALSE,FALSE
2281703,"gate_30",59,FALSE,FALSE
2281735,"gate_30",4,FALSE,FALSE
2281818,"gate_40",47,TRUE,FALSE
2281832,"gate_40",29,FALSE,FALSE
2282340,"gate_30",4,FALSE,FALSE
2282349,"gate_30",3,FALSE,FALSE
2282553,"gate_30",73,TRUE,FALSE
2282714,"gate_40",2,FALSE,FALSE
2282859,"gate_40",59,FALSE,FALSE
2282860,"gate_40",26,FALSE,FALSE
2282914,"gate_30",19,FALSE,FALSE
2283091,"gate_40",0,FALSE,FALSE
2283419,"gate_30",10,FALSE,FALSE
2283571,"gate_40",99,TRUE,FALSE
2283585,"gate_40",48,TRUE,TRUE
2283697,"gate_30",14,FALSE,FALSE
2284037,"gate_30",1,FALSE,FALSE
2284244,"gate_30",2,TRUE,FALSE
2284393,"gate_40",0,FALSE,FALSE
2284906,"gate_30",20,TRUE,FALSE
2284965,"gate_30",10,FALSE,FALSE
2285142,"gate_30",15,FALSE,FALSE
2285187,"gate_30",21,FALSE,FALSE
2285360,"gate_30",8,FALSE,FALSE
2285458,"gate_30",100,TRUE,FALSE
2285617,"gate_40",8,FALSE,FALSE
2285871,"gate_40",19,FALSE,FALSE
2285918,"gate_40",1,FALSE,FALSE
2286004,"gate_30",0,FALSE,FALSE
2286107,"gate_30",7,FALSE,FALSE
2286162,"gate_30",2,FALSE,FALSE
2286548,"gate_30",2,FALSE,FALSE
2286555,"gate_40",495,TRUE,TRUE
2286740,"gate_30",209,TRUE,TRUE
2286795,"gate_30",62,FALSE,FALSE
2286897,"gate_40",14,FALSE,FALSE
2286997,"gate_40",26,TRUE,FALSE
2287115,"gate_30",1,FALSE,FALSE
2287126,"gate_40",7,FALSE,FALSE
2287333,"gate_40",7,FALSE,FALSE
2287369,"gate_30",0,FALSE,FALSE
2287540,"gate_40",5,FALSE,FALSE
2287705,"gate_40",12,TRUE,FALSE
2287967,"gate_40",51,TRUE,FALSE
2287968,"gate_30",7,FALSE,FALSE
2287971,"gate_30",53,TRUE,FALSE
2288156,"gate_30",138,TRUE,TRUE
2288235,"gate_40",2,FALSE,FALSE
2288700,"gate_30",4,FALSE,FALSE
2288851,"gate_40",12,FALSE,FALSE
2288911,"gate_30",90,TRUE,FALSE
2288954,"gate_30",21,TRUE,FALSE
2289041,"gate_30",189,TRUE,FALSE
2289071,"gate_30",11,FALSE,FALSE
2289193,"gate_40",37,FALSE,FALSE
2289225,"gate_30",36,TRUE,FALSE
2289569,"gate_40",22,TRUE,FALSE
2289854,"gate_40",0,FALSE,FALSE
2289920,"gate_40",1,FALSE,FALSE
2290137,"gate_40",32,FALSE,FALSE
2290444,"gate_40",124,FALSE,TRUE
2290721,"gate_30",24,FALSE,FALSE
2290798,"gate_40",35,TRUE,FALSE
2290843,"gate_40",2,FALSE,FALSE
2290852,"gate_30",10,FALSE,FALSE
2290853,"gate_30",118,TRUE,TRUE
2290875,"gate_30",77,TRUE,FALSE
2291248,"gate_40",2,FALSE,FALSE
2291252,"gate_30",6,FALSE,FALSE
2291288,"gate_30",30,TRUE,FALSE
2291337,"gate_30",11,FALSE,FALSE
2291381,"gate_30",1,FALSE,TRUE
2291427,"gate_30",20,TRUE,FALSE
2291458,"gate_30",29,TRUE,FALSE
2291521,"gate_30",4,FALSE,FALSE
2291558,"gate_30",13,FALSE,FALSE
2291571,"gate_30",80,TRUE,FALSE
2291678,"gate_40",2,FALSE,FALSE
2291757,"gate_40",36,FALSE,FALSE
2291896,"gate_40",17,FALSE,FALSE
2291916,"gate_40",160,TRUE,FALSE
2292050,"gate_40",15,FALSE,FALSE
2292318,"gate_30",5,FALSE,FALSE
2292321,"gate_40",371,TRUE,TRUE
2292325,"gate_30",11,FALSE,FALSE
2292481,"gate_40",19,TRUE,FALSE
2292552,"gate_30",1,FALSE,FALSE
2292632,"gate_30",0,FALSE,FALSE
2292885,"gate_30",52,TRUE,FALSE
2292910,"gate_30",18,TRUE,FALSE
2293010,"gate_40",2,FALSE,FALSE
2293018,"gate_30",291,TRUE,TRUE
2293326,"gate_30",61,TRUE,FALSE
2293683,"gate_40",18,FALSE,FALSE
2293865,"gate_30",67,TRUE,TRUE
2294058,"gate_40",5,FALSE,FALSE
2294114,"gate_30",7,FALSE,TRUE
2294152,"gate_40",452,TRUE,FALSE
2294197,"gate_40",26,TRUE,FALSE
2294287,"gate_30",37,TRUE,FALSE
2294356,"gate_30",6,FALSE,FALSE
2294490,"gate_30",10,FALSE,FALSE
2294542,"gate_30",1,FALSE,FALSE
2294670,"gate_40",17,FALSE,FALSE
2294881,"gate_40",154,FALSE,TRUE
2295182,"gate_30",37,TRUE,TRUE
2295226,"gate_30",34,TRUE,FALSE
2295250,"gate_30",2,FALSE,FALSE
2295436,"gate_30",7,FALSE,FALSE
2295754,"gate_30",2,FALSE,FALSE
2295784,"gate_40",1,FALSE,FALSE
2295877,"gate_40",12,TRUE,FALSE
2296010,"gate_40",12,TRUE,FALSE
2296093,"gate_40",60,FALSE,TRUE
2296143,"gate_30",133,TRUE,FALSE
2296177,"gate_30",1,FALSE,FALSE
2296240,"gate_40",19,FALSE,FALSE
2296272,"gate_40",9,FALSE,FALSE
2296296,"gate_30",65,TRUE,TRUE
2296308,"gate_40",10,TRUE,FALSE
2296704,"gate_40",148,TRUE,TRUE
2297014,"gate_30",9,FALSE,FALSE
2297061,"gate_40",30,TRUE,FALSE
2297200,"gate_40",0,FALSE,FALSE
2297230,"gate_40",101,TRUE,FALSE
2297252,"gate_30",13,TRUE,FALSE
2297394,"gate_40",0,FALSE,FALSE
2297435,"gate_30",3,FALSE,FALSE
2297515,"gate_40",30,TRUE,FALSE
2297662,"gate_30",327,TRUE,TRUE
2297931,"gate_40",5,FALSE,FALSE
2298012,"gate_40",35,TRUE,FALSE
2298095,"gate_40",27,TRUE,FALSE
2298126,"gate_40",39,FALSE,FALSE
2298187,"gate_30",34,TRUE,FALSE
2298311,"gate_40",2,FALSE,FALSE
2298315,"gate_40",4,FALSE,FALSE
2298376,"gate_30",2,FALSE,FALSE
2298634,"gate_40",11,TRUE,FALSE
2299039,"gate_40",3,FALSE,FALSE
2299056,"gate_40",10,TRUE,FALSE
2299074,"gate_30",10,FALSE,FALSE
2299098,"gate_40",111,TRUE,TRUE
2299305,"gate_40",9,FALSE,FALSE
2299449,"gate_30",59,TRUE,FALSE
2299603,"gate_30",53,TRUE,FALSE
2299629,"gate_30",21,TRUE,FALSE
2299657,"gate_40",0,FALSE,FALSE
2299680,"gate_30",18,TRUE,FALSE
2299832,"gate_30",1,FALSE,FALSE
2299923,"gate_30",1,FALSE,FALSE
2300090,"gate_30",9,FALSE,FALSE
2300173,"gate_30",159,TRUE,TRUE
2300437,"gate_30",17,FALSE,FALSE
2300479,"gate_40",1,FALSE,FALSE
2300532,"gate_30",56,TRUE,TRUE
2300598,"gate_30",3,FALSE,FALSE
2300685,"gate_30",2,FALSE,FALSE
2300699,"gate_40",72,TRUE,FALSE
2300735,"gate_40",21,TRUE,FALSE
2300833,"gate_30",115,TRUE,FALSE
2300845,"gate_40",13,TRUE,FALSE
2300850,"gate_40",2,FALSE,FALSE
2300862,"gate_30",4,FALSE,FALSE
2300886,"gate_40",25,TRUE,FALSE
2301051,"gate_40",13,TRUE,FALSE
2301133,"gate_30",19,TRUE,FALSE
2301168,"gate_30",121,TRUE,TRUE
2301194,"gate_40",3,FALSE,FALSE
2301232,"gate_30",11,TRUE,FALSE
2301238,"gate_40",37,TRUE,FALSE
2301324,"gate_30",33,TRUE,FALSE
2301373,"gate_30",13,FALSE,FALSE
2301435,"gate_30",319,TRUE,TRUE
2301480,"gate_40",304,TRUE,TRUE
2301583,"gate_30",8,FALSE,TRUE
2301656,"gate_40",139,TRUE,TRUE
2301944,"gate_40",4,FALSE,FALSE
2302025,"gate_40",11,FALSE,FALSE
2302174,"gate_40",20,TRUE,FALSE
2302176,"gate_40",91,TRUE,FALSE
2302454,"gate_40",202,TRUE,TRUE
2302660,"gate_40",140,TRUE,TRUE
2302680,"gate_30",1,FALSE,FALSE
2302751,"gate_30",9,TRUE,FALSE
2302811,"gate_30",2,FALSE,FALSE
2302919,"gate_30",12,TRUE,FALSE
2302975,"gate_30",2,FALSE,FALSE
2303014,"gate_30",30,FALSE,FALSE
2303083,"gate_40",13,FALSE,FALSE
2303250,"gate_40",8,FALSE,FALSE
2303738,"gate_40",1,FALSE,FALSE
2303755,"gate_30",0,FALSE,FALSE
2303815,"gate_40",837,TRUE,TRUE
2304059,"gate_40",53,TRUE,FALSE
2304192,"gate_30",22,FALSE,FALSE
2304266,"gate_30",8,FALSE,FALSE
2304285,"gate_30",129,TRUE,TRUE
2304659,"gate_40",1,FALSE,FALSE
2304715,"gate_40",1,FALSE,FALSE
2304837,"gate_30",50,TRUE,TRUE
2305116,"gate_30",69,FALSE,FALSE
2305211,"gate_30",3,FALSE,FALSE
2305232,"gate_30",2,FALSE,FALSE
2305491,"gate_40",9,TRUE,FALSE
2305625,"gate_30",6,TRUE,FALSE
2305680,"gate_40",52,TRUE,FALSE
2305855,"gate_30",9,FALSE,FALSE
2306010,"gate_30",417,TRUE,TRUE
2306024,"gate_30",37,TRUE,FALSE
2306104,"gate_40",2,FALSE,FALSE
2306123,"gate_40",2,FALSE,FALSE
2306452,"gate_30",12,FALSE,FALSE
2306512,"gate_40",11,TRUE,FALSE
2306567,"gate_30",20,FALSE,FALSE
2306623,"gate_40",146,TRUE,TRUE
2306634,"gate_30",82,TRUE,FALSE
2306657,"gate_30",8,FALSE,FALSE
2307119,"gate_30",38,TRUE,FALSE
2307233,"gate_40",38,TRUE,FALSE
2307243,"gate_40",14,FALSE,FALSE
2307378,"gate_40",78,TRUE,TRUE
2307467,"gate_40",40,TRUE,FALSE
2307499,"gate_30",14,TRUE,FALSE
2307694,"gate_30",4,FALSE,FALSE
2307744,"gate_30",1,FALSE,FALSE
2308041,"gate_40",42,TRUE,FALSE
2308150,"gate_30",159,TRUE,FALSE
2308269,"gate_40",17,TRUE,FALSE
2308346,"gate_30",10,FALSE,FALSE
2308426,"gate_40",6,FALSE,FALSE
2308445,"gate_30",1,FALSE,FALSE
2308493,"gate_40",4,FALSE,FALSE
2308523,"gate_30",7,TRUE,FALSE
2308601,"gate_30",1,FALSE,FALSE
2308905,"gate_30",26,TRUE,FALSE
2309265,"gate_40",9,FALSE,FALSE
2309319,"gate_30",85,TRUE,FALSE
2309371,"gate_40",0,FALSE,FALSE
2309400,"gate_30",1,FALSE,FALSE
2309444,"gate_30",70,TRUE,FALSE
2309462,"gate_30",10,FALSE,FALSE
2309492,"gate_40",1,FALSE,FALSE
2309703,"gate_40",25,TRUE,FALSE
2309738,"gate_40",6,FALSE,FALSE
2309974,"gate_40",8,FALSE,FALSE
2310004,"gate_30",3,FALSE,FALSE
2310189,"gate_40",14,TRUE,TRUE
2310404,"gate_40",2,FALSE,TRUE
2310486,"gate_40",123,FALSE,TRUE
2310508,"gate_30",39,TRUE,FALSE
2310574,"gate_30",4,FALSE,FALSE
2310597,"gate_30",6,FALSE,FALSE
2310839,"gate_40",49,TRUE,FALSE
2310842,"gate_40",6,FALSE,FALSE
2311038,"gate_40",6,TRUE,FALSE
2311084,"gate_40",46,TRUE,FALSE
2311143,"gate_30",244,TRUE,FALSE
2311249,"gate_40",73,FALSE,FALSE
2311269,"gate_30",16,TRUE,FALSE
2311294,"gate_40",10,TRUE,FALSE
2311304,"gate_40",19,FALSE,FALSE
2311310,"gate_30",25,FALSE,FALSE
2311396,"gate_40",110,TRUE,FALSE
2311456,"gate_30",5,FALSE,FALSE
2311496,"gate_30",2,TRUE,FALSE
2311707,"gate_30",3,TRUE,FALSE
2311745,"gate_30",30,TRUE,TRUE
2311825,"gate_30",12,FALSE,FALSE
2311856,"gate_30",145,TRUE,TRUE
2311987,"gate_30",6,TRUE,FALSE
2311995,"gate_40",3,FALSE,FALSE
2312089,"gate_30",0,FALSE,FALSE
2312489,"gate_30",6,TRUE,FALSE
2312548,"gate_30",205,TRUE,FALSE
2312549,"gate_40",10,FALSE,FALSE
2312636,"gate_40",12,FALSE,FALSE
2312747,"gate_40",0,FALSE,FALSE
2312868,"gate_40",16,TRUE,FALSE
2312870,"gate_30",52,TRUE,FALSE
2312882,"gate_40",12,FALSE,FALSE
2312907,"gate_40",25,FALSE,FALSE
2313108,"gate_40",17,FALSE,FALSE
2313144,"gate_40",4,FALSE,FALSE
2313244,"gate_30",1,FALSE,FALSE
2313436,"gate_40",2,FALSE,FALSE
2313458,"gate_40",32,FALSE,FALSE
2313517,"gate_40",4,FALSE,FALSE
2313534,"gate_30",191,TRUE,TRUE
2313663,"gate_40",7,FALSE,FALSE
2313702,"gate_30",15,FALSE,FALSE
2313722,"gate_40",0,FALSE,FALSE
2313951,"gate_30",95,TRUE,TRUE
2314025,"gate_40",4,FALSE,FALSE
2314067,"gate_30",23,TRUE,FALSE
2314304,"gate_30",195,TRUE,TRUE
2314393,"gate_30",2,FALSE,FALSE
2314529,"gate_40",6,FALSE,FALSE
2314559,"gate_40",13,FALSE,TRUE
2314851,"gate_40",82,TRUE,FALSE
2315163,"gate_40",2,FALSE,FALSE
2315321,"gate_40",23,FALSE,FALSE
2315481,"gate_30",609,TRUE,TRUE
2315584,"gate_40",308,TRUE,TRUE
2315832,"gate_40",13,FALSE,FALSE
2315942,"gate_30",52,TRUE,FALSE
2316040,"gate_40",9,FALSE,FALSE
2316198,"gate_30",8,FALSE,FALSE
2316288,"gate_40",7,FALSE,FALSE
2316291,"gate_40",76,TRUE,FALSE
2316297,"gate_30",756,TRUE,TRUE
2316308,"gate_30",9,FALSE,FALSE
2316475,"gate_40",8,FALSE,FALSE
2316734,"gate_30",54,TRUE,FALSE
2316764,"gate_40",44,FALSE,FALSE
2316816,"gate_30",8,FALSE,FALSE
2316956,"gate_30",14,TRUE,FALSE
2316960,"gate_30",48,TRUE,FALSE
2316967,"gate_30",2,FALSE,FALSE
2317090,"gate_40",22,TRUE,FALSE
2317169,"gate_40",40,TRUE,TRUE
2317257,"gate_30",40,TRUE,FALSE
2317264,"gate_40",1,FALSE,FALSE
2317321,"gate_40",2,FALSE,FALSE
2317356,"gate_30",15,TRUE,FALSE
2317438,"gate_40",86,FALSE,TRUE
2317492,"gate_40",209,TRUE,TRUE
2317747,"gate_40",1,FALSE,FALSE
2317781,"gate_30",124,TRUE,FALSE
2318131,"gate_40",0,FALSE,FALSE
2318149,"gate_30",150,TRUE,TRUE
2318245,"gate_40",8,TRUE,FALSE
2318369,"gate_40",2,FALSE,FALSE
2318441,"gate_30",1,FALSE,FALSE
2318502,"gate_40",7,FALSE,FALSE
2318613,"gate_40",24,TRUE,FALSE
2318662,"gate_40",0,FALSE,FALSE
2318665,"gate_30",0,FALSE,FALSE
2318712,"gate_30",72,TRUE,FALSE
2318839,"gate_40",18,FALSE,FALSE
2319093,"gate_30",1,FALSE,FALSE
2319095,"gate_30",41,TRUE,FALSE
2319366,"gate_40",3,FALSE,FALSE
2319591,"gate_30",5,FALSE,FALSE
2319992,"gate_40",33,TRUE,TRUE
2320109,"gate_30",10,TRUE,FALSE
2320126,"gate_30",1,FALSE,FALSE
2320366,"gate_40",137,TRUE,TRUE
2320416,"gate_30",14,FALSE,FALSE
2320773,"gate_40",191,TRUE,TRUE
2320887,"gate_30",27,FALSE,FALSE
2320904,"gate_40",15,FALSE,FALSE
2320915,"gate_30",17,FALSE,FALSE
2320937,"gate_40",0,FALSE,FALSE
2321052,"gate_30",2,FALSE,FALSE
2321347,"gate_40",86,TRUE,TRUE
2321366,"gate_40",67,TRUE,TRUE
2321910,"gate_30",4,FALSE,FALSE
2321916,"gate_40",18,FALSE,FALSE
2321945,"gate_30",54,TRUE,TRUE
2321951,"gate_30",2,FALSE,FALSE
2322041,"gate_40",32,TRUE,FALSE
2322154,"gate_30",0,FALSE,FALSE
2322314,"gate_30",62,TRUE,TRUE
2322453,"gate_30",0,FALSE,FALSE
2322656,"gate_30",645,TRUE,TRUE
2322691,"gate_30",25,TRUE,FALSE
2322937,"gate_40",5,FALSE,FALSE
2323023,"gate_30",0,FALSE,FALSE
2323456,"gate_40",35,TRUE,FALSE
2323465,"gate_40",3,FALSE,FALSE
2323559,"gate_30",33,FALSE,FALSE
2323594,"gate_40",199,TRUE,TRUE
2323775,"gate_40",20,TRUE,FALSE
2323781,"gate_30",31,TRUE,FALSE
2323804,"gate_30",2,FALSE,FALSE
2323848,"gate_40",11,TRUE,FALSE
2323884,"gate_30",35,TRUE,FALSE
2323975,"gate_40",75,TRUE,TRUE
2324197,"gate_40",9,FALSE,FALSE
2324438,"gate_30",5,FALSE,FALSE
2324452,"gate_40",89,TRUE,FALSE
2324474,"gate_30",105,FALSE,TRUE
2324770,"gate_30",64,TRUE,FALSE
2324940,"gate_30",0,FALSE,FALSE
2324954,"gate_40",2,FALSE,FALSE
2324996,"gate_40",129,TRUE,TRUE
2325097,"gate_30",127,TRUE,TRUE
2325108,"gate_30",56,TRUE,FALSE
2325181,"gate_30",7,FALSE,FALSE
2325182,"gate_40",3,FALSE,FALSE
2325242,"gate_30",4,FALSE,FALSE
2325250,"gate_40",1,FALSE,FALSE
2325327,"gate_30",10,FALSE,FALSE
2325394,"gate_30",11,TRUE,FALSE
2325567,"gate_30",178,TRUE,TRUE
2325586,"gate_40",47,TRUE,FALSE
2325623,"gate_40",2,FALSE,FALSE
2325630,"gate_30",10,FALSE,FALSE
2325660,"gate_30",110,FALSE,FALSE
2325685,"gate_40",12,FALSE,FALSE
2325692,"gate_30",5,FALSE,FALSE
2325728,"gate_40",18,TRUE,FALSE
2325928,"gate_30",4,FALSE,FALSE
2325935,"gate_30",4,FALSE,FALSE
2325943,"gate_30",10,FALSE,FALSE
2326249,"gate_30",89,TRUE,FALSE
2326640,"gate_30",16,TRUE,FALSE
2326827,"gate_40",65,TRUE,FALSE
2326904,"gate_40",351,TRUE,TRUE
2326962,"gate_40",6,FALSE,FALSE
2326996,"gate_30",1,FALSE,FALSE
2327024,"gate_30",7,TRUE,FALSE
2327203,"gate_40",5,FALSE,FALSE
2327498,"gate_40",41,TRUE,FALSE
2327575,"gate_30",35,TRUE,FALSE
2327781,"gate_40",10,FALSE,FALSE
2327891,"gate_40",46,TRUE,FALSE
2327906,"gate_40",11,TRUE,FALSE
2327931,"gate_30",80,TRUE,FALSE
2328066,"gate_40",123,TRUE,FALSE
2328164,"gate_30",726,TRUE,TRUE
2328193,"gate_30",27,TRUE,FALSE
2328276,"gate_40",11,FALSE,FALSE
2328289,"gate_30",120,TRUE,FALSE
2328317,"gate_40",8,TRUE,FALSE
2328356,"gate_40",29,TRUE,FALSE
2328365,"gate_40",36,FALSE,FALSE
2328426,"gate_30",15,FALSE,FALSE
2328537,"gate_40",9,FALSE,FALSE
2328987,"gate_30",69,FALSE,FALSE
2328997,"gate_30",36,FALSE,TRUE
2329061,"gate_40",77,TRUE,TRUE
2329342,"gate_40",36,TRUE,FALSE
2329861,"gate_30",15,FALSE,FALSE
2329874,"gate_40",188,TRUE,TRUE
2330126,"gate_30",6,FALSE,FALSE
2330425,"gate_30",12,FALSE,FALSE
2330566,"gate_30",2,FALSE,FALSE
2330730,"gate_40",50,TRUE,FALSE
2330790,"gate_30",3,FALSE,FALSE
2331001,"gate_40",13,FALSE,FALSE
2331196,"gate_40",22,FALSE,FALSE
2331203,"gate_30",1,FALSE,FALSE
2331693,"gate_30",8,FALSE,FALSE
2331696,"gate_40",44,TRUE,TRUE
2331905,"gate_40",15,FALSE,FALSE
2331941,"gate_30",437,TRUE,TRUE
2332057,"gate_30",14,TRUE,FALSE
2332091,"gate_30",55,TRUE,FALSE
2332255,"gate_40",69,TRUE,FALSE
2332395,"gate_30",262,TRUE,TRUE
2332602,"gate_30",8,FALSE,FALSE
2332672,"gate_30",178,TRUE,TRUE
2332839,"gate_30",0,FALSE,FALSE
2332863,"gate_40",20,FALSE,FALSE
2332866,"gate_40",2,FALSE,FALSE
2333030,"gate_30",32,TRUE,FALSE
2333082,"gate_30",545,TRUE,TRUE
2333116,"gate_30",39,TRUE,FALSE
2333213,"gate_40",12,FALSE,FALSE
2333263,"gate_40",1,FALSE,FALSE
2333364,"gate_40",6,FALSE,FALSE
2333449,"gate_40",166,TRUE,FALSE
2333462,"gate_30",25,FALSE,FALSE
2333523,"gate_30",16,TRUE,FALSE
2333572,"gate_30",42,TRUE,TRUE
2333589,"gate_40",92,FALSE,FALSE
2333660,"gate_30",4,FALSE,FALSE
2333717,"gate_30",6,FALSE,FALSE
2333839,"gate_30",32,TRUE,TRUE
2333870,"gate_40",1,FALSE,FALSE
2334063,"gate_40",2,FALSE,FALSE
2334076,"gate_30",0,FALSE,FALSE
2334092,"gate_40",1,FALSE,FALSE
2334124,"gate_30",142,FALSE,FALSE
2334135,"gate_40",65,FALSE,TRUE
2334285,"gate_30",46,TRUE,TRUE
2334404,"gate_30",1,FALSE,FALSE
2334477,"gate_40",18,FALSE,FALSE
2334524,"gate_40",58,FALSE,FALSE
2334627,"gate_40",2,TRUE,FALSE
2334700,"gate_40",19,TRUE,FALSE
2334863,"gate_40",143,TRUE,TRUE
2335039,"gate_30",1,FALSE,FALSE
2335297,"gate_40",97,TRUE,FALSE
2335332,"gate_30",3,FALSE,FALSE
2335922,"gate_30",117,TRUE,TRUE
2335928,"gate_30",2,FALSE,FALSE
2336111,"gate_40",6,FALSE,FALSE
2336240,"gate_40",5,FALSE,FALSE
2336271,"gate_40",8,FALSE,FALSE
2336602,"gate_40",85,TRUE,TRUE
2336828,"gate_30",21,TRUE,FALSE
2337229,"gate_40",35,FALSE,FALSE
2337530,"gate_40",7,FALSE,FALSE
2337633,"gate_30",22,FALSE,FALSE
2337690,"gate_30",0,FALSE,FALSE
2337813,"gate_40",10,TRUE,FALSE
2337948,"gate_30",2,FALSE,FALSE
2338222,"gate_40",2,FALSE,FALSE
2338316,"gate_40",56,TRUE,FALSE
2338371,"gate_30",0,FALSE,FALSE
2338635,"gate_40",126,FALSE,FALSE
2338662,"gate_30",1,FALSE,FALSE
2338702,"gate_40",19,FALSE,FALSE
2338714,"gate_30",52,TRUE,FALSE
2338830,"gate_30",2,FALSE,FALSE
2338888,"gate_30",4,FALSE,FALSE
2339248,"gate_40",27,TRUE,FALSE
2339425,"gate_30",26,FALSE,FALSE
2339459,"gate_30",48,TRUE,FALSE
2339462,"gate_30",295,TRUE,TRUE
2339471,"gate_30",264,TRUE,TRUE
2339475,"gate_40",5,TRUE,FALSE
2339613,"gate_40",16,FALSE,FALSE
2339733,"gate_30",18,FALSE,FALSE
2339809,"gate_40",44,TRUE,FALSE
2339848,"gate_40",188,TRUE,FALSE
2339933,"gate_30",2,FALSE,FALSE
2340130,"gate_40",29,TRUE,FALSE
2340224,"gate_30",7,FALSE,FALSE
2340388,"gate_40",2,FALSE,FALSE
2340396,"gate_30",25,TRUE,TRUE
2340466,"gate_30",220,TRUE,TRUE
2340681,"gate_30",1,FALSE,FALSE
2340791,"gate_30",115,TRUE,TRUE
2340960,"gate_30",84,FALSE,TRUE
2340962,"gate_30",3,FALSE,FALSE
2341024,"gate_30",127,TRUE,TRUE
2341211,"gate_30",1,FALSE,FALSE
2341424,"gate_30",6,FALSE,FALSE
2341437,"gate_30",45,FALSE,FALSE
2341704,"gate_40",7,FALSE,FALSE
2341714,"gate_40",9,FALSE,FALSE
2341762,"gate_40",2,FALSE,FALSE
2341775,"gate_40",159,TRUE,TRUE
2341824,"gate_40",1,FALSE,FALSE
2341875,"gate_40",9,FALSE,FALSE
2342016,"gate_30",2,FALSE,FALSE
2342174,"gate_30",77,TRUE,FALSE
2342196,"gate_30",52,FALSE,FALSE
2342345,"gate_30",4,FALSE,FALSE
2342394,"gate_40",17,TRUE,FALSE
2342520,"gate_30",15,TRUE,FALSE
2342631,"gate_30",218,TRUE,FALSE
2342661,"gate_40",14,FALSE,FALSE
2342681,"gate_30",104,TRUE,FALSE
2342900,"gate_40",3,FALSE,FALSE
2342951,"gate_40",701,TRUE,TRUE
2342960,"gate_40",11,TRUE,FALSE
2343045,"gate_40",6,TRUE,FALSE
2343232,"gate_40",0,FALSE,FALSE
2343626,"gate_30",17,TRUE,FALSE
2343689,"gate_30",2,TRUE,FALSE
2343774,"gate_30",33,TRUE,FALSE
2343790,"gate_40",14,FALSE,FALSE
2344117,"gate_40",3,TRUE,FALSE
2344254,"gate_40",66,TRUE,TRUE
2344319,"gate_40",3,FALSE,FALSE
2344352,"gate_30",73,TRUE,FALSE
2344482,"gate_30",108,TRUE,TRUE
2344548,"gate_40",289,TRUE,TRUE
2345357,"gate_40",34,TRUE,FALSE
2345476,"gate_30",5,FALSE,FALSE
2345485,"gate_30",209,TRUE,TRUE
2345492,"gate_30",5,TRUE,FALSE
2345643,"gate_40",6,FALSE,FALSE
2345653,"gate_30",0,FALSE,FALSE
2345683,"gate_30",1,FALSE,FALSE
2345745,"gate_30",47,TRUE,FALSE
2345818,"gate_40",0,FALSE,FALSE
2345989,"gate_40",28,FALSE,FALSE
2346059,"gate_40",61,FALSE,TRUE
2346190,"gate_30",5,FALSE,FALSE
2346344,"gate_30",9,FALSE,FALSE
2346447,"gate_40",31,TRUE,FALSE
2346494,"gate_30",16,FALSE,FALSE
2346628,"gate_40",4,FALSE,FALSE
2346666,"gate_40",43,TRUE,FALSE
2347135,"gate_40",275,TRUE,TRUE
2347492,"gate_30",287,TRUE,TRUE
2347618,"gate_40",0,FALSE,FALSE
2347676,"gate_40",2,FALSE,FALSE
2347891,"gate_40",25,FALSE,TRUE
2348401,"gate_40",134,TRUE,FALSE
2348499,"gate_40",2,FALSE,FALSE
2348538,"gate_40",13,FALSE,FALSE
2348686,"gate_30",27,TRUE,TRUE
2348704,"gate_30",62,TRUE,FALSE
2348746,"gate_30",6,FALSE,FALSE
2348788,"gate_40",13,FALSE,FALSE
2348850,"gate_30",0,FALSE,FALSE
2348855,"gate_40",17,TRUE,FALSE
2348882,"gate_40",2,FALSE,FALSE
2348910,"gate_40",1,FALSE,FALSE
2349123,"gate_40",5,FALSE,FALSE
2349255,"gate_30",9,FALSE,FALSE
2349294,"gate_30",254,TRUE,TRUE
2349441,"gate_40",68,TRUE,FALSE
2349559,"gate_30",4,FALSE,FALSE
2349593,"gate_40",4,FALSE,FALSE
2349818,"gate_30",14,FALSE,FALSE
2349905,"gate_30",2,FALSE,FALSE
2350023,"gate_30",31,TRUE,FALSE
2350087,"gate_40",7,FALSE,FALSE
2350233,"gate_30",20,TRUE,FALSE
2350394,"gate_30",7,FALSE,FALSE
2350512,"gate_40",18,TRUE,FALSE
2350759,"gate_30",63,TRUE,FALSE
2350929,"gate_30",4,FALSE,FALSE
2351013,"gate_40",16,TRUE,FALSE
2351190,"gate_30",40,TRUE,FALSE
2351255,"gate_30",6,FALSE,FALSE
2351447,"gate_40",2,FALSE,FALSE
2351520,"gate_30",39,TRUE,FALSE
2351714,"gate_40",15,FALSE,FALSE
2351717,"gate_30",17,FALSE,FALSE
2351792,"gate_40",31,TRUE,FALSE
2351874,"gate_40",66,FALSE,TRUE
2351889,"gate_30",14,FALSE,FALSE
2351949,"gate_40",0,FALSE,FALSE
2351967,"gate_30",61,FALSE,TRUE
2352033,"gate_40",11,FALSE,FALSE
2352099,"gate_30",34,FALSE,FALSE
2352278,"gate_30",1,FALSE,FALSE
2352654,"gate_40",78,TRUE,TRUE
2353104,"gate_40",143,TRUE,FALSE
2353343,"gate_40",3,FALSE,FALSE
2353436,"gate_30",2,FALSE,FALSE
2353478,"gate_30",77,TRUE,FALSE
2353539,"gate_40",29,TRUE,FALSE
2353645,"gate_30",22,FALSE,FALSE
2353709,"gate_30",178,TRUE,FALSE
2353729,"gate_30",140,TRUE,TRUE
2353808,"gate_30",29,TRUE,FALSE
2354015,"gate_40",38,TRUE,TRUE
2354102,"gate_30",3,FALSE,FALSE
2354155,"gate_40",16,FALSE,FALSE
2354343,"gate_40",15,FALSE,FALSE
2354419,"gate_30",3,FALSE,FALSE
2354602,"gate_40",272,TRUE,TRUE
2354803,"gate_30",6,FALSE,FALSE
2355024,"gate_30",3,FALSE,FALSE
2355073,"gate_30",2,FALSE,FALSE
2355098,"gate_40",6,FALSE,FALSE
2355143,"gate_40",27,TRUE,FALSE
2355155,"gate_40",1,FALSE,FALSE
2355162,"gate_40",75,TRUE,FALSE
2355316,"gate_40",31,FALSE,FALSE
2355462,"gate_40",8,TRUE,FALSE
2355979,"gate_30",326,TRUE,TRUE
2356029,"gate_30",71,TRUE,TRUE
2356078,"gate_30",341,FALSE,TRUE
2356276,"gate_30",53,TRUE,FALSE
2356402,"gate_40",1,FALSE,FALSE
2356425,"gate_40",482,FALSE,TRUE
2356530,"gate_30",325,TRUE,FALSE
2356588,"gate_30",157,TRUE,TRUE
2356613,"gate_40",20,TRUE,FALSE
2356621,"gate_40",4,FALSE,FALSE
2356781,"gate_30",88,TRUE,TRUE
2357066,"gate_40",6,FALSE,FALSE
2357288,"gate_30",1,TRUE,FALSE
2357302,"gate_40",6,FALSE,FALSE
2357450,"gate_40",24,FALSE,FALSE
2357471,"gate_30",317,TRUE,TRUE
2357589,"gate_30",7,FALSE,FALSE
2357739,"gate_40",59,TRUE,FALSE
2357775,"gate_40",26,TRUE,FALSE
2357966,"gate_40",9,TRUE,FALSE
2358212,"gate_30",10,FALSE,TRUE
2358354,"gate_30",91,TRUE,FALSE
2358571,"gate_40",104,TRUE,FALSE
2358593,"gate_30",2,FALSE,FALSE
2358703,"gate_30",59,TRUE,FALSE
2358706,"gate_40",150,TRUE,TRUE
2358739,"gate_40",1,FALSE,FALSE
2358888,"gate_30",66,TRUE,TRUE
2358920,"gate_40",3,FALSE,FALSE
2359013,"gate_40",7,FALSE,FALSE
2359246,"gate_40",53,TRUE,FALSE
2359630,"gate_40",20,TRUE,FALSE
2359836,"gate_40",47,FALSE,FALSE
2360208,"gate_40",36,TRUE,FALSE
2360366,"gate_30",20,FALSE,FALSE
2360435,"gate_30",5,FALSE,FALSE
2360484,"gate_40",5,TRUE,FALSE
2360585,"gate_30",37,TRUE,FALSE
2360678,"gate_40",1,FALSE,FALSE
2360699,"gate_30",17,FALSE,TRUE
2360708,"gate_40",56,TRUE,FALSE
2360868,"gate_40",3,FALSE,FALSE
2361086,"gate_30",12,FALSE,FALSE
2361145,"gate_40",68,TRUE,TRUE
2361236,"gate_40",55,TRUE,FALSE
2361361,"gate_30",4,FALSE,FALSE
2361395,"gate_30",39,TRUE,FALSE
2361435,"gate_40",1,FALSE,FALSE
2361602,"gate_30",41,FALSE,FALSE
2361635,"gate_40",25,TRUE,FALSE
2361731,"gate_30",18,TRUE,FALSE
2361794,"gate_40",13,TRUE,FALSE
2361804,"gate_40",55,TRUE,TRUE
2361863,"gate_30",45,TRUE,FALSE
2361933,"gate_30",102,TRUE,FALSE
2361938,"gate_30",6,FALSE,TRUE
2362036,"gate_40",4,FALSE,FALSE
2362056,"gate_30",40,FALSE,FALSE
2362148,"gate_30",134,TRUE,FALSE
2362177,"gate_30",8,FALSE,FALSE
2362243,"gate_30",59,TRUE,FALSE
2362382,"gate_40",1,FALSE,FALSE
2362418,"gate_40",8,FALSE,FALSE
2362462,"gate_40",0,FALSE,FALSE
2362577,"gate_40",39,FALSE,FALSE
2362713,"gate_30",55,FALSE,TRUE
2362846,"gate_40",1,FALSE,FALSE
2362898,"gate_40",3,FALSE,FALSE
2363244,"gate_30",10,FALSE,FALSE
2363354,"gate_30",25,TRUE,FALSE
2363367,"gate_40",157,TRUE,FALSE
2363420,"gate_30",6,TRUE,FALSE
2363427,"gate_30",14,TRUE,FALSE
2363495,"gate_40",11,FALSE,FALSE
2364021,"gate_30",31,TRUE,TRUE
2364174,"gate_40",45,TRUE,FALSE
2364192,"gate_40",62,TRUE,FALSE
2364412,"gate_40",1,FALSE,FALSE
2364440,"gate_30",1,FALSE,FALSE
2364496,"gate_40",71,TRUE,TRUE
2364658,"gate_30",68,TRUE,TRUE
2364695,"gate_40",4,FALSE,FALSE
2364894,"gate_40",698,TRUE,TRUE
2364944,"gate_30",239,FALSE,TRUE
2365096,"gate_40",4,FALSE,FALSE
2365209,"gate_40",67,TRUE,FALSE
2365534,"gate_30",5,FALSE,FALSE
2365559,"gate_30",13,TRUE,FALSE
2365659,"gate_30",0,FALSE,FALSE
2365692,"gate_40",0,FALSE,FALSE
2365699,"gate_30",0,FALSE,FALSE
2365707,"gate_30",5,FALSE,FALSE
2365763,"gate_30",5,FALSE,FALSE
2366257,"gate_30",3,FALSE,FALSE
2366357,"gate_40",17,FALSE,FALSE
2366486,"gate_30",39,TRUE,FALSE
2366840,"gate_30",11,FALSE,FALSE
2366850,"gate_40",45,TRUE,FALSE
2366925,"gate_40",39,FALSE,FALSE
2366935,"gate_30",3,FALSE,FALSE
2366965,"gate_30",2,FALSE,FALSE
2367271,"gate_30",0,FALSE,FALSE
2367356,"gate_30",2,TRUE,FALSE
2367566,"gate_40",0,FALSE,FALSE
2367622,"gate_40",2,FALSE,FALSE
2367758,"gate_40",38,TRUE,FALSE
2367816,"gate_40",1,FALSE,FALSE
2367961,"gate_40",2,FALSE,FALSE
2368038,"gate_40",105,TRUE,FALSE
2368298,"gate_30",3,FALSE,FALSE
2368304,"gate_30",5,FALSE,FALSE
2368317,"gate_40",205,TRUE,TRUE
2368406,"gate_40",158,TRUE,TRUE
2368575,"gate_40",0,TRUE,FALSE
2368716,"gate_40",20,FALSE,FALSE
2368808,"gate_40",4,FALSE,FALSE
2368888,"gate_40",9,FALSE,FALSE
2368946,"gate_30",1,FALSE,FALSE
2368991,"gate_30",57,TRUE,FALSE
2368993,"gate_40",72,TRUE,TRUE
2369022,"gate_40",8,TRUE,FALSE
2369035,"gate_40",105,TRUE,TRUE
2369066,"gate_40",14,TRUE,FALSE
2369094,"gate_30",4,FALSE,FALSE
2369115,"gate_30",29,TRUE,FALSE
2369318,"gate_40",20,FALSE,FALSE
2369522,"gate_30",24,TRUE,FALSE
2369621,"gate_40",2,FALSE,FALSE
2369711,"gate_40",24,FALSE,TRUE
2369830,"gate_40",1,FALSE,FALSE
2369900,"gate_30",28,FALSE,FALSE
2369904,"gate_30",19,TRUE,FALSE
2369914,"gate_40",54,FALSE,FALSE
2370101,"gate_40",6,FALSE,FALSE
2370182,"gate_40",0,FALSE,FALSE
2370203,"gate_40",10,FALSE,FALSE
2370255,"gate_30",5,FALSE,FALSE
2370256,"gate_40",13,FALSE,TRUE
2370465,"gate_40",17,FALSE,FALSE
2370485,"gate_30",8,TRUE,FALSE
2370884,"gate_40",18,TRUE,FALSE
2370915,"gate_40",1,TRUE,FALSE
2370948,"gate_30",5,FALSE,FALSE
2370998,"gate_30",66,TRUE,FALSE
2371382,"gate_40",12,FALSE,FALSE
2371463,"gate_30",7,TRUE,FALSE
2371668,"gate_30",5,FALSE,FALSE
2371913,"gate_30",27,TRUE,FALSE
2371998,"gate_40",7,FALSE,FALSE
2372010,"gate_40",37,TRUE,FALSE
2372165,"gate_40",31,TRUE,FALSE
2372229,"gate_30",18,FALSE,FALSE
2372299,"gate_30",0,FALSE,FALSE
2372551,"gate_30",2,FALSE,FALSE
2372596,"gate_30",3,FALSE,FALSE
2372808,"gate_30",7,FALSE,FALSE
2372864,"gate_30",1,FALSE,FALSE
2373156,"gate_30",2,FALSE,FALSE
2373317,"gate_40",37,TRUE,FALSE
2373335,"gate_40",1,FALSE,FALSE
2373418,"gate_40",10,TRUE,TRUE
2373535,"gate_40",3,FALSE,FALSE
2373563,"gate_40",79,TRUE,TRUE
2374225,"gate_40",3,FALSE,FALSE
2374227,"gate_30",72,TRUE,FALSE
2374229,"gate_40",2,FALSE,FALSE
2374352,"gate_40",2,TRUE,FALSE
2374382,"gate_30",99,TRUE,TRUE
2374439,"gate_30",1,FALSE,FALSE
2374504,"gate_30",33,FALSE,TRUE
2374655,"gate_40",0,FALSE,FALSE
2374828,"gate_40",192,TRUE,TRUE
2375017,"gate_40",42,TRUE,FALSE
2375076,"gate_30",3,FALSE,FALSE
2375132,"gate_30",23,TRUE,FALSE
2375183,"gate_30",2,FALSE,FALSE
2375283,"gate_40",12,FALSE,FALSE
2375433,"gate_40",40,FALSE,TRUE
2375455,"gate_30",15,FALSE,FALSE
2375470,"gate_40",4,FALSE,FALSE
2375603,"gate_40",3,TRUE,FALSE
2375651,"gate_40",5,FALSE,FALSE
2375668,"gate_30",9,TRUE,FALSE
2375726,"gate_40",226,TRUE,TRUE
2375749,"gate_40",0,FALSE,FALSE
2375822,"gate_30",38,FALSE,FALSE
2375823,"gate_40",407,TRUE,TRUE
2375976,"gate_30",56,TRUE,FALSE
2375990,"gate_30",41,FALSE,FALSE
2376047,"gate_30",72,TRUE,FALSE
2376226,"gate_40",4,FALSE,FALSE
2376281,"gate_40",1,FALSE,FALSE
2376334,"gate_40",4,FALSE,FALSE
2376373,"gate_40",38,TRUE,FALSE
2376485,"gate_40",1,FALSE,FALSE
2376503,"gate_40",143,TRUE,TRUE
2376521,"gate_40",19,FALSE,FALSE
2376585,"gate_40",10,FALSE,FALSE
2376654,"gate_40",184,TRUE,TRUE
2376670,"gate_40",36,TRUE,FALSE
2376672,"gate_40",5,TRUE,FALSE
2377083,"gate_30",5,FALSE,FALSE
2377130,"gate_30",4,FALSE,FALSE
2377431,"gate_40",0,FALSE,FALSE
2377477,"gate_40",0,FALSE,FALSE
2377530,"gate_40",14,TRUE,FALSE
2377606,"gate_30",18,FALSE,TRUE
2377655,"gate_30",149,TRUE,TRUE
2378138,"gate_30",18,TRUE,FALSE
2378352,"gate_30",14,FALSE,FALSE
2378621,"gate_30",8,FALSE,FALSE
2378856,"gate_40",1,FALSE,FALSE
2378938,"gate_40",1,FALSE,FALSE
2379152,"gate_40",2,FALSE,FALSE
2379311,"gate_30",1,FALSE,FALSE
2379399,"gate_40",69,TRUE,FALSE
2379535,"gate_40",4,FALSE,FALSE
2379551,"gate_40",21,TRUE,FALSE
2379635,"gate_30",11,FALSE,FALSE
2379651,"gate_40",5,FALSE,FALSE
2379752,"gate_40",0,FALSE,FALSE
2380272,"gate_40",1,FALSE,FALSE
2380273,"gate_40",4,FALSE,FALSE
2380439,"gate_40",18,FALSE,FALSE
2380493,"gate_30",3,FALSE,FALSE
2380632,"gate_40",145,TRUE,TRUE
2380805,"gate_40",21,FALSE,FALSE
2380992,"gate_40",0,FALSE,FALSE
2381313,"gate_40",14,FALSE,FALSE
2381404,"gate_40",536,TRUE,TRUE
2381430,"gate_40",1,FALSE,FALSE
2381512,"gate_30",3,FALSE,FALSE
2381635,"gate_30",4,FALSE,FALSE
2381794,"gate_40",99,TRUE,FALSE
2381901,"gate_30",2,FALSE,FALSE
2381920,"gate_30",20,TRUE,FALSE
2381948,"gate_30",276,TRUE,TRUE
2381969,"gate_40",42,TRUE,FALSE
2382018,"gate_30",0,FALSE,FALSE
2382207,"gate_30",13,FALSE,FALSE
2382286,"gate_40",3,FALSE,FALSE
2382370,"gate_40",12,FALSE,FALSE
2382402,"gate_30",45,TRUE,TRUE
2382568,"gate_30",1,FALSE,FALSE
2382641,"gate_40",162,TRUE,FALSE
2382895,"gate_30",9,FALSE,FALSE
2383189,"gate_40",0,FALSE,FALSE
2383384,"gate_40",30,TRUE,FALSE
2383415,"gate_40",7,FALSE,FALSE
2383590,"gate_40",12,TRUE,FALSE
2383622,"gate_30",39,TRUE,FALSE
2383677,"gate_40",26,TRUE,FALSE
2384037,"gate_30",439,TRUE,FALSE
2384121,"gate_30",3,FALSE,FALSE
2384708,"gate_30",11,FALSE,FALSE
2384719,"gate_40",3,FALSE,FALSE
2384727,"gate_40",238,TRUE,FALSE
2384883,"gate_30",42,TRUE,FALSE
2384921,"gate_40",25,FALSE,FALSE
2385270,"gate_30",3,FALSE,FALSE
2385366,"gate_40",1,FALSE,FALSE
2385426,"gate_40",1,FALSE,FALSE
2385459,"gate_40",31,TRUE,TRUE
2385790,"gate_40",361,TRUE,TRUE
2385971,"gate_40",2,FALSE,FALSE
2386377,"gate_30",7,FALSE,FALSE
2386419,"gate_40",3,FALSE,FALSE
2386666,"gate_30",42,FALSE,FALSE
2386822,"gate_40",15,FALSE,FALSE
2386899,"gate_40",22,TRUE,FALSE
2387131,"gate_40",4,FALSE,FALSE
2387280,"gate_30",3,FALSE,FALSE
2387326,"gate_30",8,FALSE,FALSE
2387368,"gate_40",13,TRUE,FALSE
2387433,"gate_40",27,FALSE,FALSE
2387534,"gate_30",24,TRUE,FALSE
2387637,"gate_30",26,FALSE,FALSE
2387815,"gate_30",544,TRUE,FALSE
2387826,"gate_30",5,FALSE,FALSE
2388092,"gate_40",21,TRUE,FALSE
2388203,"gate_40",33,FALSE,FALSE
2388243,"gate_30",4,FALSE,FALSE
2388434,"gate_40",24,FALSE,FALSE
2388468,"gate_40",75,FALSE,TRUE
2388563,"gate_40",0,FALSE,FALSE
2388592,"gate_30",13,FALSE,FALSE
2388643,"gate_40",1,FALSE,FALSE
2388649,"gate_30",5,FALSE,FALSE
2388680,"gate_30",14,TRUE,FALSE
2388718,"gate_30",4,FALSE,FALSE
2388758,"gate_30",6,FALSE,FALSE
2389002,"gate_30",2,FALSE,FALSE
2389075,"gate_30",29,FALSE,FALSE
2389362,"gate_40",3,FALSE,FALSE
2389365,"gate_30",9,FALSE,FALSE
2389605,"gate_40",5,TRUE,FALSE
2389674,"gate_30",32,FALSE,TRUE
2389940,"gate_30",19,FALSE,FALSE
2390037,"gate_40",42,TRUE,TRUE
2390058,"gate_40",8,TRUE,TRUE
2390336,"gate_30",5,FALSE,FALSE
2390407,"gate_30",45,FALSE,FALSE
2390428,"gate_40",127,TRUE,TRUE
2390543,"gate_30",57,TRUE,FALSE
2390716,"gate_40",2,FALSE,FALSE
2390765,"gate_40",13,FALSE,FALSE
2390826,"gate_30",21,TRUE,FALSE
2390933,"gate_30",17,TRUE,FALSE
2390945,"gate_30",5,FALSE,FALSE
2391026,"gate_30",50,FALSE,FALSE
2391055,"gate_40",24,FALSE,TRUE
2391180,"gate_40",16,FALSE,FALSE
2391249,"gate_30",2,FALSE,FALSE
2391253,"gate_30",32,FALSE,FALSE
2391287,"gate_40",4,FALSE,FALSE
2391381,"gate_40",21,TRUE,FALSE
2391395,"gate_40",1,FALSE,FALSE
2391626,"gate_40",8,FALSE,FALSE
2391807,"gate_40",53,TRUE,FALSE
2391949,"gate_40",110,TRUE,FALSE
2392032,"gate_40",68,FALSE,TRUE
2392158,"gate_40",12,FALSE,FALSE
2392287,"gate_40",89,TRUE,FALSE
2392370,"gate_30",3,FALSE,FALSE
2392401,"gate_40",55,TRUE,FALSE
2392537,"gate_30",8,FALSE,FALSE
2392635,"gate_30",4,FALSE,FALSE
2392838,"gate_40",2,FALSE,FALSE
2392953,"gate_40",2,FALSE,FALSE
2393194,"gate_40",62,TRUE,TRUE
2393408,"gate_30",10,FALSE,FALSE
2393571,"gate_30",279,TRUE,TRUE
2393577,"gate_30",37,TRUE,TRUE
2393591,"gate_30",41,TRUE,FALSE
2393783,"gate_40",1,FALSE,FALSE
2393794,"gate_30",8,FALSE,FALSE
2393857,"gate_30",3,FALSE,FALSE
2394164,"gate_30",83,TRUE,FALSE
2394262,"gate_40",229,TRUE,FALSE
2394274,"gate_40",10,FALSE,FALSE
2394280,"gate_30",2,FALSE,FALSE
2394364,"gate_40",32,TRUE,FALSE
2394494,"gate_40",9,TRUE,FALSE
2394607,"gate_30",10,FALSE,FALSE
2394781,"gate_30",192,TRUE,FALSE
2395214,"gate_30",19,TRUE,FALSE
2395240,"gate_30",21,TRUE,FALSE
2395241,"gate_40",1,FALSE,FALSE
2395336,"gate_30",3,FALSE,FALSE
2395383,"gate_30",4,FALSE,FALSE
2395447,"gate_40",20,TRUE,FALSE
2395641,"gate_40",0,FALSE,FALSE
2395717,"gate_30",189,TRUE,TRUE
2395888,"gate_40",344,TRUE,TRUE
2396041,"gate_40",63,TRUE,FALSE
2396103,"gate_30",41,TRUE,FALSE
2396123,"gate_30",24,FALSE,FALSE
2396209,"gate_30",6,FALSE,FALSE
2396298,"gate_30",2,FALSE,FALSE
2396309,"gate_40",3,FALSE,FALSE
2396360,"gate_30",21,TRUE,FALSE
2396413,"gate_30",284,TRUE,TRUE
2396515,"gate_30",23,TRUE,FALSE
2396575,"gate_40",310,TRUE,TRUE
2396576,"gate_30",4,FALSE,FALSE
2396595,"gate_30",17,TRUE,FALSE
2396726,"gate_40",46,FALSE,FALSE
2396760,"gate_40",218,TRUE,TRUE
2396764,"gate_30",117,TRUE,TRUE
2396992,"gate_40",3,FALSE,FALSE
2396997,"gate_40",152,TRUE,TRUE
2397039,"gate_40",85,TRUE,FALSE
2397055,"gate_30",0,FALSE,FALSE
2397173,"gate_40",21,FALSE,FALSE
2397276,"gate_40",0,FALSE,FALSE
2397336,"gate_40",12,TRUE,FALSE
2397644,"gate_30",5,TRUE,FALSE
2397887,"gate_30",27,TRUE,FALSE
2397917,"gate_30",22,FALSE,FALSE
2397953,"gate_40",46,TRUE,TRUE
2398006,"gate_40",7,FALSE,FALSE
2398142,"gate_40",25,FALSE,FALSE
2398437,"gate_40",9,FALSE,FALSE
2398737,"gate_30",324,TRUE,TRUE
2398871,"gate_30",2,FALSE,FALSE
2399229,"gate_40",3,FALSE,FALSE
2399777,"gate_30",62,TRUE,FALSE
2399873,"gate_30",90,TRUE,TRUE
2399961,"gate_40",75,TRUE,TRUE
2400019,"gate_30",27,TRUE,FALSE
2400107,"gate_30",37,TRUE,FALSE
2400252,"gate_30",276,TRUE,TRUE
2400281,"gate_30",9,FALSE,FALSE
2400284,"gate_30",120,TRUE,FALSE
2400332,"gate_30",754,TRUE,TRUE
2400450,"gate_40",6,TRUE,FALSE
2400452,"gate_40",32,FALSE,FALSE
2400736,"gate_30",566,TRUE,TRUE
2400748,"gate_40",9,FALSE,FALSE
2400840,"gate_30",35,TRUE,FALSE
2400982,"gate_30",0,FALSE,FALSE
2401001,"gate_30",6,FALSE,FALSE
2401042,"gate_40",27,TRUE,FALSE
2401189,"gate_30",8,TRUE,FALSE
2401371,"gate_40",3,FALSE,FALSE
2401728,"gate_40",31,TRUE,FALSE
2401731,"gate_30",3,FALSE,FALSE
2401832,"gate_40",83,TRUE,FALSE
2401889,"gate_40",7,FALSE,FALSE
2402114,"gate_40",23,FALSE,FALSE
2402182,"gate_30",112,TRUE,TRUE
2402351,"gate_40",6,FALSE,TRUE
2402384,"gate_30",172,TRUE,TRUE
2402401,"gate_40",3,FALSE,FALSE
2402459,"gate_30",10,TRUE,FALSE
2402547,"gate_40",15,FALSE,FALSE
2402700,"gate_40",47,TRUE,FALSE
2402758,"gate_30",78,TRUE,TRUE
2402862,"gate_30",705,TRUE,TRUE
2402875,"gate_40",2,FALSE,FALSE
2402974,"gate_30",45,TRUE,FALSE
2403170,"gate_40",21,TRUE,FALSE
2403341,"gate_40",27,TRUE,FALSE
2403349,"gate_30",50,FALSE,FALSE
2403371,"gate_30",143,TRUE,FALSE
2403738,"gate_40",31,FALSE,FALSE
2404075,"gate_40",9,FALSE,FALSE
2404181,"gate_30",110,TRUE,FALSE
2404242,"gate_40",25,TRUE,FALSE
2404291,"gate_40",83,TRUE,TRUE
2404316,"gate_30",16,FALSE,TRUE
2404757,"gate_30",1,FALSE,FALSE
2404807,"gate_30",12,FALSE,FALSE
2405139,"gate_30",0,FALSE,FALSE
2405245,"gate_40",2,FALSE,FALSE
2405249,"gate_40",110,TRUE,FALSE
2405434,"gate_40",46,TRUE,FALSE
2405647,"gate_30",0,FALSE,FALSE
2405649,"gate_40",20,TRUE,FALSE
2405796,"gate_30",49,FALSE,TRUE
2405868,"gate_30",170,TRUE,TRUE
2406177,"gate_30",3,FALSE,FALSE
2406343,"gate_40",13,FALSE,FALSE
2406364,"gate_30",106,TRUE,FALSE
2406423,"gate_30",6,FALSE,FALSE
2406460,"gate_40",60,TRUE,FALSE
2406606,"gate_40",10,FALSE,FALSE
2406704,"gate_30",424,TRUE,TRUE
2406919,"gate_40",44,TRUE,TRUE
2406930,"gate_30",203,TRUE,FALSE
2407111,"gate_30",38,TRUE,FALSE
2407145,"gate_30",45,FALSE,FALSE
2407448,"gate_40",1,FALSE,FALSE
2407449,"gate_30",108,FALSE,FALSE
2407456,"gate_40",2,FALSE,FALSE
2407497,"gate_30",90,TRUE,TRUE
2407519,"gate_40",34,FALSE,FALSE
2407577,"gate_30",5,FALSE,FALSE
2407716,"gate_40",3,FALSE,FALSE
2407837,"gate_40",37,TRUE,FALSE
2408016,"gate_30",83,TRUE,TRUE
2408080,"gate_40",18,TRUE,FALSE
2408256,"gate_30",3,FALSE,FALSE
2408258,"gate_40",105,TRUE,TRUE
2408352,"gate_40",17,TRUE,FALSE
2408367,"gate_30",9,TRUE,FALSE
2408377,"gate_40",11,FALSE,FALSE
2408401,"gate_30",1,FALSE,FALSE
2408597,"gate_40",65,TRUE,TRUE
2408629,"gate_30",16,TRUE,FALSE
2408871,"gate_40",15,FALSE,FALSE
2408994,"gate_40",35,TRUE,FALSE
2409089,"gate_40",6,FALSE,FALSE
2409384,"gate_40",1,FALSE,FALSE
2409406,"gate_40",7,FALSE,FALSE
2409427,"gate_30",18,TRUE,FALSE
2409456,"gate_30",76,TRUE,FALSE
2409665,"gate_40",121,TRUE,TRUE
2409726,"gate_40",5,FALSE,FALSE
2409803,"gate_30",14,FALSE,FALSE
2409882,"gate_30",2,FALSE,FALSE
2409916,"gate_30",33,TRUE,TRUE
2409961,"gate_30",1,FALSE,FALSE
2410004,"gate_40",4,FALSE,FALSE
2410221,"gate_30",35,TRUE,FALSE
2410331,"gate_40",179,TRUE,FALSE
2410768,"gate_30",10,FALSE,FALSE
2411113,"gate_40",4,FALSE,FALSE
2411132,"gate_40",77,TRUE,FALSE
2411159,"gate_30",14,TRUE,FALSE
2411307,"gate_30",5,FALSE,FALSE
2411324,"gate_30",16,FALSE,FALSE
2411585,"gate_40",138,TRUE,TRUE
2411792,"gate_30",157,TRUE,FALSE
2411863,"gate_30",101,TRUE,TRUE
2412015,"gate_40",6,FALSE,FALSE
2412140,"gate_40",92,TRUE,FALSE
2412242,"gate_30",1,FALSE,FALSE
2412285,"gate_30",0,FALSE,FALSE
2412534,"gate_40",61,FALSE,FALSE
2412793,"gate_30",176,FALSE,TRUE
2412838,"gate_30",10,TRUE,FALSE
2412891,"gate_30",46,TRUE,FALSE
2412978,"gate_30",250,TRUE,TRUE
2413037,"gate_30",6,FALSE,FALSE
2413069,"gate_30",20,FALSE,FALSE
2413176,"gate_40",31,TRUE,FALSE
2413187,"gate_30",0,FALSE,FALSE
2413352,"gate_40",6,TRUE,FALSE
2413480,"gate_40",18,FALSE,FALSE
2413505,"gate_40",4,FALSE,FALSE
2413574,"gate_30",5,TRUE,FALSE
2413687,"gate_30",194,TRUE,TRUE
2413787,"gate_40",20,FALSE,FALSE
2413881,"gate_30",496,TRUE,TRUE
2413976,"gate_30",174,TRUE,TRUE
2413986,"gate_30",39,TRUE,FALSE
2414037,"gate_30",41,TRUE,FALSE
2414236,"gate_30",1,FALSE,FALSE
2414257,"gate_40",42,TRUE,FALSE
2414388,"gate_40",20,TRUE,FALSE
2414445,"gate_30",4,FALSE,FALSE
2414515,"gate_30",172,TRUE,TRUE
2414585,"gate_30",34,FALSE,FALSE
2414693,"gate_30",32,TRUE,FALSE
2414826,"gate_30",23,FALSE,FALSE
2414964,"gate_40",25,TRUE,TRUE
2415109,"gate_40",79,TRUE,FALSE
2415134,"gate_40",10,FALSE,FALSE
2415263,"gate_30",167,TRUE,TRUE
2415272,"gate_30",34,TRUE,FALSE
2415395,"gate_40",96,TRUE,FALSE
2415490,"gate_30",11,FALSE,FALSE
2415623,"gate_30",57,FALSE,FALSE
2415667,"gate_30",95,TRUE,TRUE
2415854,"gate_40",0,FALSE,FALSE
2415963,"gate_30",22,FALSE,FALSE
2415983,"gate_30",11,FALSE,FALSE
2416226,"gate_40",51,TRUE,TRUE
2416342,"gate_40",76,FALSE,TRUE
2416464,"gate_40",2,FALSE,FALSE
2416520,"gate_30",58,TRUE,FALSE
2416554,"gate_40",61,TRUE,TRUE
2416639,"gate_40",2,FALSE,FALSE
2416708,"gate_40",2,FALSE,FALSE
2416712,"gate_40",23,TRUE,TRUE
2416849,"gate_40",3,FALSE,FALSE
2416904,"gate_30",7,TRUE,FALSE
2416916,"gate_40",12,TRUE,FALSE
2417359,"gate_40",75,TRUE,FALSE
2417553,"gate_30",1,TRUE,FALSE
2417559,"gate_30",3,FALSE,FALSE
2417822,"gate_40",3,FALSE,FALSE
2417878,"gate_40",0,FALSE,FALSE
2417879,"gate_40",68,TRUE,FALSE
2417934,"gate_30",99,TRUE,TRUE
2417994,"gate_30",13,FALSE,FALSE
2418018,"gate_40",119,TRUE,FALSE
2418350,"gate_40",31,FALSE,FALSE
2418440,"gate_30",25,TRUE,TRUE
2418544,"gate_30",59,TRUE,FALSE
2418632,"gate_30",143,TRUE,TRUE
2418647,"gate_40",1,TRUE,FALSE
2418678,"gate_30",52,TRUE,FALSE
2418886,"gate_40",7,TRUE,FALSE
2418900,"gate_40",0,FALSE,FALSE
2419079,"gate_40",2,FALSE,FALSE
2419112,"gate_30",30,FALSE,FALSE
2419271,"gate_30",6,FALSE,FALSE
2419409,"gate_40",20,TRUE,FALSE
2419411,"gate_40",5,FALSE,FALSE
2419821,"gate_30",11,TRUE,FALSE
2419847,"gate_30",39,FALSE,FALSE
2419956,"gate_30",3,TRUE,FALSE
2420105,"gate_30",6,TRUE,FALSE
2420109,"gate_40",40,TRUE,FALSE
2420163,"gate_40",12,FALSE,FALSE
2420170,"gate_40",37,TRUE,FALSE
2420215,"gate_30",273,TRUE,TRUE
2420358,"gate_30",9,TRUE,FALSE
2420495,"gate_30",5,TRUE,FALSE
2420929,"gate_30",4,TRUE,FALSE
2420943,"gate_40",7,FALSE,FALSE
2421079,"gate_30",18,TRUE,FALSE
2421304,"gate_30",10,FALSE,FALSE
2421375,"gate_30",28,TRUE,FALSE
2421493,"gate_30",11,FALSE,FALSE
2421502,"gate_30",14,FALSE,FALSE
2421682,"gate_40",192,TRUE,FALSE
2421728,"gate_30",185,TRUE,FALSE
2421944,"gate_40",14,FALSE,FALSE
2422123,"gate_40",4,FALSE,FALSE
2422153,"gate_40",8,FALSE,FALSE
2422163,"gate_30",18,TRUE,FALSE
2422451,"gate_30",483,FALSE,TRUE
2422474,"gate_30",41,TRUE,FALSE
2422505,"gate_30",41,TRUE,FALSE
2422815,"gate_40",77,TRUE,FALSE
2422836,"gate_40",12,FALSE,FALSE
2422932,"gate_40",47,TRUE,TRUE
2423111,"gate_40",154,TRUE,TRUE
2423152,"gate_30",73,FALSE,FALSE
2423223,"gate_40",18,FALSE,FALSE
2423720,"gate_40",26,TRUE,FALSE
2423965,"gate_40",15,TRUE,FALSE
2424006,"gate_30",15,TRUE,FALSE
2424221,"gate_40",103,TRUE,FALSE
2424296,"gate_30",29,TRUE,FALSE
2424461,"gate_40",1,FALSE,FALSE
2424491,"gate_30",19,FALSE,FALSE
2424522,"gate_40",82,TRUE,FALSE
2424660,"gate_30",17,FALSE,FALSE
2424681,"gate_30",85,TRUE,FALSE
2424736,"gate_40",47,TRUE,FALSE
2424919,"gate_30",324,TRUE,TRUE
2424938,"gate_40",5,FALSE,FALSE
2424963,"gate_30",0,FALSE,FALSE
2425019,"gate_30",48,TRUE,FALSE
2425037,"gate_40",6,TRUE,FALSE
2425408,"gate_30",13,FALSE,FALSE
2425967,"gate_30",2,FALSE,FALSE
2426031,"gate_30",38,TRUE,TRUE
2426037,"gate_30",5,FALSE,FALSE
2426241,"gate_30",134,TRUE,TRUE
2426274,"gate_30",15,FALSE,FALSE
2426292,"gate_40",6,FALSE,FALSE
2426416,"gate_30",0,FALSE,FALSE
2426645,"gate_30",85,TRUE,FALSE
2426671,"gate_40",4,TRUE,FALSE
2426710,"gate_30",120,FALSE,FALSE
2426839,"gate_40",420,TRUE,TRUE
2427226,"gate_30",8,FALSE,FALSE
2427311,"gate_30",40,TRUE,FALSE
2427409,"gate_30",2,FALSE,FALSE
2427675,"gate_40",95,TRUE,TRUE
2427768,"gate_30",214,TRUE,FALSE
2427950,"gate_30",14,FALSE,FALSE
2427963,"gate_40",13,FALSE,FALSE
2428138,"gate_30",5,FALSE,FALSE
2428308,"gate_30",23,TRUE,FALSE
2428348,"gate_30",10,FALSE,FALSE
2428382,"gate_30",151,TRUE,FALSE
2428559,"gate_30",13,FALSE,FALSE
2428725,"gate_30",5,FALSE,FALSE
2428860,"gate_40",4,FALSE,FALSE
2428863,"gate_30",15,FALSE,FALSE
2428877,"gate_40",9,FALSE,FALSE
2429147,"gate_40",186,TRUE,TRUE
2429179,"gate_40",4,FALSE,FALSE
2429195,"gate_30",30,TRUE,TRUE
2429219,"gate_30",5,FALSE,FALSE
2429241,"gate_40",19,TRUE,FALSE
2429420,"gate_40",2,FALSE,FALSE
2429423,"gate_30",7,TRUE,FALSE
2429436,"gate_30",5,FALSE,FALSE
2429473,"gate_30",5,TRUE,FALSE
2429746,"gate_40",96,FALSE,TRUE
2429845,"gate_40",55,TRUE,TRUE
2429875,"gate_40",39,TRUE,TRUE
2429953,"gate_40",44,FALSE,FALSE
2430087,"gate_30",0,FALSE,FALSE
2430089,"gate_30",0,FALSE,FALSE
2430132,"gate_30",5,TRUE,FALSE
2430353,"gate_30",8,FALSE,FALSE
2430706,"gate_30",6,FALSE,FALSE
2430968,"gate_40",38,TRUE,FALSE
2431085,"gate_30",1,FALSE,FALSE
2431157,"gate_30",141,TRUE,TRUE
2431191,"gate_30",25,TRUE,FALSE
2431262,"gate_30",19,FALSE,TRUE
2431387,"gate_30",98,TRUE,FALSE
2431421,"gate_40",14,FALSE,FALSE
2431541,"gate_30",26,FALSE,FALSE
2431695,"gate_30",58,TRUE,TRUE
2431708,"gate_30",26,TRUE,FALSE
2431906,"gate_40",8,FALSE,FALSE
2431911,"gate_30",33,TRUE,FALSE
2431944,"gate_30",5,FALSE,FALSE
2432241,"gate_40",389,TRUE,TRUE
2432564,"gate_40",672,TRUE,TRUE
2432658,"gate_30",3,FALSE,FALSE
2432901,"gate_40",20,TRUE,FALSE
2433203,"gate_40",12,FALSE,FALSE
2433293,"gate_30",20,TRUE,TRUE
2433303,"gate_30",50,TRUE,FALSE
2433398,"gate_30",32,FALSE,FALSE
2433453,"gate_40",63,FALSE,FALSE
2433671,"gate_40",28,FALSE,FALSE
2433695,"gate_30",5,FALSE,FALSE
2433719,"gate_30",0,FALSE,FALSE
2433802,"gate_30",39,FALSE,FALSE
2434001,"gate_30",0,FALSE,FALSE
2434040,"gate_40",121,TRUE,FALSE
2434057,"gate_40",35,TRUE,FALSE
2434058,"gate_40",25,TRUE,FALSE
2434063,"gate_30",0,FALSE,FALSE
2434228,"gate_40",7,FALSE,FALSE
2434387,"gate_30",8,FALSE,FALSE
2434485,"gate_40",50,TRUE,FALSE
2434984,"gate_40",10,FALSE,FALSE
2435008,"gate_30",33,TRUE,FALSE
2435029,"gate_40",260,TRUE,TRUE
2435048,"gate_30",4,FALSE,FALSE
2435081,"gate_40",5,FALSE,FALSE
2435206,"gate_40",3,FALSE,FALSE
2435247,"gate_40",540,TRUE,TRUE
2435291,"gate_40",2,FALSE,FALSE
2435304,"gate_30",167,TRUE,TRUE
2435496,"gate_30",28,FALSE,FALSE
2435755,"gate_40",3,FALSE,FALSE
2435782,"gate_40",79,FALSE,FALSE
2435945,"gate_30",5,FALSE,FALSE
2435950,"gate_40",271,TRUE,TRUE
2436052,"gate_30",3,FALSE,FALSE
2436065,"gate_40",3,FALSE,FALSE
2436222,"gate_30",71,FALSE,TRUE
2436248,"gate_40",8,FALSE,FALSE
2436296,"gate_30",1,FALSE,FALSE
2436316,"gate_40",7,TRUE,FALSE
2436336,"gate_40",30,TRUE,FALSE
2436450,"gate_30",599,TRUE,TRUE
2436480,"gate_40",109,TRUE,FALSE
2436539,"gate_30",4,FALSE,FALSE
2436545,"gate_40",4,FALSE,FALSE
2436585,"gate_30",12,FALSE,TRUE
2436786,"gate_30",65,TRUE,TRUE
2436883,"gate_30",13,FALSE,FALSE
2436911,"gate_40",38,TRUE,FALSE
2437097,"gate_30",10,FALSE,FALSE
2437125,"gate_30",5,TRUE,FALSE
2437313,"gate_40",4,TRUE,FALSE
2437355,"gate_30",18,TRUE,FALSE
2437423,"gate_40",10,FALSE,FALSE
2437613,"gate_30",38,TRUE,FALSE
2437727,"gate_40",2,FALSE,FALSE
2437870,"gate_40",6,TRUE,FALSE
2437876,"gate_40",10,FALSE,FALSE
2438029,"gate_40",5,FALSE,FALSE
2438145,"gate_40",0,FALSE,FALSE
2438259,"gate_40",29,TRUE,FALSE
2438433,"gate_40",3,FALSE,FALSE
2438438,"gate_40",113,TRUE,TRUE
2438562,"gate_40",50,FALSE,FALSE
2438582,"gate_40",11,FALSE,FALSE
2438618,"gate_30",15,TRUE,FALSE
2438759,"gate_40",7,FALSE,FALSE
2438902,"gate_40",0,FALSE,FALSE
2439074,"gate_40",6,FALSE,FALSE
2439149,"gate_30",18,TRUE,FALSE
2439232,"gate_40",23,FALSE,FALSE
2439236,"gate_30",45,TRUE,FALSE
2439251,"gate_40",6,FALSE,FALSE
2439336,"gate_40",1,FALSE,FALSE
2439407,"gate_30",11,TRUE,FALSE
2439528,"gate_40",4,FALSE,FALSE
2439564,"gate_40",4,FALSE,FALSE
2439585,"gate_40",4,FALSE,FALSE
2439738,"gate_30",13,FALSE,FALSE
2439814,"gate_30",36,TRUE,TRUE
2439910,"gate_40",158,TRUE,TRUE
2440488,"gate_40",11,FALSE,FALSE
2440717,"gate_30",157,FALSE,TRUE
2440769,"gate_40",46,TRUE,FALSE
2440828,"gate_30",151,FALSE,FALSE
2440982,"gate_30",129,TRUE,FALSE
2441221,"gate_30",42,TRUE,FALSE
2441245,"gate_40",221,TRUE,TRUE
2441348,"gate_30",24,FALSE,FALSE
2441392,"gate_40",2,FALSE,FALSE
2441469,"gate_30",2,FALSE,FALSE
2441819,"gate_40",51,FALSE,TRUE
2441906,"gate_30",39,FALSE,FALSE
2442062,"gate_40",29,TRUE,FALSE
2442106,"gate_40",15,FALSE,FALSE
2442193,"gate_40",73,TRUE,TRUE
2442257,"gate_30",33,FALSE,FALSE
2442575,"gate_40",126,TRUE,TRUE
2442596,"gate_30",0,FALSE,FALSE
2442689,"gate_30",3,TRUE,FALSE
2442812,"gate_40",4,TRUE,FALSE
2442881,"gate_30",3,FALSE,FALSE
2442924,"gate_30",12,FALSE,FALSE
2443074,"gate_40",12,FALSE,FALSE
2443170,"gate_30",26,TRUE,FALSE
2443272,"gate_30",2,FALSE,FALSE
2443352,"gate_40",14,TRUE,FALSE
2443521,"gate_30",51,TRUE,FALSE
2443675,"gate_40",0,FALSE,FALSE
2443890,"gate_30",17,TRUE,FALSE
2443899,"gate_30",30,FALSE,FALSE
2444242,"gate_40",19,TRUE,FALSE
2444275,"gate_30",13,FALSE,FALSE
2444426,"gate_40",123,TRUE,FALSE
2444437,"gate_40",8,FALSE,FALSE
2444450,"gate_30",4,FALSE,FALSE
2444692,"gate_40",43,TRUE,FALSE
2445223,"gate_40",0,FALSE,FALSE
2445335,"gate_30",7,FALSE,FALSE
2445405,"gate_30",17,FALSE,FALSE
2445486,"gate_40",9,TRUE,FALSE
2445491,"gate_30",0,FALSE,FALSE
2445492,"gate_40",0,FALSE,FALSE
2445510,"gate_30",483,TRUE,TRUE
2445534,"gate_30",435,TRUE,TRUE
2445543,"gate_40",56,TRUE,TRUE
2445618,"gate_40",2,FALSE,FALSE
2445621,"gate_30",69,TRUE,FALSE
2446091,"gate_30",4,FALSE,FALSE
2446287,"gate_40",222,FALSE,FALSE
2446399,"gate_30",145,TRUE,TRUE
2446440,"gate_30",16,FALSE,FALSE
2446510,"gate_30",55,TRUE,TRUE
2446657,"gate_30",47,TRUE,FALSE
2446779,"gate_30",138,TRUE,FALSE
2446884,"gate_40",13,FALSE,FALSE
2446903,"gate_40",25,TRUE,FALSE
2446908,"gate_30",10,TRUE,FALSE
2446976,"gate_30",17,TRUE,FALSE
2447424,"gate_40",1,FALSE,FALSE
2447622,"gate_30",159,TRUE,FALSE
2447803,"gate_40",3,FALSE,FALSE
2447941,"gate_40",7,FALSE,FALSE
2448051,"gate_40",156,FALSE,FALSE
2448166,"gate_40",19,TRUE,FALSE
2448318,"gate_30",16,TRUE,FALSE
2448327,"gate_40",0,FALSE,FALSE
2448382,"gate_30",17,FALSE,FALSE
2448503,"gate_30",9,TRUE,FALSE
2449049,"gate_30",25,TRUE,FALSE
2449214,"gate_30",8,FALSE,FALSE
2449234,"gate_30",1,FALSE,FALSE
2449293,"gate_30",16,TRUE,FALSE
2449324,"gate_30",69,TRUE,TRUE
2449601,"gate_30",39,FALSE,FALSE
2449609,"gate_40",25,TRUE,FALSE
2449613,"gate_40",11,FALSE,FALSE
2449675,"gate_40",2,FALSE,FALSE
2449996,"gate_30",6,FALSE,FALSE
2450090,"gate_30",36,TRUE,FALSE
2450118,"gate_30",4,FALSE,FALSE
2450170,"gate_40",0,FALSE,FALSE
2450195,"gate_40",9,TRUE,FALSE
2450320,"gate_30",64,FALSE,FALSE
2450573,"gate_30",87,TRUE,FALSE
2450631,"gate_40",4,TRUE,FALSE
2450666,"gate_30",5,FALSE,FALSE
2450923,"gate_40",30,FALSE,TRUE
2451036,"gate_30",18,FALSE,FALSE
2451231,"gate_30",96,TRUE,FALSE
2451253,"gate_30",21,FALSE,FALSE
2451336,"gate_40",1,FALSE,FALSE
2451414,"gate_30",5,FALSE,FALSE
2451452,"gate_40",7,FALSE,FALSE
2451503,"gate_30",4,FALSE,FALSE
2451505,"gate_40",5,FALSE,FALSE
2451597,"gate_30",21,FALSE,TRUE
2451645,"gate_40",11,FALSE,FALSE
2451664,"gate_30",10,TRUE,FALSE
2451698,"gate_40",184,TRUE,FALSE
2451768,"gate_40",45,TRUE,FALSE
2452014,"gate_40",38,TRUE,FALSE
2452110,"gate_30",4,FALSE,FALSE
2452272,"gate_40",183,TRUE,TRUE
2452330,"gate_40",4,FALSE,FALSE
2452365,"gate_30",0,FALSE,FALSE
2452379,"gate_30",30,FALSE,FALSE
2452479,"gate_30",13,FALSE,FALSE
2452902,"gate_30",31,TRUE,FALSE
2452975,"gate_40",16,FALSE,FALSE
2453275,"gate_40",3,FALSE,FALSE
2453315,"gate_40",67,TRUE,TRUE
2453456,"gate_30",40,TRUE,FALSE
2453549,"gate_30",9,FALSE,FALSE
2453608,"gate_40",17,FALSE,FALSE
2453842,"gate_40",45,TRUE,TRUE
2454018,"gate_40",143,TRUE,TRUE
2454208,"gate_40",7,TRUE,FALSE
2454494,"gate_40",722,TRUE,TRUE
2454665,"gate_40",53,TRUE,FALSE
2454740,"gate_40",4,FALSE,FALSE
2454759,"gate_40",191,TRUE,TRUE
2454788,"gate_30",4,FALSE,FALSE
2454874,"gate_30",4,FALSE,FALSE
2454875,"gate_40",40,FALSE,FALSE
2454879,"gate_40",0,FALSE,FALSE
2455144,"gate_30",35,TRUE,FALSE
2455171,"gate_40",3,FALSE,FALSE
2455202,"gate_40",12,FALSE,FALSE
2455235,"gate_40",32,TRUE,FALSE
2455434,"gate_40",53,TRUE,TRUE
2456019,"gate_40",116,TRUE,TRUE
2456289,"gate_40",6,FALSE,FALSE
2456438,"gate_30",16,FALSE,TRUE
2456494,"gate_30",343,TRUE,FALSE
2456728,"gate_40",19,FALSE,FALSE
2456792,"gate_40",35,FALSE,FALSE
2456819,"gate_30",91,TRUE,TRUE
2456913,"gate_40",36,TRUE,FALSE
2456932,"gate_40",46,FALSE,FALSE
2457217,"gate_30",47,TRUE,FALSE
2457360,"gate_30",47,FALSE,FALSE
2457830,"gate_30",36,FALSE,TRUE
2457840,"gate_40",2,FALSE,FALSE
2458036,"gate_30",6,FALSE,FALSE
2458183,"gate_40",14,TRUE,FALSE
2458425,"gate_40",9,FALSE,FALSE
2458818,"gate_30",5,FALSE,FALSE
2459005,"gate_30",9,FALSE,FALSE
2459037,"gate_30",15,FALSE,FALSE
2459128,"gate_40",3,FALSE,FALSE
2459244,"gate_30",6,FALSE,FALSE
2459270,"gate_30",21,TRUE,FALSE
2459437,"gate_40",14,TRUE,FALSE
2459713,"gate_40",2,FALSE,FALSE
2459962,"gate_40",59,TRUE,TRUE
2460239,"gate_40",219,TRUE,TRUE
2460456,"gate_40",12,FALSE,TRUE
2460888,"gate_40",2,FALSE,FALSE
2461076,"gate_40",12,FALSE,FALSE
2461195,"gate_40",3,FALSE,FALSE
2461568,"gate_30",6,FALSE,FALSE
2461573,"gate_30",8,FALSE,FALSE
2461609,"gate_40",33,TRUE,FALSE
2461623,"gate_30",24,FALSE,FALSE
2461656,"gate_30",14,TRUE,FALSE
2462060,"gate_30",96,FALSE,FALSE
2462425,"gate_30",34,TRUE,TRUE
2462441,"gate_30",21,FALSE,TRUE
2462472,"gate_40",14,FALSE,FALSE
2462961,"gate_40",28,TRUE,FALSE
2463098,"gate_40",104,TRUE,TRUE
2463291,"gate_40",0,FALSE,FALSE
2463298,"gate_40",64,TRUE,FALSE
2463420,"gate_40",50,FALSE,FALSE
2463640,"gate_30",2,FALSE,FALSE
2463701,"gate_30",15,FALSE,FALSE
2463881,"gate_40",2,FALSE,FALSE
2463939,"gate_40",23,FALSE,TRUE
2464077,"gate_30",98,TRUE,TRUE
2464174,"gate_40",2,FALSE,FALSE
2464294,"gate_30",1,FALSE,TRUE
2464572,"gate_40",22,TRUE,FALSE
2464691,"gate_30",61,TRUE,FALSE
2464781,"gate_30",115,TRUE,TRUE
2464814,"gate_30",112,TRUE,TRUE
2464879,"gate_30",27,TRUE,FALSE
2465124,"gate_40",18,TRUE,FALSE
2465354,"gate_30",0,FALSE,FALSE
2465473,"gate_40",27,TRUE,FALSE
2465572,"gate_30",12,TRUE,FALSE
2465666,"gate_30",2,FALSE,FALSE
2465803,"gate_30",30,TRUE,FALSE
2465919,"gate_30",60,TRUE,FALSE
2465939,"gate_40",9,FALSE,FALSE
2466075,"gate_40",146,TRUE,FALSE
2466205,"gate_30",106,TRUE,FALSE
2466227,"gate_30",0,FALSE,FALSE
2466309,"gate_30",46,FALSE,TRUE
2466351,"gate_40",61,TRUE,TRUE
2466364,"gate_40",1,FALSE,FALSE
2466408,"gate_40",21,FALSE,FALSE
2466729,"gate_40",0,FALSE,FALSE
2466775,"gate_40",8,FALSE,FALSE
2466807,"gate_30",28,TRUE,FALSE
2467016,"gate_30",8,FALSE,FALSE
2467019,"gate_30",15,FALSE,FALSE
2467079,"gate_40",17,TRUE,FALSE
2467086,"gate_40",52,TRUE,TRUE
2467095,"gate_30",20,FALSE,TRUE
2467159,"gate_30",48,TRUE,FALSE
2467190,"gate_30",2,FALSE,FALSE
2467203,"gate_30",11,FALSE,FALSE
2467214,"gate_30",20,TRUE,FALSE
2467223,"gate_40",1,FALSE,FALSE
2467237,"gate_40",4,FALSE,FALSE
2467265,"gate_30",52,FALSE,FALSE
2467308,"gate_40",66,FALSE,TRUE
2467672,"gate_40",73,TRUE,FALSE
2467743,"gate_40",16,FALSE,FALSE
2467813,"gate_40",148,TRUE,FALSE
2467890,"gate_40",36,TRUE,FALSE
2468021,"gate_30",41,TRUE,FALSE
2468306,"gate_40",125,TRUE,TRUE
2468387,"gate_40",63,TRUE,FALSE
2468430,"gate_30",25,TRUE,FALSE
2468531,"gate_40",6,FALSE,FALSE
2468551,"gate_40",150,TRUE,TRUE
2468681,"gate_40",27,TRUE,FALSE
2468688,"gate_40",9,FALSE,FALSE
2468727,"gate_40",8,FALSE,FALSE
2469027,"gate_30",20,TRUE,FALSE
2469038,"gate_30",1,FALSE,FALSE
2469090,"gate_40",12,TRUE,FALSE
2469112,"gate_30",3,FALSE,FALSE
2469121,"gate_30",2,FALSE,FALSE
2469181,"gate_30",5,FALSE,FALSE
2469546,"gate_40",23,FALSE,TRUE
2469573,"gate_30",0,FALSE,FALSE
2469644,"gate_40",10,FALSE,FALSE
2470106,"gate_30",3,FALSE,FALSE
2470144,"gate_40",2,FALSE,FALSE
2470334,"gate_30",142,TRUE,FALSE
2470338,"gate_30",62,TRUE,FALSE
2470374,"gate_40",379,TRUE,TRUE
2470426,"gate_40",54,FALSE,FALSE
2470441,"gate_30",192,TRUE,TRUE
2470572,"gate_30",15,TRUE,TRUE
2470687,"gate_40",33,TRUE,FALSE
2470689,"gate_30",74,TRUE,FALSE
2470784,"gate_30",3,FALSE,FALSE
2470913,"gate_30",7,FALSE,FALSE
2470917,"gate_30",39,TRUE,FALSE
2471097,"gate_40",6,FALSE,FALSE
2471284,"gate_30",18,FALSE,FALSE
2471315,"gate_30",0,FALSE,FALSE
2471345,"gate_30",0,FALSE,FALSE
2471454,"gate_40",2,FALSE,TRUE
2471566,"gate_40",0,FALSE,FALSE
2471595,"gate_40",60,TRUE,FALSE
2471686,"gate_40",0,FALSE,FALSE
2471690,"gate_40",39,TRUE,FALSE
2471696,"gate_40",11,FALSE,FALSE
2472031,"gate_40",119,TRUE,FALSE
2472039,"gate_30",0,FALSE,FALSE
2472093,"gate_30",22,TRUE,FALSE
2472159,"gate_40",12,FALSE,FALSE
2472162,"gate_30",21,FALSE,FALSE
2472399,"gate_40",80,TRUE,FALSE
2472529,"gate_30",4,FALSE,FALSE
2472584,"gate_40",101,TRUE,TRUE
2472693,"gate_40",56,TRUE,FALSE
2473051,"gate_40",132,TRUE,TRUE
2473135,"gate_40",5,FALSE,TRUE
2473267,"gate_40",3,FALSE,FALSE
2473334,"gate_40",11,FALSE,FALSE
2473463,"gate_40",29,TRUE,FALSE
2473541,"gate_30",6,FALSE,FALSE
2473542,"gate_30",6,TRUE,FALSE
2473744,"gate_40",30,TRUE,FALSE
2473909,"gate_30",19,FALSE,FALSE
2474303,"gate_40",14,TRUE,FALSE
2474341,"gate_30",158,TRUE,TRUE
2474445,"gate_30",213,TRUE,TRUE
2474517,"gate_30",8,FALSE,FALSE
2474759,"gate_40",1,FALSE,FALSE
2474896,"gate_30",2,FALSE,FALSE
2474901,"gate_40",7,FALSE,FALSE
2475010,"gate_30",377,TRUE,TRUE
2475026,"gate_30",0,FALSE,FALSE
2475156,"gate_30",3,FALSE,FALSE
2475210,"gate_30",15,FALSE,FALSE
2475247,"gate_40",226,FALSE,FALSE
2475384,"gate_40",0,FALSE,FALSE
2475534,"gate_40",1,FALSE,FALSE
2475611,"gate_40",6,FALSE,FALSE
2475723,"gate_30",532,TRUE,TRUE
2475759,"gate_40",69,TRUE,FALSE
2475965,"gate_40",20,FALSE,FALSE
2476048,"gate_40",11,TRUE,FALSE
2476094,"gate_40",3,FALSE,FALSE
2476142,"gate_40",293,TRUE,TRUE
2476256,"gate_40",6,FALSE,FALSE
2476292,"gate_30",4,FALSE,FALSE
2476455,"gate_40",1,FALSE,FALSE
2476526,"gate_30",58,TRUE,FALSE
2476640,"gate_40",126,FALSE,FALSE
2476803,"gate_40",5,FALSE,FALSE
2476919,"gate_30",4,FALSE,FALSE
2477104,"gate_40",33,TRUE,FALSE
2477109,"gate_40",15,TRUE,FALSE
2477312,"gate_30",18,TRUE,FALSE
2477410,"gate_40",7,TRUE,FALSE
2477413,"gate_30",34,TRUE,FALSE
2477431,"gate_40",5,FALSE,FALSE
2477551,"gate_40",22,TRUE,FALSE
2477575,"gate_40",37,TRUE,FALSE
2477823,"gate_40",24,TRUE,FALSE
2477892,"gate_30",3,FALSE,FALSE
2478008,"gate_30",107,TRUE,TRUE
2478010,"gate_40",17,FALSE,FALSE
2478132,"gate_30",4,FALSE,FALSE
2478193,"gate_30",18,TRUE,FALSE
2478204,"gate_30",62,FALSE,TRUE
2478274,"gate_40",21,TRUE,FALSE
2478562,"gate_40",94,TRUE,FALSE
2478655,"gate_30",8,FALSE,FALSE
2478828,"gate_40",19,TRUE,FALSE
2478893,"gate_30",2,FALSE,FALSE
2478906,"gate_40",22,FALSE,FALSE
2478967,"gate_30",29,FALSE,FALSE
2479125,"gate_40",271,TRUE,TRUE
2479357,"gate_40",4,FALSE,FALSE
2479419,"gate_30",31,TRUE,FALSE
2479532,"gate_40",14,FALSE,FALSE
2479610,"gate_40",54,FALSE,FALSE
2479736,"gate_30",3,FALSE,FALSE
2479755,"gate_40",8,FALSE,FALSE
2479801,"gate_40",163,TRUE,TRUE
2479806,"gate_30",2,FALSE,FALSE
2479809,"gate_30",8,FALSE,FALSE
2479819,"gate_30",0,FALSE,FALSE
2479853,"gate_40",0,FALSE,FALSE
2479958,"gate_30",128,TRUE,TRUE
2480059,"gate_40",14,FALSE,TRUE
2480091,"gate_40",1,FALSE,FALSE
2480226,"gate_40",18,FALSE,FALSE
2480272,"gate_30",9,TRUE,FALSE
2480393,"gate_30",70,FALSE,FALSE
2480535,"gate_30",55,TRUE,FALSE
2480701,"gate_30",0,FALSE,FALSE
2480797,"gate_30",39,TRUE,FALSE
2480821,"gate_40",6,FALSE,FALSE
2480890,"gate_30",77,TRUE,FALSE
2481103,"gate_30",1,FALSE,FALSE
2481587,"gate_40",21,TRUE,FALSE
2481700,"gate_40",0,FALSE,FALSE
2481707,"gate_40",5,FALSE,FALSE
2482094,"gate_40",2,FALSE,FALSE
2482160,"gate_30",18,TRUE,FALSE
2482207,"gate_30",13,FALSE,FALSE
2482249,"gate_40",8,FALSE,FALSE
2482268,"gate_40",3,FALSE,FALSE
2482454,"gate_40",3,FALSE,FALSE
2482474,"gate_40",70,FALSE,FALSE
2482484,"gate_40",15,TRUE,FALSE
2482648,"gate_40",43,TRUE,FALSE
2483104,"gate_40",1,FALSE,FALSE
2483271,"gate_40",31,FALSE,FALSE
2483344,"gate_40",13,FALSE,FALSE
2483416,"gate_40",25,FALSE,FALSE
2483501,"gate_30",114,TRUE,TRUE
2483690,"gate_40",36,TRUE,TRUE
2483774,"gate_30",52,TRUE,TRUE
2483948,"gate_40",78,TRUE,TRUE
2484099,"gate_40",147,TRUE,TRUE
2484187,"gate_30",7,FALSE,FALSE
2484401,"gate_40",4,FALSE,FALSE
2484457,"gate_30",216,TRUE,TRUE
2484506,"gate_30",0,FALSE,FALSE
2484665,"gate_40",10,FALSE,FALSE
2484735,"gate_40",30,TRUE,FALSE
2484885,"gate_30",40,TRUE,FALSE
2484927,"gate_40",1,FALSE,FALSE
2484992,"gate_30",76,TRUE,FALSE
2485113,"gate_40",102,TRUE,FALSE
2485121,"gate_40",130,TRUE,TRUE
2485151,"gate_40",104,FALSE,TRUE
2485295,"gate_40",26,FALSE,FALSE
2485408,"gate_40",16,FALSE,FALSE
2485450,"gate_40",14,FALSE,FALSE
2485601,"gate_40",10,FALSE,FALSE
2485726,"gate_40",5,FALSE,FALSE
2485929,"gate_30",99,TRUE,FALSE
2486076,"gate_30",34,TRUE,FALSE
2486559,"gate_40",33,FALSE,FALSE
2486909,"gate_30",2,TRUE,FALSE
2486926,"gate_30",33,TRUE,FALSE
2486992,"gate_40",712,TRUE,TRUE
2487006,"gate_30",15,FALSE,FALSE
2487519,"gate_30",116,TRUE,TRUE
2487622,"gate_40",68,FALSE,FALSE
2487712,"gate_30",7,FALSE,FALSE
2487900,"gate_30",13,FALSE,FALSE
2487923,"gate_30",0,FALSE,FALSE
2488002,"gate_40",6,FALSE,FALSE
2488008,"gate_30",20,FALSE,FALSE
2488079,"gate_30",5,FALSE,FALSE
2488169,"gate_40",337,TRUE,TRUE
2488217,"gate_40",20,TRUE,FALSE
2488253,"gate_30",3,FALSE,FALSE
2488363,"gate_40",11,FALSE,FALSE
2488435,"gate_30",3,FALSE,FALSE
2488443,"gate_40",3,FALSE,FALSE
2488623,"gate_40",36,FALSE,FALSE
2488688,"gate_40",12,TRUE,FALSE
2488763,"gate_40",425,TRUE,TRUE
2488815,"gate_30",26,TRUE,FALSE
2489247,"gate_40",16,TRUE,FALSE
2489430,"gate_30",1,FALSE,FALSE
2489498,"gate_30",8,FALSE,FALSE
2489538,"gate_30",56,TRUE,TRUE
2489587,"gate_40",33,TRUE,FALSE
2489641,"gate_40",14,FALSE,FALSE
2489800,"gate_30",1,FALSE,FALSE
2489869,"gate_40",74,TRUE,FALSE
2489995,"gate_40",128,TRUE,FALSE
2490070,"gate_40",29,FALSE,FALSE
2490260,"gate_30",3,FALSE,FALSE
2490637,"gate_40",19,TRUE,FALSE
2490663,"gate_40",1,FALSE,FALSE
2490735,"gate_40",49,TRUE,TRUE
2490847,"gate_40",87,TRUE,FALSE
2490874,"gate_40",6,FALSE,FALSE
2491064,"gate_30",196,TRUE,FALSE
2491575,"gate_30",22,FALSE,FALSE
2491792,"gate_30",31,FALSE,FALSE
2491795,"gate_40",114,TRUE,FALSE
2491892,"gate_40",7,FALSE,FALSE
2491985,"gate_40",63,TRUE,FALSE
2492052,"gate_30",10,TRUE,FALSE
2492376,"gate_30",18,FALSE,FALSE
2492392,"gate_30",2,FALSE,FALSE
2492399,"gate_30",1,FALSE,FALSE
2492585,"gate_40",42,TRUE,FALSE
2492702,"gate_40",16,TRUE,TRUE
2493016,"gate_30",28,FALSE,TRUE
2493021,"gate_40",9,FALSE,FALSE
2493088,"gate_30",23,FALSE,FALSE
2493109,"gate_30",0,FALSE,FALSE
2493172,"gate_30",47,FALSE,FALSE
2493314,"gate_30",22,FALSE,FALSE
2493327,"gate_30",203,TRUE,TRUE
2493348,"gate_30",6,FALSE,FALSE
2493578,"gate_40",29,TRUE,TRUE
2493949,"gate_40",118,TRUE,TRUE
2494119,"gate_30",0,FALSE,FALSE
2494168,"gate_30",13,FALSE,FALSE
2494248,"gate_40",8,FALSE,FALSE
2494284,"gate_40",2,FALSE,FALSE
2494362,"gate_40",116,TRUE,FALSE
2494405,"gate_40",1,FALSE,FALSE
2494533,"gate_40",29,TRUE,FALSE
2494610,"gate_40",21,FALSE,FALSE
2494723,"gate_40",6,FALSE,FALSE
2494853,"gate_30",215,TRUE,TRUE
2494927,"gate_40",8,FALSE,FALSE
2495041,"gate_30",2,FALSE,FALSE
2495587,"gate_30",32,TRUE,FALSE
2495699,"gate_40",5,FALSE,FALSE
2495745,"gate_40",7,TRUE,TRUE
2495748,"gate_30",109,TRUE,FALSE
2495957,"gate_40",14,FALSE,FALSE
2496024,"gate_40",29,TRUE,FALSE
2496160,"gate_30",7,FALSE,FALSE
2496173,"gate_40",18,TRUE,FALSE
2496199,"gate_40",1,FALSE,FALSE
2496368,"gate_40",167,TRUE,TRUE
2496379,"gate_30",3,FALSE,FALSE
2496389,"gate_30",153,TRUE,TRUE
2496830,"gate_40",214,TRUE,TRUE
2496864,"gate_40",7,FALSE,FALSE
2497047,"gate_40",28,TRUE,FALSE
2497274,"gate_40",166,TRUE,TRUE
2497323,"gate_40",290,TRUE,TRUE
2497414,"gate_40",15,FALSE,TRUE
2497512,"gate_40",116,TRUE,TRUE
2497698,"gate_30",1,FALSE,FALSE
2497827,"gate_30",31,TRUE,FALSE
2497930,"gate_30",203,TRUE,TRUE
2498014,"gate_40",2,FALSE,FALSE
2498138,"gate_40",61,TRUE,TRUE
2498167,"gate_40",34,TRUE,TRUE
2498338,"gate_30",51,TRUE,FALSE
2498465,"gate_40",33,TRUE,TRUE
2498493,"gate_30",12,FALSE,FALSE
2498602,"gate_30",69,FALSE,FALSE
2498606,"gate_40",19,FALSE,FALSE
2498635,"gate_30",1,FALSE,FALSE
2498683,"gate_30",2,FALSE,FALSE
2499056,"gate_30",33,TRUE,FALSE
2499178,"gate_40",238,FALSE,FALSE
2499229,"gate_30",61,TRUE,FALSE
2499329,"gate_30",4,TRUE,FALSE
2499420,"gate_40",30,TRUE,FALSE
2499484,"gate_30",39,TRUE,FALSE
2499505,"gate_30",16,FALSE,FALSE
2499582,"gate_30",206,TRUE,TRUE
2499589,"gate_40",2,FALSE,FALSE
2499655,"gate_40",21,FALSE,FALSE
2499723,"gate_40",44,TRUE,TRUE
2499771,"gate_40",82,TRUE,TRUE
2499775,"gate_30",58,FALSE,TRUE
2500115,"gate_40",29,FALSE,FALSE
2500172,"gate_40",4,FALSE,FALSE
2500208,"gate_30",14,TRUE,FALSE
2500235,"gate_40",114,TRUE,TRUE
2500281,"gate_30",9,FALSE,FALSE
2500294,"gate_40",9,TRUE,FALSE
2500792,"gate_30",0,FALSE,FALSE
2500867,"gate_40",228,TRUE,TRUE
2501142,"gate_40",92,TRUE,FALSE
2501157,"gate_30",36,TRUE,FALSE
2501167,"gate_40",363,FALSE,TRUE
2501177,"gate_30",7,TRUE,FALSE
2501319,"gate_30",607,TRUE,TRUE
2501583,"gate_40",44,TRUE,FALSE
2501668,"gate_40",98,TRUE,FALSE
2501806,"gate_30",56,TRUE,TRUE
2502110,"gate_40",25,TRUE,TRUE
2502130,"gate_30",23,FALSE,FALSE
2502253,"gate_40",4,FALSE,FALSE
2502368,"gate_30",15,FALSE,FALSE
2502590,"gate_30",46,TRUE,FALSE
2502778,"gate_30",1,FALSE,FALSE
2502828,"gate_30",42,FALSE,FALSE
2502883,"gate_30",9,TRUE,FALSE
2502896,"gate_40",2,FALSE,FALSE
2502919,"gate_40",4,FALSE,FALSE
2502985,"gate_30",19,TRUE,FALSE
2503103,"gate_40",52,TRUE,FALSE
2503147,"gate_40",78,TRUE,TRUE
2503245,"gate_30",6,FALSE,FALSE
2503512,"gate_30",41,TRUE,TRUE
2503525,"gate_40",4,TRUE,FALSE
2503755,"gate_30",39,FALSE,FALSE
2503905,"gate_30",59,TRUE,FALSE
2504050,"gate_40",50,FALSE,TRUE
2504153,"gate_40",203,TRUE,FALSE
2504186,"gate_40",111,TRUE,TRUE
2504270,"gate_30",88,TRUE,TRUE
2504332,"gate_40",201,TRUE,TRUE
2504439,"gate_40",8,TRUE,FALSE
2504485,"gate_30",62,TRUE,TRUE
2504501,"gate_40",14,FALSE,FALSE
2504599,"gate_40",3,FALSE,FALSE
2504779,"gate_40",36,TRUE,FALSE
2504856,"gate_30",10,FALSE,FALSE
2504955,"gate_30",54,TRUE,FALSE
2505019,"gate_40",392,FALSE,TRUE
2505451,"gate_30",5,FALSE,FALSE
2505475,"gate_30",13,TRUE,FALSE
2505518,"gate_40",65,TRUE,FALSE
2505526,"gate_40",40,TRUE,FALSE
2505535,"gate_30",3,FALSE,FALSE
2505555,"gate_30",51,TRUE,TRUE
2505715,"gate_40",0,FALSE,FALSE
2505726,"gate_30",0,FALSE,FALSE
2505919,"gate_30",0,FALSE,FALSE
2506059,"gate_30",1,FALSE,FALSE
2506064,"gate_30",5,FALSE,FALSE
2506462,"gate_40",37,TRUE,FALSE
2506590,"gate_30",26,TRUE,FALSE
2506668,"gate_40",4,FALSE,FALSE
2506772,"gate_40",4,FALSE,FALSE
2506889,"gate_30",92,TRUE,TRUE
2506902,"gate_30",11,FALSE,FALSE
2507004,"gate_40",15,FALSE,TRUE
2507070,"gate_40",37,TRUE,FALSE
2507077,"gate_30",4,FALSE,FALSE
2507120,"gate_40",601,TRUE,TRUE
2507264,"gate_40",12,TRUE,FALSE
2507630,"gate_40",467,TRUE,TRUE
2507636,"gate_40",6,FALSE,FALSE
2507794,"gate_40",63,TRUE,FALSE
2507860,"gate_40",28,TRUE,FALSE
2507999,"gate_40",56,FALSE,FALSE
2508039,"gate_40",21,FALSE,FALSE
2508372,"gate_30",307,FALSE,TRUE
2508463,"gate_30",3,FALSE,FALSE
2508942,"gate_40",15,TRUE,FALSE
2509018,"gate_30",30,TRUE,FALSE
2509099,"gate_40",7,FALSE,FALSE
2509120,"gate_30",11,FALSE,FALSE
2509210,"gate_40",1,FALSE,FALSE
2509380,"gate_30",2,FALSE,FALSE
2509568,"gate_40",12,TRUE,TRUE
2509754,"gate_40",0,FALSE,FALSE
2509854,"gate_30",6,FALSE,FALSE
2509987,"gate_40",10,FALSE,FALSE
2509993,"gate_40",5,FALSE,FALSE
2510090,"gate_30",8,FALSE,FALSE
2510226,"gate_40",74,TRUE,TRUE
2510352,"gate_30",27,FALSE,FALSE
2510396,"gate_40",6,FALSE,FALSE
2510444,"gate_40",113,TRUE,FALSE
2510478,"gate_30",4,FALSE,FALSE
2510499,"gate_40",30,TRUE,FALSE
2510566,"gate_40",9,TRUE,FALSE
2510618,"gate_40",19,FALSE,FALSE
2510619,"gate_30",2,FALSE,FALSE
2510624,"gate_40",22,TRUE,FALSE
2510859,"gate_30",11,FALSE,FALSE
2511145,"gate_30",7,FALSE,FALSE
2511234,"gate_30",18,FALSE,FALSE
2511259,"gate_40",150,FALSE,TRUE
2511333,"gate_30",35,FALSE,FALSE
2511374,"gate_40",19,FALSE,FALSE
2511408,"gate_40",1,FALSE,FALSE
2511497,"gate_40",59,TRUE,FALSE
2511610,"gate_30",5,FALSE,FALSE
2511707,"gate_30",4,FALSE,FALSE
2511899,"gate_30",95,TRUE,FALSE
2512037,"gate_30",13,FALSE,FALSE
2512155,"gate_40",269,TRUE,FALSE
2512230,"gate_40",22,TRUE,FALSE
2512358,"gate_40",121,TRUE,FALSE
2512361,"gate_30",80,TRUE,TRUE
2512410,"gate_40",97,TRUE,TRUE
2512423,"gate_40",0,FALSE,FALSE
2512433,"gate_30",5,FALSE,FALSE
2512488,"gate_30",1,FALSE,FALSE
2512535,"gate_30",42,TRUE,FALSE
2512697,"gate_30",9,FALSE,FALSE
2512708,"gate_40",85,TRUE,FALSE
2512737,"gate_30",14,FALSE,FALSE
2513039,"gate_40",4,FALSE,FALSE
2513129,"gate_30",16,FALSE,FALSE
2513183,"gate_40",11,TRUE,TRUE
2513193,"gate_40",0,FALSE,FALSE
2513227,"gate_40",11,TRUE,FALSE
2513340,"gate_30",10,FALSE,FALSE
2513404,"gate_40",8,FALSE,FALSE
2513433,"gate_40",8,FALSE,FALSE
2513460,"gate_30",8,FALSE,FALSE
2513482,"gate_40",18,FALSE,FALSE
2513483,"gate_30",64,TRUE,TRUE
2513531,"gate_30",3,FALSE,FALSE
2513650,"gate_30",84,TRUE,TRUE
2513753,"gate_40",116,FALSE,TRUE
2513818,"gate_40",1,TRUE,FALSE
2513861,"gate_40",0,FALSE,FALSE
2513873,"gate_40",21,FALSE,FALSE
2513933,"gate_30",20,TRUE,FALSE
2513984,"gate_30",18,TRUE,FALSE
2514020,"gate_30",1,TRUE,FALSE
2514090,"gate_40",27,TRUE,FALSE
2514181,"gate_30",2,FALSE,FALSE
2514422,"gate_40",1,FALSE,FALSE
2514475,"gate_30",55,TRUE,TRUE
2514520,"gate_40",17,FALSE,FALSE
2514528,"gate_30",254,TRUE,TRUE
2514750,"gate_40",45,FALSE,FALSE
2515221,"gate_40",1013,TRUE,TRUE
2515227,"gate_40",14,TRUE,FALSE
2515400,"gate_40",22,FALSE,FALSE
2515564,"gate_40",69,TRUE,TRUE
2516047,"gate_40",12,TRUE,FALSE
2516069,"gate_30",222,TRUE,FALSE
2516352,"gate_40",0,TRUE,FALSE
2516377,"gate_30",14,FALSE,FALSE
2516442,"gate_30",25,FALSE,FALSE
2516490,"gate_30",41,TRUE,FALSE
2516642,"gate_40",3,FALSE,FALSE
2516715,"gate_40",5,FALSE,FALSE
2516781,"gate_30",15,FALSE,FALSE
2516839,"gate_30",17,TRUE,FALSE
2517071,"gate_40",1,FALSE,FALSE
2517082,"gate_30",6,FALSE,FALSE
2517168,"gate_30",29,TRUE,TRUE
2517171,"gate_40",90,TRUE,TRUE
2517273,"gate_30",16,TRUE,FALSE
2517281,"gate_40",9,FALSE,FALSE
2517367,"gate_40",15,TRUE,FALSE
2517414,"gate_30",1,FALSE,FALSE
2517585,"gate_40",700,TRUE,TRUE
2517620,"gate_30",18,FALSE,FALSE
2517668,"gate_40",13,FALSE,FALSE
2517935,"gate_40",84,TRUE,FALSE
2518021,"gate_30",2,FALSE,FALSE
2518075,"gate_30",24,TRUE,FALSE
2518219,"gate_30",54,TRUE,FALSE
2518265,"gate_30",138,TRUE,FALSE
2518407,"gate_40",3,TRUE,FALSE
2518442,"gate_40",216,TRUE,TRUE
2518569,"gate_40",67,TRUE,TRUE
2518622,"gate_30",8,FALSE,FALSE
2518997,"gate_30",3,FALSE,FALSE
2519023,"gate_30",47,FALSE,TRUE
2519091,"gate_40",1,FALSE,FALSE
2519290,"gate_40",2,FALSE,FALSE
2519468,"gate_30",6,FALSE,TRUE
2519850,"gate_40",3,FALSE,FALSE
2520111,"gate_40",140,TRUE,FALSE
2520218,"gate_30",176,TRUE,TRUE
2520278,"gate_40",54,FALSE,FALSE
2520590,"gate_30",1,FALSE,FALSE
2520719,"gate_30",8,FALSE,FALSE
2520757,"gate_30",48,TRUE,FALSE
2521248,"gate_40",1,FALSE,FALSE
2521309,"gate_30",786,TRUE,TRUE
2521310,"gate_40",299,TRUE,FALSE
2521322,"gate_40",48,TRUE,FALSE
2521370,"gate_40",42,FALSE,FALSE
2521412,"gate_30",260,TRUE,TRUE
2521493,"gate_40",14,TRUE,FALSE
2521616,"gate_30",96,TRUE,FALSE
2521738,"gate_30",2,FALSE,FALSE
2521836,"gate_30",40,TRUE,TRUE
2521927,"gate_30",4,FALSE,FALSE
2522011,"gate_40",10,FALSE,FALSE
2522258,"gate_30",2,FALSE,FALSE
2522305,"gate_30",19,FALSE,FALSE
2522313,"gate_30",0,FALSE,FALSE
2522321,"gate_30",77,TRUE,FALSE
2522458,"gate_30",9,FALSE,FALSE
2522597,"gate_30",4,TRUE,FALSE
2522602,"gate_40",15,TRUE,FALSE
2522618,"gate_40",1,FALSE,FALSE
2522624,"gate_40",6,FALSE,FALSE
2522703,"gate_30",12,TRUE,FALSE
2522765,"gate_40",163,TRUE,TRUE
2522767,"gate_40",166,TRUE,TRUE
2522774,"gate_40",22,TRUE,FALSE
2522894,"gate_40",60,TRUE,FALSE
2522899,"gate_30",120,TRUE,FALSE
2523049,"gate_40",3,FALSE,FALSE
2523241,"gate_40",278,TRUE,TRUE
2523288,"gate_40",46,TRUE,TRUE
2523296,"gate_40",21,FALSE,FALSE
2523309,"gate_30",72,TRUE,TRUE
2523315,"gate_40",87,TRUE,FALSE
2523377,"gate_40",17,TRUE,FALSE
2523543,"gate_30",75,TRUE,TRUE
2523915,"gate_40",0,FALSE,FALSE
2524034,"gate_30",49,TRUE,TRUE
2524137,"gate_40",31,TRUE,FALSE
2524377,"gate_40",655,TRUE,TRUE
2524611,"gate_40",32,TRUE,FALSE
2524860,"gate_40",9,FALSE,FALSE
2524885,"gate_30",0,FALSE,FALSE
2524926,"gate_30",43,TRUE,FALSE
2524942,"gate_40",9,FALSE,FALSE
2524997,"gate_30",11,FALSE,FALSE
2525309,"gate_40",25,FALSE,FALSE
2525368,"gate_40",31,FALSE,TRUE
2525429,"gate_30",33,TRUE,FALSE
2525480,"gate_30",54,TRUE,FALSE
2525663,"gate_40",51,TRUE,FALSE
2525672,"gate_30",10,FALSE,TRUE
2525682,"gate_30",441,TRUE,TRUE
2525779,"gate_30",1,FALSE,FALSE
2526117,"gate_40",538,TRUE,TRUE
2526136,"gate_30",13,FALSE,FALSE
2526170,"gate_40",139,TRUE,TRUE
2526249,"gate_30",33,FALSE,FALSE
2526446,"gate_40",181,TRUE,TRUE
2526610,"gate_40",2,FALSE,FALSE
2526665,"gate_30",3,FALSE,FALSE
2526933,"gate_40",11,TRUE,FALSE
2526962,"gate_30",52,FALSE,FALSE
2527019,"gate_40",39,TRUE,FALSE
2527065,"gate_40",28,TRUE,FALSE
2527221,"gate_30",236,TRUE,FALSE
2527307,"gate_40",18,TRUE,FALSE
2527363,"gate_30",17,FALSE,FALSE
2527612,"gate_40",14,TRUE,FALSE
2527626,"gate_40",6,FALSE,FALSE
2527644,"gate_30",126,TRUE,TRUE
2527740,"gate_40",0,FALSE,FALSE
2527870,"gate_40",3,FALSE,FALSE
2528139,"gate_40",50,TRUE,FALSE
2528281,"gate_30",27,FALSE,FALSE
2528342,"gate_40",52,TRUE,FALSE
2528409,"gate_40",58,TRUE,FALSE
2528421,"gate_40",11,FALSE,TRUE
2528660,"gate_30",2,FALSE,FALSE
2528748,"gate_40",121,TRUE,TRUE
2528875,"gate_40",116,TRUE,TRUE
2528916,"gate_30",6,FALSE,FALSE
2529135,"gate_30",6,FALSE,FALSE
2529255,"gate_40",44,TRUE,FALSE
2529326,"gate_40",25,TRUE,FALSE
2529359,"gate_40",1,FALSE,FALSE
2529414,"gate_30",28,TRUE,FALSE
2529421,"gate_40",27,FALSE,FALSE
2529571,"gate_30",1,FALSE,FALSE
2529935,"gate_30",577,TRUE,TRUE
2530002,"gate_40",17,TRUE,FALSE
2530113,"gate_40",7,FALSE,FALSE
2530236,"gate_40",14,TRUE,FALSE
2530253,"gate_40",1,FALSE,FALSE
2530257,"gate_30",51,TRUE,FALSE
2530741,"gate_40",8,TRUE,FALSE
2530961,"gate_40",3,FALSE,FALSE
2531156,"gate_40",33,TRUE,FALSE
2531415,"gate_30",799,TRUE,TRUE
2531561,"gate_30",26,TRUE,FALSE
2531563,"gate_30",2,FALSE,TRUE
2531586,"gate_30",9,TRUE,FALSE
2531654,"gate_40",27,FALSE,TRUE
2531658,"gate_30",44,TRUE,FALSE
2531667,"gate_30",18,TRUE,FALSE
2531927,"gate_30",96,TRUE,TRUE
2532031,"gate_30",277,TRUE,TRUE
2532052,"gate_30",16,FALSE,FALSE
2532108,"gate_40",47,TRUE,FALSE
2532182,"gate_30",35,FALSE,FALSE
2532362,"gate_40",29,TRUE,TRUE
2532398,"gate_30",22,TRUE,FALSE
2532876,"gate_30",67,TRUE,FALSE
2533129,"gate_40",7,FALSE,FALSE
2533252,"gate_40",60,TRUE,FALSE
2533356,"gate_40",17,FALSE,FALSE
2533378,"gate_40",32,TRUE,FALSE
2533407,"gate_30",37,TRUE,TRUE
2533434,"gate_30",143,TRUE,FALSE
2533490,"gate_40",1,FALSE,FALSE
2533545,"gate_30",6,TRUE,FALSE
2533572,"gate_30",117,TRUE,TRUE
2533595,"gate_40",14,TRUE,TRUE
2533715,"gate_40",81,TRUE,TRUE
2533848,"gate_40",10,TRUE,FALSE
2533988,"gate_30",545,TRUE,TRUE
2534201,"gate_30",45,TRUE,FALSE
2534210,"gate_40",15,TRUE,FALSE
2534305,"gate_40",67,FALSE,TRUE
2534461,"gate_30",27,FALSE,FALSE
2534884,"gate_30",2,FALSE,FALSE
2534958,"gate_40",11,FALSE,FALSE
2535081,"gate_40",2,FALSE,FALSE
2535133,"gate_30",1,FALSE,FALSE
2535405,"gate_40",14,TRUE,FALSE
2535430,"gate_40",1,FALSE,FALSE
2535502,"gate_40",257,TRUE,TRUE
2535729,"gate_40",25,TRUE,FALSE
2535836,"gate_40",154,TRUE,TRUE
2535928,"gate_30",1,FALSE,FALSE
2536197,"gate_30",9,FALSE,FALSE
2536237,"gate_40",18,FALSE,TRUE
2536318,"gate_40",12,FALSE,FALSE
2536635,"gate_30",70,TRUE,FALSE
2536890,"gate_40",25,TRUE,TRUE
2536949,"gate_40",11,TRUE,FALSE
2537014,"gate_40",72,TRUE,FALSE
2537059,"gate_40",3,TRUE,FALSE
2537141,"gate_30",1,FALSE,FALSE
2537214,"gate_30",4,FALSE,FALSE
2537405,"gate_30",20,TRUE,FALSE
2537699,"gate_30",1,FALSE,FALSE
2537830,"gate_30",12,TRUE,FALSE
2537839,"gate_40",18,TRUE,FALSE
2537923,"gate_30",2,FALSE,FALSE
2538014,"gate_30",108,TRUE,TRUE
2538027,"gate_30",37,FALSE,FALSE
2538030,"gate_40",10,FALSE,FALSE
2538355,"gate_40",2,FALSE,FALSE
2538485,"gate_30",1,FALSE,FALSE
2538978,"gate_40",594,TRUE,TRUE
2538997,"gate_40",2,FALSE,FALSE
2539295,"gate_30",12,FALSE,FALSE
2539323,"gate_40",4,FALSE,FALSE
2539357,"gate_40",45,TRUE,TRUE
2539416,"gate_40",89,TRUE,FALSE
2539460,"gate_40",489,FALSE,TRUE
2539669,"gate_40",35,FALSE,FALSE
2539690,"gate_30",23,TRUE,FALSE
2539781,"gate_40",4,FALSE,FALSE
2539836,"gate_30",8,FALSE,FALSE
2539900,"gate_40",86,TRUE,FALSE
2540079,"gate_40",21,FALSE,FALSE
2540113,"gate_40",97,TRUE,TRUE
2540219,"gate_30",23,TRUE,FALSE
2540285,"gate_30",1,FALSE,FALSE
2540485,"gate_40",2,FALSE,FALSE
2540540,"gate_40",4,FALSE,FALSE
2540609,"gate_40",170,TRUE,TRUE
2540704,"gate_30",70,TRUE,TRUE
2540713,"gate_30",115,FALSE,FALSE
2540720,"gate_30",27,TRUE,FALSE
2541018,"gate_30",22,TRUE,FALSE
2541479,"gate_30",7,FALSE,FALSE
2541534,"gate_40",243,TRUE,TRUE
2541583,"gate_30",4,FALSE,FALSE
2541612,"gate_30",86,TRUE,FALSE
2541614,"gate_30",28,TRUE,FALSE
2541741,"gate_30",10,FALSE,FALSE
2541813,"gate_30",386,TRUE,TRUE
2541891,"gate_30",6,FALSE,FALSE
2541923,"gate_30",2,TRUE,FALSE
2542167,"gate_40",49,FALSE,FALSE
2542285,"gate_40",170,FALSE,TRUE
2542310,"gate_40",55,TRUE,FALSE
2542333,"gate_30",37,FALSE,FALSE
2542541,"gate_30",1,FALSE,FALSE
2542963,"gate_30",17,TRUE,FALSE
2543138,"gate_30",16,FALSE,FALSE
2543151,"gate_30",62,TRUE,FALSE
2543344,"gate_30",1,FALSE,FALSE
2543394,"gate_30",80,TRUE,FALSE
2543455,"gate_30",19,FALSE,FALSE
2543989,"gate_40",0,FALSE,FALSE
2544063,"gate_40",5,TRUE,FALSE
2544230,"gate_30",0,FALSE,FALSE
2544283,"gate_30",0,FALSE,FALSE
2544329,"gate_40",68,FALSE,FALSE
2544379,"gate_30",57,TRUE,FALSE
2544728,"gate_30",48,TRUE,FALSE
2544738,"gate_30",3,FALSE,FALSE
2544823,"gate_30",35,TRUE,FALSE
2544842,"gate_30",2,FALSE,FALSE
2544862,"gate_30",39,FALSE,FALSE
2545524,"gate_40",7,TRUE,TRUE
2545791,"gate_30",27,TRUE,FALSE
2545933,"gate_30",6,FALSE,FALSE
2545958,"gate_40",97,FALSE,TRUE
2545995,"gate_40",18,TRUE,FALSE
2546046,"gate_30",290,TRUE,TRUE
2546048,"gate_40",3,FALSE,FALSE
2546168,"gate_30",59,TRUE,FALSE
2546255,"gate_30",58,TRUE,TRUE
2546284,"gate_30",146,TRUE,TRUE
2546400,"gate_40",11,TRUE,FALSE
2546492,"gate_30",17,FALSE,FALSE
2546542,"gate_30",0,FALSE,FALSE
2546595,"gate_40",275,TRUE,TRUE
2546777,"gate_40",22,TRUE,FALSE
2546807,"gate_40",17,FALSE,FALSE
2546851,"gate_30",66,TRUE,FALSE
2547125,"gate_30",33,FALSE,FALSE
2547256,"gate_40",18,TRUE,TRUE
2547439,"gate_40",7,FALSE,FALSE
2547747,"gate_30",185,TRUE,TRUE
2547998,"gate_40",0,FALSE,FALSE
2548004,"gate_30",7,FALSE,FALSE
2548117,"gate_40",32,TRUE,FALSE
2548383,"gate_40",31,FALSE,TRUE
2548450,"gate_40",13,FALSE,FALSE
2548530,"gate_30",14,FALSE,TRUE
2548615,"gate_30",81,TRUE,FALSE
2548715,"gate_40",2,FALSE,FALSE
2548849,"gate_40",165,TRUE,FALSE
2549091,"gate_30",6,FALSE,FALSE
2549167,"gate_40",69,TRUE,TRUE
2549370,"gate_30",22,TRUE,FALSE
2549408,"gate_30",159,TRUE,TRUE
2549438,"gate_30",0,FALSE,FALSE
2549609,"gate_40",96,TRUE,FALSE
2549700,"gate_30",7,FALSE,FALSE
2550009,"gate_40",4,FALSE,FALSE
2550016,"gate_40",10,FALSE,FALSE
2550123,"gate_40",4,FALSE,FALSE
2550291,"gate_40",10,TRUE,FALSE
2550371,"gate_30",10,FALSE,FALSE
2550430,"gate_40",68,FALSE,TRUE
2550499,"gate_40",65,TRUE,FALSE
2550559,"gate_30",40,TRUE,FALSE
2550692,"gate_40",32,TRUE,FALSE
2550717,"gate_30",11,FALSE,FALSE
2550728,"gate_40",204,TRUE,FALSE
2550884,"gate_40",16,FALSE,FALSE
2550906,"gate_30",64,TRUE,TRUE
2551012,"gate_40",5,TRUE,FALSE
2551260,"gate_30",12,TRUE,FALSE
2551306,"gate_30",0,FALSE,FALSE
2551466,"gate_30",7,FALSE,FALSE
2551565,"gate_30",23,TRUE,FALSE
2551777,"gate_40",1,FALSE,FALSE
2551866,"gate_30",1,FALSE,FALSE
2551887,"gate_40",109,TRUE,FALSE
2551970,"gate_40",5,FALSE,FALSE
2552520,"gate_30",25,TRUE,FALSE
2552607,"gate_40",13,FALSE,FALSE
2552673,"gate_30",4,FALSE,FALSE
2552695,"gate_30",1,FALSE,FALSE
2552750,"gate_30",42,TRUE,TRUE
2552835,"gate_30",15,FALSE,FALSE
2552880,"gate_30",87,TRUE,FALSE
2552950,"gate_40",90,TRUE,TRUE
2553025,"gate_40",875,TRUE,TRUE
2553529,"gate_40",27,FALSE,FALSE
2553580,"gate_40",30,TRUE,FALSE
2553718,"gate_40",1,FALSE,FALSE
2553747,"gate_40",30,TRUE,FALSE
2553816,"gate_30",271,TRUE,TRUE
2553887,"gate_30",47,FALSE,FALSE
2553900,"gate_30",8,FALSE,FALSE
2553999,"gate_30",16,FALSE,FALSE
2554127,"gate_30",68,FALSE,FALSE
2554269,"gate_40",18,FALSE,FALSE
2554373,"gate_30",18,FALSE,FALSE
2554473,"gate_40",1,FALSE,FALSE
2554507,"gate_30",20,TRUE,FALSE
2554642,"gate_40",3,FALSE,FALSE
2554700,"gate_40",57,TRUE,FALSE
2554754,"gate_30",42,FALSE,FALSE
2554764,"gate_40",0,FALSE,FALSE
2554874,"gate_40",11,FALSE,FALSE
2554905,"gate_30",117,TRUE,TRUE
2555054,"gate_40",25,TRUE,TRUE
2555256,"gate_40",0,FALSE,FALSE
2555316,"gate_40",25,TRUE,FALSE
2555350,"gate_40",7,FALSE,FALSE
2555381,"gate_30",0,FALSE,FALSE
2555433,"gate_30",23,TRUE,FALSE
2555444,"gate_30",202,TRUE,TRUE
2555449,"gate_30",26,FALSE,FALSE
2555475,"gate_40",46,TRUE,FALSE
2555677,"gate_40",8,FALSE,FALSE
2556070,"gate_40",7,FALSE,FALSE
2556128,"gate_40",49,FALSE,FALSE
2556251,"gate_40",13,FALSE,FALSE
2556258,"gate_40",3,FALSE,FALSE
2556353,"gate_40",116,TRUE,FALSE
2556462,"gate_40",9,TRUE,FALSE
2556758,"gate_30",159,TRUE,TRUE
2556838,"gate_40",163,TRUE,TRUE
2557548,"gate_40",2,TRUE,FALSE
2557581,"gate_30",1,FALSE,FALSE
2557657,"gate_40",0,FALSE,TRUE
2557785,"gate_30",68,TRUE,FALSE
2557892,"gate_30",38,TRUE,FALSE
2557923,"gate_40",1,FALSE,FALSE
2557966,"gate_40",43,TRUE,TRUE
2558012,"gate_30",35,TRUE,FALSE
2558158,"gate_40",9,FALSE,FALSE
2558192,"gate_30",51,TRUE,TRUE
2558335,"gate_40",0,FALSE,FALSE
2558340,"gate_30",37,TRUE,TRUE
2558374,"gate_40",0,FALSE,FALSE
2558402,"gate_40",8,FALSE,FALSE
2558704,"gate_30",99,TRUE,TRUE
2559072,"gate_40",3,FALSE,FALSE
2559080,"gate_30",11,FALSE,FALSE
2559122,"gate_40",62,TRUE,TRUE
2559168,"gate_30",81,FALSE,FALSE
2559445,"gate_40",20,FALSE,FALSE
2559453,"gate_40",43,FALSE,FALSE
2559701,"gate_30",8,FALSE,FALSE
2559822,"gate_30",20,TRUE,FALSE
2559880,"gate_40",5,FALSE,FALSE
2559912,"gate_40",110,TRUE,TRUE
2559925,"gate_40",21,FALSE,FALSE
2559983,"gate_40",0,FALSE,FALSE
2560162,"gate_40",2,FALSE,FALSE
2560167,"gate_30",8,FALSE,FALSE
2560394,"gate_40",43,TRUE,FALSE
2560575,"gate_40",287,TRUE,TRUE
2560635,"gate_30",26,TRUE,FALSE
2560783,"gate_40",3,FALSE,FALSE
2560789,"gate_40",34,TRUE,FALSE
2560809,"gate_40",33,FALSE,TRUE
2561044,"gate_40",47,TRUE,FALSE
2561245,"gate_30",23,FALSE,FALSE
2561299,"gate_40",7,TRUE,FALSE
2561489,"gate_30",2,FALSE,FALSE
2561537,"gate_40",2,FALSE,FALSE
2561787,"gate_30",67,TRUE,TRUE
2561891,"gate_30",5,FALSE,FALSE
2561907,"gate_40",2,FALSE,FALSE
2562017,"gate_30",4,FALSE,FALSE
2562119,"gate_40",12,TRUE,FALSE
2562214,"gate_30",17,TRUE,FALSE
2562323,"gate_30",4,TRUE,FALSE
2562349,"gate_40",3,FALSE,FALSE
2562364,"gate_30",37,FALSE,FALSE
2562462,"gate_30",3,TRUE,FALSE
2562507,"gate_30",149,TRUE,TRUE
2562508,"gate_40",171,TRUE,TRUE
2562915,"gate_30",14,FALSE,FALSE
2562952,"gate_40",2,FALSE,FALSE
2562983,"gate_40",20,FALSE,TRUE
2563034,"gate_40",14,TRUE,FALSE
2563073,"gate_40",6,TRUE,FALSE
2563150,"gate_30",157,TRUE,FALSE
2563155,"gate_40",13,FALSE,FALSE
2563259,"gate_40",15,FALSE,FALSE
2563319,"gate_30",24,FALSE,FALSE
2563451,"gate_30",45,TRUE,FALSE
2563474,"gate_40",0,FALSE,FALSE
2563495,"gate_40",128,FALSE,TRUE
2563735,"gate_30",37,TRUE,FALSE
2563775,"gate_40",4,FALSE,FALSE
2563787,"gate_40",26,TRUE,FALSE
2564005,"gate_30",13,TRUE,FALSE
2564072,"gate_40",108,TRUE,FALSE
2564209,"gate_40",7,TRUE,FALSE
2564315,"gate_40",4,FALSE,FALSE
2564521,"gate_30",183,TRUE,TRUE
2564558,"gate_40",0,FALSE,FALSE
2564629,"gate_40",6,FALSE,FALSE
2564816,"gate_30",15,FALSE,FALSE
2565026,"gate_30",6,FALSE,FALSE
2565256,"gate_40",51,TRUE,FALSE
2565272,"gate_30",8,TRUE,FALSE
2565295,"gate_40",8,FALSE,FALSE
2565547,"gate_30",21,TRUE,FALSE
2565639,"gate_30",17,FALSE,FALSE
2565850,"gate_30",13,TRUE,FALSE
2565920,"gate_40",9,FALSE,FALSE
2566006,"gate_30",9,TRUE,FALSE
2566071,"gate_30",286,TRUE,TRUE
2566121,"gate_40",4,FALSE,FALSE
2566195,"gate_40",2,FALSE,FALSE
2566367,"gate_30",15,TRUE,FALSE
2566372,"gate_40",219,TRUE,TRUE
2566397,"gate_40",12,TRUE,FALSE
2566638,"gate_30",19,FALSE,FALSE
2566728,"gate_40",5,FALSE,FALSE
2566747,"gate_40",20,FALSE,FALSE
2566914,"gate_40",31,TRUE,FALSE
2567004,"gate_30",336,TRUE,TRUE
2567079,"gate_30",17,FALSE,FALSE
2567146,"gate_30",16,FALSE,FALSE
2567178,"gate_30",1,TRUE,FALSE
2567359,"gate_30",1,FALSE,FALSE
2567718,"gate_30",21,TRUE,TRUE
2568041,"gate_40",3,FALSE,FALSE
2568089,"gate_30",5,FALSE,FALSE
2568105,"gate_40",819,TRUE,TRUE
2568161,"gate_30",27,TRUE,FALSE
2568234,"gate_30",245,TRUE,FALSE
2568287,"gate_40",23,FALSE,FALSE
2568596,"gate_40",1,TRUE,FALSE
2568626,"gate_30",6,FALSE,FALSE
2568728,"gate_40",39,TRUE,FALSE
2568761,"gate_30",11,TRUE,FALSE
2568850,"gate_30",10,FALSE,FALSE
2569001,"gate_40",31,TRUE,FALSE
2569027,"gate_30",47,TRUE,FALSE
2569105,"gate_30",21,TRUE,FALSE
2569305,"gate_40",6,FALSE,TRUE
2569473,"gate_40",21,TRUE,FALSE
2569485,"gate_40",23,FALSE,FALSE
2569525,"gate_30",2,FALSE,FALSE
2569561,"gate_40",35,FALSE,FALSE
2569585,"gate_40",8,FALSE,FALSE
2569838,"gate_40",2,FALSE,FALSE
2569993,"gate_40",8,FALSE,FALSE
2570134,"gate_30",3,FALSE,FALSE
2570438,"gate_30",8,TRUE,FALSE
2570854,"gate_40",48,FALSE,TRUE
2570894,"gate_30",7,TRUE,FALSE
2571033,"gate_30",28,TRUE,FALSE
2571190,"gate_40",4,FALSE,FALSE
2571476,"gate_30",5,FALSE,FALSE
2571542,"gate_40",182,TRUE,TRUE
2571621,"gate_40",25,TRUE,FALSE
2571648,"gate_40",7,FALSE,FALSE
2571705,"gate_40",93,TRUE,FALSE
2571828,"gate_30",5,FALSE,FALSE
2571855,"gate_30",252,TRUE,TRUE
2571915,"gate_40",7,FALSE,FALSE
2571942,"gate_40",720,TRUE,TRUE
2571968,"gate_40",14,FALSE,FALSE
2572124,"gate_30",15,FALSE,FALSE
2572274,"gate_30",4,FALSE,FALSE
2572426,"gate_30",3,FALSE,FALSE
2572479,"gate_40",3,FALSE,FALSE
2572500,"gate_40",22,TRUE,FALSE
2572549,"gate_40",1,FALSE,FALSE
2572555,"gate_40",13,FALSE,FALSE
2572625,"gate_30",0,FALSE,FALSE
2572712,"gate_40",97,TRUE,FALSE
2572857,"gate_30",17,TRUE,FALSE
2572897,"gate_40",13,FALSE,FALSE
2572926,"gate_30",52,TRUE,FALSE
2573420,"gate_40",23,TRUE,FALSE
2573535,"gate_30",17,FALSE,FALSE
2573761,"gate_40",12,FALSE,FALSE
2573848,"gate_30",0,FALSE,FALSE
2573893,"gate_30",25,FALSE,FALSE
2574005,"gate_30",1159,TRUE,TRUE
2574054,"gate_40",31,TRUE,FALSE
2574262,"gate_30",124,TRUE,TRUE
2574292,"gate_30",2,FALSE,FALSE
2574385,"gate_30",20,FALSE,FALSE
2574431,"gate_40",5,FALSE,FALSE
2574669,"gate_30",1,FALSE,FALSE
2574681,"gate_40",10,TRUE,FALSE
2574686,"gate_40",9,TRUE,FALSE
2574927,"gate_30",68,FALSE,FALSE
2575051,"gate_40",59,TRUE,FALSE
2575140,"gate_30",11,TRUE,FALSE
2575320,"gate_40",12,TRUE,FALSE
2575347,"gate_40",14,TRUE,FALSE
2575471,"gate_30",69,TRUE,TRUE
2575492,"gate_30",61,TRUE,FALSE
2575513,"gate_30",84,TRUE,FALSE
2575551,"gate_40",10,FALSE,FALSE
2575638,"gate_40",25,FALSE,FALSE
2575661,"gate_40",3,FALSE,FALSE
2575838,"gate_30",5,FALSE,FALSE
2575973,"gate_40",27,FALSE,TRUE
2576148,"gate_30",2,FALSE,FALSE
2576170,"gate_40",9,FALSE,FALSE
2576298,"gate_40",8,FALSE,FALSE
2576363,"gate_30",129,TRUE,TRUE
2576513,"gate_40",31,TRUE,FALSE
2576990,"gate_40",11,TRUE,FALSE
2577015,"gate_30",10,FALSE,FALSE
2577120,"gate_30",62,TRUE,TRUE
2577252,"gate_30",49,TRUE,FALSE
2577384,"gate_30",102,TRUE,FALSE
2577434,"gate_30",4,FALSE,FALSE
2577655,"gate_30",21,TRUE,FALSE
2577777,"gate_30",39,TRUE,FALSE
2577857,"gate_30",36,TRUE,TRUE
2577927,"gate_30",1,FALSE,FALSE
2577949,"gate_30",4,FALSE,FALSE
2577997,"gate_30",48,TRUE,TRUE
2578119,"gate_40",9,TRUE,FALSE
2578148,"gate_40",27,TRUE,FALSE
2578174,"gate_30",199,TRUE,TRUE
2578279,"gate_30",3,FALSE,FALSE
2578316,"gate_40",5,FALSE,FALSE
2578353,"gate_30",13,TRUE,TRUE
2578372,"gate_40",3,FALSE,FALSE
2578500,"gate_40",5,TRUE,FALSE
2578553,"gate_40",32,TRUE,FALSE
2578555,"gate_40",45,TRUE,TRUE
2578609,"gate_30",18,FALSE,FALSE
2578751,"gate_40",1,FALSE,FALSE
2578758,"gate_30",1,FALSE,FALSE
2578838,"gate_30",5,FALSE,FALSE
2578855,"gate_30",17,TRUE,TRUE
2578870,"gate_40",59,FALSE,TRUE
2578915,"gate_30",82,FALSE,TRUE
2578941,"gate_30",15,TRUE,TRUE
2579119,"gate_30",42,FALSE,TRUE
2579169,"gate_30",153,TRUE,TRUE
2579261,"gate_30",99,TRUE,TRUE
2579279,"gate_30",5,FALSE,FALSE
2579442,"gate_30",0,FALSE,FALSE
2579446,"gate_30",0,FALSE,FALSE
2579458,"gate_40",104,TRUE,TRUE
2579460,"gate_30",13,FALSE,FALSE
2579513,"gate_40",4,FALSE,FALSE
2580017,"gate_30",10,TRUE,FALSE
2580068,"gate_40",3,FALSE,FALSE
2580072,"gate_30",231,TRUE,TRUE
2580078,"gate_40",28,FALSE,FALSE
2580434,"gate_40",55,FALSE,FALSE
2580799,"gate_40",124,TRUE,TRUE
2580806,"gate_30",15,TRUE,FALSE
2580946,"gate_30",2,FALSE,FALSE
2580950,"gate_30",9,FALSE,FALSE
2580999,"gate_30",51,FALSE,FALSE
2581034,"gate_30",7,FALSE,FALSE
2581077,"gate_30",9,FALSE,TRUE
2581142,"gate_40",21,TRUE,FALSE
2581184,"gate_40",54,TRUE,FALSE
2581485,"gate_40",7,FALSE,FALSE
2581652,"gate_40",23,FALSE,FALSE
2581756,"gate_40",16,TRUE,TRUE
2581857,"gate_30",377,TRUE,TRUE
2581877,"gate_40",4,FALSE,FALSE
2582095,"gate_40",342,TRUE,TRUE
2582256,"gate_40",88,TRUE,FALSE
2582418,"gate_30",2,FALSE,FALSE
2582729,"gate_30",79,FALSE,FALSE
2582876,"gate_40",1,FALSE,FALSE
2583039,"gate_30",49,TRUE,FALSE
2583114,"gate_30",16,FALSE,FALSE
2583149,"gate_40",3,FALSE,FALSE
2583238,"gate_40",20,TRUE,FALSE
2583269,"gate_30",1,FALSE,FALSE
2583328,"gate_40",14,FALSE,FALSE
2583363,"gate_30",30,TRUE,FALSE
2583645,"gate_30",1,FALSE,FALSE
2583646,"gate_30",96,TRUE,TRUE
2583707,"gate_30",141,TRUE,TRUE
2583740,"gate_40",12,FALSE,FALSE
2583890,"gate_30",3,FALSE,FALSE
2584377,"gate_40",17,TRUE,FALSE
2584380,"gate_40",107,TRUE,TRUE
2584449,"gate_30",6,FALSE,FALSE
2584632,"gate_30",27,FALSE,FALSE
2584708,"gate_30",0,FALSE,FALSE
2584724,"gate_30",65,FALSE,FALSE
2584820,"gate_40",14,FALSE,FALSE
2584933,"gate_30",34,TRUE,FALSE
2584959,"gate_30",5,FALSE,FALSE
2584968,"gate_30",15,TRUE,FALSE
2585047,"gate_30",19,FALSE,FALSE
2585075,"gate_40",7,FALSE,FALSE
2585121,"gate_40",2,FALSE,FALSE
2585151,"gate_40",8,FALSE,FALSE
2585260,"gate_30",28,TRUE,FALSE
2585307,"gate_40",11,FALSE,FALSE
2585355,"gate_30",4,FALSE,FALSE
2585437,"gate_40",6,FALSE,FALSE
2585461,"gate_30",26,FALSE,FALSE
2585695,"gate_40",20,TRUE,TRUE
2585813,"gate_30",32,TRUE,FALSE
2585941,"gate_40",5,FALSE,FALSE
2586045,"gate_30",90,TRUE,FALSE
2586408,"gate_30",1,FALSE,FALSE
2586987,"gate_40",90,TRUE,FALSE
2587004,"gate_40",2,FALSE,FALSE
2587076,"gate_30",33,FALSE,FALSE
2587161,"gate_30",45,TRUE,TRUE
2587342,"gate_40",7,FALSE,TRUE
2587508,"gate_30",35,TRUE,FALSE
2587640,"gate_30",15,TRUE,FALSE
2587775,"gate_40",1,FALSE,FALSE
2587935,"gate_40",13,FALSE,FALSE
2588303,"gate_40",128,TRUE,TRUE
2588380,"gate_30",39,FALSE,FALSE
2588393,"gate_30",21,TRUE,TRUE
2588514,"gate_40",2,FALSE,FALSE
2588665,"gate_30",0,FALSE,FALSE
2588695,"gate_30",42,TRUE,TRUE
2588764,"gate_30",316,TRUE,TRUE
2588782,"gate_40",455,TRUE,FALSE
2588960,"gate_40",13,FALSE,FALSE
2589004,"gate_30",8,FALSE,FALSE
2589067,"gate_40",8,FALSE,FALSE
2589109,"gate_30",3,FALSE,FALSE
2589347,"gate_40",256,TRUE,TRUE
2589365,"gate_40",58,TRUE,FALSE
2589485,"gate_30",48,FALSE,TRUE
2589579,"gate_30",3,FALSE,FALSE
2589798,"gate_40",7,FALSE,FALSE
2590042,"gate_30",2,FALSE,FALSE
2590146,"gate_30",37,TRUE,FALSE
2590169,"gate_30",17,FALSE,TRUE
2590353,"gate_30",47,TRUE,FALSE
2590407,"gate_30",32,TRUE,TRUE
2590445,"gate_40",17,FALSE,FALSE
2590651,"gate_40",20,TRUE,FALSE
2590685,"gate_40",5,TRUE,FALSE
2590758,"gate_40",65,TRUE,FALSE
2590972,"gate_40",12,FALSE,FALSE
2590977,"gate_40",2,FALSE,FALSE
2590995,"gate_40",6,TRUE,FALSE
2591245,"gate_40",13,FALSE,FALSE
2591262,"gate_40",8,FALSE,FALSE
2591369,"gate_30",20,TRUE,FALSE
2591730,"gate_40",7,FALSE,FALSE
2591764,"gate_40",1,FALSE,FALSE
2591863,"gate_40",54,TRUE,FALSE
2591909,"gate_40",21,TRUE,FALSE
2592135,"gate_40",188,TRUE,TRUE
2592194,"gate_30",1,FALSE,FALSE
2592210,"gate_30",6,FALSE,FALSE
2592293,"gate_40",6,FALSE,FALSE
2592309,"gate_40",149,TRUE,TRUE
2592548,"gate_30",15,FALSE,FALSE
2592559,"gate_30",63,TRUE,FALSE
2592586,"gate_40",30,TRUE,FALSE
2592595,"gate_30",17,TRUE,FALSE
2592671,"gate_30",2,FALSE,FALSE
2592782,"gate_40",44,TRUE,TRUE
2592816,"gate_30",395,TRUE,TRUE
2592969,"gate_40",0,FALSE,FALSE
2593000,"gate_40",11,FALSE,FALSE
2593463,"gate_40",36,TRUE,FALSE
2593484,"gate_30",1,FALSE,FALSE
2593555,"gate_40",8,FALSE,FALSE
2593735,"gate_30",14,TRUE,FALSE
2593806,"gate_40",13,TRUE,FALSE
2593888,"gate_40",33,TRUE,FALSE
2593940,"gate_30",1,FALSE,FALSE
2593946,"gate_30",0,FALSE,FALSE
2594004,"gate_40",26,TRUE,TRUE
2594089,"gate_30",3,FALSE,FALSE
2594342,"gate_30",24,FALSE,FALSE
2594646,"gate_40",3,FALSE,FALSE
2594812,"gate_30",1,FALSE,FALSE
2594860,"gate_30",3,FALSE,FALSE
2594890,"gate_40",9,FALSE,FALSE
2594923,"gate_40",500,TRUE,TRUE
2594959,"gate_30",26,TRUE,FALSE
2594961,"gate_30",32,TRUE,TRUE
2595334,"gate_30",35,TRUE,FALSE
2595340,"gate_30",1,FALSE,FALSE
2595361,"gate_30",150,TRUE,FALSE
2595381,"gate_40",76,TRUE,FALSE
2595464,"gate_30",49,FALSE,FALSE
2595559,"gate_40",39,TRUE,TRUE
2595626,"gate_30",68,TRUE,FALSE
2595899,"gate_30",5,FALSE,FALSE
2596036,"gate_40",13,FALSE,FALSE
2596069,"gate_40",8,FALSE,FALSE
2596509,"gate_30",9,TRUE,FALSE
2596554,"gate_30",97,TRUE,FALSE
2596572,"gate_30",4,FALSE,FALSE
2596583,"gate_40",13,FALSE,FALSE
2596603,"gate_40",17,TRUE,TRUE
2596615,"gate_40",57,TRUE,TRUE
2596705,"gate_40",43,TRUE,FALSE
2596738,"gate_30",131,TRUE,TRUE
2596809,"gate_40",10,FALSE,FALSE
2596994,"gate_30",7,FALSE,FALSE
2597242,"gate_30",16,TRUE,FALSE
2597300,"gate_30",55,TRUE,FALSE
2597488,"gate_30",4,FALSE,FALSE
2597533,"gate_40",50,TRUE,TRUE
2597563,"gate_30",4,FALSE,FALSE
2597912,"gate_30",0,FALSE,FALSE
2597932,"gate_40",15,TRUE,FALSE
2597968,"gate_40",33,FALSE,FALSE
2597991,"gate_30",2,FALSE,FALSE
2598063,"gate_40",31,TRUE,FALSE
2598091,"gate_40",30,TRUE,FALSE
2598392,"gate_30",7,FALSE,FALSE
2598523,"gate_40",25,FALSE,FALSE
2598653,"gate_30",202,TRUE,FALSE
2598698,"gate_40",13,TRUE,FALSE
2598804,"gate_30",27,TRUE,FALSE
2598973,"gate_40",17,FALSE,TRUE
2599071,"gate_30",6,FALSE,FALSE
2599094,"gate_40",424,TRUE,TRUE
2599121,"gate_30",70,TRUE,FALSE
2599154,"gate_30",11,FALSE,FALSE
2599196,"gate_30",26,TRUE,FALSE
2599320,"gate_40",8,TRUE,FALSE
2599453,"gate_40",32,FALSE,TRUE
2599518,"gate_40",11,FALSE,FALSE
2599639,"gate_30",20,FALSE,FALSE
2599735,"gate_30",22,TRUE,FALSE
2600199,"gate_30",12,FALSE,FALSE
2600459,"gate_40",40,FALSE,FALSE
2600627,"gate_40",4,FALSE,FALSE
2600708,"gate_40",0,FALSE,FALSE
2600716,"gate_30",29,TRUE,FALSE
2600726,"gate_40",117,TRUE,FALSE
2600757,"gate_40",37,FALSE,FALSE
2600806,"gate_40",39,TRUE,FALSE
2600853,"gate_40",8,FALSE,FALSE
2600995,"gate_30",4,FALSE,FALSE
2601138,"gate_40",9,FALSE,FALSE
2601151,"gate_40",25,FALSE,FALSE
2601310,"gate_30",19,FALSE,FALSE
2601342,"gate_40",86,TRUE,FALSE
2601474,"gate_40",41,TRUE,FALSE
2601477,"gate_40",0,FALSE,FALSE
2601480,"gate_40",8,FALSE,FALSE
2601492,"gate_30",62,TRUE,TRUE
2601755,"gate_30",15,FALSE,FALSE
2601999,"gate_30",1,FALSE,FALSE
2602106,"gate_40",56,TRUE,FALSE
2602255,"gate_40",24,TRUE,FALSE
2602291,"gate_40",290,TRUE,TRUE
2602759,"gate_40",8,FALSE,FALSE
2602797,"gate_40",4,FALSE,FALSE
2603695,"gate_40",2,FALSE,FALSE
2603699,"gate_40",96,FALSE,FALSE
2603700,"gate_40",35,TRUE,FALSE
2603739,"gate_40",38,TRUE,FALSE
2603747,"gate_40",25,TRUE,FALSE
2603770,"gate_30",10,TRUE,FALSE
2604020,"gate_30",14,FALSE,FALSE
2604655,"gate_40",226,FALSE,FALSE
2604723,"gate_40",2,FALSE,FALSE
2604892,"gate_30",112,TRUE,FALSE
2604918,"gate_40",13,TRUE,FALSE
2605046,"gate_40",3,FALSE,FALSE
2605113,"gate_30",78,FALSE,FALSE
2605135,"gate_30",72,TRUE,FALSE
2605242,"gate_30",15,FALSE,FALSE
2605425,"gate_30",12,FALSE,TRUE
2605541,"gate_30",23,FALSE,FALSE
2605900,"gate_30",18,TRUE,FALSE
2605939,"gate_40",16,FALSE,FALSE
2606150,"gate_30",17,TRUE,FALSE
2606180,"gate_30",2,FALSE,FALSE
2606507,"gate_40",26,TRUE,FALSE
2606748,"gate_30",2,FALSE,FALSE
2606776,"gate_40",27,FALSE,FALSE
2606802,"gate_30",6,FALSE,FALSE
2606818,"gate_40",173,FALSE,FALSE
2607121,"gate_40",5,FALSE,FALSE
2607224,"gate_30",0,FALSE,FALSE
2607287,"gate_30",50,TRUE,FALSE
2607534,"gate_30",109,TRUE,TRUE
2607631,"gate_40",20,FALSE,FALSE
2607920,"gate_30",0,FALSE,FALSE
2608195,"gate_30",14,FALSE,FALSE
2608199,"gate_40",57,TRUE,FALSE
2608285,"gate_40",18,FALSE,FALSE
2608346,"gate_30",261,TRUE,TRUE
2608363,"gate_30",216,TRUE,TRUE
2608412,"gate_30",0,FALSE,FALSE
2608539,"gate_30",29,TRUE,FALSE
2608623,"gate_30",2,FALSE,FALSE
2608789,"gate_40",2,FALSE,FALSE
2608980,"gate_30",66,TRUE,FALSE
2609021,"gate_30",221,TRUE,TRUE
2609169,"gate_40",9,FALSE,FALSE
2609324,"gate_30",1,FALSE,FALSE
2609380,"gate_40",6,TRUE,FALSE
2609595,"gate_30",36,FALSE,FALSE
2609611,"gate_30",8,TRUE,FALSE
2609652,"gate_40",1,FALSE,FALSE
2609711,"gate_40",4,FALSE,FALSE
2609843,"gate_40",3,FALSE,FALSE
2609901,"gate_40",40,TRUE,FALSE
2609912,"gate_30",8,TRUE,FALSE
2610056,"gate_30",172,TRUE,TRUE
2610386,"gate_30",17,FALSE,FALSE
2610543,"gate_30",1,FALSE,FALSE
2610635,"gate_30",9,FALSE,FALSE
2610667,"gate_30",10,FALSE,FALSE
2610697,"gate_40",27,FALSE,FALSE
2610768,"gate_40",280,FALSE,TRUE
2610811,"gate_40",129,TRUE,FALSE
2610855,"gate_30",32,FALSE,FALSE
2610860,"gate_30",3,FALSE,FALSE
2610918,"gate_40",78,TRUE,FALSE
2611157,"gate_30",6,FALSE,FALSE
2611174,"gate_30",22,TRUE,FALSE
2611185,"gate_30",2,FALSE,FALSE
2611351,"gate_40",106,TRUE,TRUE
2611392,"gate_30",134,TRUE,FALSE
2611404,"gate_40",297,TRUE,TRUE
2611505,"gate_40",1,FALSE,FALSE
2611562,"gate_30",2,FALSE,FALSE
2611689,"gate_30",72,FALSE,FALSE
2611713,"gate_30",1,FALSE,FALSE
2611792,"gate_30",485,TRUE,TRUE
2611919,"gate_30",7,TRUE,FALSE
2611941,"gate_30",8,FALSE,FALSE
2612014,"gate_40",46,FALSE,TRUE
2612072,"gate_30",1,FALSE,FALSE
2612093,"gate_40",5,FALSE,FALSE
2612112,"gate_40",5,FALSE,FALSE
2612141,"gate_40",24,TRUE,FALSE
2612165,"gate_40",160,TRUE,TRUE
2612457,"gate_40",20,TRUE,FALSE
2612670,"gate_40",82,TRUE,FALSE
2612799,"gate_40",96,TRUE,FALSE
2612848,"gate_30",39,TRUE,FALSE
2612854,"gate_40",11,TRUE,FALSE
2612869,"gate_40",85,TRUE,FALSE
2613093,"gate_40",95,TRUE,FALSE
2613115,"gate_30",4,FALSE,FALSE
2613145,"gate_30",42,TRUE,FALSE
2613158,"gate_40",121,TRUE,TRUE
2613386,"gate_30",108,TRUE,FALSE
2613518,"gate_40",12,FALSE,FALSE
2613627,"gate_40",4,FALSE,FALSE
2613846,"gate_30",65,TRUE,FALSE
2613881,"gate_40",4,FALSE,FALSE
2614002,"gate_30",15,FALSE,FALSE
2614283,"gate_30",11,FALSE,FALSE
2614367,"gate_40",78,TRUE,TRUE
2614477,"gate_30",50,TRUE,FALSE
2614561,"gate_30",14,TRUE,FALSE
2614573,"gate_40",15,FALSE,FALSE
2614679,"gate_40",18,TRUE,FALSE
2614729,"gate_40",49,FALSE,FALSE
2614733,"gate_40",6,FALSE,FALSE
2614910,"gate_40",7,FALSE,FALSE
2615167,"gate_40",1,TRUE,FALSE
2615275,"gate_40",2,FALSE,FALSE
2615360,"gate_30",32,FALSE,FALSE
2615417,"gate_30",1,FALSE,FALSE
2615479,"gate_30",25,FALSE,FALSE
2615709,"gate_30",18,FALSE,FALSE
2615742,"gate_30",3,FALSE,FALSE
2615840,"gate_30",494,TRUE,TRUE
2615959,"gate_40",16,FALSE,FALSE
2615976,"gate_30",15,FALSE,FALSE
2616046,"gate_30",6,FALSE,FALSE
2616082,"gate_40",56,TRUE,FALSE
2616131,"gate_30",21,TRUE,FALSE
2616132,"gate_40",1,FALSE,FALSE
2616134,"gate_30",4,FALSE,FALSE
2616152,"gate_30",603,TRUE,TRUE
2616257,"gate_40",11,FALSE,FALSE
2616332,"gate_40",63,TRUE,TRUE
2616535,"gate_30",50,TRUE,FALSE
2616753,"gate_30",43,TRUE,FALSE
2616937,"gate_30",12,FALSE,FALSE
2616964,"gate_40",12,FALSE,FALSE
2617191,"gate_30",69,TRUE,FALSE
2617203,"gate_30",2,FALSE,FALSE
2617222,"gate_40",1,FALSE,FALSE
2617299,"gate_40",82,FALSE,TRUE
2617973,"gate_30",22,TRUE,FALSE
2617976,"gate_30",154,TRUE,TRUE
2618086,"gate_30",569,TRUE,TRUE
2618306,"gate_40",9,TRUE,FALSE
2618435,"gate_30",2,FALSE,FALSE
2618439,"gate_40",5,FALSE,FALSE
2618471,"gate_30",9,FALSE,FALSE
2618543,"gate_30",8,FALSE,FALSE
2618855,"gate_40",1,FALSE,TRUE
2619134,"gate_40",26,TRUE,FALSE
2619271,"gate_30",1,FALSE,FALSE
2619280,"gate_30",6,TRUE,FALSE
2619311,"gate_30",3,FALSE,FALSE
2619326,"gate_30",14,FALSE,FALSE
2619369,"gate_40",119,TRUE,FALSE
2619637,"gate_30",20,FALSE,FALSE
2619815,"gate_30",14,TRUE,TRUE
2619840,"gate_30",7,FALSE,FALSE
2619842,"gate_30",15,TRUE,FALSE
2619917,"gate_40",5,FALSE,FALSE
2619997,"gate_40",0,FALSE,FALSE
2620016,"gate_40",29,TRUE,FALSE
2620052,"gate_30",928,TRUE,TRUE
2620354,"gate_30",9,FALSE,TRUE
2620406,"gate_30",17,FALSE,FALSE
2620469,"gate_30",16,FALSE,FALSE
2620545,"gate_30",174,TRUE,TRUE
2620991,"gate_40",1,FALSE,FALSE
2621117,"gate_40",19,FALSE,TRUE
2621202,"gate_30",1,FALSE,FALSE
2621209,"gate_30",1,FALSE,FALSE
2621247,"gate_30",49,TRUE,FALSE
2621522,"gate_40",25,TRUE,FALSE
2621533,"gate_30",4,FALSE,FALSE
2621550,"gate_40",74,FALSE,FALSE
2621611,"gate_30",1,FALSE,FALSE
2621741,"gate_30",50,TRUE,FALSE
2621949,"gate_40",264,TRUE,TRUE
2622017,"gate_40",228,TRUE,TRUE
2622360,"gate_30",30,FALSE,FALSE
2622400,"gate_30",193,TRUE,TRUE
2622576,"gate_30",149,TRUE,TRUE
2622610,"gate_40",81,TRUE,FALSE
2622697,"gate_40",0,FALSE,FALSE
2622732,"gate_30",8,FALSE,FALSE
2622747,"gate_40",37,FALSE,FALSE
2622793,"gate_40",58,TRUE,TRUE
2622807,"gate_40",1,FALSE,FALSE
2622826,"gate_30",0,FALSE,FALSE
2622887,"gate_30",6,FALSE,FALSE
2622972,"gate_30",13,FALSE,FALSE
2622979,"gate_40",4,FALSE,FALSE
2623026,"gate_40",0,FALSE,FALSE
2623186,"gate_30",5,FALSE,FALSE
2623192,"gate_40",10,FALSE,FALSE
2623381,"gate_30",1,FALSE,FALSE
2623450,"gate_30",15,FALSE,FALSE
2623466,"gate_40",51,TRUE,FALSE
2623515,"gate_30",36,TRUE,FALSE
2623647,"gate_40",17,FALSE,FALSE
2623701,"gate_30",80,TRUE,FALSE
2623889,"gate_40",72,TRUE,FALSE
2624022,"gate_30",0,FALSE,FALSE
2624054,"gate_30",58,TRUE,FALSE
2624086,"gate_30",4,FALSE,FALSE
2624131,"gate_30",281,TRUE,FALSE
2624220,"gate_30",16,FALSE,FALSE
2624277,"gate_40",8,FALSE,FALSE
2624293,"gate_30",3,FALSE,FALSE
2624365,"gate_30",0,FALSE,FALSE
2624566,"gate_30",89,TRUE,TRUE
2624596,"gate_30",70,TRUE,TRUE
2624610,"gate_30",3,FALSE,FALSE
2624632,"gate_30",44,TRUE,FALSE
2624932,"gate_30",53,FALSE,TRUE
2625140,"gate_30",17,FALSE,FALSE
2625199,"gate_40",101,TRUE,FALSE
2625305,"gate_30",2,FALSE,FALSE
2625524,"gate_40",1079,TRUE,TRUE
2625544,"gate_40",6,FALSE,FALSE
2625832,"gate_30",5,FALSE,FALSE
2625959,"gate_40",23,TRUE,FALSE
2626200,"gate_30",72,TRUE,FALSE
2626424,"gate_30",5,FALSE,FALSE
2626649,"gate_40",27,FALSE,FALSE
2626757,"gate_30",23,TRUE,FALSE
2626847,"gate_40",29,TRUE,FALSE
2626932,"gate_40",10,FALSE,FALSE
2626952,"gate_30",74,TRUE,FALSE
2627210,"gate_40",1,FALSE,FALSE
2627374,"gate_40",2,FALSE,FALSE
2627517,"gate_30",4,TRUE,FALSE
2627549,"gate_40",6,FALSE,FALSE
2627753,"gate_40",41,FALSE,FALSE
2627851,"gate_40",238,TRUE,TRUE
2628215,"gate_40",36,FALSE,FALSE
2628491,"gate_40",5,FALSE,FALSE
2628590,"gate_30",245,TRUE,FALSE
2628597,"gate_40",16,FALSE,FALSE
2628714,"gate_40",0,FALSE,FALSE
2628823,"gate_30",5,FALSE,FALSE
2628937,"gate_30",2,FALSE,FALSE
2628952,"gate_40",82,FALSE,FALSE
2629021,"gate_40",14,FALSE,FALSE
2629292,"gate_30",69,TRUE,FALSE
2629298,"gate_40",57,TRUE,TRUE
2629409,"gate_40",18,FALSE,FALSE
2629454,"gate_40",37,FALSE,FALSE
2629496,"gate_40",68,TRUE,FALSE
2629544,"gate_30",2,FALSE,FALSE
2629565,"gate_40",117,FALSE,TRUE
2629670,"gate_30",21,FALSE,FALSE
2629673,"gate_30",4,FALSE,FALSE
2629730,"gate_40",2,FALSE,FALSE
2629945,"gate_40",2,FALSE,FALSE
2630143,"gate_30",73,FALSE,FALSE
2630150,"gate_40",28,FALSE,FALSE
2630190,"gate_30",13,FALSE,FALSE
2630222,"gate_30",5,TRUE,FALSE
2630223,"gate_30",6,FALSE,FALSE
2630336,"gate_40",4,FALSE,FALSE
2630397,"gate_30",39,TRUE,FALSE
2630613,"gate_40",125,TRUE,TRUE
2630652,"gate_30",4,FALSE,FALSE
2631049,"gate_30",7,FALSE,FALSE
2631102,"gate_30",1,TRUE,FALSE
2631326,"gate_40",3,FALSE,FALSE
2631369,"gate_40",2,FALSE,FALSE
2631688,"gate_30",11,FALSE,FALSE
2631858,"gate_30",36,TRUE,TRUE
2631984,"gate_40",2,FALSE,FALSE
2631999,"gate_30",1,FALSE,FALSE
2632267,"gate_30",7,FALSE,FALSE
2632330,"gate_30",66,TRUE,FALSE
2632512,"gate_40",2,FALSE,FALSE
2632533,"gate_30",11,FALSE,FALSE
2632666,"gate_30",42,TRUE,FALSE
2632889,"gate_30",256,TRUE,FALSE
2632896,"gate_30",4,FALSE,FALSE
2632900,"gate_30",1,FALSE,FALSE
2633047,"gate_30",1,FALSE,FALSE
2633115,"gate_40",11,FALSE,FALSE
2633151,"gate_30",1,FALSE,FALSE
2633263,"gate_40",391,TRUE,TRUE
2633691,"gate_30",26,FALSE,FALSE
2633975,"gate_30",57,TRUE,FALSE
2633988,"gate_40",156,TRUE,TRUE
2634065,"gate_40",1,FALSE,FALSE
2634131,"gate_40",204,TRUE,FALSE
2634294,"gate_30",175,TRUE,TRUE
2634371,"gate_40",8,FALSE,FALSE
2634400,"gate_40",70,FALSE,TRUE
2634407,"gate_30",0,FALSE,FALSE
2634899,"gate_30",97,FALSE,FALSE
2634909,"gate_30",45,TRUE,FALSE
2634935,"gate_40",38,FALSE,TRUE
2634992,"gate_30",7,FALSE,FALSE
2635049,"gate_30",8,FALSE,FALSE
2635072,"gate_30",355,TRUE,FALSE
2635144,"gate_30",90,TRUE,FALSE
2635182,"gate_30",23,TRUE,TRUE
2635197,"gate_40",73,TRUE,FALSE
2635206,"gate_40",7,FALSE,TRUE
2635311,"gate_30",27,TRUE,FALSE
2635333,"gate_30",28,FALSE,FALSE
2635513,"gate_40",39,TRUE,TRUE
2635535,"gate_40",21,TRUE,FALSE
2635539,"gate_30",15,FALSE,FALSE
2635626,"gate_40",34,FALSE,TRUE
2635818,"gate_40",9,FALSE,FALSE
2635965,"gate_30",4,TRUE,FALSE
2636209,"gate_40",3,FALSE,FALSE
2636221,"gate_40",49,FALSE,FALSE
2636242,"gate_40",96,TRUE,FALSE
2636254,"gate_30",8,TRUE,FALSE
2636369,"gate_40",18,TRUE,FALSE
2636377,"gate_40",37,FALSE,TRUE
2636382,"gate_30",9,TRUE,FALSE
2636527,"gate_40",3,FALSE,FALSE
2636879,"gate_40",11,TRUE,TRUE
2637166,"gate_40",2,FALSE,FALSE
2637184,"gate_40",11,TRUE,FALSE
2637210,"gate_40",16,TRUE,FALSE
2637368,"gate_30",9,TRUE,FALSE
2637526,"gate_30",17,TRUE,FALSE
2637770,"gate_30",212,FALSE,TRUE
2638144,"gate_40",17,FALSE,FALSE
2638403,"gate_30",0,FALSE,FALSE
2638474,"gate_40",9,TRUE,FALSE
2638655,"gate_40",19,FALSE,FALSE
2638699,"gate_30",2,FALSE,FALSE
2638875,"gate_30",19,TRUE,FALSE
2638915,"gate_30",42,TRUE,FALSE
2639164,"gate_40",174,TRUE,TRUE
2639282,"gate_40",0,FALSE,FALSE
2639674,"gate_40",73,TRUE,FALSE
2639839,"gate_30",187,TRUE,FALSE
2640111,"gate_40",23,FALSE,FALSE
2640179,"gate_30",5,FALSE,FALSE
2640287,"gate_40",7,TRUE,FALSE
2640338,"gate_30",4,FALSE,FALSE
2640339,"gate_40",24,TRUE,FALSE
2640352,"gate_40",11,TRUE,FALSE
2640394,"gate_30",26,FALSE,FALSE
2640408,"gate_40",3,FALSE,FALSE
2640440,"gate_30",554,TRUE,TRUE
2640587,"gate_40",27,TRUE,FALSE
2640659,"gate_30",19,FALSE,FALSE
2640676,"gate_40",180,TRUE,TRUE
2640747,"gate_40",280,TRUE,FALSE
2640837,"gate_40",3,FALSE,FALSE
2640984,"gate_30",6,FALSE,FALSE
2640987,"gate_40",13,TRUE,FALSE
2641071,"gate_40",5,FALSE,FALSE
2641083,"gate_30",18,FALSE,FALSE
2641165,"gate_40",20,TRUE,FALSE
2641518,"gate_40",2,FALSE,FALSE
2641812,"gate_30",10,FALSE,FALSE
2641958,"gate_30",22,TRUE,FALSE
2642025,"gate_30",231,TRUE,TRUE
2642088,"gate_40",56,FALSE,FALSE
2642096,"gate_40",17,FALSE,FALSE
2642139,"gate_30",1,FALSE,FALSE
2642305,"gate_30",9,FALSE,FALSE
2642386,"gate_40",321,TRUE,TRUE
2642460,"gate_40",57,TRUE,FALSE
2642502,"gate_30",8,TRUE,FALSE
2642566,"gate_40",9,FALSE,FALSE
2642604,"gate_40",5,TRUE,FALSE
2642833,"gate_30",3,FALSE,FALSE
2642861,"gate_40",38,FALSE,FALSE
2642870,"gate_30",43,FALSE,FALSE
2643024,"gate_30",5,FALSE,FALSE
2643091,"gate_40",74,TRUE,FALSE
2643168,"gate_30",31,FALSE,FALSE
2643259,"gate_30",32,TRUE,FALSE
2643352,"gate_30",121,FALSE,TRUE
2643415,"gate_30",2,FALSE,FALSE
2643493,"gate_40",146,TRUE,TRUE
2643533,"gate_30",0,FALSE,FALSE
2643830,"gate_30",133,TRUE,FALSE
2644079,"gate_40",28,FALSE,FALSE
2644128,"gate_40",16,FALSE,TRUE
2644151,"gate_40",34,TRUE,FALSE
2644180,"gate_40",0,FALSE,FALSE
2644204,"gate_40",344,TRUE,TRUE
2644229,"gate_30",44,FALSE,TRUE
2644429,"gate_30",168,TRUE,FALSE
2644461,"gate_30",67,TRUE,FALSE
2644847,"gate_30",3,FALSE,FALSE
2645003,"gate_40",6,FALSE,FALSE
2645191,"gate_30",14,TRUE,FALSE
2645351,"gate_30",55,TRUE,FALSE
2645427,"gate_30",3,FALSE,FALSE
2645696,"gate_40",2,FALSE,FALSE
2645731,"gate_40",4,FALSE,FALSE
2645861,"gate_30",16,TRUE,FALSE
2645890,"gate_40",105,TRUE,FALSE
2645919,"gate_40",26,FALSE,FALSE
2646075,"gate_30",0,FALSE,FALSE
2646312,"gate_40",12,FALSE,FALSE
2646444,"gate_30",115,TRUE,TRUE
2646505,"gate_40",66,TRUE,TRUE
2646528,"gate_40",35,FALSE,TRUE
2646553,"gate_30",9,FALSE,TRUE
2646779,"gate_40",459,TRUE,TRUE
2646893,"gate_30",42,TRUE,FALSE
2647200,"gate_30",3,FALSE,FALSE
2647277,"gate_30",0,FALSE,FALSE
2647438,"gate_30",3,FALSE,FALSE
2647474,"gate_30",35,FALSE,FALSE
2647662,"gate_40",14,FALSE,FALSE
2647739,"gate_40",0,FALSE,FALSE
2647846,"gate_30",39,FALSE,FALSE
2647964,"gate_30",491,TRUE,TRUE
2648313,"gate_30",0,FALSE,FALSE
2648347,"gate_30",15,TRUE,FALSE
2648601,"gate_40",80,TRUE,FALSE
2648644,"gate_30",3,TRUE,FALSE
2648654,"gate_30",3,FALSE,FALSE
2648905,"gate_30",1,FALSE,FALSE
2649020,"gate_40",13,FALSE,FALSE
2649127,"gate_40",8,TRUE,FALSE
2649141,"gate_40",105,TRUE,FALSE
2649150,"gate_40",50,FALSE,TRUE
2649300,"gate_40",15,FALSE,FALSE
2649383,"gate_40",24,TRUE,FALSE
2649810,"gate_40",23,FALSE,FALSE
2649836,"gate_30",5,FALSE,FALSE
2650146,"gate_30",18,FALSE,FALSE
2650165,"gate_40",735,TRUE,TRUE
2650190,"gate_40",22,TRUE,FALSE
2650232,"gate_30",0,FALSE,FALSE
2650370,"gate_40",18,TRUE,FALSE
2650452,"gate_40",10,TRUE,TRUE
2650876,"gate_40",81,TRUE,TRUE
2651073,"gate_30",8,TRUE,FALSE
2651101,"gate_30",184,FALSE,TRUE
2651252,"gate_40",38,TRUE,FALSE
2651347,"gate_40",71,FALSE,FALSE
2651445,"gate_30",64,FALSE,TRUE
2651704,"gate_40",3,FALSE,FALSE
2651792,"gate_40",2,FALSE,FALSE
2651794,"gate_30",0,FALSE,FALSE
2651975,"gate_40",131,TRUE,FALSE
2652116,"gate_30",0,FALSE,FALSE
2652206,"gate_30",7,FALSE,FALSE
2652594,"gate_40",105,TRUE,FALSE
2652652,"gate_40",30,TRUE,FALSE
2652655,"gate_30",295,TRUE,FALSE
2652679,"gate_30",99,TRUE,FALSE
2652687,"gate_30",31,FALSE,FALSE
2652720,"gate_40",8,TRUE,TRUE
2652727,"gate_30",599,TRUE,TRUE
2652797,"gate_30",2,FALSE,FALSE
2652891,"gate_40",16,FALSE,FALSE
2652950,"gate_40",54,TRUE,TRUE
2653265,"gate_40",23,FALSE,TRUE
2653418,"gate_30",7,FALSE,FALSE
2653557,"gate_40",28,FALSE,FALSE
2653702,"gate_30",1,FALSE,FALSE
2653851,"gate_30",21,FALSE,FALSE
2654023,"gate_40",1,FALSE,FALSE
2654101,"gate_40",38,FALSE,FALSE
2654315,"gate_40",18,TRUE,FALSE
2654337,"gate_40",27,TRUE,FALSE
2654561,"gate_40",0,FALSE,FALSE
2655237,"gate_30",1,FALSE,FALSE
2655489,"gate_40",1,FALSE,FALSE
2655490,"gate_30",40,TRUE,TRUE
2655538,"gate_40",4,FALSE,FALSE
2655616,"gate_30",9,FALSE,FALSE
2655628,"gate_30",0,FALSE,FALSE
2655691,"gate_30",21,TRUE,FALSE
2655726,"gate_30",65,TRUE,TRUE
2655740,"gate_40",256,TRUE,TRUE
2655833,"gate_30",52,TRUE,FALSE
2655855,"gate_40",227,TRUE,TRUE
2655903,"gate_30",94,FALSE,FALSE
2655977,"gate_40",6,FALSE,FALSE
2656011,"gate_40",108,TRUE,TRUE
2656212,"gate_40",1,FALSE,FALSE
2656297,"gate_40",11,TRUE,FALSE
2656326,"gate_40",34,FALSE,FALSE
2656379,"gate_30",6,TRUE,FALSE
2656411,"gate_40",63,TRUE,TRUE
2656639,"gate_40",22,FALSE,FALSE
2657001,"gate_30",0,FALSE,FALSE
2657016,"gate_30",499,TRUE,TRUE
2657214,"gate_40",5,TRUE,FALSE
2657294,"gate_30",6,TRUE,FALSE
2657325,"gate_30",3,FALSE,FALSE
2657361,"gate_30",167,TRUE,FALSE
2657362,"gate_30",1,FALSE,FALSE
2657390,"gate_40",6,FALSE,FALSE
2657419,"gate_30",7,TRUE,FALSE
2657481,"gate_40",14,FALSE,FALSE
2657529,"gate_30",38,TRUE,FALSE
2657627,"gate_30",2,FALSE,FALSE
2657682,"gate_40",6,FALSE,FALSE
2657876,"gate_40",28,TRUE,FALSE
2657903,"gate_30",58,FALSE,TRUE
2657952,"gate_40",2,FALSE,FALSE
2658134,"gate_30",0,FALSE,TRUE
2658161,"gate_30",118,TRUE,TRUE
2658369,"gate_30",44,FALSE,FALSE
2658480,"gate_40",26,FALSE,FALSE
2658491,"gate_30",1,FALSE,FALSE
2658541,"gate_30",9,FALSE,FALSE
2658562,"gate_30",8,FALSE,FALSE
2658707,"gate_30",96,TRUE,TRUE
2658941,"gate_30",67,TRUE,FALSE
2658954,"gate_40",1,TRUE,FALSE
2658962,"gate_30",17,FALSE,FALSE
2658998,"gate_30",8,FALSE,FALSE
2659350,"gate_30",52,TRUE,TRUE
2659386,"gate_30",206,TRUE,TRUE
2659507,"gate_30",102,FALSE,TRUE
2659840,"gate_40",34,TRUE,FALSE
2660109,"gate_30",5,FALSE,FALSE
2660482,"gate_30",12,TRUE,FALSE
2660494,"gate_30",4,FALSE,FALSE
2660607,"gate_40",8,FALSE,FALSE
2660710,"gate_40",5,FALSE,FALSE
2660803,"gate_30",6,FALSE,FALSE
2660877,"gate_40",1,FALSE,FALSE
2660881,"gate_40",66,FALSE,TRUE
2660958,"gate_40",91,TRUE,TRUE
2660988,"gate_30",191,TRUE,FALSE
2661021,"gate_40",65,TRUE,TRUE
2661034,"gate_40",0,FALSE,FALSE
2661131,"gate_30",14,FALSE,FALSE
2661144,"gate_40",1,FALSE,FALSE
2661387,"gate_40",28,TRUE,FALSE
2661468,"gate_30",5,FALSE,FALSE
2661488,"gate_40",3,FALSE,FALSE
2661692,"gate_30",26,FALSE,FALSE
2661719,"gate_30",2,FALSE,FALSE
2661729,"gate_30",110,TRUE,FALSE
2662047,"gate_30",541,TRUE,TRUE
2662498,"gate_40",25,FALSE,FALSE
2662502,"gate_30",32,TRUE,FALSE
2662564,"gate_30",14,TRUE,TRUE
2662861,"gate_40",8,FALSE,FALSE
2662945,"gate_40",67,TRUE,FALSE
2662947,"gate_30",6,FALSE,FALSE
2663063,"gate_30",1,FALSE,FALSE
2663151,"gate_30",168,FALSE,TRUE
2663162,"gate_40",14,TRUE,FALSE
2663184,"gate_40",260,TRUE,TRUE
2663214,"gate_40",5,FALSE,FALSE
2663317,"gate_40",62,TRUE,TRUE
2663373,"gate_40",21,FALSE,FALSE
2663390,"gate_30",130,TRUE,TRUE
2663420,"gate_30",1,FALSE,FALSE
2663525,"gate_40",2,FALSE,FALSE
2663598,"gate_30",11,FALSE,FALSE
2663643,"gate_30",242,TRUE,FALSE
2663889,"gate_40",10,TRUE,FALSE
2663915,"gate_40",5,FALSE,FALSE
2664337,"gate_40",488,TRUE,TRUE
2664432,"gate_30",3,FALSE,FALSE
2664451,"gate_40",79,TRUE,FALSE
2664455,"gate_40",21,TRUE,FALSE
2664534,"gate_30",3,FALSE,FALSE
2664582,"gate_40",7,FALSE,FALSE
2664684,"gate_30",5,FALSE,FALSE
2664744,"gate_40",37,TRUE,TRUE
2664954,"gate_40",1,FALSE,FALSE
2664969,"gate_40",18,FALSE,FALSE
2664992,"gate_40",5,TRUE,FALSE
2665105,"gate_40",8,FALSE,FALSE
2665146,"gate_30",9,TRUE,FALSE
2665276,"gate_40",126,TRUE,TRUE
2665404,"gate_30",139,TRUE,TRUE
2665769,"gate_30",8,TRUE,FALSE
2665783,"gate_40",0,FALSE,FALSE
2665930,"gate_30",4,FALSE,FALSE
2666045,"gate_30",3,FALSE,FALSE
2666291,"gate_30",19,TRUE,FALSE
2666337,"gate_30",57,TRUE,FALSE
2666389,"gate_40",62,TRUE,FALSE
2666463,"gate_30",3,FALSE,FALSE
2666751,"gate_30",162,FALSE,TRUE
2666848,"gate_40",0,FALSE,FALSE
2666858,"gate_40",6,FALSE,FALSE
2667079,"gate_30",51,TRUE,FALSE
2667207,"gate_40",5,FALSE,FALSE
2667249,"gate_40",201,TRUE,TRUE
2667443,"gate_30",15,FALSE,FALSE
2667450,"gate_30",38,TRUE,FALSE
2667571,"gate_30",8,FALSE,FALSE
2667668,"gate_30",17,FALSE,FALSE
2668037,"gate_40",34,TRUE,TRUE
2668051,"gate_40",117,TRUE,FALSE
2668532,"gate_30",4,FALSE,FALSE
2668533,"gate_40",95,TRUE,TRUE
2668643,"gate_30",2,FALSE,FALSE
2668734,"gate_30",10,FALSE,FALSE
2668862,"gate_30",49,TRUE,FALSE
2668965,"gate_40",72,TRUE,FALSE
2669034,"gate_30",45,FALSE,FALSE
2669103,"gate_40",25,FALSE,FALSE
2669140,"gate_40",14,FALSE,FALSE
2669165,"gate_30",16,FALSE,TRUE
2669172,"gate_30",3,FALSE,FALSE
2669224,"gate_30",1,FALSE,FALSE
2669259,"gate_40",3,FALSE,FALSE
2669299,"gate_30",6,FALSE,FALSE
2669428,"gate_40",8,FALSE,FALSE
2669814,"gate_30",1,FALSE,FALSE
2669822,"gate_30",8,FALSE,FALSE
2669875,"gate_40",5,TRUE,FALSE
2669882,"gate_40",2,FALSE,FALSE
2669967,"gate_40",78,TRUE,TRUE
2670015,"gate_30",17,FALSE,FALSE
2670099,"gate_40",5,TRUE,FALSE
2670143,"gate_30",4,FALSE,FALSE
2670213,"gate_40",7,TRUE,FALSE
2670342,"gate_40",5,FALSE,FALSE
2670417,"gate_40",7,TRUE,FALSE
2670513,"gate_30",34,TRUE,FALSE
2670545,"gate_30",1,FALSE,FALSE
2670552,"gate_40",71,TRUE,FALSE
2670793,"gate_30",6,FALSE,FALSE
2670946,"gate_40",5,FALSE,FALSE
2670992,"gate_40",352,TRUE,TRUE
2671085,"gate_30",16,TRUE,FALSE
2671324,"gate_40",150,TRUE,TRUE
2671435,"gate_40",38,TRUE,FALSE
2671448,"gate_40",28,TRUE,FALSE
2671663,"gate_40",7,FALSE,FALSE
2671723,"gate_40",153,TRUE,TRUE
2671729,"gate_40",220,FALSE,TRUE
2671799,"gate_30",5,FALSE,FALSE
2671857,"gate_40",14,FALSE,FALSE
2671882,"gate_40",63,FALSE,TRUE
2671917,"gate_30",0,FALSE,FALSE
2672061,"gate_40",11,FALSE,FALSE
2672225,"gate_30",84,TRUE,TRUE
2672287,"gate_40",17,TRUE,FALSE
2672355,"gate_40",19,FALSE,FALSE
2672418,"gate_30",3,FALSE,FALSE
2672651,"gate_30",53,TRUE,FALSE
2672697,"gate_30",24,TRUE,FALSE
2672718,"gate_30",10,TRUE,FALSE
2672818,"gate_40",5,FALSE,FALSE
2672930,"gate_40",98,FALSE,TRUE
2673060,"gate_40",1,FALSE,FALSE
2673367,"gate_30",194,TRUE,TRUE
2673381,"gate_40",66,TRUE,FALSE
2673394,"gate_40",25,TRUE,FALSE
2673540,"gate_30",24,FALSE,FALSE
2673908,"gate_40",65,TRUE,FALSE
2673994,"gate_30",65,FALSE,FALSE
2674187,"gate_30",47,TRUE,FALSE
2674211,"gate_40",57,TRUE,FALSE
2674216,"gate_30",11,FALSE,TRUE
2674314,"gate_30",32,FALSE,FALSE
2674514,"gate_40",32,FALSE,FALSE
2674589,"gate_40",2,FALSE,FALSE
2674617,"gate_30",2,FALSE,FALSE
2674620,"gate_40",92,FALSE,TRUE
2674772,"gate_40",25,FALSE,FALSE
2674895,"gate_30",12,TRUE,FALSE
2675023,"gate_30",63,FALSE,FALSE
2675480,"gate_30",203,TRUE,FALSE
2675557,"gate_40",12,TRUE,FALSE
2675627,"gate_40",37,TRUE,FALSE
2675683,"gate_30",1,FALSE,FALSE
2675793,"gate_30",16,TRUE,TRUE
2675801,"gate_30",1,FALSE,FALSE
2675872,"gate_40",34,TRUE,FALSE
2676035,"gate_40",14,FALSE,FALSE
2676186,"gate_30",25,TRUE,FALSE
2676274,"gate_40",0,FALSE,FALSE
2676346,"gate_30",2,FALSE,FALSE
2676546,"gate_40",13,TRUE,FALSE
2676601,"gate_30",24,FALSE,FALSE
2676717,"gate_40",464,TRUE,TRUE
2676744,"gate_40",36,TRUE,FALSE
2676932,"gate_30",15,TRUE,FALSE
2677015,"gate_40",169,TRUE,TRUE
2677105,"gate_40",0,FALSE,FALSE
2677289,"gate_40",7,FALSE,FALSE
2677974,"gate_40",1,FALSE,FALSE
2678046,"gate_30",9,TRUE,FALSE
2678285,"gate_40",88,TRUE,FALSE
2678605,"gate_40",11,FALSE,FALSE
2678633,"gate_40",13,TRUE,FALSE
2678645,"gate_40",3,FALSE,FALSE
2678832,"gate_30",4,FALSE,FALSE
2679024,"gate_40",2,FALSE,FALSE
2679178,"gate_30",69,FALSE,FALSE
2679224,"gate_30",0,FALSE,FALSE
2679350,"gate_40",14,FALSE,FALSE
2679699,"gate_40",12,FALSE,FALSE
2679832,"gate_40",13,FALSE,FALSE
2679871,"gate_30",2,FALSE,FALSE
2680108,"gate_40",19,FALSE,FALSE
2680223,"gate_40",21,TRUE,FALSE
2680325,"gate_40",10,FALSE,TRUE
2680454,"gate_30",4,FALSE,FALSE
2680625,"gate_30",29,TRUE,FALSE
2680805,"gate_30",35,FALSE,FALSE
2680891,"gate_40",47,FALSE,TRUE
2681033,"gate_30",12,FALSE,FALSE
2681087,"gate_40",0,FALSE,FALSE
2681149,"gate_40",34,FALSE,FALSE
2681192,"gate_40",0,FALSE,FALSE
2681288,"gate_40",53,FALSE,FALSE
2681298,"gate_40",7,FALSE,FALSE
2681329,"gate_40",9,FALSE,FALSE
2681459,"gate_40",10,FALSE,FALSE
2681546,"gate_30",17,TRUE,FALSE
2681563,"gate_40",63,FALSE,FALSE
2681576,"gate_30",2,FALSE,FALSE
2681727,"gate_30",96,TRUE,FALSE
2681787,"gate_40",151,TRUE,FALSE
2681806,"gate_40",13,FALSE,FALSE
2682036,"gate_40",45,TRUE,TRUE
2682061,"gate_30",4,FALSE,FALSE
2682472,"gate_40",194,TRUE,FALSE
2682528,"gate_30",14,FALSE,FALSE
2682548,"gate_30",0,FALSE,FALSE
2682611,"gate_40",6,FALSE,FALSE
2682711,"gate_40",12,FALSE,FALSE
2682758,"gate_40",15,FALSE,FALSE
2682910,"gate_30",0,FALSE,FALSE
2683001,"gate_30",0,FALSE,FALSE
2683177,"gate_30",1,FALSE,FALSE
2683287,"gate_40",22,TRUE,FALSE
2683434,"gate_40",17,FALSE,FALSE
2683528,"gate_40",1,FALSE,FALSE
2683674,"gate_30",122,TRUE,TRUE
2683801,"gate_40",5,FALSE,FALSE
2684008,"gate_40",269,TRUE,TRUE
2684012,"gate_40",124,FALSE,FALSE
2684014,"gate_40",106,FALSE,TRUE
2684438,"gate_30",1,FALSE,FALSE
2684609,"gate_40",46,FALSE,TRUE
2684663,"gate_30",10,FALSE,FALSE
2684797,"gate_40",44,TRUE,FALSE
2684865,"gate_40",145,TRUE,TRUE
2685002,"gate_30",3,FALSE,FALSE
2685038,"gate_30",0,FALSE,FALSE
2685049,"gate_30",2,FALSE,FALSE
2685112,"gate_40",0,FALSE,FALSE
2685221,"gate_40",25,TRUE,FALSE
2685396,"gate_30",21,FALSE,FALSE
2685460,"gate_30",107,TRUE,TRUE
2685591,"gate_30",17,FALSE,FALSE
2685695,"gate_30",2,TRUE,FALSE
2685932,"gate_30",0,FALSE,FALSE
2685973,"gate_30",3,FALSE,FALSE
2685987,"gate_40",28,TRUE,FALSE
2685994,"gate_30",3,FALSE,FALSE
2686258,"gate_40",2,FALSE,FALSE
2686343,"gate_30",95,TRUE,FALSE
2686474,"gate_40",40,TRUE,FALSE
2686483,"gate_40",9,TRUE,FALSE
2686523,"gate_30",7,FALSE,FALSE
2686622,"gate_40",40,FALSE,FALSE
2686723,"gate_40",33,TRUE,FALSE
2686817,"gate_40",377,TRUE,FALSE
2686980,"gate_40",16,TRUE,FALSE
2687043,"gate_40",29,TRUE,FALSE
2687172,"gate_40",311,TRUE,TRUE
2687242,"gate_30",4,FALSE,FALSE
2687384,"gate_30",4,FALSE,FALSE
2687538,"gate_30",13,FALSE,FALSE
2687605,"gate_40",9,FALSE,FALSE
2687747,"gate_40",3,FALSE,FALSE
2688026,"gate_40",4,FALSE,FALSE
2688031,"gate_30",180,TRUE,FALSE
2688470,"gate_30",119,TRUE,TRUE
2688545,"gate_40",4,FALSE,FALSE
2688593,"gate_30",51,FALSE,FALSE
2688713,"gate_30",46,TRUE,FALSE
2688731,"gate_30",8,FALSE,FALSE
2688744,"gate_40",1,FALSE,FALSE
2688802,"gate_30",1,FALSE,FALSE
2689204,"gate_30",25,TRUE,TRUE
2689240,"gate_30",50,TRUE,FALSE
2689267,"gate_30",1,FALSE,FALSE
2689360,"gate_30",306,TRUE,TRUE
2689399,"gate_30",3,FALSE,FALSE
2689489,"gate_30",9,FALSE,FALSE
2689725,"gate_30",56,TRUE,FALSE
2689760,"gate_40",174,TRUE,TRUE
2689829,"gate_30",0,FALSE,FALSE
2689843,"gate_40",9,FALSE,FALSE
2689862,"gate_30",1,FALSE,FALSE
2689958,"gate_30",77,TRUE,TRUE
2690074,"gate_40",3,TRUE,FALSE
2690158,"gate_30",6,FALSE,FALSE
2690205,"gate_30",277,TRUE,TRUE
2690249,"gate_30",9,FALSE,FALSE
2690416,"gate_30",97,TRUE,TRUE
2690470,"gate_40",14,FALSE,FALSE
2690543,"gate_40",127,TRUE,TRUE
2690545,"gate_40",3,FALSE,FALSE
2690561,"gate_40",13,FALSE,FALSE
2690635,"gate_30",66,TRUE,FALSE
2690718,"gate_30",28,TRUE,FALSE
2690848,"gate_40",11,FALSE,FALSE
2691469,"gate_30",1,FALSE,FALSE
2691606,"gate_40",2,FALSE,FALSE
2691752,"gate_40",2,FALSE,FALSE
2691808,"gate_30",140,TRUE,FALSE
2691851,"gate_40",315,TRUE,TRUE
2691864,"gate_40",86,TRUE,FALSE
2692150,"gate_40",38,TRUE,FALSE
2692198,"gate_40",23,TRUE,FALSE
2692214,"gate_30",2,FALSE,FALSE
2692221,"gate_40",134,TRUE,TRUE
2692250,"gate_30",11,TRUE,FALSE
2692274,"gate_30",31,FALSE,FALSE
2692291,"gate_40",24,TRUE,FALSE
2692348,"gate_40",16,FALSE,FALSE
2692379,"gate_30",9,TRUE,FALSE
2692448,"gate_40",1,FALSE,FALSE
2692810,"gate_30",4,FALSE,FALSE
2692876,"gate_30",3,FALSE,FALSE
2692963,"gate_30",161,TRUE,FALSE
2693055,"gate_30",4,FALSE,FALSE
2693266,"gate_30",11,TRUE,FALSE
2693321,"gate_30",234,TRUE,TRUE
2693377,"gate_40",0,FALSE,FALSE
2693712,"gate_40",15,TRUE,FALSE
2693753,"gate_40",17,TRUE,FALSE
2693969,"gate_40",6,FALSE,TRUE
2694173,"gate_40",11,TRUE,FALSE
2694184,"gate_30",10,FALSE,FALSE
2694280,"gate_30",1,FALSE,FALSE
2694308,"gate_30",4,FALSE,FALSE
2694409,"gate_40",2,FALSE,FALSE
2694645,"gate_40",15,FALSE,FALSE
2694842,"gate_30",12,FALSE,FALSE
2694866,"gate_30",68,FALSE,FALSE
2694930,"gate_40",2,FALSE,FALSE
2694963,"gate_40",13,FALSE,FALSE
2694990,"gate_30",181,TRUE,TRUE
2695171,"gate_30",69,FALSE,FALSE
2695191,"gate_30",95,TRUE,TRUE
2695253,"gate_30",64,TRUE,TRUE
2695395,"gate_40",173,TRUE,TRUE
2695598,"gate_40",1,FALSE,FALSE
2695632,"gate_40",4,FALSE,FALSE
2695679,"gate_30",196,TRUE,FALSE
2695713,"gate_30",17,FALSE,FALSE
2695737,"gate_40",16,TRUE,FALSE
2695785,"gate_30",6,TRUE,FALSE
2695802,"gate_40",4,FALSE,FALSE
2695816,"gate_30",0,FALSE,FALSE
2695876,"gate_30",2,FALSE,FALSE
2695986,"gate_40",101,TRUE,FALSE
2696208,"gate_30",19,FALSE,FALSE
2696215,"gate_40",89,TRUE,FALSE
2696274,"gate_30",4,FALSE,FALSE
2696307,"gate_30",10,FALSE,FALSE
2696323,"gate_40",748,TRUE,TRUE
2696451,"gate_30",4,FALSE,FALSE
2696580,"gate_30",60,TRUE,FALSE
2696645,"gate_40",2,FALSE,FALSE
2696729,"gate_30",14,FALSE,FALSE
2696826,"gate_40",7,FALSE,FALSE
2696896,"gate_30",13,FALSE,FALSE
2697012,"gate_40",70,FALSE,TRUE
2697144,"gate_30",16,TRUE,FALSE
2697267,"gate_40",0,FALSE,FALSE
2697305,"gate_30",112,TRUE,FALSE
2697326,"gate_30",2,FALSE,FALSE
2697384,"gate_30",172,TRUE,FALSE
2697404,"gate_40",190,TRUE,FALSE
2697455,"gate_30",24,TRUE,FALSE
2697487,"gate_30",4,FALSE,FALSE
2697542,"gate_30",2,FALSE,FALSE
2697715,"gate_30",17,TRUE,FALSE
2697802,"gate_40",1,FALSE,FALSE
2697809,"gate_40",23,FALSE,FALSE
2697844,"gate_40",27,TRUE,FALSE
2697915,"gate_40",38,TRUE,FALSE
2697966,"gate_30",25,TRUE,TRUE
2698048,"gate_40",36,TRUE,FALSE
2698164,"gate_40",10,FALSE,FALSE
2698168,"gate_30",11,FALSE,TRUE
2698201,"gate_40",2,FALSE,FALSE
2698210,"gate_30",64,TRUE,FALSE
2698458,"gate_30",4,FALSE,FALSE
2698507,"gate_30",1,FALSE,FALSE
2698572,"gate_30",35,TRUE,FALSE
2698606,"gate_40",40,TRUE,FALSE
2698653,"gate_30",43,TRUE,FALSE
2698858,"gate_40",31,TRUE,FALSE
2698868,"gate_30",33,FALSE,FALSE
2698947,"gate_30",18,FALSE,FALSE
2698967,"gate_40",4,FALSE,FALSE
2699059,"gate_30",39,TRUE,FALSE
2699128,"gate_40",19,FALSE,FALSE
2699171,"gate_30",13,FALSE,FALSE
2699210,"gate_30",2,FALSE,FALSE
2699211,"gate_40",35,FALSE,FALSE
2699386,"gate_30",9,FALSE,FALSE
2699397,"gate_30",16,FALSE,FALSE
2699636,"gate_30",5,FALSE,FALSE
2699670,"gate_30",30,FALSE,FALSE
2699958,"gate_30",2,FALSE,FALSE
2700083,"gate_30",8,FALSE,FALSE
2700122,"gate_40",50,FALSE,FALSE
2700150,"gate_30",39,TRUE,FALSE
2700171,"gate_30",28,TRUE,FALSE
2700198,"gate_30",91,TRUE,TRUE
2700352,"gate_40",330,TRUE,TRUE
2700563,"gate_30",11,FALSE,FALSE
2700570,"gate_40",8,TRUE,FALSE
2700789,"gate_40",20,FALSE,FALSE
2700920,"gate_40",48,FALSE,FALSE
2701097,"gate_40",12,FALSE,FALSE
2701114,"gate_40",11,TRUE,FALSE
2701286,"gate_30",51,TRUE,FALSE
2701450,"gate_30",3,FALSE,FALSE
2701618,"gate_30",404,TRUE,TRUE
2701648,"gate_30",13,TRUE,FALSE
2701664,"gate_30",153,FALSE,FALSE
2701838,"gate_40",10,TRUE,FALSE
2702480,"gate_30",32,FALSE,FALSE
2702488,"gate_40",3,FALSE,FALSE
2702495,"gate_40",15,TRUE,FALSE
2702508,"gate_40",112,TRUE,TRUE
2702686,"gate_30",17,TRUE,FALSE
2702807,"gate_40",70,TRUE,FALSE
2703048,"gate_30",35,TRUE,FALSE
2703083,"gate_30",87,TRUE,FALSE
2703192,"gate_30",192,TRUE,TRUE
2703225,"gate_40",2,FALSE,FALSE
2703363,"gate_40",8,FALSE,FALSE
2703462,"gate_30",220,TRUE,TRUE
2703607,"gate_30",292,TRUE,TRUE
2703612,"gate_40",36,TRUE,FALSE
2703664,"gate_40",50,TRUE,FALSE
2703682,"gate_30",2,FALSE,FALSE
2703975,"gate_30",10,FALSE,FALSE
2704012,"gate_30",30,FALSE,FALSE
2704319,"gate_30",62,TRUE,TRUE
2704333,"gate_30",0,FALSE,FALSE
2704476,"gate_40",62,TRUE,FALSE
2704533,"gate_40",94,TRUE,FALSE
2704545,"gate_40",1,FALSE,FALSE
2704577,"gate_40",1,FALSE,FALSE
2704589,"gate_40",23,TRUE,FALSE
2704669,"gate_30",274,TRUE,TRUE
2704820,"gate_30",1,FALSE,FALSE
2704868,"gate_40",167,TRUE,TRUE
2705104,"gate_40",15,FALSE,FALSE
2705177,"gate_40",44,FALSE,FALSE
2705285,"gate_30",151,TRUE,FALSE
2705476,"gate_40",72,TRUE,TRUE
2705508,"gate_30",3,FALSE,FALSE
2705681,"gate_30",15,FALSE,TRUE
2705784,"gate_30",215,TRUE,TRUE
2705941,"gate_40",31,FALSE,FALSE
2706049,"gate_30",35,TRUE,FALSE
2706100,"gate_40",2,FALSE,FALSE
2706114,"gate_40",8,FALSE,FALSE
2706334,"gate_40",1,FALSE,FALSE
2706377,"gate_40",30,TRUE,FALSE
2707010,"gate_40",35,TRUE,FALSE
2707131,"gate_40",95,TRUE,TRUE
2707213,"gate_40",10,FALSE,FALSE
2707678,"gate_30",28,TRUE,FALSE
2707705,"gate_30",367,TRUE,TRUE
2707818,"gate_40",25,TRUE,FALSE
2708082,"gate_40",251,TRUE,FALSE
2708281,"gate_40",16,FALSE,FALSE
2708368,"gate_30",0,FALSE,FALSE
2708378,"gate_40",139,FALSE,TRUE
2708447,"gate_40",25,FALSE,FALSE
2708510,"gate_40",199,TRUE,TRUE
2708526,"gate_30",43,TRUE,FALSE
2708745,"gate_30",0,FALSE,FALSE
2708796,"gate_40",5,FALSE,FALSE
2708809,"gate_40",3,FALSE,FALSE
2708905,"gate_30",81,TRUE,TRUE
2709129,"gate_40",14,FALSE,FALSE
2709183,"gate_40",163,TRUE,TRUE
2709237,"gate_30",28,TRUE,TRUE
2709284,"gate_40",0,FALSE,FALSE
2709386,"gate_40",4,FALSE,FALSE
2709457,"gate_30",2,FALSE,FALSE
2709499,"gate_30",1,FALSE,FALSE
2709552,"gate_30",176,TRUE,TRUE
2709563,"gate_30",1,FALSE,FALSE
2709672,"gate_40",150,TRUE,TRUE
2709759,"gate_40",4,FALSE,FALSE
2710064,"gate_30",1,FALSE,FALSE
2710125,"gate_30",46,TRUE,TRUE
2710127,"gate_40",3,FALSE,FALSE
2710585,"gate_40",23,FALSE,FALSE
2710852,"gate_30",7,FALSE,FALSE
2710973,"gate_40",3,FALSE,FALSE
2711233,"gate_40",41,TRUE,FALSE
2711344,"gate_40",0,FALSE,FALSE
2711468,"gate_30",3,FALSE,FALSE
2711556,"gate_30",5,TRUE,FALSE
2711580,"gate_40",139,TRUE,FALSE
2711584,"gate_40",42,TRUE,FALSE
2711595,"gate_40",20,TRUE,FALSE
2711742,"gate_40",9,FALSE,FALSE
2711862,"gate_30",49,TRUE,FALSE
2711882,"gate_30",54,TRUE,FALSE
2711931,"gate_30",332,TRUE,TRUE
2712103,"gate_30",18,TRUE,FALSE
2712150,"gate_40",65,TRUE,FALSE
2712257,"gate_40",55,FALSE,FALSE
2712389,"gate_30",25,TRUE,FALSE
2712786,"gate_30",1,FALSE,FALSE
2712788,"gate_40",93,FALSE,TRUE
2712862,"gate_30",9,FALSE,FALSE
2713345,"gate_40",3,FALSE,FALSE
2713453,"gate_40",29,FALSE,FALSE
2713535,"gate_30",1,FALSE,FALSE
2713620,"gate_40",15,FALSE,FALSE
2713869,"gate_40",7,FALSE,FALSE
2713992,"gate_40",6,TRUE,FALSE
2714053,"gate_40",83,TRUE,FALSE
2714264,"gate_40",5,FALSE,FALSE
2714382,"gate_40",46,TRUE,FALSE
2714604,"gate_30",3,FALSE,FALSE
2714727,"gate_40",65,TRUE,FALSE
2714732,"gate_40",74,FALSE,FALSE
2715119,"gate_30",342,TRUE,TRUE
2715203,"gate_30",535,TRUE,TRUE
2715454,"gate_40",306,TRUE,TRUE
2715651,"gate_30",104,FALSE,FALSE
2715683,"gate_30",4,FALSE,FALSE
2715760,"gate_40",38,FALSE,FALSE
2715929,"gate_30",6,FALSE,FALSE
2716051,"gate_30",7,FALSE,FALSE
2716069,"gate_30",36,TRUE,FALSE
2716124,"gate_40",13,FALSE,FALSE
2716126,"gate_40",0,FALSE,FALSE
2716159,"gate_40",1,FALSE,FALSE
2716282,"gate_30",20,TRUE,FALSE
2716306,"gate_30",49,FALSE,TRUE
2716400,"gate_30",66,TRUE,FALSE
2716434,"gate_40",9,FALSE,FALSE
2716505,"gate_40",7,FALSE,FALSE
2716720,"gate_40",69,TRUE,FALSE
2716873,"gate_40",336,TRUE,TRUE
2716874,"gate_30",225,TRUE,FALSE
2716978,"gate_40",4,FALSE,FALSE
2717070,"gate_40",69,TRUE,FALSE
2717318,"gate_40",59,TRUE,FALSE
2717328,"gate_40",35,TRUE,FALSE
2717368,"gate_40",2,FALSE,FALSE
2717395,"gate_40",30,TRUE,TRUE
2717416,"gate_40",9,TRUE,FALSE
2717619,"gate_30",3,FALSE,FALSE
2717684,"gate_30",88,TRUE,FALSE
2717715,"gate_30",2,FALSE,FALSE
2717882,"gate_30",77,FALSE,FALSE
2718140,"gate_30",36,FALSE,FALSE
2718143,"gate_40",8,FALSE,FALSE
2718236,"gate_30",3,FALSE,FALSE
2718382,"gate_40",2,FALSE,FALSE
2718426,"gate_30",10,FALSE,FALSE
2718437,"gate_30",1,FALSE,FALSE
2718564,"gate_40",30,TRUE,FALSE
2718593,"gate_40",12,FALSE,FALSE
2718615,"gate_30",22,TRUE,TRUE
2718775,"gate_40",15,FALSE,FALSE
2718931,"gate_30",6,FALSE,FALSE
2719067,"gate_30",53,TRUE,FALSE
2719381,"gate_40",20,FALSE,TRUE
2719387,"gate_40",8,FALSE,FALSE
2719554,"gate_40",1,FALSE,FALSE
2719683,"gate_40",30,TRUE,FALSE
2719793,"gate_30",33,FALSE,FALSE
2719807,"gate_30",10,FALSE,FALSE
2719913,"gate_30",22,TRUE,FALSE
2719980,"gate_30",6,FALSE,TRUE
2720063,"gate_30",5,TRUE,FALSE
2720082,"gate_40",11,FALSE,FALSE
2720325,"gate_30",8,FALSE,FALSE
2720327,"gate_40",2,FALSE,FALSE
2720443,"gate_40",8,FALSE,FALSE
2720703,"gate_40",3,FALSE,FALSE
2720798,"gate_30",6,FALSE,FALSE
2721298,"gate_30",6,FALSE,FALSE
2721323,"gate_40",0,FALSE,FALSE
2721395,"gate_40",13,FALSE,FALSE
2721489,"gate_40",54,TRUE,TRUE
2721512,"gate_30",2,FALSE,FALSE
2721710,"gate_40",171,TRUE,FALSE
2721813,"gate_40",3,FALSE,FALSE
2721860,"gate_40",1,FALSE,FALSE
2721976,"gate_30",6,FALSE,FALSE
2722001,"gate_30",104,TRUE,FALSE
2722264,"gate_30",15,FALSE,FALSE
2722466,"gate_30",451,TRUE,TRUE
2722592,"gate_30",49,TRUE,TRUE
2722739,"gate_30",188,FALSE,TRUE
2723026,"gate_40",35,FALSE,TRUE
2723166,"gate_40",2,FALSE,FALSE
2723433,"gate_30",15,TRUE,FALSE
2723521,"gate_30",5,TRUE,FALSE
2723608,"gate_30",51,TRUE,TRUE
2723624,"gate_30",48,FALSE,TRUE
2723746,"gate_30",6,FALSE,FALSE
2723771,"gate_40",56,TRUE,TRUE
2723804,"gate_30",3,FALSE,FALSE
2724196,"gate_30",85,TRUE,TRUE
2724413,"gate_40",7,FALSE,FALSE
2724536,"gate_30",26,TRUE,FALSE
2724788,"gate_30",34,TRUE,FALSE
2725026,"gate_40",12,FALSE,FALSE
2725043,"gate_30",61,TRUE,TRUE
2725086,"gate_40",0,FALSE,FALSE
2725134,"gate_30",24,FALSE,TRUE
2725352,"gate_30",2,FALSE,FALSE
2725475,"gate_30",3,FALSE,FALSE
2725517,"gate_30",18,TRUE,FALSE
2725545,"gate_40",18,TRUE,FALSE
2725707,"gate_30",11,TRUE,FALSE
2725716,"gate_30",2,FALSE,FALSE
2725815,"gate_40",1,FALSE,FALSE
2725820,"gate_30",146,TRUE,TRUE
2725894,"gate_30",65,FALSE,FALSE
2725989,"gate_40",4,TRUE,FALSE
2726158,"gate_30",543,TRUE,TRUE
2726440,"gate_30",27,TRUE,FALSE
2726610,"gate_40",51,TRUE,FALSE
2726622,"gate_30",6,TRUE,FALSE
2726772,"gate_30",435,TRUE,TRUE
2727280,"gate_30",10,FALSE,FALSE
2727388,"gate_30",38,TRUE,FALSE
2727490,"gate_30",277,TRUE,FALSE
2727641,"gate_30",39,TRUE,FALSE
2727800,"gate_30",47,TRUE,FALSE
2727891,"gate_40",2,FALSE,FALSE
2728086,"gate_30",7,FALSE,FALSE
2728139,"gate_40",295,TRUE,TRUE
2728174,"gate_40",19,FALSE,FALSE
2728184,"gate_40",194,TRUE,FALSE
2728237,"gate_40",4,FALSE,FALSE
2728519,"gate_30",2,FALSE,FALSE
2728657,"gate_40",104,TRUE,TRUE
2728716,"gate_40",2,FALSE,FALSE
2728887,"gate_40",82,FALSE,TRUE
2728903,"gate_40",39,FALSE,FALSE
2728910,"gate_40",30,TRUE,FALSE
2729145,"gate_40",13,FALSE,FALSE
2729162,"gate_30",0,FALSE,FALSE
2729184,"gate_40",35,FALSE,FALSE
2729237,"gate_40",0,FALSE,FALSE
2729306,"gate_30",22,TRUE,FALSE
2729381,"gate_30",0,FALSE,FALSE
2729503,"gate_40",7,FALSE,FALSE
2729648,"gate_40",29,TRUE,FALSE
2729811,"gate_30",7,FALSE,FALSE
2729855,"gate_30",0,FALSE,FALSE
2729865,"gate_40",6,FALSE,FALSE
2730068,"gate_40",178,TRUE,TRUE
2730227,"gate_40",31,TRUE,TRUE
2730342,"gate_30",281,TRUE,TRUE
2730588,"gate_40",519,TRUE,TRUE
2730728,"gate_30",11,FALSE,FALSE
2730844,"gate_30",0,FALSE,FALSE
2730851,"gate_30",34,TRUE,TRUE
2730916,"gate_40",40,FALSE,FALSE
2730973,"gate_40",41,TRUE,FALSE
2731028,"gate_30",0,FALSE,FALSE
2731045,"gate_40",6,FALSE,FALSE
2731122,"gate_30",98,TRUE,FALSE
2731182,"gate_40",0,FALSE,FALSE
2731347,"gate_40",18,TRUE,FALSE
2731481,"gate_30",9,FALSE,FALSE
2731631,"gate_30",7,FALSE,FALSE
2731667,"gate_30",0,FALSE,FALSE
2731859,"gate_30",219,FALSE,TRUE
2731874,"gate_40",2,FALSE,FALSE
2732536,"gate_40",0,FALSE,FALSE
2732544,"gate_40",12,FALSE,FALSE
2732743,"gate_40",18,FALSE,FALSE
2732820,"gate_40",0,FALSE,FALSE
2733141,"gate_30",28,TRUE,FALSE
2733223,"gate_30",28,FALSE,TRUE
2733465,"gate_40",13,FALSE,FALSE
2733546,"gate_40",92,TRUE,FALSE
2733706,"gate_40",5,FALSE,FALSE
2733853,"gate_30",259,TRUE,TRUE
2733859,"gate_40",68,FALSE,TRUE
2733946,"gate_40",3,FALSE,FALSE
2734338,"gate_30",2,FALSE,FALSE
2734372,"gate_40",213,TRUE,TRUE
2734582,"gate_40",58,TRUE,FALSE
2734746,"gate_40",12,FALSE,FALSE
2734770,"gate_30",7,FALSE,FALSE
2734834,"gate_30",37,TRUE,FALSE
2734845,"gate_30",10,FALSE,FALSE
2735168,"gate_40",133,TRUE,FALSE
2735190,"gate_30",24,FALSE,FALSE
2735424,"gate_30",36,FALSE,FALSE
2735507,"gate_40",218,TRUE,TRUE
2735605,"gate_30",37,TRUE,FALSE
2736103,"gate_40",5,FALSE,FALSE
2736124,"gate_40",8,FALSE,FALSE
2736240,"gate_30",58,TRUE,TRUE
2736401,"gate_40",5,FALSE,FALSE
2736549,"gate_40",1,FALSE,FALSE
2736811,"gate_40",5,FALSE,FALSE
2736872,"gate_30",277,TRUE,TRUE
2737114,"gate_30",0,FALSE,FALSE
2737163,"gate_40",111,TRUE,FALSE
2737328,"gate_30",1,FALSE,FALSE
2737359,"gate_30",140,TRUE,TRUE
2737585,"gate_30",14,FALSE,FALSE
2737652,"gate_30",19,TRUE,FALSE
2737717,"gate_40",19,TRUE,FALSE
2738033,"gate_40",298,TRUE,TRUE
2738178,"gate_40",1,FALSE,FALSE
2738179,"gate_40",28,TRUE,TRUE
2738277,"gate_40",21,TRUE,TRUE
2738338,"gate_30",7,FALSE,FALSE
2738510,"gate_40",8,FALSE,FALSE
2738560,"gate_40",91,FALSE,FALSE
2738633,"gate_40",2,FALSE,FALSE
2738764,"gate_30",83,FALSE,FALSE
2738924,"gate_40",10,FALSE,FALSE
2738940,"gate_30",46,TRUE,TRUE
2739061,"gate_30",54,TRUE,FALSE
2739160,"gate_40",5,FALSE,FALSE
2739224,"gate_40",29,TRUE,FALSE
2739322,"gate_40",7,FALSE,FALSE
2739373,"gate_30",17,TRUE,FALSE
2739378,"gate_40",8,TRUE,FALSE
2739408,"gate_30",144,TRUE,FALSE
2739521,"gate_40",7,FALSE,FALSE
2739592,"gate_40",0,FALSE,FALSE
2739651,"gate_40",79,TRUE,FALSE
2739750,"gate_40",2,FALSE,FALSE
2740195,"gate_30",33,TRUE,FALSE
2740382,"gate_40",40,TRUE,FALSE
2740386,"gate_30",19,TRUE,FALSE
2740458,"gate_40",2,FALSE,FALSE
2740520,"gate_30",1,FALSE,FALSE
2740564,"gate_30",34,TRUE,FALSE
2740620,"gate_30",0,FALSE,FALSE
2740805,"gate_40",5,FALSE,FALSE
2740806,"gate_30",33,TRUE,FALSE
2740838,"gate_40",5,FALSE,FALSE
2740844,"gate_30",27,TRUE,FALSE
2740882,"gate_40",1,FALSE,FALSE
2740917,"gate_30",1,FALSE,FALSE
2741231,"gate_30",10,TRUE,TRUE
2741353,"gate_30",299,TRUE,FALSE
2741547,"gate_30",26,TRUE,FALSE
2741718,"gate_30",15,TRUE,FALSE
2741791,"gate_30",6,FALSE,FALSE
2742026,"gate_40",15,FALSE,FALSE
2742096,"gate_40",44,TRUE,TRUE
2742201,"gate_30",19,TRUE,FALSE
2742426,"gate_30",147,TRUE,TRUE
2742436,"gate_40",35,TRUE,FALSE
2742733,"gate_30",2,FALSE,FALSE
2743030,"gate_30",14,FALSE,FALSE
2743067,"gate_40",0,FALSE,FALSE
2743188,"gate_40",40,TRUE,FALSE
2743480,"gate_30",11,FALSE,FALSE
2743594,"gate_30",4,FALSE,FALSE
2743633,"gate_30",9,TRUE,FALSE
2743769,"gate_30",1,FALSE,FALSE
2743953,"gate_30",74,TRUE,FALSE
2744074,"gate_30",25,FALSE,FALSE
2744167,"gate_40",4,FALSE,FALSE
2744221,"gate_30",118,TRUE,FALSE
2744338,"gate_40",3,TRUE,FALSE
2744418,"gate_30",70,TRUE,FALSE
2744522,"gate_40",15,FALSE,FALSE
2744590,"gate_30",2,FALSE,FALSE
2744759,"gate_30",5,FALSE,FALSE
2744823,"gate_30",10,FALSE,FALSE
2745054,"gate_40",51,TRUE,TRUE
2745117,"gate_40",6,FALSE,FALSE
2745288,"gate_30",12,TRUE,FALSE
2745477,"gate_30",110,TRUE,TRUE
2745502,"gate_40",3,FALSE,FALSE
2745932,"gate_30",11,TRUE,FALSE
2745978,"gate_30",7,FALSE,FALSE
2746054,"gate_40",200,TRUE,TRUE
2746072,"gate_30",17,TRUE,FALSE
2746221,"gate_40",15,TRUE,FALSE
2746247,"gate_30",6,FALSE,FALSE
2746252,"gate_40",3,FALSE,FALSE
2746386,"gate_30",48,TRUE,TRUE
2746863,"gate_30",182,TRUE,TRUE
2746892,"gate_30",1,FALSE,FALSE
2746984,"gate_30",470,TRUE,TRUE
2747003,"gate_30",10,FALSE,FALSE
2747071,"gate_40",205,FALSE,TRUE
2747290,"gate_30",2,FALSE,FALSE
2747312,"gate_40",0,FALSE,FALSE
2747372,"gate_40",26,TRUE,TRUE
2747509,"gate_40",794,TRUE,TRUE
2747561,"gate_30",27,TRUE,FALSE
2747768,"gate_30",2,FALSE,FALSE
2747877,"gate_30",118,TRUE,TRUE
2747951,"gate_40",4,FALSE,FALSE
2747988,"gate_30",100,TRUE,TRUE
2748221,"gate_40",73,TRUE,FALSE
2748250,"gate_40",4,FALSE,FALSE
2748372,"gate_40",73,TRUE,FALSE
2748442,"gate_40",17,FALSE,FALSE
2748485,"gate_30",297,TRUE,TRUE
2748526,"gate_30",3,FALSE,FALSE
2748550,"gate_30",6,FALSE,FALSE
2748624,"gate_40",17,FALSE,FALSE
2748807,"gate_30",410,TRUE,TRUE
2748832,"gate_40",32,TRUE,TRUE
2749009,"gate_40",46,TRUE,FALSE
2749018,"gate_40",23,FALSE,FALSE
2749408,"gate_40",36,TRUE,FALSE
2749509,"gate_30",48,TRUE,FALSE
2749512,"gate_40",2,FALSE,FALSE
2749556,"gate_40",3,FALSE,FALSE
2749577,"gate_40",186,TRUE,TRUE
2749585,"gate_40",12,FALSE,FALSE
2749631,"gate_40",45,FALSE,FALSE
2749764,"gate_30",892,TRUE,TRUE
2749807,"gate_30",3,FALSE,FALSE
2749847,"gate_30",25,FALSE,FALSE
2749949,"gate_40",511,TRUE,TRUE
2750035,"gate_40",49,TRUE,FALSE
2750064,"gate_30",7,FALSE,FALSE
2750174,"gate_40",223,TRUE,TRUE
2750227,"gate_40",26,TRUE,FALSE
2750401,"gate_30",47,TRUE,TRUE
2750402,"gate_40",8,FALSE,FALSE
2750542,"gate_30",1,FALSE,FALSE
2750703,"gate_40",13,FALSE,FALSE
2750759,"gate_30",8,FALSE,FALSE
2751115,"gate_40",110,FALSE,TRUE
2751271,"gate_30",226,TRUE,TRUE
2751349,"gate_40",28,TRUE,TRUE
2751445,"gate_30",21,TRUE,FALSE
2751717,"gate_40",67,TRUE,FALSE
2751882,"gate_40",6,FALSE,FALSE
2752002,"gate_30",8,FALSE,FALSE
2752027,"gate_30",25,TRUE,FALSE
2752038,"gate_30",30,FALSE,FALSE
2752148,"gate_30",7,FALSE,FALSE
2752322,"gate_40",185,TRUE,TRUE
2752417,"gate_30",6,FALSE,FALSE
2752453,"gate_40",10,TRUE,FALSE
2752460,"gate_30",9,FALSE,FALSE
2752607,"gate_40",13,FALSE,FALSE
2753242,"gate_40",3,FALSE,FALSE
2753400,"gate_30",22,TRUE,FALSE
2753658,"gate_40",1,FALSE,FALSE
2753982,"gate_30",7,FALSE,FALSE
2754031,"gate_30",3,FALSE,FALSE
2754041,"gate_30",4,TRUE,FALSE
2754119,"gate_30",10,TRUE,FALSE
2754131,"gate_40",10,FALSE,FALSE
2754147,"gate_30",150,TRUE,FALSE
2754162,"gate_30",84,TRUE,TRUE
2754279,"gate_40",18,TRUE,FALSE
2754441,"gate_40",40,TRUE,FALSE
2754491,"gate_30",86,TRUE,FALSE
2754678,"gate_30",26,TRUE,TRUE
2754699,"gate_30",79,TRUE,FALSE
2754732,"gate_30",45,TRUE,FALSE
2754876,"gate_40",194,TRUE,TRUE
2754884,"gate_30",1,FALSE,FALSE
2754968,"gate_40",2,FALSE,FALSE
2754970,"gate_40",1,FALSE,FALSE
2754974,"gate_30",5,TRUE,FALSE
2755125,"gate_30",123,TRUE,TRUE
2755528,"gate_40",36,TRUE,TRUE
2755581,"gate_30",137,TRUE,TRUE
2755633,"gate_40",4,FALSE,FALSE
2755668,"gate_40",0,FALSE,FALSE
2755690,"gate_30",230,TRUE,TRUE
2755916,"gate_30",114,TRUE,FALSE
2756147,"gate_40",1,FALSE,FALSE
2756183,"gate_40",20,FALSE,FALSE
2756266,"gate_40",27,TRUE,TRUE
2756271,"gate_30",36,TRUE,FALSE
2756473,"gate_40",2,FALSE,FALSE
2756523,"gate_40",2,FALSE,FALSE
2756706,"gate_40",6,FALSE,FALSE
2756741,"gate_40",4,FALSE,FALSE
2756783,"gate_30",15,FALSE,FALSE
2756796,"gate_30",0,FALSE,FALSE
2756880,"gate_30",45,TRUE,FALSE
2756924,"gate_30",77,TRUE,FALSE
2757094,"gate_30",103,TRUE,TRUE
2757217,"gate_40",7,FALSE,FALSE
2757625,"gate_30",2,FALSE,FALSE
2757657,"gate_40",206,TRUE,FALSE
2757703,"gate_30",1,TRUE,FALSE
2758081,"gate_40",3,FALSE,FALSE
2758172,"gate_40",22,TRUE,FALSE
2758245,"gate_30",9,TRUE,FALSE
2758270,"gate_30",8,FALSE,FALSE
2758405,"gate_30",12,FALSE,FALSE
2758421,"gate_30",1,FALSE,FALSE
2758458,"gate_30",15,TRUE,FALSE
2758574,"gate_30",0,FALSE,FALSE
2758665,"gate_40",52,TRUE,FALSE
2758678,"gate_30",2,FALSE,FALSE
2758768,"gate_40",3,FALSE,FALSE
2758955,"gate_30",7,FALSE,FALSE
2759124,"gate_30",11,TRUE,FALSE
2759135,"gate_30",6,FALSE,FALSE
2759362,"gate_30",38,FALSE,FALSE
2759484,"gate_30",15,FALSE,TRUE
2759519,"gate_40",66,TRUE,FALSE
2759532,"gate_40",55,FALSE,FALSE
2759575,"gate_40",54,TRUE,FALSE
2759680,"gate_40",23,TRUE,FALSE
2760290,"gate_30",6,TRUE,FALSE
2760317,"gate_30",160,FALSE,FALSE
2760352,"gate_40",73,TRUE,FALSE
2760675,"gate_40",24,TRUE,FALSE
2760684,"gate_40",2,FALSE,TRUE
2760870,"gate_40",6,FALSE,FALSE
2761083,"gate_30",8,FALSE,FALSE
2761145,"gate_40",128,TRUE,TRUE
2761460,"gate_40",54,TRUE,TRUE
2761475,"gate_40",89,TRUE,TRUE
2761499,"gate_30",7,FALSE,FALSE
2761644,"gate_30",2,FALSE,FALSE
2761782,"gate_40",108,FALSE,TRUE
2761972,"gate_40",1,FALSE,FALSE
2762010,"gate_30",142,TRUE,TRUE
2762075,"gate_40",5,TRUE,FALSE
2762209,"gate_40",219,TRUE,TRUE
2762334,"gate_30",9,FALSE,FALSE
2762403,"gate_40",49,TRUE,FALSE
2762599,"gate_30",225,TRUE,TRUE
2762670,"gate_40",20,TRUE,FALSE
2762949,"gate_30",109,TRUE,TRUE
2762975,"gate_30",1,FALSE,FALSE
2762988,"gate_40",10,TRUE,FALSE
2763301,"gate_30",1,FALSE,FALSE
2763413,"gate_40",155,TRUE,FALSE
2763423,"gate_30",111,TRUE,FALSE
2763546,"gate_30",13,FALSE,FALSE
2763659,"gate_30",12,FALSE,FALSE
2763882,"gate_30",145,TRUE,TRUE
2763915,"gate_40",40,FALSE,FALSE
2764115,"gate_30",1,FALSE,FALSE
2764343,"gate_40",1,FALSE,FALSE
2764396,"gate_30",18,TRUE,FALSE
2764415,"gate_30",26,TRUE,FALSE
2764421,"gate_40",1,FALSE,FALSE
2764434,"gate_40",95,TRUE,FALSE
2764504,"gate_40",29,TRUE,TRUE
2764506,"gate_40",22,TRUE,FALSE
2764509,"gate_40",4,FALSE,FALSE
2764534,"gate_40",28,FALSE,FALSE
2764714,"gate_40",2,FALSE,FALSE
2764724,"gate_40",56,TRUE,FALSE
2764962,"gate_30",46,TRUE,TRUE
2764996,"gate_40",41,FALSE,FALSE
2765133,"gate_30",8,FALSE,FALSE
2765491,"gate_30",8,FALSE,FALSE
2765495,"gate_40",13,FALSE,FALSE
2765572,"gate_40",3,FALSE,FALSE
2765583,"gate_40",5,FALSE,FALSE
2765645,"gate_40",21,FALSE,FALSE
2765755,"gate_30",20,FALSE,FALSE
2765865,"gate_30",5,FALSE,FALSE
2766025,"gate_40",9,FALSE,FALSE
2766053,"gate_30",5,FALSE,FALSE
2766406,"gate_40",82,TRUE,TRUE
2766455,"gate_30",4,FALSE,FALSE
2766585,"gate_30",188,FALSE,TRUE
2766601,"gate_30",13,FALSE,FALSE
2766739,"gate_30",73,TRUE,FALSE
2766919,"gate_40",3,FALSE,FALSE
2767030,"gate_30",42,TRUE,FALSE
2767280,"gate_30",30,FALSE,FALSE
2767430,"gate_40",4,FALSE,FALSE
2767440,"gate_30",78,TRUE,FALSE
2767605,"gate_30",0,FALSE,FALSE
2767700,"gate_40",77,TRUE,TRUE
2767752,"gate_30",1,FALSE,FALSE
2767958,"gate_30",24,TRUE,FALSE
2768079,"gate_30",3,FALSE,FALSE
2768106,"gate_40",16,FALSE,FALSE
2768274,"gate_30",21,FALSE,FALSE
2768303,"gate_30",145,TRUE,TRUE
2768330,"gate_40",41,TRUE,FALSE
2768591,"gate_40",14,TRUE,FALSE
2768668,"gate_30",339,TRUE,TRUE
2768715,"gate_30",66,TRUE,TRUE
2768717,"gate_30",1,FALSE,FALSE
2768728,"gate_30",48,TRUE,FALSE
2768812,"gate_30",10,FALSE,FALSE
2768835,"gate_40",2,FALSE,FALSE
2769191,"gate_40",4,FALSE,FALSE
2769313,"gate_40",11,FALSE,FALSE
2769510,"gate_40",1,FALSE,FALSE
2769512,"gate_30",1,FALSE,FALSE
2769520,"gate_30",184,TRUE,TRUE
2769594,"gate_30",2,FALSE,FALSE
2769883,"gate_40",91,TRUE,FALSE
2769983,"gate_40",16,TRUE,FALSE
2770044,"gate_30",33,TRUE,FALSE
2770104,"gate_40",2,FALSE,FALSE
2770267,"gate_30",47,TRUE,FALSE
2770299,"gate_40",2,FALSE,FALSE
2770384,"gate_40",56,TRUE,TRUE
2770385,"gate_30",188,TRUE,FALSE
2770393,"gate_30",15,TRUE,FALSE
2770532,"gate_30",5,TRUE,FALSE
2770683,"gate_40",5,FALSE,FALSE
2770784,"gate_30",49,TRUE,FALSE
2770912,"gate_30",13,FALSE,FALSE
2771292,"gate_30",14,TRUE,FALSE
2771523,"gate_40",1,FALSE,FALSE
2771552,"gate_30",38,TRUE,FALSE
2771568,"gate_40",106,TRUE,TRUE
2771647,"gate_40",28,TRUE,FALSE
2771693,"gate_30",32,TRUE,FALSE
2771779,"gate_40",141,TRUE,FALSE
2771858,"gate_40",16,TRUE,FALSE
2771873,"gate_30",58,TRUE,FALSE
2772000,"gate_30",40,FALSE,FALSE
2772139,"gate_30",10,FALSE,FALSE
2772170,"gate_40",1,FALSE,FALSE
2772185,"gate_40",200,TRUE,FALSE
2772262,"gate_40",7,FALSE,FALSE
2772358,"gate_30",33,FALSE,FALSE
2772516,"gate_40",9,FALSE,FALSE
2772578,"gate_30",40,TRUE,FALSE
2772679,"gate_40",63,TRUE,TRUE
2772913,"gate_30",56,TRUE,FALSE
2772952,"gate_30",15,FALSE,FALSE
2773043,"gate_40",3,FALSE,FALSE
2773279,"gate_30",11,FALSE,FALSE
2773418,"gate_30",61,TRUE,FALSE
2773422,"gate_40",78,TRUE,TRUE
2773455,"gate_30",8,FALSE,FALSE
2773557,"gate_30",30,TRUE,FALSE
2773818,"gate_30",35,TRUE,FALSE
2773959,"gate_40",35,TRUE,FALSE
2774187,"gate_30",19,TRUE,FALSE
2774359,"gate_30",51,TRUE,FALSE
2774524,"gate_30",203,TRUE,TRUE
2774573,"gate_40",97,FALSE,TRUE
2774688,"gate_30",9,TRUE,FALSE
2774696,"gate_30",78,TRUE,FALSE
2774797,"gate_30",18,FALSE,FALSE
2774805,"gate_30",4,FALSE,FALSE
2774830,"gate_30",254,TRUE,TRUE
2774831,"gate_40",7,FALSE,FALSE
2774842,"gate_30",72,TRUE,TRUE
2774926,"gate_40",55,FALSE,FALSE
2775174,"gate_40",15,FALSE,FALSE
2775328,"gate_30",120,FALSE,TRUE
2775448,"gate_40",1,FALSE,FALSE
2775474,"gate_30",267,TRUE,TRUE
2775732,"gate_30",6,FALSE,FALSE
2775761,"gate_40",44,TRUE,FALSE
2776009,"gate_40",57,TRUE,FALSE
2776194,"gate_40",4,TRUE,FALSE
2776263,"gate_30",95,TRUE,FALSE
2776383,"gate_30",2,FALSE,FALSE
2776664,"gate_40",35,FALSE,FALSE
2776703,"gate_30",14,FALSE,FALSE
2777181,"gate_40",50,TRUE,FALSE
2777264,"gate_40",21,TRUE,FALSE
2777473,"gate_30",114,TRUE,TRUE
2777847,"gate_30",272,TRUE,FALSE
2777855,"gate_30",22,TRUE,TRUE
2778069,"gate_40",2,FALSE,FALSE
2778333,"gate_40",87,TRUE,TRUE
2778373,"gate_30",1,FALSE,FALSE
2778427,"gate_30",4,FALSE,FALSE
2778534,"gate_40",16,TRUE,FALSE
2778736,"gate_40",46,TRUE,FALSE
2779122,"gate_30",41,TRUE,FALSE
2779190,"gate_30",26,FALSE,FALSE
2779198,"gate_40",0,FALSE,FALSE
2779223,"gate_30",140,TRUE,FALSE
2779523,"gate_40",82,TRUE,TRUE
2779627,"gate_30",70,FALSE,TRUE
2779688,"gate_30",15,TRUE,TRUE
2779763,"gate_30",13,FALSE,FALSE
2779781,"gate_40",61,FALSE,FALSE
2779980,"gate_40",6,FALSE,FALSE
2780007,"gate_30",4,FALSE,FALSE
2780113,"gate_30",26,TRUE,TRUE
2780391,"gate_40",2,FALSE,FALSE
2780404,"gate_30",33,TRUE,FALSE
2780528,"gate_40",34,TRUE,FALSE
2780738,"gate_30",79,FALSE,FALSE
2780796,"gate_30",4,TRUE,FALSE
2780813,"gate_30",170,TRUE,TRUE
2780932,"gate_30",22,TRUE,FALSE
2780939,"gate_40",27,TRUE,FALSE
2780970,"gate_40",12,FALSE,FALSE
2781094,"gate_40",1,FALSE,FALSE
2781379,"gate_40",17,FALSE,FALSE
2781735,"gate_40",80,TRUE,FALSE
2781893,"gate_40",3,FALSE,FALSE
2782055,"gate_40",19,FALSE,FALSE
2782355,"gate_40",7,FALSE,TRUE
2782388,"gate_40",16,FALSE,FALSE
2782393,"gate_40",1,FALSE,FALSE
2782768,"gate_30",2,FALSE,FALSE
2782845,"gate_40",7,FALSE,FALSE
2782871,"gate_30",30,FALSE,FALSE
2783051,"gate_40",0,FALSE,FALSE
2783152,"gate_40",21,TRUE,FALSE
2783231,"gate_40",51,TRUE,FALSE
2783315,"gate_30",57,TRUE,TRUE
2783336,"gate_30",85,FALSE,FALSE
2783352,"gate_30",12,FALSE,FALSE
2783362,"gate_40",44,TRUE,FALSE
2783427,"gate_40",115,TRUE,FALSE
2783452,"gate_30",68,FALSE,TRUE
2783462,"gate_40",2,FALSE,FALSE
2783549,"gate_40",16,FALSE,FALSE
2783590,"gate_40",73,FALSE,TRUE
2783787,"gate_30",14,FALSE,FALSE
2783865,"gate_30",350,TRUE,TRUE
2783894,"gate_40",43,TRUE,FALSE
2783902,"gate_40",17,TRUE,FALSE
2783904,"gate_40",25,FALSE,FALSE
2784005,"gate_40",41,TRUE,FALSE
2784040,"gate_40",4,FALSE,FALSE
2784306,"gate_30",93,TRUE,TRUE
2784366,"gate_30",84,TRUE,FALSE
2784388,"gate_30",1,FALSE,FALSE
2784409,"gate_40",242,TRUE,FALSE
2784595,"gate_30",21,TRUE,FALSE
2784679,"gate_30",42,TRUE,FALSE
2784681,"gate_30",46,TRUE,FALSE
2784778,"gate_30",116,TRUE,TRUE
2784876,"gate_40",147,TRUE,FALSE
2785309,"gate_30",2,FALSE,FALSE
2785434,"gate_40",4,FALSE,FALSE
2785449,"gate_30",31,TRUE,FALSE
2785533,"gate_40",2,FALSE,FALSE
2785692,"gate_30",40,FALSE,FALSE
2785889,"gate_40",47,TRUE,FALSE
2785951,"gate_30",59,TRUE,TRUE
2785979,"gate_30",17,TRUE,FALSE
2786282,"gate_40",14,FALSE,FALSE
2786314,"gate_40",22,TRUE,FALSE
2786426,"gate_40",34,TRUE,FALSE
2786539,"gate_30",51,TRUE,FALSE
2786742,"gate_40",3,FALSE,FALSE
2786977,"gate_30",62,TRUE,TRUE
2787057,"gate_40",5,FALSE,FALSE
2787135,"gate_30",4,FALSE,FALSE
2787427,"gate_30",18,FALSE,FALSE
2787694,"gate_30",64,TRUE,TRUE
2787939,"gate_40",15,TRUE,FALSE
2787977,"gate_30",20,TRUE,FALSE
2788061,"gate_40",9,TRUE,FALSE
2788134,"gate_30",61,TRUE,FALSE
2788181,"gate_30",12,FALSE,FALSE
2788188,"gate_30",20,FALSE,FALSE
2788284,"gate_40",10,TRUE,FALSE
2788520,"gate_40",68,TRUE,FALSE
2788572,"gate_30",37,FALSE,FALSE
2788746,"gate_30",1,FALSE,FALSE
2788852,"gate_30",61,TRUE,FALSE
2788906,"gate_30",56,TRUE,FALSE
2788919,"gate_40",6,TRUE,FALSE
2788943,"gate_30",569,TRUE,TRUE
2788970,"gate_40",2,FALSE,FALSE
2788983,"gate_30",43,TRUE,FALSE
2788988,"gate_40",55,TRUE,TRUE
2789057,"gate_40",1,FALSE,FALSE
2789104,"gate_40",40,FALSE,FALSE
2789105,"gate_40",2,FALSE,FALSE
2789219,"gate_40",21,FALSE,FALSE
2789223,"gate_30",124,TRUE,FALSE
2789364,"gate_40",9,FALSE,FALSE
2789367,"gate_40",15,FALSE,FALSE
2789377,"gate_40",4,FALSE,FALSE
2789431,"gate_30",79,TRUE,FALSE
2789478,"gate_40",16,FALSE,FALSE
2789551,"gate_30",93,TRUE,TRUE
2789626,"gate_30",4,FALSE,FALSE
2790482,"gate_40",237,TRUE,FALSE
2790667,"gate_30",89,TRUE,FALSE
2790912,"gate_30",21,TRUE,FALSE
2790997,"gate_30",14,TRUE,FALSE
2791089,"gate_30",0,FALSE,FALSE
2791291,"gate_40",17,FALSE,FALSE
2791490,"gate_30",72,TRUE,FALSE
2791659,"gate_40",15,FALSE,FALSE
2791708,"gate_40",30,TRUE,FALSE
2791894,"gate_30",14,FALSE,FALSE
2791950,"gate_40",54,TRUE,FALSE
2792014,"gate_30",28,TRUE,FALSE
2792061,"gate_40",15,FALSE,FALSE
2792139,"gate_30",16,FALSE,FALSE
2792276,"gate_40",173,TRUE,FALSE
2792301,"gate_40",9,FALSE,FALSE
2792348,"gate_30",93,TRUE,TRUE
2792406,"gate_30",36,TRUE,FALSE
2792532,"gate_30",4,FALSE,FALSE
2792535,"gate_30",0,FALSE,FALSE
2792583,"gate_30",167,TRUE,TRUE
2792652,"gate_30",5,FALSE,FALSE
2792702,"gate_30",41,FALSE,FALSE
2792962,"gate_40",11,FALSE,FALSE
2793195,"gate_30",33,TRUE,FALSE
2793236,"gate_30",20,TRUE,FALSE
2793276,"gate_30",2,FALSE,FALSE
2793312,"gate_30",82,FALSE,TRUE
2793393,"gate_30",339,TRUE,TRUE
2793426,"gate_30",281,TRUE,TRUE
2793971,"gate_30",9,FALSE,FALSE
2794153,"gate_30",16,TRUE,FALSE
2794247,"gate_30",353,TRUE,TRUE
2794456,"gate_40",83,TRUE,TRUE
2794820,"gate_40",6,FALSE,FALSE
2794870,"gate_40",16,FALSE,FALSE
2794888,"gate_30",8,FALSE,FALSE
2795124,"gate_40",29,TRUE,FALSE
2795139,"gate_40",255,FALSE,TRUE
2795279,"gate_30",13,TRUE,FALSE
2795707,"gate_40",8,FALSE,FALSE
2795732,"gate_40",8,FALSE,FALSE
2795762,"gate_40",20,FALSE,FALSE
2795896,"gate_30",39,FALSE,FALSE
2795922,"gate_40",1,FALSE,FALSE
2796631,"gate_30",7,FALSE,FALSE
2796771,"gate_40",14,TRUE,FALSE
2796961,"gate_30",345,TRUE,TRUE
2796981,"gate_40",1,FALSE,FALSE
2797279,"gate_40",5,FALSE,FALSE
2797323,"gate_30",102,TRUE,TRUE
2797567,"gate_30",2,FALSE,FALSE
2797587,"gate_30",2,FALSE,FALSE
2797593,"gate_30",10,TRUE,FALSE
2797601,"gate_30",48,FALSE,FALSE
2797629,"gate_40",31,FALSE,FALSE
2797658,"gate_30",15,TRUE,FALSE
2797716,"gate_30",0,FALSE,FALSE
2797795,"gate_30",126,TRUE,TRUE
2797858,"gate_40",68,TRUE,FALSE
2797887,"gate_30",24,TRUE,FALSE
2798678,"gate_30",47,TRUE,FALSE
2798864,"gate_30",92,FALSE,TRUE
2798924,"gate_30",11,FALSE,FALSE
2798965,"gate_30",0,FALSE,FALSE
2799133,"gate_40",43,TRUE,FALSE
2799134,"gate_30",38,FALSE,FALSE
2799197,"gate_40",36,TRUE,TRUE
2799248,"gate_30",4,FALSE,FALSE
2799312,"gate_30",6,FALSE,FALSE
2799463,"gate_40",15,FALSE,FALSE
2799515,"gate_40",61,FALSE,FALSE
2799555,"gate_40",16,FALSE,FALSE
2799788,"gate_30",12,FALSE,FALSE
2799914,"gate_40",1,FALSE,FALSE
2799995,"gate_30",3,FALSE,FALSE
2800143,"gate_40",0,FALSE,FALSE
2800163,"gate_40",13,FALSE,FALSE
2800184,"gate_30",44,FALSE,FALSE
2800198,"gate_30",13,TRUE,FALSE
2800322,"gate_40",12,TRUE,FALSE
2800615,"gate_40",13,TRUE,FALSE
2800839,"gate_30",5,FALSE,FALSE
2801029,"gate_30",7,FALSE,FALSE
2801371,"gate_40",24,TRUE,FALSE
2801470,"gate_30",5,FALSE,FALSE
2801557,"gate_40",58,FALSE,FALSE
2801559,"gate_30",128,FALSE,TRUE
2801626,"gate_40",8,FALSE,FALSE
2801699,"gate_30",28,TRUE,FALSE
2801823,"gate_40",1,FALSE,FALSE
2801998,"gate_30",0,FALSE,FALSE
2802013,"gate_40",1,FALSE,FALSE
2802023,"gate_40",267,FALSE,FALSE
2802216,"gate_40",103,TRUE,FALSE
2802584,"gate_30",0,FALSE,FALSE
2802689,"gate_40",15,TRUE,FALSE
2802807,"gate_40",73,TRUE,TRUE
2802902,"gate_30",3,FALSE,FALSE
2803158,"gate_30",1,FALSE,FALSE
2803185,"gate_40",134,TRUE,TRUE
2803219,"gate_40",4,FALSE,FALSE
2803417,"gate_40",126,TRUE,TRUE
2803574,"gate_40",19,FALSE,FALSE
2803642,"gate_40",9,TRUE,FALSE
2803660,"gate_30",124,TRUE,TRUE
2803716,"gate_40",57,TRUE,TRUE
2803772,"gate_40",69,TRUE,FALSE
2803818,"gate_30",29,FALSE,FALSE
2803819,"gate_30",1,FALSE,FALSE
2804028,"gate_30",22,TRUE,FALSE
2804088,"gate_30",70,TRUE,FALSE
2804114,"gate_30",48,TRUE,FALSE
2804160,"gate_30",3,TRUE,FALSE
2804339,"gate_30",2,FALSE,FALSE
2804382,"gate_40",91,FALSE,FALSE
2804502,"gate_40",8,TRUE,FALSE
2804567,"gate_30",17,FALSE,FALSE
2804658,"gate_30",159,TRUE,TRUE
2804684,"gate_40",15,FALSE,FALSE
2804697,"gate_40",1,FALSE,FALSE
2804858,"gate_30",13,FALSE,FALSE
2804932,"gate_40",10,TRUE,FALSE
2804958,"gate_40",36,FALSE,FALSE
2805093,"gate_40",11,FALSE,FALSE
2805164,"gate_30",46,TRUE,TRUE
2805320,"gate_40",17,FALSE,FALSE
2805608,"gate_30",28,FALSE,FALSE
2805883,"gate_30",487,TRUE,TRUE
2805962,"gate_30",87,TRUE,TRUE
2806017,"gate_40",31,TRUE,FALSE
2806046,"gate_40",52,TRUE,FALSE
2806153,"gate_40",507,TRUE,TRUE
2806213,"gate_30",6,FALSE,FALSE
2806305,"gate_40",115,TRUE,TRUE
2806345,"gate_30",34,TRUE,FALSE
2806473,"gate_40",8,FALSE,FALSE
2806496,"gate_40",86,TRUE,FALSE
2806511,"gate_40",25,TRUE,FALSE
2806551,"gate_30",148,TRUE,TRUE
2806821,"gate_30",8,FALSE,FALSE
2806840,"gate_30",2,FALSE,FALSE
2806844,"gate_40",121,FALSE,TRUE
2806849,"gate_40",80,TRUE,FALSE
2806932,"gate_30",27,FALSE,FALSE
2806934,"gate_30",282,TRUE,TRUE
2806992,"gate_30",28,TRUE,FALSE
2807042,"gate_40",2,FALSE,FALSE
2807176,"gate_30",39,TRUE,FALSE
2807317,"gate_40",7,FALSE,FALSE
2807379,"gate_40",72,TRUE,TRUE
2807459,"gate_30",13,TRUE,FALSE
2807510,"gate_30",50,TRUE,FALSE
2807544,"gate_30",52,TRUE,FALSE
2807863,"gate_40",20,FALSE,FALSE
2807882,"gate_40",9,FALSE,FALSE
2807902,"gate_30",60,TRUE,TRUE
2807965,"gate_30",12,FALSE,FALSE
2807983,"gate_40",34,TRUE,FALSE
2808104,"gate_40",96,TRUE,TRUE
2808156,"gate_30",10,FALSE,FALSE
2808187,"gate_40",3,FALSE,FALSE
2808321,"gate_40",50,TRUE,FALSE
2808517,"gate_30",1413,TRUE,TRUE
2808523,"gate_40",73,TRUE,FALSE
2808583,"gate_40",4,FALSE,FALSE
2808790,"gate_30",13,TRUE,FALSE
2808821,"gate_40",32,TRUE,FALSE
2808970,"gate_40",112,TRUE,TRUE
2809225,"gate_40",50,FALSE,FALSE
2809277,"gate_40",8,TRUE,FALSE
2809303,"gate_30",1,FALSE,FALSE
2809409,"gate_40",1,TRUE,FALSE
2809417,"gate_30",25,FALSE,FALSE
2809518,"gate_30",28,TRUE,FALSE
2809559,"gate_30",167,TRUE,FALSE
2809683,"gate_30",30,TRUE,FALSE
2809685,"gate_30",14,FALSE,FALSE
2809720,"gate_40",30,FALSE,FALSE
2809953,"gate_40",161,TRUE,TRUE
2810018,"gate_40",44,TRUE,TRUE
2810055,"gate_30",0,FALSE,FALSE
2810198,"gate_30",28,TRUE,FALSE
2810203,"gate_40",111,TRUE,TRUE
2810213,"gate_30",37,TRUE,FALSE
2810240,"gate_30",24,TRUE,FALSE
2810322,"gate_30",25,TRUE,FALSE
2810855,"gate_30",15,FALSE,FALSE
2810955,"gate_30",299,TRUE,TRUE
2810967,"gate_30",140,TRUE,FALSE
2811092,"gate_30",13,FALSE,FALSE
2811124,"gate_30",4,FALSE,FALSE
2811374,"gate_30",5,FALSE,FALSE
2811492,"gate_30",7,TRUE,FALSE
2811509,"gate_40",27,TRUE,FALSE
2811567,"gate_30",20,TRUE,FALSE
2811570,"gate_40",9,TRUE,FALSE
2811695,"gate_30",0,FALSE,FALSE
2811714,"gate_40",4,FALSE,FALSE
2811879,"gate_40",3,FALSE,FALSE
2811967,"gate_30",3,FALSE,FALSE
2812098,"gate_40",27,FALSE,FALSE
2812115,"gate_30",65,TRUE,FALSE
2812129,"gate_40",53,TRUE,FALSE
2812684,"gate_40",158,TRUE,TRUE
2812893,"gate_30",18,FALSE,FALSE
2812968,"gate_40",10,FALSE,FALSE
2813027,"gate_40",2,FALSE,FALSE
2813051,"gate_30",55,TRUE,TRUE
2813101,"gate_40",93,TRUE,TRUE
2813145,"gate_40",54,TRUE,TRUE
2813157,"gate_40",25,TRUE,TRUE
2813227,"gate_30",38,FALSE,FALSE
2813278,"gate_40",8,FALSE,FALSE
2813423,"gate_30",18,TRUE,FALSE
2813456,"gate_40",9,FALSE,FALSE
2813504,"gate_30",4,FALSE,FALSE
2813521,"gate_40",77,FALSE,FALSE
2813879,"gate_30",31,FALSE,TRUE
2813950,"gate_40",31,TRUE,FALSE
2814073,"gate_40",3,FALSE,FALSE
2814140,"gate_30",13,FALSE,FALSE
2814307,"gate_30",1,FALSE,FALSE
2814371,"gate_30",16,FALSE,FALSE
2814483,"gate_30",364,TRUE,TRUE
2814851,"gate_30",2,FALSE,FALSE
2814852,"gate_40",3,FALSE,FALSE
2814986,"gate_40",5,FALSE,FALSE
2815139,"gate_30",509,TRUE,TRUE
2815172,"gate_30",8,TRUE,FALSE
2815309,"gate_40",74,TRUE,FALSE
2815580,"gate_30",3,FALSE,FALSE
2815744,"gate_40",49,TRUE,FALSE
2815747,"gate_40",0,FALSE,FALSE
2815866,"gate_30",9,FALSE,FALSE
2815904,"gate_40",18,FALSE,FALSE
2816096,"gate_40",11,TRUE,FALSE
2816610,"gate_30",35,TRUE,FALSE
2816657,"gate_40",159,TRUE,TRUE
2816720,"gate_40",7,FALSE,FALSE
2816736,"gate_30",19,TRUE,FALSE
2816761,"gate_40",48,FALSE,FALSE
2816807,"gate_30",22,TRUE,FALSE
2816939,"gate_40",59,TRUE,TRUE
2817179,"gate_40",22,FALSE,FALSE
2817288,"gate_30",5,FALSE,FALSE
2817295,"gate_30",144,TRUE,TRUE
2817435,"gate_40",4,FALSE,FALSE
2817553,"gate_40",82,TRUE,TRUE
2817622,"gate_40",0,FALSE,FALSE
2817654,"gate_40",6,FALSE,FALSE
2817782,"gate_40",191,FALSE,TRUE
2817791,"gate_40",85,TRUE,FALSE
2817819,"gate_40",0,FALSE,FALSE
2817879,"gate_30",9,FALSE,FALSE
2817966,"gate_40",223,TRUE,TRUE
2818014,"gate_30",4,TRUE,FALSE
2818069,"gate_30",51,TRUE,FALSE
2818086,"gate_40",23,TRUE,FALSE
2818185,"gate_40",0,FALSE,FALSE
2818365,"gate_30",2,FALSE,FALSE
2818429,"gate_40",52,TRUE,FALSE
2818454,"gate_30",6,TRUE,FALSE
2818762,"gate_40",142,TRUE,TRUE
2818959,"gate_30",58,TRUE,TRUE
2818979,"gate_40",93,TRUE,FALSE
2819108,"gate_40",0,FALSE,FALSE
2819149,"gate_30",38,TRUE,FALSE
2819326,"gate_30",28,TRUE,FALSE
2819398,"gate_40",20,FALSE,FALSE
2819572,"gate_40",34,TRUE,FALSE
2819749,"gate_40",3,FALSE,FALSE
2819963,"gate_40",5,FALSE,FALSE
2820073,"gate_40",87,FALSE,TRUE
2820124,"gate_40",29,FALSE,FALSE
2820198,"gate_30",46,FALSE,FALSE
2820264,"gate_40",81,TRUE,FALSE
2820478,"gate_40",26,TRUE,FALSE
2820564,"gate_40",59,TRUE,FALSE
2820600,"gate_30",20,FALSE,FALSE
2820664,"gate_30",10,TRUE,FALSE
2820670,"gate_40",15,TRUE,FALSE
2820681,"gate_30",38,FALSE,FALSE
2821034,"gate_30",599,TRUE,TRUE
2821053,"gate_30",44,TRUE,FALSE
2821358,"gate_40",18,FALSE,FALSE
2821381,"gate_40",9,TRUE,FALSE
2821484,"gate_40",58,FALSE,TRUE
2821590,"gate_30",17,TRUE,FALSE
2821640,"gate_40",5,FALSE,FALSE
2821741,"gate_30",40,TRUE,FALSE
2821745,"gate_40",12,FALSE,FALSE
2821983,"gate_40",6,FALSE,FALSE
2822004,"gate_40",24,FALSE,FALSE
2822213,"gate_30",28,TRUE,FALSE
2822414,"gate_40",109,TRUE,FALSE
2822472,"gate_30",153,TRUE,TRUE
2822527,"gate_30",47,TRUE,FALSE
2822567,"gate_40",39,TRUE,TRUE
2822587,"gate_30",32,FALSE,FALSE
2822615,"gate_40",8,FALSE,FALSE
2822690,"gate_40",7,FALSE,FALSE
2822715,"gate_30",1,FALSE,FALSE
2822861,"gate_40",2,FALSE,FALSE
2822884,"gate_40",36,FALSE,FALSE
2822940,"gate_40",12,TRUE,FALSE
2823089,"gate_30",36,FALSE,FALSE
2823216,"gate_40",7,FALSE,FALSE
2823232,"gate_40",54,TRUE,FALSE
2823388,"gate_40",89,TRUE,TRUE
2823599,"gate_40",0,FALSE,FALSE
2823687,"gate_30",8,FALSE,FALSE
2823863,"gate_30",109,TRUE,TRUE
2824156,"gate_30",39,TRUE,TRUE
2824257,"gate_30",5,FALSE,FALSE
2824335,"gate_30",101,FALSE,FALSE
2824458,"gate_30",74,TRUE,TRUE
2824610,"gate_40",8,FALSE,FALSE
2824839,"gate_30",37,FALSE,FALSE
2824911,"gate_40",162,TRUE,FALSE
2824971,"gate_30",28,TRUE,FALSE
2825057,"gate_40",40,FALSE,TRUE
2825245,"gate_30",165,TRUE,TRUE
2825366,"gate_40",17,FALSE,FALSE
2825457,"gate_30",15,TRUE,FALSE
2825646,"gate_40",5,FALSE,FALSE
2825689,"gate_30",37,FALSE,FALSE
2825837,"gate_40",29,TRUE,FALSE
2826054,"gate_30",5,FALSE,FALSE
2826120,"gate_30",15,FALSE,FALSE
2826126,"gate_40",7,TRUE,FALSE
2826206,"gate_40",43,TRUE,TRUE
2826745,"gate_30",24,FALSE,FALSE
2826753,"gate_40",51,TRUE,FALSE
2826873,"gate_40",3,FALSE,FALSE
2826927,"gate_30",41,TRUE,FALSE
2827117,"gate_30",3,FALSE,FALSE
2827238,"gate_40",25,TRUE,FALSE
2827309,"gate_40",1,FALSE,FALSE
2828157,"gate_40",81,TRUE,TRUE
2828452,"gate_30",5,FALSE,FALSE
2828687,"gate_40",11,FALSE,FALSE
2828756,"gate_40",18,FALSE,FALSE
2829009,"gate_30",50,TRUE,FALSE
2829128,"gate_40",108,TRUE,TRUE
2829137,"gate_30",5,FALSE,FALSE
2829225,"gate_30",106,TRUE,TRUE
2829456,"gate_30",165,TRUE,TRUE
2829694,"gate_30",8,TRUE,FALSE
2829726,"gate_40",9,FALSE,FALSE
2829736,"gate_40",4,FALSE,FALSE
2829741,"gate_40",2,TRUE,FALSE
2829762,"gate_30",12,TRUE,FALSE
2829864,"gate_40",1,FALSE,FALSE
2829913,"gate_30",55,FALSE,FALSE
2829973,"gate_30",111,TRUE,TRUE
2829974,"gate_40",14,FALSE,FALSE
2830015,"gate_30",42,FALSE,FALSE
2830379,"gate_40",70,FALSE,TRUE
2830397,"gate_30",17,FALSE,FALSE
2830409,"gate_40",14,FALSE,TRUE
2830567,"gate_30",0,FALSE,FALSE
2830630,"gate_30",0,FALSE,FALSE
2830679,"gate_40",78,TRUE,TRUE
2830732,"gate_40",8,TRUE,FALSE
2830899,"gate_30",51,FALSE,FALSE
2830975,"gate_40",28,TRUE,FALSE
2831071,"gate_40",2,FALSE,FALSE
2831218,"gate_40",0,FALSE,FALSE
2831275,"gate_30",43,TRUE,FALSE
2831394,"gate_30",755,TRUE,TRUE
2831576,"gate_40",38,TRUE,FALSE
2831604,"gate_30",16,TRUE,FALSE
2831647,"gate_30",8,FALSE,FALSE
2831693,"gate_30",194,TRUE,TRUE
2831740,"gate_40",0,FALSE,FALSE
2831855,"gate_30",7,FALSE,FALSE
2831902,"gate_30",8,FALSE,FALSE
2831914,"gate_30",0,FALSE,FALSE
2831960,"gate_30",0,FALSE,FALSE
2831967,"gate_30",33,FALSE,TRUE
2832279,"gate_30",7,TRUE,FALSE
2832426,"gate_30",3,FALSE,FALSE
2832538,"gate_30",73,TRUE,FALSE
2832759,"gate_40",0,FALSE,FALSE
2832786,"gate_40",84,TRUE,FALSE
2833258,"gate_30",1,FALSE,FALSE
2833376,"gate_40",7,FALSE,FALSE
2833412,"gate_30",1,FALSE,FALSE
2833462,"gate_40",0,FALSE,FALSE
2833488,"gate_30",68,TRUE,FALSE
2833526,"gate_30",114,TRUE,TRUE
2833747,"gate_40",63,TRUE,TRUE
2834004,"gate_40",13,FALSE,FALSE
2834372,"gate_40",82,TRUE,TRUE
2834380,"gate_30",80,TRUE,FALSE
2834398,"gate_40",4,FALSE,FALSE
2834489,"gate_40",18,FALSE,FALSE
2834766,"gate_30",32,TRUE,TRUE
2834788,"gate_30",254,TRUE,TRUE
2834884,"gate_40",2,FALSE,FALSE
2834912,"gate_30",49,TRUE,TRUE
2834952,"gate_40",174,FALSE,TRUE
2835056,"gate_30",21,TRUE,FALSE
2835088,"gate_30",2,FALSE,FALSE
2835156,"gate_40",0,FALSE,FALSE
2835157,"gate_30",1,FALSE,FALSE
2835513,"gate_30",2,FALSE,FALSE
2835526,"gate_30",3,FALSE,FALSE
2835550,"gate_30",39,TRUE,FALSE
2835572,"gate_30",11,TRUE,FALSE
2835728,"gate_30",4,FALSE,FALSE
2835915,"gate_40",1,FALSE,FALSE
2836128,"gate_30",24,FALSE,FALSE
2836195,"gate_30",145,TRUE,TRUE
2836224,"gate_30",47,TRUE,FALSE
2836651,"gate_30",1,FALSE,FALSE
2836703,"gate_40",4,FALSE,FALSE
2836722,"gate_40",30,TRUE,FALSE
2836849,"gate_40",7,TRUE,FALSE
2836980,"gate_30",16,FALSE,TRUE
2837028,"gate_30",5,FALSE,FALSE
2837128,"gate_30",12,FALSE,FALSE
2837197,"gate_30",609,TRUE,TRUE
2837202,"gate_30",3,FALSE,FALSE
2837395,"gate_30",11,FALSE,FALSE
2837423,"gate_40",56,FALSE,FALSE
2837441,"gate_30",3,FALSE,FALSE
2837591,"gate_40",24,TRUE,FALSE
2837751,"gate_40",4,TRUE,FALSE
2837790,"gate_30",193,FALSE,TRUE
2837956,"gate_40",245,TRUE,FALSE
2838044,"gate_30",6,FALSE,FALSE
2838097,"gate_30",118,TRUE,FALSE
2838119,"gate_30",2,FALSE,FALSE
2838375,"gate_30",32,TRUE,FALSE
2838418,"gate_40",3,FALSE,FALSE
2838424,"gate_30",5,TRUE,FALSE
2838476,"gate_40",1,FALSE,FALSE
2838485,"gate_30",18,TRUE,FALSE
2838774,"gate_40",4,FALSE,FALSE
2838981,"gate_30",0,FALSE,FALSE
2839104,"gate_40",18,TRUE,FALSE
2839307,"gate_40",15,TRUE,FALSE
2839405,"gate_40",9,FALSE,FALSE
2839570,"gate_30",465,TRUE,TRUE
2839720,"gate_40",14,FALSE,FALSE
2840140,"gate_30",182,TRUE,FALSE
2840197,"gate_30",11,FALSE,FALSE
2840481,"gate_40",6,FALSE,FALSE
2840811,"gate_40",18,FALSE,FALSE
2840905,"gate_40",52,TRUE,FALSE
2841009,"gate_30",85,TRUE,FALSE
2841175,"gate_40",21,FALSE,TRUE
2841373,"gate_40",15,FALSE,FALSE
2841459,"gate_40",3,TRUE,FALSE
2841491,"gate_40",53,TRUE,FALSE
2841541,"gate_40",477,TRUE,TRUE
2841691,"gate_40",6,FALSE,FALSE
2841707,"gate_40",21,TRUE,FALSE
2842056,"gate_40",1,FALSE,FALSE
2842066,"gate_40",107,FALSE,TRUE
2842158,"gate_40",1,FALSE,FALSE
2842231,"gate_30",3,FALSE,FALSE
2842275,"gate_40",72,TRUE,TRUE
2842284,"gate_30",8,FALSE,FALSE
2842315,"gate_30",0,FALSE,FALSE
2842445,"gate_40",13,TRUE,FALSE
2842521,"gate_40",172,TRUE,TRUE
2842843,"gate_30",72,TRUE,FALSE
2842879,"gate_30",16,FALSE,FALSE
2842959,"gate_40",5,TRUE,FALSE
2843113,"gate_40",14,TRUE,FALSE
2843259,"gate_40",18,TRUE,TRUE
2843588,"gate_40",80,TRUE,TRUE
2843769,"gate_40",5,FALSE,FALSE
2843785,"gate_30",149,TRUE,FALSE
2843790,"gate_30",30,TRUE,FALSE
2844179,"gate_40",16,FALSE,FALSE
2844214,"gate_30",3,FALSE,FALSE
2844357,"gate_40",84,TRUE,TRUE
2844364,"gate_30",290,TRUE,TRUE
2844380,"gate_40",48,TRUE,FALSE
2844470,"gate_40",18,FALSE,FALSE
2844529,"gate_40",1,FALSE,FALSE
2844572,"gate_30",2,FALSE,FALSE
2844758,"gate_40",18,TRUE,FALSE
2844869,"gate_30",53,TRUE,FALSE
2844936,"gate_30",47,TRUE,FALSE
2845023,"gate_30",57,FALSE,TRUE
2845293,"gate_30",4,FALSE,TRUE
2845359,"gate_40",0,FALSE,FALSE
2845431,"gate_30",1,FALSE,FALSE
2845457,"gate_40",6,FALSE,FALSE
2845462,"gate_40",39,FALSE,FALSE
2845655,"gate_40",66,TRUE,FALSE
2845858,"gate_40",7,FALSE,FALSE
2845927,"gate_30",3,TRUE,FALSE
2845994,"gate_40",82,TRUE,TRUE
2846029,"gate_30",75,TRUE,FALSE
2846251,"gate_40",5,TRUE,FALSE
2846254,"gate_40",23,TRUE,FALSE
2846272,"gate_40",9,FALSE,FALSE
2846393,"gate_40",27,TRUE,FALSE
2846402,"gate_30",9,TRUE,FALSE
2846444,"gate_40",200,TRUE,FALSE
2846476,"gate_30",2,FALSE,FALSE
2846569,"gate_40",22,FALSE,FALSE
2846679,"gate_30",9,FALSE,FALSE
2847054,"gate_30",3,FALSE,FALSE
2847140,"gate_30",196,TRUE,TRUE
2847326,"gate_30",1,FALSE,FALSE
2847338,"gate_40",5,FALSE,FALSE
2847556,"gate_40",223,TRUE,TRUE
2847633,"gate_30",112,FALSE,FALSE
2847701,"gate_40",10,FALSE,FALSE
2847857,"gate_40",7,TRUE,FALSE
2848084,"gate_40",94,TRUE,FALSE
2848103,"gate_30",1,FALSE,FALSE
2848231,"gate_30",1,FALSE,FALSE
2848239,"gate_40",44,FALSE,FALSE
2848362,"gate_30",0,FALSE,FALSE
2848772,"gate_30",67,TRUE,TRUE
2848854,"gate_40",52,TRUE,FALSE
2848957,"gate_40",2,FALSE,FALSE
2849002,"gate_30",19,FALSE,FALSE
2849017,"gate_40",34,FALSE,FALSE
2849039,"gate_30",64,TRUE,TRUE
2849118,"gate_30",40,TRUE,FALSE
2849218,"gate_30",24,TRUE,FALSE
2849235,"gate_40",0,TRUE,TRUE
2849375,"gate_30",41,TRUE,TRUE
2849463,"gate_40",183,TRUE,TRUE
2849656,"gate_30",13,FALSE,FALSE
2849815,"gate_40",6,FALSE,FALSE
2849827,"gate_40",7,FALSE,FALSE
2849902,"gate_30",3,FALSE,FALSE
2850006,"gate_30",87,TRUE,FALSE
2850283,"gate_30",4,FALSE,FALSE
2850311,"gate_40",15,TRUE,FALSE
2850498,"gate_40",75,TRUE,FALSE
2850549,"gate_30",6,TRUE,FALSE
2851020,"gate_40",7,FALSE,FALSE
2851058,"gate_40",33,TRUE,FALSE
2851086,"gate_40",2,FALSE,FALSE
2851199,"gate_40",0,FALSE,FALSE
2851265,"gate_40",0,FALSE,FALSE
2851624,"gate_40",12,FALSE,FALSE
2851774,"gate_30",80,TRUE,TRUE
2851807,"gate_40",34,TRUE,FALSE
2851999,"gate_30",4,FALSE,TRUE
2852014,"gate_40",1,FALSE,FALSE
2852143,"gate_30",15,FALSE,FALSE
2852242,"gate_30",0,FALSE,FALSE
2852335,"gate_40",1,FALSE,FALSE
2852369,"gate_40",3,FALSE,FALSE
2852433,"gate_40",2,FALSE,FALSE
2852675,"gate_40",3,FALSE,FALSE
2852871,"gate_40",0,FALSE,FALSE
2852900,"gate_30",6,FALSE,FALSE
2852901,"gate_40",2,FALSE,FALSE
2852925,"gate_40",33,TRUE,FALSE
2853236,"gate_40",5,FALSE,FALSE
2853582,"gate_30",10,TRUE,FALSE
2853673,"gate_40",12,FALSE,FALSE
2853995,"gate_40",4,FALSE,FALSE
2854126,"gate_40",20,TRUE,TRUE
2854174,"gate_40",3,FALSE,FALSE
2854372,"gate_30",4,FALSE,FALSE
2854400,"gate_30",118,TRUE,TRUE
2854445,"gate_30",577,TRUE,TRUE
2854469,"gate_40",67,TRUE,FALSE
2854591,"gate_30",18,FALSE,FALSE
2854714,"gate_30",152,TRUE,TRUE
2854928,"gate_30",48,TRUE,FALSE
2855183,"gate_30",99,TRUE,TRUE
2855262,"gate_30",125,TRUE,TRUE
2855369,"gate_30",19,FALSE,FALSE
2855411,"gate_40",3,FALSE,FALSE
2855682,"gate_30",8,TRUE,FALSE
2855704,"gate_30",3,FALSE,FALSE
2855809,"gate_30",11,FALSE,FALSE
2855880,"gate_40",7,FALSE,FALSE
2855974,"gate_40",3,FALSE,FALSE
2856137,"gate_40",3,FALSE,FALSE
2856146,"gate_30",197,TRUE,TRUE
2856183,"gate_30",5,FALSE,FALSE
2856211,"gate_40",2,FALSE,FALSE
2856311,"gate_40",70,TRUE,FALSE
2856459,"gate_40",9,FALSE,FALSE
2856550,"gate_30",3,FALSE,FALSE
2856604,"gate_40",11,TRUE,FALSE
2856820,"gate_30",18,FALSE,FALSE
2856998,"gate_40",1,FALSE,TRUE
2857194,"gate_30",29,FALSE,FALSE
2857290,"gate_40",18,FALSE,FALSE
2857493,"gate_40",111,TRUE,TRUE
2857622,"gate_30",26,TRUE,FALSE
2857627,"gate_30",18,TRUE,FALSE
2857848,"gate_30",5,TRUE,FALSE
2858249,"gate_30",11,FALSE,FALSE
2858617,"gate_30",43,TRUE,TRUE
2858662,"gate_30",601,TRUE,TRUE
2858705,"gate_30",114,TRUE,TRUE
2858767,"gate_40",2,FALSE,FALSE
2858840,"gate_40",10,FALSE,FALSE
2859358,"gate_40",1,FALSE,FALSE
2859406,"gate_40",41,TRUE,FALSE
2859502,"gate_40",32,FALSE,FALSE
2859550,"gate_40",10,FALSE,FALSE
2859568,"gate_40",19,FALSE,FALSE
2859664,"gate_30",2,FALSE,FALSE
2859777,"gate_40",51,TRUE,TRUE
2859910,"gate_30",1,FALSE,FALSE
2859968,"gate_40",100,TRUE,TRUE
2860101,"gate_40",150,TRUE,TRUE
2860193,"gate_40",301,TRUE,TRUE
2860270,"gate_40",3,FALSE,FALSE
2860393,"gate_40",19,FALSE,FALSE
2860437,"gate_40",2,FALSE,FALSE
2860563,"gate_30",19,FALSE,FALSE
2860642,"gate_40",0,FALSE,FALSE
2860698,"gate_40",92,TRUE,FALSE
2860746,"gate_30",13,FALSE,FALSE
2860790,"gate_40",2,FALSE,FALSE
2860804,"gate_30",1,FALSE,FALSE
2860916,"gate_30",11,FALSE,FALSE
2860991,"gate_40",6,FALSE,FALSE
2861001,"gate_40",4,FALSE,FALSE
2861274,"gate_30",12,TRUE,FALSE
2861386,"gate_40",6,TRUE,FALSE
2861454,"gate_40",47,TRUE,TRUE
2861733,"gate_40",66,TRUE,FALSE
2861741,"gate_30",60,TRUE,FALSE
2861753,"gate_40",8,TRUE,FALSE
2861865,"gate_40",1,FALSE,FALSE
2861986,"gate_30",213,TRUE,TRUE
2862071,"gate_30",0,FALSE,FALSE
2862093,"gate_30",47,FALSE,FALSE
2862227,"gate_30",26,TRUE,FALSE
2862291,"gate_30",5,FALSE,FALSE
2862471,"gate_30",77,TRUE,TRUE
2862594,"gate_40",2,FALSE,FALSE
2862619,"gate_30",41,TRUE,FALSE
2862817,"gate_30",16,TRUE,TRUE
2863043,"gate_40",1,FALSE,FALSE
2863099,"gate_30",30,TRUE,FALSE
2863136,"gate_30",43,FALSE,FALSE
2863163,"gate_30",22,TRUE,FALSE
2863279,"gate_40",395,TRUE,TRUE
2863394,"gate_40",6,FALSE,FALSE
2863572,"gate_40",66,TRUE,FALSE
2863646,"gate_30",143,FALSE,TRUE
2863693,"gate_30",2,FALSE,FALSE
2863701,"gate_40",5,FALSE,FALSE
2863703,"gate_30",77,TRUE,FALSE
2863812,"gate_30",17,TRUE,FALSE
2863901,"gate_40",21,TRUE,FALSE
2864097,"gate_40",276,TRUE,TRUE
2864440,"gate_40",1,FALSE,FALSE
2864452,"gate_40",9,FALSE,FALSE
2864460,"gate_30",14,FALSE,FALSE
2864826,"gate_40",14,TRUE,FALSE
2864894,"gate_30",5,FALSE,FALSE
2864991,"gate_30",14,TRUE,FALSE
2865339,"gate_40",38,TRUE,FALSE
2865398,"gate_40",117,TRUE,TRUE
2865438,"gate_30",2,FALSE,FALSE
2865446,"gate_40",252,TRUE,TRUE
2865890,"gate_40",3,FALSE,FALSE
2866210,"gate_40",17,FALSE,FALSE
2866316,"gate_40",86,TRUE,TRUE
2866405,"gate_40",6,FALSE,FALSE
2866546,"gate_40",1,FALSE,FALSE
2866683,"gate_30",293,TRUE,TRUE
2866770,"gate_30",108,TRUE,FALSE
2866905,"gate_30",8,FALSE,FALSE
2866994,"gate_30",88,TRUE,TRUE
2867197,"gate_30",22,TRUE,FALSE
2867331,"gate_30",7,FALSE,FALSE
2867342,"gate_30",14,TRUE,FALSE
2867357,"gate_30",1,FALSE,FALSE
2867781,"gate_40",7,FALSE,FALSE
2868041,"gate_40",49,TRUE,FALSE
2868256,"gate_30",43,TRUE,FALSE
2868279,"gate_40",76,TRUE,TRUE
2868480,"gate_40",53,TRUE,TRUE
2868542,"gate_40",20,FALSE,FALSE
2868549,"gate_40",14,FALSE,FALSE
2868613,"gate_30",0,FALSE,FALSE
2868644,"gate_30",4,FALSE,FALSE
2868755,"gate_40",28,TRUE,FALSE
2868864,"gate_30",1,FALSE,FALSE
2868929,"gate_30",1,FALSE,FALSE
2868969,"gate_30",12,FALSE,FALSE
2869026,"gate_30",128,TRUE,FALSE
2869109,"gate_40",70,TRUE,FALSE
2869210,"gate_40",12,FALSE,FALSE
2869249,"gate_30",68,TRUE,FALSE
2869276,"gate_40",30,FALSE,FALSE
2869287,"gate_40",33,FALSE,TRUE
2869376,"gate_40",13,FALSE,FALSE
2869475,"gate_30",146,TRUE,TRUE
2869568,"gate_30",43,TRUE,TRUE
2869591,"gate_30",10,FALSE,FALSE
2869629,"gate_40",15,TRUE,FALSE
2869671,"gate_30",13,FALSE,FALSE
2869818,"gate_40",8,FALSE,FALSE
2869879,"gate_30",6,FALSE,FALSE
2869956,"gate_40",14,FALSE,FALSE
2870127,"gate_30",38,TRUE,FALSE
2870179,"gate_30",6,FALSE,FALSE
2870241,"gate_40",16,FALSE,FALSE
2870382,"gate_30",27,FALSE,FALSE
2870434,"gate_30",13,FALSE,FALSE
2870549,"gate_40",103,TRUE,FALSE
2870656,"gate_30",42,FALSE,FALSE
2870785,"gate_40",22,TRUE,FALSE
2870834,"gate_40",40,TRUE,FALSE
2870862,"gate_40",124,FALSE,TRUE
2870961,"gate_40",42,TRUE,TRUE
2871041,"gate_40",10,FALSE,FALSE
2871423,"gate_30",14,FALSE,FALSE
2871431,"gate_40",20,FALSE,FALSE
2871490,"gate_30",104,TRUE,TRUE
2871531,"gate_30",49,TRUE,FALSE
2871616,"gate_40",84,TRUE,FALSE
2871673,"gate_40",21,FALSE,FALSE
2871786,"gate_30",33,TRUE,FALSE
2871849,"gate_30",4,FALSE,FALSE
2871852,"gate_40",2,FALSE,FALSE
2872220,"gate_40",10,TRUE,FALSE
2872243,"gate_40",5,FALSE,FALSE
2872261,"gate_40",11,FALSE,FALSE
2872830,"gate_40",3,FALSE,FALSE
2872968,"gate_30",5,FALSE,FALSE
2873105,"gate_30",3,FALSE,FALSE
2873118,"gate_40",86,TRUE,TRUE
2873125,"gate_40",21,FALSE,FALSE
2873330,"gate_40",107,TRUE,TRUE
2873333,"gate_30",14,FALSE,FALSE
2873339,"gate_30",10,TRUE,TRUE
2873434,"gate_30",7,FALSE,FALSE
2873441,"gate_30",194,TRUE,TRUE
2873595,"gate_30",76,FALSE,TRUE
2873616,"gate_40",11,TRUE,FALSE
2873626,"gate_30",21,FALSE,FALSE
2873935,"gate_40",22,TRUE,FALSE
2874144,"gate_40",10,FALSE,FALSE
2874249,"gate_40",4,FALSE,FALSE
2874268,"gate_40",12,FALSE,FALSE
2874285,"gate_30",14,TRUE,FALSE
2874529,"gate_30",63,TRUE,FALSE
2874625,"gate_30",16,TRUE,FALSE
2874673,"gate_40",24,TRUE,FALSE
2874760,"gate_40",4,FALSE,FALSE
2874836,"gate_30",7,FALSE,FALSE
2874845,"gate_30",24,TRUE,FALSE
2875016,"gate_30",89,FALSE,FALSE
2875198,"gate_40",21,TRUE,FALSE
2875253,"gate_30",17,FALSE,FALSE
2875310,"gate_30",159,TRUE,TRUE
2875312,"gate_30",69,TRUE,FALSE
2875476,"gate_30",73,TRUE,FALSE
2875563,"gate_30",14,TRUE,FALSE
2875597,"gate_30",198,TRUE,TRUE
2875644,"gate_30",13,FALSE,FALSE
2875861,"gate_40",23,TRUE,FALSE
2875889,"gate_30",72,TRUE,FALSE
2875941,"gate_30",11,FALSE,FALSE
2875970,"gate_40",6,FALSE,FALSE
2876200,"gate_30",1,FALSE,FALSE
2876251,"gate_30",1,FALSE,FALSE
2876552,"gate_30",4,FALSE,FALSE
2876660,"gate_30",23,TRUE,FALSE
2876669,"gate_40",161,TRUE,FALSE
2876716,"gate_30",98,TRUE,FALSE
2876752,"gate_30",44,TRUE,FALSE
2876863,"gate_40",100,TRUE,TRUE
2877109,"gate_30",6,FALSE,FALSE
2877134,"gate_40",31,TRUE,FALSE
2877439,"gate_30",86,TRUE,FALSE
2877638,"gate_30",344,TRUE,FALSE
2877871,"gate_40",33,FALSE,FALSE
2877926,"gate_40",97,TRUE,FALSE
2878028,"gate_30",2,FALSE,FALSE
2878306,"gate_40",8,FALSE,FALSE
2878313,"gate_40",32,FALSE,FALSE
2878409,"gate_40",23,FALSE,FALSE
2878552,"gate_30",14,FALSE,FALSE
2878577,"gate_30",34,FALSE,FALSE
2878584,"gate_40",102,TRUE,FALSE
2878760,"gate_40",68,TRUE,FALSE
2878811,"gate_30",25,TRUE,FALSE
2879104,"gate_40",10,FALSE,FALSE
2879194,"gate_30",20,TRUE,FALSE
2879198,"gate_30",1,FALSE,FALSE
2879213,"gate_30",10,FALSE,FALSE
2879376,"gate_40",0,FALSE,FALSE
2879579,"gate_30",39,TRUE,TRUE
2879626,"gate_30",0,FALSE,FALSE
2879748,"gate_30",4,FALSE,FALSE
2879892,"gate_40",9,FALSE,FALSE
2879948,"gate_30",8,TRUE,FALSE
2879967,"gate_30",13,TRUE,FALSE
2879995,"gate_30",12,TRUE,FALSE
2880189,"gate_30",108,FALSE,FALSE
2880393,"gate_30",116,TRUE,TRUE
2880433,"gate_40",79,TRUE,TRUE
2880558,"gate_30",44,TRUE,FALSE
2880608,"gate_40",29,FALSE,FALSE
2880766,"gate_40",1,FALSE,FALSE
2881206,"gate_40",23,TRUE,FALSE
2881240,"gate_30",7,FALSE,FALSE
2881321,"gate_40",3,FALSE,FALSE
2881324,"gate_40",50,TRUE,FALSE
2881431,"gate_40",1,FALSE,FALSE
2881615,"gate_30",18,TRUE,FALSE
2881655,"gate_30",18,TRUE,FALSE
2881683,"gate_30",4,FALSE,FALSE
2881775,"gate_40",165,TRUE,FALSE
2881928,"gate_40",42,TRUE,TRUE
2881969,"gate_30",19,FALSE,FALSE
2882160,"gate_40",11,TRUE,FALSE
2882176,"gate_40",3,FALSE,FALSE
2882287,"gate_30",132,TRUE,TRUE
2882321,"gate_40",13,TRUE,FALSE
2882435,"gate_30",36,TRUE,FALSE
2882442,"gate_30",7,TRUE,FALSE
2882602,"gate_30",19,TRUE,FALSE
2882631,"gate_40",1,FALSE,FALSE
2882670,"gate_40",14,FALSE,FALSE
2882700,"gate_30",4,FALSE,FALSE
2882841,"gate_40",8,FALSE,FALSE
2882864,"gate_30",111,TRUE,TRUE
2883049,"gate_40",126,TRUE,FALSE
2883118,"gate_40",68,TRUE,FALSE
2883450,"gate_30",29,TRUE,TRUE
2883691,"gate_40",173,TRUE,TRUE
2884336,"gate_40",2,FALSE,FALSE
2884354,"gate_30",14,FALSE,FALSE
2884359,"gate_30",50,TRUE,FALSE
2884442,"gate_30",2,FALSE,FALSE
2884532,"gate_40",31,TRUE,FALSE
2884820,"gate_40",20,TRUE,FALSE
2884939,"gate_30",57,TRUE,FALSE
2885011,"gate_40",36,FALSE,FALSE
2885068,"gate_40",9,TRUE,FALSE
2885096,"gate_40",39,FALSE,FALSE
2885401,"gate_30",2,FALSE,FALSE
2885501,"gate_40",13,FALSE,FALSE
2885570,"gate_30",6,FALSE,FALSE
2885710,"gate_40",11,FALSE,TRUE
2885743,"gate_30",41,TRUE,TRUE
2885842,"gate_40",511,TRUE,TRUE
2885917,"gate_40",22,FALSE,TRUE
2886302,"gate_40",296,TRUE,TRUE
2886451,"gate_30",81,TRUE,FALSE
2886458,"gate_40",10,FALSE,FALSE
2886638,"gate_30",50,TRUE,TRUE
2886661,"gate_30",21,TRUE,FALSE
2886819,"gate_40",163,TRUE,TRUE
2886930,"gate_30",7,FALSE,FALSE
2886963,"gate_40",17,FALSE,FALSE
2887036,"gate_30",2,TRUE,FALSE
2887124,"gate_40",29,FALSE,FALSE
2887129,"gate_30",105,TRUE,FALSE
2887152,"gate_30",11,FALSE,FALSE
2887176,"gate_40",4,FALSE,FALSE
2887193,"gate_30",81,TRUE,TRUE
2887802,"gate_40",5,TRUE,FALSE
2888169,"gate_40",1,FALSE,FALSE
2888189,"gate_30",2,FALSE,FALSE
2888244,"gate_30",26,FALSE,TRUE
2888584,"gate_30",8,FALSE,FALSE
2888585,"gate_30",1,FALSE,FALSE
2888680,"gate_40",2,FALSE,FALSE
2888781,"gate_30",39,TRUE,FALSE
2888784,"gate_40",5,FALSE,FALSE
2888920,"gate_40",87,FALSE,TRUE
2889231,"gate_30",45,TRUE,FALSE
2889285,"gate_30",2,FALSE,FALSE
2889389,"gate_30",3,FALSE,FALSE
2889718,"gate_40",6,FALSE,FALSE
2889921,"gate_40",74,FALSE,TRUE
2889989,"gate_40",47,TRUE,FALSE
2890225,"gate_40",5,TRUE,FALSE
2890348,"gate_30",34,FALSE,FALSE
2890360,"gate_40",1,FALSE,FALSE
2890661,"gate_40",30,TRUE,FALSE
2890775,"gate_40",28,TRUE,FALSE
2890871,"gate_30",6,TRUE,FALSE
2890919,"gate_40",201,TRUE,TRUE
2890957,"gate_30",17,FALSE,FALSE
2891227,"gate_30",67,FALSE,FALSE
2891277,"gate_30",35,TRUE,FALSE
2891294,"gate_40",3,TRUE,FALSE
2891312,"gate_30",20,FALSE,FALSE
2891329,"gate_40",1,FALSE,FALSE
2891485,"gate_40",109,TRUE,TRUE
2891529,"gate_40",16,TRUE,FALSE
2891664,"gate_30",2,FALSE,FALSE
2891674,"gate_30",0,FALSE,FALSE
2892017,"gate_30",10,FALSE,FALSE
2892257,"gate_40",4,FALSE,FALSE
2892267,"gate_30",3,FALSE,FALSE
2892369,"gate_40",3,FALSE,FALSE
2892482,"gate_30",136,TRUE,FALSE
2892506,"gate_30",6,FALSE,FALSE
2892536,"gate_30",8,FALSE,FALSE
2892593,"gate_30",4,FALSE,FALSE
2892684,"gate_40",0,FALSE,FALSE
2892819,"gate_40",93,TRUE,TRUE
2892872,"gate_30",6,FALSE,FALSE
2893127,"gate_30",161,TRUE,FALSE
2893207,"gate_30",323,TRUE,TRUE
2893249,"gate_30",5,FALSE,FALSE
2893340,"gate_30",12,FALSE,FALSE
2893342,"gate_40",4,FALSE,FALSE
2893430,"gate_40",7,FALSE,FALSE
2893550,"gate_30",2,FALSE,FALSE
2894045,"gate_40",4,FALSE,FALSE
2894227,"gate_40",22,TRUE,FALSE
2894632,"gate_30",9,FALSE,FALSE
2894926,"gate_40",1,FALSE,FALSE
2894967,"gate_40",14,FALSE,FALSE
2894996,"gate_40",19,FALSE,TRUE
2895087,"gate_30",42,FALSE,FALSE
2895112,"gate_30",6,FALSE,FALSE
2895236,"gate_40",21,FALSE,FALSE
2895329,"gate_30",124,TRUE,FALSE
2895483,"gate_40",7,FALSE,FALSE
2895589,"gate_40",1,FALSE,FALSE
2895731,"gate_40",61,TRUE,TRUE
2895878,"gate_30",96,TRUE,TRUE
2895881,"gate_30",17,FALSE,FALSE
2896006,"gate_30",25,TRUE,FALSE
2896240,"gate_30",21,TRUE,TRUE
2896266,"gate_30",4,FALSE,FALSE
2896599,"gate_40",42,TRUE,FALSE
2896600,"gate_30",2,TRUE,FALSE
2896737,"gate_30",33,FALSE,FALSE
2896775,"gate_40",18,TRUE,FALSE
2896776,"gate_40",18,FALSE,FALSE
2896890,"gate_30",40,TRUE,FALSE
2897068,"gate_40",47,TRUE,FALSE
2897488,"gate_40",1,FALSE,FALSE
2897550,"gate_40",25,TRUE,FALSE
2897865,"gate_30",15,TRUE,FALSE
2897931,"gate_30",86,TRUE,FALSE
2898244,"gate_40",123,TRUE,TRUE
2898254,"gate_30",517,TRUE,TRUE
2898633,"gate_30",41,TRUE,FALSE
2898686,"gate_30",29,FALSE,FALSE
2898777,"gate_40",239,TRUE,TRUE
2898893,"gate_40",1,FALSE,FALSE
2899054,"gate_30",105,TRUE,TRUE
2899509,"gate_30",26,TRUE,FALSE
2900214,"gate_30",29,FALSE,TRUE
2900239,"gate_30",48,FALSE,TRUE
2900432,"gate_30",19,FALSE,FALSE
2900908,"gate_30",11,FALSE,FALSE
2900949,"gate_40",294,TRUE,FALSE
2901030,"gate_40",12,FALSE,FALSE
2901351,"gate_30",2,FALSE,FALSE
2901373,"gate_30",13,FALSE,FALSE
2901718,"gate_40",52,FALSE,TRUE
2901724,"gate_30",17,TRUE,FALSE
2901742,"gate_30",114,TRUE,FALSE
2901902,"gate_30",190,TRUE,TRUE
2901903,"gate_40",6,FALSE,FALSE
2901955,"gate_30",5,TRUE,FALSE
2902050,"gate_30",176,TRUE,TRUE
2902136,"gate_40",29,TRUE,FALSE
2902157,"gate_30",39,TRUE,FALSE
2902307,"gate_40",19,FALSE,FALSE
2902401,"gate_30",5,FALSE,FALSE
2902457,"gate_40",9,FALSE,FALSE
2902613,"gate_40",155,FALSE,TRUE
2902676,"gate_30",31,TRUE,FALSE
2902806,"gate_40",3,FALSE,FALSE
2902917,"gate_40",3,FALSE,FALSE
2902988,"gate_40",85,TRUE,FALSE
2903013,"gate_40",1,FALSE,FALSE
2903070,"gate_30",37,FALSE,FALSE
2903109,"gate_30",6,FALSE,FALSE
2903170,"gate_40",1,FALSE,FALSE
2903175,"gate_40",59,TRUE,FALSE
2903246,"gate_30",11,TRUE,TRUE
2903280,"gate_30",43,TRUE,FALSE
2904026,"gate_30",49,FALSE,TRUE
2904100,"gate_30",37,FALSE,FALSE
2904641,"gate_30",4,FALSE,FALSE
2904772,"gate_30",25,TRUE,FALSE
2904836,"gate_40",2,FALSE,FALSE
2905359,"gate_30",17,FALSE,FALSE
2905509,"gate_30",7,FALSE,FALSE
2905609,"gate_30",21,FALSE,FALSE
2905658,"gate_40",128,TRUE,FALSE
2905819,"gate_30",59,FALSE,TRUE
2906034,"gate_30",0,FALSE,FALSE
2906233,"gate_40",20,FALSE,FALSE
2906275,"gate_30",52,TRUE,TRUE
2906277,"gate_30",57,TRUE,TRUE
2906338,"gate_30",46,FALSE,FALSE
2906441,"gate_30",270,TRUE,TRUE
2906479,"gate_40",11,TRUE,TRUE
2906525,"gate_30",77,FALSE,FALSE
2906884,"gate_40",132,TRUE,FALSE
2906987,"gate_30",1,FALSE,FALSE
2907128,"gate_40",15,FALSE,FALSE
2907241,"gate_40",50,TRUE,FALSE
2907308,"gate_40",0,FALSE,FALSE
2907433,"gate_40",220,FALSE,TRUE
2907547,"gate_40",8,FALSE,FALSE
2907556,"gate_40",4,FALSE,FALSE
2907566,"gate_30",35,TRUE,TRUE
2907858,"gate_40",1,FALSE,FALSE
2907882,"gate_30",91,TRUE,TRUE
2908077,"gate_30",5,TRUE,FALSE
2908090,"gate_30",16,TRUE,FALSE
2908154,"gate_30",14,FALSE,FALSE
2908277,"gate_30",179,TRUE,TRUE
2908382,"gate_30",34,FALSE,TRUE
2908417,"gate_30",14,TRUE,FALSE
2908494,"gate_40",1,FALSE,FALSE
2908587,"gate_30",125,TRUE,FALSE
2908636,"gate_40",11,FALSE,FALSE
2908733,"gate_40",11,TRUE,FALSE
2908741,"gate_30",26,TRUE,TRUE
2908916,"gate_40",45,TRUE,FALSE
2908976,"gate_40",2,FALSE,FALSE
2909011,"gate_30",78,TRUE,TRUE
2909028,"gate_30",5,FALSE,FALSE
2909056,"gate_30",1,FALSE,FALSE
2909080,"gate_40",4,FALSE,FALSE
2909519,"gate_30",12,FALSE,FALSE
2909617,"gate_40",7,FALSE,FALSE
2909682,"gate_30",71,FALSE,TRUE
2909703,"gate_40",21,TRUE,FALSE
2909779,"gate_30",6,FALSE,FALSE
2909835,"gate_40",5,FALSE,FALSE
2909944,"gate_40",2,FALSE,FALSE
2910336,"gate_30",209,TRUE,TRUE
2910523,"gate_40",236,TRUE,TRUE
2910671,"gate_30",25,TRUE,FALSE
2910672,"gate_30",34,TRUE,FALSE
2910673,"gate_40",6,FALSE,FALSE
2910766,"gate_40",33,TRUE,FALSE
2910813,"gate_30",6,TRUE,FALSE
2910850,"gate_30",4,TRUE,FALSE
2911012,"gate_30",16,TRUE,FALSE
2911015,"gate_30",20,TRUE,FALSE
2911030,"gate_30",13,TRUE,FALSE
2911173,"gate_30",4,FALSE,FALSE
2911257,"gate_40",4,FALSE,FALSE
2911498,"gate_40",2,FALSE,FALSE
2911620,"gate_30",28,TRUE,FALSE
2911695,"gate_40",22,TRUE,FALSE
2911910,"gate_40",8,FALSE,FALSE
2911917,"gate_40",149,TRUE,TRUE
2911949,"gate_40",9,TRUE,FALSE
2912096,"gate_30",2,FALSE,FALSE
2912209,"gate_30",4,FALSE,FALSE
2912320,"gate_30",87,TRUE,FALSE
2912391,"gate_30",70,TRUE,TRUE
2912526,"gate_30",11,FALSE,FALSE
2912542,"gate_30",234,TRUE,TRUE
2913185,"gate_40",59,TRUE,FALSE
2913190,"gate_40",272,TRUE,TRUE
2913222,"gate_30",11,FALSE,FALSE
2913258,"gate_30",33,FALSE,FALSE
2913315,"gate_40",1,FALSE,FALSE
2913359,"gate_30",47,FALSE,FALSE
2913381,"gate_30",98,FALSE,FALSE
2913402,"gate_40",102,TRUE,TRUE
2913633,"gate_30",196,TRUE,TRUE
2913638,"gate_40",1,FALSE,FALSE
2913683,"gate_30",219,TRUE,TRUE
2914057,"gate_40",12,FALSE,FALSE
2914091,"gate_40",9,FALSE,FALSE
2914172,"gate_40",61,TRUE,FALSE
2914219,"gate_30",910,TRUE,TRUE
2914347,"gate_30",1,FALSE,FALSE
2914429,"gate_40",1,FALSE,FALSE
2914430,"gate_30",2,TRUE,FALSE
2914581,"gate_40",184,TRUE,TRUE
2914632,"gate_30",32,TRUE,FALSE
2914659,"gate_30",3,FALSE,FALSE
2914669,"gate_30",21,FALSE,FALSE
2914679,"gate_30",33,FALSE,FALSE
2914704,"gate_30",1245,TRUE,TRUE
2914819,"gate_30",35,TRUE,FALSE
2914876,"gate_40",0,FALSE,FALSE
2915044,"gate_30",5,FALSE,FALSE
2915135,"gate_40",6,TRUE,FALSE
2915220,"gate_40",7,FALSE,FALSE
2915232,"gate_30",45,TRUE,FALSE
2915444,"gate_30",29,TRUE,FALSE
2915721,"gate_30",10,FALSE,FALSE
2915789,"gate_30",40,TRUE,FALSE
2915828,"gate_30",83,TRUE,FALSE
2915921,"gate_40",1,FALSE,FALSE
2915994,"gate_30",208,TRUE,FALSE
2916052,"gate_30",20,TRUE,FALSE
2916090,"gate_30",19,FALSE,FALSE
2916256,"gate_30",1,FALSE,FALSE
2916417,"gate_40",77,FALSE,FALSE
2916441,"gate_40",2,FALSE,FALSE
2916478,"gate_30",2,FALSE,FALSE
2916990,"gate_30",70,TRUE,FALSE
2917032,"gate_30",12,FALSE,FALSE
2917090,"gate_30",1,FALSE,FALSE
2917191,"gate_40",27,TRUE,FALSE
2917371,"gate_40",44,FALSE,FALSE
2917463,"gate_40",9,FALSE,FALSE
2917590,"gate_40",119,TRUE,FALSE
2917656,"gate_40",30,TRUE,FALSE
2918003,"gate_40",77,TRUE,TRUE
2918018,"gate_40",36,FALSE,FALSE
2918053,"gate_40",34,TRUE,FALSE
2918061,"gate_30",94,TRUE,TRUE
2918073,"gate_30",96,TRUE,FALSE
2918077,"gate_40",14,FALSE,FALSE
2918086,"gate_40",39,FALSE,FALSE
2918104,"gate_40",62,FALSE,FALSE
2918142,"gate_40",0,FALSE,FALSE
2918482,"gate_30",0,FALSE,FALSE
2918592,"gate_40",28,TRUE,FALSE
2918733,"gate_30",215,TRUE,TRUE
2918899,"gate_40",2,FALSE,FALSE
2919033,"gate_40",6,FALSE,FALSE
2919048,"gate_30",6,FALSE,FALSE
2919201,"gate_30",52,TRUE,FALSE
2919315,"gate_40",23,FALSE,FALSE
2919350,"gate_30",1,FALSE,FALSE
2919365,"gate_30",71,TRUE,TRUE
2919475,"gate_40",41,FALSE,FALSE
2919489,"gate_30",164,TRUE,FALSE
2919566,"gate_30",25,FALSE,FALSE
2919594,"gate_30",13,FALSE,FALSE
2919663,"gate_30",17,TRUE,FALSE
2919876,"gate_40",1,FALSE,FALSE
2919978,"gate_30",76,TRUE,FALSE
2920009,"gate_40",1,FALSE,FALSE
2920087,"gate_30",21,TRUE,FALSE
2920168,"gate_30",164,TRUE,TRUE
2920501,"gate_30",16,FALSE,FALSE
2920665,"gate_30",0,FALSE,FALSE
2920672,"gate_30",4,FALSE,FALSE
2920704,"gate_40",21,TRUE,FALSE
2920762,"gate_40",3,FALSE,FALSE
2921123,"gate_30",110,TRUE,FALSE
2921494,"gate_40",50,TRUE,FALSE
2921507,"gate_30",21,FALSE,FALSE
2921551,"gate_30",7,FALSE,FALSE
2921598,"gate_30",11,TRUE,FALSE
2921697,"gate_40",16,TRUE,FALSE
2921698,"gate_40",49,TRUE,FALSE
2922207,"gate_30",58,TRUE,FALSE
2922424,"gate_30",1,FALSE,FALSE
2922425,"gate_30",76,TRUE,TRUE
2922473,"gate_40",80,TRUE,FALSE
2922525,"gate_40",5,FALSE,FALSE
2922858,"gate_30",1300,TRUE,TRUE
2922939,"gate_30",16,TRUE,FALSE
2923024,"gate_40",0,FALSE,FALSE
2923100,"gate_40",4,FALSE,FALSE
2923150,"gate_40",15,FALSE,FALSE
2923224,"gate_40",1,FALSE,FALSE
2923376,"gate_30",0,FALSE,FALSE
2923561,"gate_40",236,TRUE,TRUE
2923616,"gate_40",81,FALSE,TRUE
2923671,"gate_30",33,TRUE,FALSE
2923754,"gate_30",29,TRUE,FALSE
2923862,"gate_30",47,TRUE,FALSE
2924001,"gate_40",29,TRUE,FALSE
2924074,"gate_30",23,FALSE,FALSE
2924102,"gate_40",3,FALSE,FALSE
2924220,"gate_40",13,FALSE,TRUE
2924234,"gate_30",37,TRUE,FALSE
2924292,"gate_40",4,FALSE,FALSE
2924382,"gate_40",13,FALSE,FALSE
2924492,"gate_40",27,TRUE,FALSE
2924542,"gate_40",31,TRUE,FALSE
2924719,"gate_30",87,TRUE,TRUE
2925051,"gate_30",25,TRUE,FALSE
2925078,"gate_40",423,TRUE,TRUE
2925115,"gate_40",101,TRUE,FALSE
2925146,"gate_30",59,TRUE,TRUE
2925196,"gate_30",2,FALSE,FALSE
2925336,"gate_40",1,FALSE,FALSE
2925744,"gate_40",0,FALSE,FALSE
2925866,"gate_30",25,TRUE,FALSE
2925896,"gate_30",1,FALSE,FALSE
2925916,"gate_40",19,TRUE,FALSE
2926132,"gate_40",3,FALSE,FALSE
2926162,"gate_30",3,FALSE,FALSE
2926623,"gate_40",5,FALSE,FALSE
2926762,"gate_40",37,FALSE,FALSE
2926813,"gate_40",0,FALSE,FALSE
2926931,"gate_30",16,TRUE,FALSE
2927010,"gate_30",2,FALSE,FALSE
2927052,"gate_30",12,TRUE,FALSE
2927120,"gate_30",111,FALSE,FALSE
2927157,"gate_30",9,FALSE,FALSE
2927165,"gate_40",55,TRUE,FALSE
2927196,"gate_40",2,FALSE,FALSE
2927280,"gate_30",43,TRUE,FALSE
2927376,"gate_40",56,TRUE,TRUE
2927417,"gate_40",88,TRUE,FALSE
2927492,"gate_30",162,TRUE,TRUE
2927587,"gate_30",7,FALSE,FALSE
2927777,"gate_40",17,FALSE,FALSE
2927887,"gate_40",81,FALSE,FALSE
2927903,"gate_40",4,FALSE,FALSE
2928012,"gate_30",10,TRUE,FALSE
2928033,"gate_40",42,FALSE,FALSE
2928108,"gate_30",65,TRUE,FALSE
2928115,"gate_30",74,TRUE,FALSE
2928299,"gate_30",17,FALSE,FALSE
2928321,"gate_30",16,FALSE,FALSE
2928593,"gate_40",9,FALSE,FALSE
2928630,"gate_30",54,FALSE,FALSE
2928638,"gate_40",2,FALSE,FALSE
2928642,"gate_30",16,FALSE,FALSE
2928667,"gate_30",37,FALSE,FALSE
2928676,"gate_40",278,TRUE,TRUE
2928693,"gate_40",25,TRUE,FALSE
2928702,"gate_40",0,FALSE,FALSE
2928738,"gate_40",53,TRUE,FALSE
2928937,"gate_40",74,TRUE,FALSE
2928938,"gate_30",42,TRUE,FALSE
2929231,"gate_40",11,FALSE,FALSE
2929387,"gate_30",673,TRUE,TRUE
2929426,"gate_40",31,TRUE,FALSE
2929459,"gate_40",2,FALSE,FALSE
2929620,"gate_40",22,FALSE,FALSE
2929729,"gate_40",205,TRUE,FALSE
2929770,"gate_40",46,TRUE,FALSE
2929810,"gate_30",17,FALSE,FALSE
2930111,"gate_30",61,TRUE,TRUE
2930202,"gate_40",5,FALSE,FALSE
2930290,"gate_40",1559,TRUE,TRUE
2930324,"gate_40",12,TRUE,FALSE
2930373,"gate_40",29,TRUE,FALSE
2930389,"gate_30",14,TRUE,FALSE
2930514,"gate_40",26,FALSE,FALSE
2930515,"gate_30",6,FALSE,FALSE
2930575,"gate_40",122,TRUE,TRUE
2931185,"gate_40",162,TRUE,TRUE
2931200,"gate_40",40,TRUE,TRUE
2931276,"gate_30",4,FALSE,FALSE
2931427,"gate_30",12,FALSE,FALSE
2931495,"gate_40",62,TRUE,FALSE
2931692,"gate_40",392,TRUE,TRUE
2931720,"gate_30",35,TRUE,FALSE
2931730,"gate_40",1,FALSE,FALSE
2931733,"gate_40",38,FALSE,FALSE
2931843,"gate_40",399,TRUE,TRUE
2931932,"gate_40",12,TRUE,FALSE
2932236,"gate_30",5,FALSE,FALSE
2932268,"gate_30",61,TRUE,FALSE
2932552,"gate_40",10,FALSE,FALSE
2932553,"gate_40",21,FALSE,FALSE
2932567,"gate_40",202,TRUE,TRUE
2932688,"gate_30",12,FALSE,FALSE
2932783,"gate_30",36,FALSE,TRUE
2932829,"gate_40",16,FALSE,FALSE
2932907,"gate_30",15,FALSE,FALSE
2932958,"gate_30",24,TRUE,FALSE
2933119,"gate_40",22,TRUE,FALSE
2933171,"gate_30",174,TRUE,TRUE
2933251,"gate_40",37,FALSE,TRUE
2933257,"gate_40",0,FALSE,FALSE
2933292,"gate_30",45,TRUE,FALSE
2933613,"gate_40",95,TRUE,TRUE
2933625,"gate_30",6,FALSE,FALSE
2933655,"gate_40",58,TRUE,FALSE
2933699,"gate_30",2,FALSE,FALSE
2933845,"gate_40",17,FALSE,FALSE
2933870,"gate_30",43,FALSE,TRUE
2934246,"gate_40",3,TRUE,FALSE
2934405,"gate_40",5,FALSE,FALSE
2934589,"gate_30",859,TRUE,FALSE
2934830,"gate_40",252,TRUE,TRUE
2934895,"gate_40",255,TRUE,FALSE
2935006,"gate_30",358,TRUE,TRUE
2935054,"gate_40",5,FALSE,FALSE
2935261,"gate_30",4,FALSE,FALSE
2935480,"gate_40",18,FALSE,FALSE
2935731,"gate_40",7,TRUE,TRUE
2935754,"gate_30",7,FALSE,FALSE
2935779,"gate_40",33,TRUE,FALSE
2936014,"gate_40",422,TRUE,TRUE
2936089,"gate_30",26,TRUE,FALSE
2936108,"gate_40",15,FALSE,FALSE
2936306,"gate_40",81,TRUE,FALSE
2936458,"gate_40",0,FALSE,FALSE
2936630,"gate_30",207,TRUE,FALSE
2936700,"gate_30",11,FALSE,FALSE
2936790,"gate_30",414,TRUE,TRUE
2937008,"gate_40",8,FALSE,FALSE
2937220,"gate_40",28,FALSE,FALSE
2937286,"gate_40",4,FALSE,FALSE
2937313,"gate_30",41,FALSE,TRUE
2937425,"gate_30",22,FALSE,FALSE
2937660,"gate_40",11,FALSE,FALSE
2937674,"gate_30",146,TRUE,FALSE
2937889,"gate_30",25,TRUE,FALSE
2937952,"gate_40",4,FALSE,FALSE
2937961,"gate_30",8,FALSE,FALSE
2937962,"gate_40",54,TRUE,FALSE
2938002,"gate_30",16,FALSE,FALSE
2938122,"gate_40",21,FALSE,FALSE
2938386,"gate_30",90,TRUE,FALSE
2938420,"gate_30",63,TRUE,FALSE
2938510,"gate_30",63,TRUE,TRUE
2938569,"gate_40",3,FALSE,FALSE
2938623,"gate_30",13,TRUE,FALSE
2938714,"gate_40",11,FALSE,FALSE
2938927,"gate_40",0,FALSE,FALSE
2939179,"gate_40",10,FALSE,FALSE
2939199,"gate_30",60,TRUE,FALSE
2939235,"gate_40",10,FALSE,FALSE
2939830,"gate_30",133,TRUE,TRUE
2939889,"gate_30",13,FALSE,FALSE
2939900,"gate_40",27,TRUE,FALSE
2939960,"gate_30",10,FALSE,FALSE
2940103,"gate_30",26,TRUE,FALSE
2940355,"gate_40",9,TRUE,FALSE
2940444,"gate_30",47,TRUE,FALSE
2940474,"gate_30",14,FALSE,FALSE
2940732,"gate_40",7,FALSE,FALSE
2940764,"gate_40",13,FALSE,FALSE
2940918,"gate_30",74,FALSE,FALSE
2940931,"gate_40",6,FALSE,FALSE
2940976,"gate_40",84,TRUE,FALSE
2941016,"gate_30",8,FALSE,FALSE
2941141,"gate_40",2,FALSE,FALSE
2941223,"gate_40",28,TRUE,TRUE
2941235,"gate_30",12,FALSE,FALSE
2941315,"gate_40",5,FALSE,FALSE
2941418,"gate_40",47,TRUE,FALSE
2941424,"gate_30",131,TRUE,TRUE
2941569,"gate_30",4,FALSE,FALSE
2941605,"gate_40",32,TRUE,FALSE
2941737,"gate_40",5,FALSE,FALSE
2941870,"gate_30",10,FALSE,FALSE
2941946,"gate_40",23,TRUE,FALSE
2942022,"gate_40",67,TRUE,FALSE
2942216,"gate_40",8,TRUE,FALSE
2942276,"gate_30",41,TRUE,FALSE
2942309,"gate_40",22,FALSE,FALSE
2942326,"gate_40",2,TRUE,TRUE
2942443,"gate_30",1,FALSE,FALSE
2942470,"gate_40",20,TRUE,FALSE
2942476,"gate_40",6,FALSE,FALSE
2942720,"gate_30",1,FALSE,FALSE
2942732,"gate_30",2,TRUE,FALSE
2942882,"gate_40",4,TRUE,FALSE
2942923,"gate_30",10,TRUE,FALSE
2943167,"gate_40",2,FALSE,FALSE
2943172,"gate_30",59,TRUE,TRUE
2943200,"gate_40",51,FALSE,FALSE
2943556,"gate_30",34,TRUE,FALSE
2943557,"gate_40",0,FALSE,FALSE
2943608,"gate_30",23,TRUE,FALSE
2944177,"gate_40",30,FALSE,FALSE
2944307,"gate_40",19,FALSE,FALSE
2944408,"gate_40",651,TRUE,TRUE
2944566,"gate_30",41,FALSE,FALSE
2944592,"gate_40",39,TRUE,FALSE
2944634,"gate_40",38,FALSE,FALSE
2944647,"gate_40",59,TRUE,FALSE
2944680,"gate_30",209,TRUE,TRUE
2944699,"gate_40",2,FALSE,FALSE
2944890,"gate_30",1,FALSE,FALSE
2944932,"gate_40",156,TRUE,TRUE
2945237,"gate_30",14,TRUE,FALSE
2945254,"gate_40",26,TRUE,FALSE
2945256,"gate_40",85,TRUE,FALSE
2945647,"gate_30",18,FALSE,FALSE
2945710,"gate_30",33,FALSE,FALSE
2945793,"gate_40",23,TRUE,FALSE
2945828,"gate_30",2,FALSE,FALSE
2945943,"gate_30",2,FALSE,FALSE
2945975,"gate_40",91,TRUE,FALSE
2946044,"gate_40",64,TRUE,FALSE
2946108,"gate_30",21,TRUE,FALSE
2946152,"gate_40",3,FALSE,FALSE
2946200,"gate_40",36,FALSE,FALSE
2946210,"gate_30",68,TRUE,FALSE
2946230,"gate_30",7,FALSE,FALSE
2946236,"gate_30",12,FALSE,FALSE
2946528,"gate_30",3,FALSE,TRUE
2946598,"gate_30",19,FALSE,FALSE
2946633,"gate_40",8,FALSE,FALSE
2946665,"gate_40",6,FALSE,FALSE
2946687,"gate_40",13,FALSE,FALSE
2946814,"gate_30",49,TRUE,FALSE
2946838,"gate_30",28,FALSE,FALSE
2946971,"gate_40",4,FALSE,FALSE
2947009,"gate_30",96,TRUE,TRUE
2947068,"gate_30",10,FALSE,FALSE
2947152,"gate_40",370,TRUE,TRUE
2947185,"gate_40",147,TRUE,TRUE
2947372,"gate_30",2,FALSE,FALSE
2947474,"gate_30",17,FALSE,FALSE
2947642,"gate_30",101,TRUE,FALSE
2947984,"gate_30",2,FALSE,FALSE
2948101,"gate_30",251,TRUE,TRUE
2948312,"gate_30",1,FALSE,FALSE
2948358,"gate_30",1,FALSE,FALSE
2948449,"gate_30",3,FALSE,FALSE
2948682,"gate_40",153,TRUE,TRUE
2948848,"gate_40",59,TRUE,FALSE
2948888,"gate_40",46,TRUE,FALSE
2948997,"gate_30",523,TRUE,TRUE
2949000,"gate_30",1,FALSE,FALSE
2949005,"gate_30",37,TRUE,FALSE
2949007,"gate_40",12,FALSE,FALSE
2949081,"gate_30",7,FALSE,FALSE
2949109,"gate_30",95,TRUE,FALSE
2949221,"gate_30",4,FALSE,FALSE
2949345,"gate_30",53,TRUE,TRUE
2949721,"gate_40",2,FALSE,FALSE
2949742,"gate_40",173,TRUE,TRUE
2949863,"gate_40",96,TRUE,FALSE
2949963,"gate_40",5,FALSE,FALSE
2950178,"gate_30",43,TRUE,FALSE
2950288,"gate_30",17,TRUE,FALSE
2950321,"gate_30",4,FALSE,FALSE
2950684,"gate_40",56,TRUE,TRUE
2950701,"gate_40",43,FALSE,TRUE
2950884,"gate_40",32,TRUE,FALSE
2950925,"gate_30",218,TRUE,FALSE
2951047,"gate_30",6,FALSE,FALSE
2951106,"gate_40",23,TRUE,FALSE
2951258,"gate_30",142,TRUE,FALSE
2951649,"gate_40",14,FALSE,FALSE
2951749,"gate_40",90,TRUE,FALSE
2952056,"gate_30",6,FALSE,FALSE
2952099,"gate_30",177,TRUE,TRUE
2952171,"gate_40",8,TRUE,FALSE
2952227,"gate_30",13,FALSE,FALSE
2952344,"gate_40",18,FALSE,FALSE
2952421,"gate_30",18,TRUE,FALSE
2952468,"gate_40",101,TRUE,FALSE
2952726,"gate_40",280,TRUE,TRUE
2952820,"gate_40",21,FALSE,FALSE
2952857,"gate_40",24,TRUE,FALSE
2953058,"gate_30",10,TRUE,FALSE
2953436,"gate_40",6,TRUE,FALSE
2953529,"gate_40",6,FALSE,FALSE
2953675,"gate_40",64,TRUE,TRUE
2953783,"gate_40",74,TRUE,FALSE
2953928,"gate_40",6,FALSE,FALSE
2954053,"gate_40",19,FALSE,FALSE
2954069,"gate_40",5,FALSE,FALSE
2954100,"gate_40",14,FALSE,FALSE
2954243,"gate_30",1,FALSE,FALSE
2954348,"gate_40",36,TRUE,FALSE
2954523,"gate_40",3,FALSE,FALSE
2954605,"gate_40",10,FALSE,FALSE
2954682,"gate_40",16,TRUE,FALSE
2954807,"gate_30",8,FALSE,FALSE
2954988,"gate_30",15,TRUE,FALSE
2955338,"gate_30",56,TRUE,TRUE
2955455,"gate_40",24,FALSE,FALSE
2955941,"gate_30",2,FALSE,FALSE
2955995,"gate_30",2,FALSE,FALSE
2956166,"gate_30",15,TRUE,FALSE
2956268,"gate_30",76,TRUE,FALSE
2956357,"gate_40",42,FALSE,FALSE
2956375,"gate_30",0,FALSE,FALSE
2956408,"gate_40",56,FALSE,FALSE
2956548,"gate_30",1,FALSE,FALSE
2956634,"gate_30",13,FALSE,FALSE
2956686,"gate_30",1,TRUE,FALSE
2956911,"gate_40",14,TRUE,FALSE
2956983,"gate_40",620,TRUE,TRUE
2957021,"gate_40",138,TRUE,FALSE
2957274,"gate_40",41,TRUE,FALSE
2957314,"gate_40",9,TRUE,FALSE
2957374,"gate_40",54,FALSE,FALSE
2957397,"gate_30",0,FALSE,FALSE
2957502,"gate_40",7,FALSE,FALSE
2957595,"gate_40",35,TRUE,FALSE
2957758,"gate_40",7,FALSE,FALSE
2957775,"gate_40",6,FALSE,FALSE
2957913,"gate_30",14,FALSE,FALSE
2958249,"gate_40",12,FALSE,FALSE
2958340,"gate_40",3,FALSE,FALSE
2958452,"gate_40",204,TRUE,TRUE
2958592,"gate_30",2,FALSE,FALSE
2958608,"gate_30",159,TRUE,TRUE
2958727,"gate_30",70,FALSE,TRUE
2958737,"gate_40",13,FALSE,FALSE
2958846,"gate_40",7,FALSE,FALSE
2958918,"gate_40",5,FALSE,FALSE
2959044,"gate_30",1,FALSE,FALSE
2959161,"gate_40",71,TRUE,FALSE
2959251,"gate_40",3,FALSE,FALSE
2959312,"gate_30",12,FALSE,FALSE
2959342,"gate_30",18,TRUE,FALSE
2959438,"gate_30",43,FALSE,TRUE
2959729,"gate_30",64,TRUE,FALSE
2959852,"gate_30",39,TRUE,FALSE
2959858,"gate_40",68,TRUE,FALSE
2959977,"gate_30",4,TRUE,FALSE
2960352,"gate_30",8,FALSE,FALSE
2960756,"gate_40",42,FALSE,FALSE
2960925,"gate_40",14,TRUE,FALSE
2961019,"gate_30",3,FALSE,FALSE
2961076,"gate_40",79,TRUE,FALSE
2961113,"gate_30",14,FALSE,FALSE
2961347,"gate_40",657,TRUE,TRUE
2961387,"gate_40",6,FALSE,FALSE
2961712,"gate_40",91,TRUE,FALSE
2961722,"gate_40",31,TRUE,FALSE
2961802,"gate_30",1,TRUE,FALSE
2961881,"gate_30",6,FALSE,FALSE
2961927,"gate_40",3,FALSE,FALSE
2961994,"gate_40",38,FALSE,FALSE
2962019,"gate_30",1,FALSE,FALSE
2962067,"gate_40",8,FALSE,FALSE
2962341,"gate_30",33,TRUE,TRUE
2962429,"gate_40",11,FALSE,FALSE
2962480,"gate_40",91,TRUE,FALSE
2962493,"gate_30",3,FALSE,FALSE
2962562,"gate_30",74,FALSE,TRUE
2962570,"gate_40",83,TRUE,TRUE
2962814,"gate_30",3,FALSE,FALSE
2962839,"gate_30",28,TRUE,FALSE
2963129,"gate_40",23,TRUE,FALSE
2963138,"gate_30",14,FALSE,FALSE
2963217,"gate_40",5,FALSE,FALSE
2963560,"gate_40",9,TRUE,FALSE
2963726,"gate_40",97,TRUE,FALSE
2963789,"gate_40",39,TRUE,FALSE
2963845,"gate_30",33,FALSE,FALSE
2964075,"gate_40",2,FALSE,FALSE
2964089,"gate_40",61,TRUE,FALSE
2964292,"gate_40",38,FALSE,FALSE
2964474,"gate_30",139,TRUE,TRUE
2964513,"gate_30",551,TRUE,TRUE
2964523,"gate_30",2,FALSE,FALSE
2964644,"gate_30",49,TRUE,FALSE
2964727,"gate_40",0,FALSE,FALSE
2964745,"gate_40",25,FALSE,FALSE
2964815,"gate_40",16,FALSE,FALSE
2964824,"gate_30",43,FALSE,FALSE
2964858,"gate_40",20,TRUE,FALSE
2965429,"gate_30",1,FALSE,FALSE
2965443,"gate_40",13,FALSE,FALSE
2965650,"gate_40",87,TRUE,TRUE
2965791,"gate_40",37,TRUE,TRUE
2965800,"gate_30",23,TRUE,FALSE
2966064,"gate_40",22,FALSE,FALSE
2966127,"gate_40",60,FALSE,FALSE
2966209,"gate_30",16,FALSE,FALSE
2966401,"gate_30",74,FALSE,FALSE
2966647,"gate_40",36,TRUE,FALSE
2966692,"gate_30",7,TRUE,FALSE
2966714,"gate_30",43,FALSE,FALSE
2966896,"gate_30",263,TRUE,TRUE
2966980,"gate_40",19,FALSE,FALSE
2967202,"gate_30",1,FALSE,FALSE
2967223,"gate_30",7,TRUE,TRUE
2967297,"gate_40",13,FALSE,FALSE
2967499,"gate_40",16,TRUE,FALSE
2967583,"gate_40",1,FALSE,FALSE
2967819,"gate_30",29,TRUE,FALSE
2968177,"gate_30",8,FALSE,FALSE
2968259,"gate_40",6,FALSE,FALSE
2968270,"gate_30",3,FALSE,FALSE
2968292,"gate_30",36,TRUE,FALSE
2968555,"gate_40",50,FALSE,FALSE
2968633,"gate_30",8,FALSE,FALSE
2968639,"gate_30",34,FALSE,FALSE
2968707,"gate_30",3,FALSE,FALSE
2968802,"gate_30",107,TRUE,FALSE
2968849,"gate_30",9,FALSE,FALSE
2968953,"gate_40",57,TRUE,FALSE
2969079,"gate_30",5,FALSE,FALSE
2969171,"gate_30",11,TRUE,FALSE
2969183,"gate_30",66,TRUE,FALSE
2969191,"gate_40",1,FALSE,FALSE
2969218,"gate_40",4,FALSE,TRUE
2969221,"gate_40",24,TRUE,TRUE
2969241,"gate_40",5,FALSE,FALSE
2969722,"gate_30",33,FALSE,FALSE
2969724,"gate_40",24,FALSE,FALSE
2969805,"gate_30",8,FALSE,FALSE
2969852,"gate_40",13,TRUE,FALSE
2969854,"gate_30",65,TRUE,FALSE
2969918,"gate_40",131,FALSE,TRUE
2970528,"gate_30",86,TRUE,TRUE
2970728,"gate_40",12,FALSE,TRUE
2970751,"gate_30",3,FALSE,FALSE
2971036,"gate_40",1,FALSE,FALSE
2971091,"gate_30",27,FALSE,FALSE
2971094,"gate_30",280,TRUE,TRUE
2971099,"gate_30",7,FALSE,FALSE
2971164,"gate_40",3,FALSE,FALSE
2971352,"gate_30",18,TRUE,TRUE
2971527,"gate_30",25,TRUE,FALSE
2971640,"gate_40",227,FALSE,TRUE
2971788,"gate_30",1,TRUE,FALSE
2971876,"gate_40",18,TRUE,FALSE
2971893,"gate_30",1,FALSE,FALSE
2972161,"gate_40",1,FALSE,FALSE
2973011,"gate_30",11,TRUE,FALSE
2973056,"gate_40",12,TRUE,FALSE
2973224,"gate_40",19,TRUE,FALSE
2973256,"gate_40",41,TRUE,FALSE
2973438,"gate_40",60,TRUE,TRUE
2973519,"gate_30",2,FALSE,FALSE
2974009,"gate_40",42,TRUE,FALSE
2974165,"gate_30",27,TRUE,FALSE
2974187,"gate_40",12,FALSE,FALSE
2974328,"gate_40",3,TRUE,FALSE
2974528,"gate_30",3,FALSE,FALSE
2974577,"gate_30",4,TRUE,FALSE
2974580,"gate_40",1,FALSE,FALSE
2974733,"gate_30",24,FALSE,FALSE
2974742,"gate_30",3,FALSE,FALSE
2974870,"gate_40",3,FALSE,FALSE
2974875,"gate_40",13,TRUE,FALSE
2974899,"gate_40",43,TRUE,FALSE
2974921,"gate_40",144,FALSE,TRUE
2975043,"gate_40",183,FALSE,TRUE
2975422,"gate_30",3,FALSE,FALSE
2975467,"gate_40",1,FALSE,FALSE
2975543,"gate_40",2,FALSE,FALSE
2975634,"gate_30",1,FALSE,FALSE
2975676,"gate_30",11,FALSE,FALSE
2975678,"gate_40",0,FALSE,FALSE
2975904,"gate_40",65,TRUE,FALSE
2976062,"gate_30",8,FALSE,FALSE
2976178,"gate_40",6,FALSE,FALSE
2976202,"gate_40",23,TRUE,FALSE
2976239,"gate_40",82,FALSE,FALSE
2976350,"gate_30",52,TRUE,FALSE
2976361,"gate_40",83,TRUE,FALSE
2976413,"gate_30",23,FALSE,FALSE
2976446,"gate_40",69,TRUE,FALSE
2976455,"gate_30",20,FALSE,FALSE
2976635,"gate_30",161,TRUE,TRUE
2976639,"gate_40",0,FALSE,FALSE
2976967,"gate_40",21,TRUE,FALSE
2977191,"gate_30",5,FALSE,FALSE
2977658,"gate_30",114,TRUE,FALSE
2977680,"gate_30",357,TRUE,TRUE
2977890,"gate_40",0,FALSE,FALSE
2977914,"gate_40",4,FALSE,FALSE
2977939,"gate_30",16,TRUE,FALSE
2977963,"gate_40",32,TRUE,FALSE
2978144,"gate_40",157,TRUE,TRUE
2978236,"gate_30",16,TRUE,FALSE
2978259,"gate_30",21,TRUE,FALSE
2978263,"gate_40",97,FALSE,FALSE
2978466,"gate_40",8,FALSE,FALSE
2978492,"gate_30",131,TRUE,FALSE
2978516,"gate_30",35,TRUE,FALSE
2978554,"gate_30",79,TRUE,FALSE
2978745,"gate_40",12,FALSE,FALSE
2978823,"gate_40",9,TRUE,FALSE
2978828,"gate_40",0,FALSE,FALSE
2978881,"gate_30",74,TRUE,FALSE
2978932,"gate_40",46,FALSE,FALSE
2979130,"gate_40",38,TRUE,FALSE
2979134,"gate_30",26,TRUE,FALSE
2979164,"gate_30",4,FALSE,FALSE
2979312,"gate_30",4,FALSE,FALSE
2979324,"gate_40",2,FALSE,FALSE
2979385,"gate_30",197,TRUE,TRUE
2979390,"gate_40",18,TRUE,FALSE
2979474,"gate_40",57,FALSE,FALSE
2979500,"gate_40",30,TRUE,FALSE
2979625,"gate_40",2,FALSE,FALSE
2979827,"gate_40",2,FALSE,FALSE
2979873,"gate_30",67,TRUE,FALSE
2980356,"gate_30",41,TRUE,FALSE
2980510,"gate_40",0,FALSE,FALSE
2980519,"gate_40",6,FALSE,FALSE
2980821,"gate_40",42,FALSE,TRUE
2980873,"gate_40",32,TRUE,FALSE
2981160,"gate_30",4,FALSE,FALSE
2981171,"gate_40",12,TRUE,FALSE
2981200,"gate_40",32,FALSE,FALSE
2981287,"gate_30",1,FALSE,FALSE
2981315,"gate_40",24,TRUE,FALSE
2981429,"gate_40",143,TRUE,TRUE
2981438,"gate_40",21,TRUE,FALSE
2981467,"gate_30",10,FALSE,FALSE
2981476,"gate_40",332,TRUE,TRUE
2981507,"gate_30",18,FALSE,FALSE
2981701,"gate_40",167,TRUE,TRUE
2981776,"gate_40",23,FALSE,FALSE
2981826,"gate_40",19,FALSE,FALSE
2981959,"gate_40",113,TRUE,FALSE
2982235,"gate_40",3,FALSE,FALSE
2982303,"gate_40",12,FALSE,FALSE
2982616,"gate_30",106,FALSE,TRUE
2982744,"gate_40",2,FALSE,FALSE
2982909,"gate_40",31,TRUE,TRUE
2982934,"gate_30",35,FALSE,FALSE
2983033,"gate_30",8,FALSE,FALSE
2983262,"gate_40",9,FALSE,FALSE
2983295,"gate_40",42,TRUE,FALSE
2983417,"gate_30",46,TRUE,FALSE
2983436,"gate_40",1,FALSE,FALSE
2983458,"gate_40",4,FALSE,FALSE
2983472,"gate_30",5,FALSE,TRUE
2983492,"gate_40",5,FALSE,FALSE
2983707,"gate_40",35,TRUE,TRUE
2983736,"gate_30",248,TRUE,TRUE
2983747,"gate_40",3,FALSE,FALSE
2983849,"gate_40",1,FALSE,FALSE
2983922,"gate_30",1,FALSE,FALSE
2984026,"gate_40",259,TRUE,FALSE
2984108,"gate_30",117,TRUE,TRUE
2984237,"gate_40",126,TRUE,TRUE
2984341,"gate_30",12,TRUE,FALSE
2984445,"gate_40",228,FALSE,FALSE
2984525,"gate_40",9,FALSE,FALSE
2984587,"gate_40",1,FALSE,FALSE
2984599,"gate_40",28,TRUE,FALSE
2984663,"gate_30",59,TRUE,FALSE
2984710,"gate_40",37,TRUE,FALSE
2985016,"gate_30",1,TRUE,TRUE
2985033,"gate_30",27,TRUE,FALSE
2985230,"gate_40",0,FALSE,FALSE
2985241,"gate_30",5,FALSE,FALSE
2985394,"gate_40",0,TRUE,FALSE
2985652,"gate_40",0,FALSE,FALSE
2985730,"gate_40",3,FALSE,FALSE
2985732,"gate_40",3,FALSE,FALSE
2985788,"gate_30",11,FALSE,FALSE
2985863,"gate_30",25,FALSE,FALSE
2985875,"gate_40",21,FALSE,FALSE
2986013,"gate_30",14,FALSE,FALSE
2986239,"gate_30",100,TRUE,TRUE
2986269,"gate_30",199,TRUE,TRUE
2986472,"gate_40",2,FALSE,FALSE
2986538,"gate_40",1,FALSE,FALSE
2986547,"gate_30",81,TRUE,FALSE
2986596,"gate_30",47,TRUE,FALSE
2987033,"gate_40",5,FALSE,FALSE
2987168,"gate_30",19,FALSE,TRUE
2987493,"gate_30",513,TRUE,TRUE
2987533,"gate_30",300,TRUE,TRUE
2987731,"gate_40",16,TRUE,FALSE
2987868,"gate_40",9,FALSE,FALSE
2987899,"gate_30",68,TRUE,TRUE
2988050,"gate_40",444,TRUE,TRUE
2988111,"gate_30",57,TRUE,FALSE
2988126,"gate_40",17,FALSE,FALSE
2988300,"gate_30",50,TRUE,FALSE
2988543,"gate_40",38,FALSE,FALSE
2988742,"gate_30",50,FALSE,TRUE
2988976,"gate_30",14,FALSE,FALSE
2989008,"gate_40",27,TRUE,FALSE
2989386,"gate_30",99,TRUE,FALSE
2989544,"gate_40",130,TRUE,FALSE
2989821,"gate_40",50,TRUE,FALSE
2990015,"gate_40",16,FALSE,FALSE
2990056,"gate_30",215,TRUE,TRUE
2990085,"gate_40",75,TRUE,TRUE
2990191,"gate_30",30,TRUE,FALSE
2990475,"gate_30",265,TRUE,TRUE
2990499,"gate_30",4,FALSE,FALSE
2990572,"gate_40",34,TRUE,FALSE
2990590,"gate_40",1,FALSE,FALSE
2990618,"gate_30",2,FALSE,FALSE
2990898,"gate_30",7,FALSE,FALSE
2991223,"gate_40",415,TRUE,TRUE
2991346,"gate_30",20,FALSE,FALSE
2991361,"gate_30",24,TRUE,TRUE
2991575,"gate_40",25,TRUE,FALSE
2991602,"gate_40",2,FALSE,FALSE
2991833,"gate_40",6,FALSE,FALSE
2991918,"gate_40",83,FALSE,TRUE
2991933,"gate_30",82,TRUE,FALSE
2991987,"gate_30",30,TRUE,FALSE
2992010,"gate_30",37,FALSE,FALSE
2992069,"gate_40",97,TRUE,TRUE
2992166,"gate_30",16,FALSE,FALSE
2992172,"gate_30",7,FALSE,FALSE
2992637,"gate_30",160,TRUE,FALSE
2992771,"gate_40",28,FALSE,FALSE
2993052,"gate_30",9,FALSE,FALSE
2993053,"gate_30",32,TRUE,FALSE
2993056,"gate_30",1097,TRUE,TRUE
2993067,"gate_30",22,FALSE,FALSE
2993319,"gate_40",253,TRUE,TRUE
2993426,"gate_30",3,FALSE,FALSE
2993436,"gate_40",311,TRUE,TRUE
2993578,"gate_40",280,TRUE,TRUE
2993819,"gate_40",30,TRUE,FALSE
2993888,"gate_30",0,FALSE,FALSE
2994081,"gate_30",10,FALSE,FALSE
2994098,"gate_40",24,FALSE,TRUE
2994100,"gate_40",16,FALSE,FALSE
2994176,"gate_30",37,TRUE,FALSE
2994355,"gate_40",111,TRUE,TRUE
2994364,"gate_40",33,TRUE,FALSE
2994433,"gate_30",108,TRUE,FALSE
2994518,"gate_40",23,FALSE,FALSE
2994857,"gate_30",2,TRUE,FALSE
2994927,"gate_40",9,FALSE,FALSE
2994931,"gate_40",0,FALSE,FALSE
2994982,"gate_40",7,FALSE,FALSE
2995069,"gate_40",457,TRUE,TRUE
2995178,"gate_30",60,TRUE,TRUE
2995213,"gate_40",76,TRUE,TRUE
2995433,"gate_30",57,TRUE,FALSE
2995549,"gate_40",4,FALSE,FALSE
2995963,"gate_30",36,TRUE,FALSE
2995994,"gate_30",8,FALSE,FALSE
2996035,"gate_30",48,TRUE,TRUE
2996124,"gate_30",2,FALSE,FALSE
2996126,"gate_40",8,FALSE,FALSE
2996289,"gate_40",75,TRUE,FALSE
2996347,"gate_30",50,TRUE,TRUE
2996597,"gate_40",441,TRUE,TRUE
2996830,"gate_30",60,TRUE,TRUE
2996905,"gate_40",70,TRUE,FALSE
2996924,"gate_40",34,TRUE,FALSE
2997165,"gate_40",70,FALSE,FALSE
2997239,"gate_30",1,FALSE,FALSE
2997272,"gate_40",13,TRUE,FALSE
2997464,"gate_40",2,FALSE,FALSE
2997480,"gate_30",33,TRUE,TRUE
2997714,"gate_40",71,TRUE,TRUE
2997777,"gate_40",1,FALSE,FALSE
2997843,"gate_40",341,TRUE,TRUE
2997853,"gate_30",36,TRUE,FALSE
2997933,"gate_40",16,FALSE,FALSE
2998016,"gate_30",29,TRUE,FALSE
2998330,"gate_40",122,TRUE,TRUE
2998452,"gate_40",71,TRUE,FALSE
2998502,"gate_30",1,FALSE,FALSE
2998544,"gate_40",61,FALSE,FALSE
2998649,"gate_40",3,FALSE,FALSE
2998800,"gate_40",9,FALSE,FALSE
2998826,"gate_30",5,FALSE,FALSE
2998844,"gate_30",13,FALSE,FALSE
2998959,"gate_30",30,FALSE,TRUE
2999048,"gate_30",27,TRUE,FALSE
2999219,"gate_40",11,FALSE,FALSE
2999258,"gate_40",2,FALSE,FALSE
2999322,"gate_40",7,FALSE,FALSE
2999480,"gate_30",1,FALSE,FALSE
2999643,"gate_40",321,TRUE,TRUE
2999881,"gate_40",99,TRUE,FALSE
3000101,"gate_30",9,FALSE,FALSE
3000240,"gate_30",10,FALSE,FALSE
3000274,"gate_40",11,TRUE,FALSE
3000415,"gate_30",5,FALSE,FALSE
3000439,"gate_30",3,FALSE,FALSE
3000524,"gate_30",20,FALSE,FALSE
3000547,"gate_40",0,FALSE,FALSE
3000588,"gate_30",1491,TRUE,TRUE
3000818,"gate_30",18,FALSE,FALSE
3000954,"gate_30",50,TRUE,FALSE
3001349,"gate_30",0,FALSE,FALSE
3001381,"gate_40",9,FALSE,FALSE
3001399,"gate_30",5,FALSE,FALSE
3001442,"gate_40",13,FALSE,FALSE
3001495,"gate_30",5,FALSE,FALSE
3001571,"gate_40",4,FALSE,FALSE
3001664,"gate_40",11,FALSE,FALSE
3001783,"gate_40",27,FALSE,FALSE
3001863,"gate_40",10,TRUE,FALSE
3001900,"gate_40",21,FALSE,FALSE
3002069,"gate_30",6,FALSE,FALSE
3002207,"gate_30",123,TRUE,FALSE
3002532,"gate_30",5,FALSE,FALSE
3002797,"gate_30",11,FALSE,FALSE
3002849,"gate_40",157,FALSE,FALSE
3003020,"gate_30",8,FALSE,FALSE
3003107,"gate_30",1,FALSE,FALSE
3003376,"gate_30",22,TRUE,FALSE
3003401,"gate_30",8,FALSE,FALSE
3003475,"gate_40",20,FALSE,FALSE
3003536,"gate_40",0,FALSE,FALSE
3003613,"gate_40",2,FALSE,FALSE
3003625,"gate_40",31,TRUE,TRUE
3003708,"gate_30",77,TRUE,TRUE
3003779,"gate_40",85,FALSE,FALSE
3003844,"gate_40",6,FALSE,FALSE
3004075,"gate_30",2,FALSE,FALSE
3004251,"gate_40",138,TRUE,TRUE
3004413,"gate_30",0,FALSE,FALSE
3004532,"gate_30",0,FALSE,FALSE
3004690,"gate_40",16,TRUE,FALSE
3004834,"gate_30",113,TRUE,TRUE
3004987,"gate_30",189,TRUE,FALSE
3005769,"gate_30",8,FALSE,FALSE
3005817,"gate_40",2,FALSE,FALSE
3006006,"gate_30",18,FALSE,FALSE
3006057,"gate_30",122,FALSE,TRUE
3006234,"gate_40",112,TRUE,FALSE
3006239,"gate_30",3,FALSE,FALSE
3006323,"gate_40",10,TRUE,FALSE
3006380,"gate_30",16,FALSE,FALSE
3006571,"gate_40",3,FALSE,FALSE
3006597,"gate_40",50,FALSE,FALSE
3006618,"gate_30",10,FALSE,FALSE
3006666,"gate_30",36,TRUE,FALSE
3007102,"gate_40",6,FALSE,FALSE
3007160,"gate_30",55,TRUE,FALSE
3007164,"gate_40",17,FALSE,FALSE
3007309,"gate_40",34,TRUE,TRUE
3007435,"gate_30",28,TRUE,FALSE
3007564,"gate_30",1,FALSE,FALSE
3007700,"gate_30",44,FALSE,TRUE
3007712,"gate_40",378,TRUE,TRUE
3007885,"gate_40",80,TRUE,TRUE
3007972,"gate_30",7,FALSE,FALSE
3007978,"gate_40",23,TRUE,FALSE
3008013,"gate_30",10,FALSE,FALSE
3008109,"gate_40",52,TRUE,FALSE
3008265,"gate_30",3,FALSE,FALSE
3008426,"gate_30",2,FALSE,FALSE
3008429,"gate_30",3,FALSE,FALSE
3008670,"gate_40",227,TRUE,TRUE
3008684,"gate_30",10,FALSE,TRUE
3008694,"gate_40",15,TRUE,FALSE
3008781,"gate_40",88,FALSE,FALSE
3008819,"gate_40",8,TRUE,FALSE
3008971,"gate_40",583,TRUE,TRUE
3008993,"gate_30",1,FALSE,FALSE
3009012,"gate_40",2,FALSE,FALSE
3009117,"gate_30",54,TRUE,FALSE
3009188,"gate_40",569,TRUE,TRUE
3009401,"gate_30",5,FALSE,FALSE
3009407,"gate_40",40,TRUE,FALSE
3009468,"gate_30",9,FALSE,FALSE
3009638,"gate_30",9,FALSE,FALSE
3009696,"gate_40",5,FALSE,FALSE
3009824,"gate_40",4,FALSE,FALSE
3009865,"gate_30",181,TRUE,FALSE
3009906,"gate_30",2,FALSE,FALSE
3010001,"gate_30",42,FALSE,FALSE
3010233,"gate_40",24,TRUE,FALSE
3010266,"gate_30",4,FALSE,FALSE
3010403,"gate_30",1,FALSE,FALSE
3010411,"gate_40",1,FALSE,FALSE
3010547,"gate_40",16,FALSE,FALSE
3010638,"gate_40",31,FALSE,TRUE
3010866,"gate_40",4,FALSE,FALSE
3011040,"gate_30",3,FALSE,FALSE
3011135,"gate_30",6,FALSE,FALSE
3011404,"gate_40",16,FALSE,FALSE
3011482,"gate_40",9,FALSE,FALSE
3011594,"gate_40",31,FALSE,FALSE
3011660,"gate_30",96,TRUE,FALSE
3011721,"gate_30",38,TRUE,FALSE
3011925,"gate_30",42,FALSE,FALSE
3011943,"gate_40",49,TRUE,TRUE
3011944,"gate_30",0,FALSE,FALSE
3011958,"gate_40",2,FALSE,FALSE
3012046,"gate_30",174,TRUE,TRUE
3012050,"gate_40",27,FALSE,TRUE
3012198,"gate_30",8,FALSE,FALSE
3012208,"gate_40",65,TRUE,FALSE
3012403,"gate_30",28,TRUE,FALSE
3012497,"gate_40",32,TRUE,TRUE
3012514,"gate_30",54,TRUE,FALSE
3012709,"gate_30",15,FALSE,FALSE
3012718,"gate_40",15,FALSE,FALSE
3012747,"gate_30",182,FALSE,TRUE
3012801,"gate_40",73,TRUE,FALSE
3012902,"gate_40",10,FALSE,FALSE
3013067,"gate_40",73,FALSE,TRUE
3013127,"gate_30",0,FALSE,FALSE
3013311,"gate_30",0,FALSE,FALSE
3013467,"gate_30",4,FALSE,TRUE
3013475,"gate_40",5,FALSE,FALSE
3013502,"gate_40",149,TRUE,TRUE
3013532,"gate_40",228,TRUE,TRUE
3013560,"gate_40",20,FALSE,FALSE
3013617,"gate_30",20,FALSE,FALSE
3013683,"gate_40",2,FALSE,FALSE
3013822,"gate_30",56,TRUE,FALSE
3013837,"gate_40",7,TRUE,FALSE
3014095,"gate_30",10,FALSE,FALSE
3014557,"gate_40",28,FALSE,FALSE
3014763,"gate_30",2,FALSE,FALSE
3014979,"gate_40",14,FALSE,FALSE
3015023,"gate_30",1,FALSE,FALSE
3015235,"gate_30",45,FALSE,FALSE
3015283,"gate_30",144,FALSE,FALSE
3015439,"gate_40",6,FALSE,FALSE
3015448,"gate_30",15,FALSE,FALSE
3015533,"gate_40",33,FALSE,FALSE
3015537,"gate_40",7,FALSE,FALSE
3015596,"gate_30",45,TRUE,FALSE
3015786,"gate_40",662,TRUE,TRUE
3015819,"gate_40",13,FALSE,FALSE
3015906,"gate_40",158,TRUE,TRUE
3016072,"gate_30",8,TRUE,FALSE
3016173,"gate_40",4,TRUE,FALSE
3016302,"gate_30",15,FALSE,FALSE
3016521,"gate_40",4,FALSE,FALSE
3016528,"gate_30",9,FALSE,FALSE
3016530,"gate_40",6,FALSE,FALSE
3016560,"gate_30",11,FALSE,FALSE
3016753,"gate_30",6,FALSE,FALSE
3016781,"gate_40",59,FALSE,FALSE
3016785,"gate_40",221,TRUE,TRUE
3016807,"gate_30",2,FALSE,TRUE
3017074,"gate_30",3,FALSE,FALSE
3017195,"gate_40",2,FALSE,FALSE
3017267,"gate_30",84,TRUE,TRUE
3017270,"gate_30",3,FALSE,FALSE
3017332,"gate_40",9,TRUE,FALSE
3017390,"gate_30",43,TRUE,FALSE
3017419,"gate_40",15,TRUE,FALSE
3017448,"gate_30",86,TRUE,FALSE
3017557,"gate_40",2,FALSE,FALSE
3017627,"gate_30",19,FALSE,FALSE
3017757,"gate_40",1,FALSE,FALSE
3017813,"gate_40",54,TRUE,FALSE
3017861,"gate_40",214,TRUE,FALSE
3017867,"gate_40",13,FALSE,FALSE
3017900,"gate_30",32,TRUE,FALSE
3018213,"gate_30",49,FALSE,FALSE
3018226,"gate_40",7,FALSE,FALSE
3018238,"gate_40",1,FALSE,FALSE
3018470,"gate_40",65,TRUE,TRUE
3018664,"gate_30",0,FALSE,FALSE
3018794,"gate_30",22,TRUE,FALSE
3018892,"gate_40",0,FALSE,FALSE
3018894,"gate_30",3,TRUE,FALSE
3018996,"gate_40",65,TRUE,TRUE
3019575,"gate_40",30,TRUE,FALSE
3019888,"gate_30",18,TRUE,TRUE
3019987,"gate_40",3,FALSE,FALSE
3020074,"gate_40",27,FALSE,FALSE
3020112,"gate_30",14,FALSE,FALSE
3020344,"gate_40",34,FALSE,TRUE
3020371,"gate_40",112,TRUE,TRUE
3020608,"gate_40",2,FALSE,FALSE
3020623,"gate_30",6,FALSE,FALSE
3020728,"gate_40",3,FALSE,FALSE
3020737,"gate_40",127,TRUE,TRUE
3020754,"gate_30",1522,TRUE,TRUE
3020809,"gate_40",2,TRUE,FALSE
3021390,"gate_30",20,TRUE,FALSE
3021392,"gate_30",29,TRUE,FALSE
3021596,"gate_30",1,FALSE,FALSE
3021730,"gate_30",128,TRUE,FALSE
3021958,"gate_40",83,TRUE,FALSE
3022050,"gate_30",10,FALSE,FALSE
3022092,"gate_30",8,FALSE,FALSE
3022227,"gate_30",38,TRUE,FALSE
3022275,"gate_30",3,FALSE,FALSE
3022494,"gate_30",70,FALSE,TRUE
3022498,"gate_40",38,FALSE,FALSE
3022559,"gate_30",49,TRUE,FALSE
3022722,"gate_40",18,FALSE,FALSE
3023130,"gate_40",9,TRUE,FALSE
3023236,"gate_40",535,TRUE,TRUE
3023318,"gate_40",1,FALSE,FALSE
3023342,"gate_30",52,TRUE,FALSE
3023367,"gate_30",15,FALSE,FALSE
3023438,"gate_30",88,FALSE,TRUE
3023449,"gate_40",32,TRUE,FALSE
3023548,"gate_40",87,TRUE,FALSE
3023757,"gate_30",3,FALSE,FALSE
3023785,"gate_40",26,TRUE,FALSE
3023787,"gate_40",5,FALSE,FALSE
3024053,"gate_30",27,FALSE,FALSE
3024197,"gate_40",2,FALSE,FALSE
3024259,"gate_30",24,FALSE,FALSE
3024405,"gate_30",68,TRUE,FALSE
3024408,"gate_30",4,FALSE,FALSE
3024481,"gate_30",123,TRUE,FALSE
3024681,"gate_40",148,TRUE,TRUE
3024749,"gate_40",9,FALSE,FALSE
3024831,"gate_40",6,FALSE,FALSE
3024878,"gate_30",65,TRUE,FALSE
3024938,"gate_30",38,TRUE,FALSE
3024974,"gate_40",2,FALSE,FALSE
3025039,"gate_40",4,FALSE,FALSE
3025108,"gate_30",9,TRUE,FALSE
3025252,"gate_30",3,FALSE,FALSE
3025572,"gate_40",0,FALSE,FALSE
3025632,"gate_30",263,TRUE,TRUE
3025774,"gate_30",23,TRUE,TRUE
3025827,"gate_30",11,FALSE,FALSE
3026042,"gate_40",21,FALSE,TRUE
3026144,"gate_30",198,TRUE,TRUE
3026201,"gate_40",13,TRUE,FALSE
3026255,"gate_30",3,FALSE,FALSE
3026299,"gate_30",5,FALSE,FALSE
3026303,"gate_30",97,TRUE,TRUE
3026578,"gate_40",43,TRUE,FALSE
3026861,"gate_40",38,FALSE,FALSE
3026952,"gate_30",15,FALSE,FALSE
3026987,"gate_30",213,TRUE,FALSE
3027067,"gate_30",4,FALSE,FALSE
3027148,"gate_40",2,FALSE,FALSE
3027194,"gate_30",154,FALSE,FALSE
3027242,"gate_40",226,TRUE,TRUE
3027263,"gate_30",0,FALSE,FALSE
3027283,"gate_40",4,FALSE,FALSE
3027421,"gate_30",1,FALSE,FALSE
3027593,"gate_40",178,TRUE,FALSE
3027716,"gate_40",13,FALSE,FALSE
3028007,"gate_40",21,FALSE,FALSE
3028380,"gate_30",38,FALSE,FALSE
3028438,"gate_40",35,TRUE,FALSE
3028690,"gate_30",11,FALSE,FALSE
3028802,"gate_40",1,FALSE,FALSE
3028815,"gate_40",4,FALSE,FALSE
3028820,"gate_30",8,FALSE,FALSE
3028822,"gate_30",124,TRUE,TRUE
3028826,"gate_30",166,TRUE,TRUE
3028827,"gate_30",29,TRUE,FALSE
3028936,"gate_30",2,FALSE,FALSE
3029079,"gate_30",2,FALSE,FALSE
3029350,"gate_40",10,FALSE,FALSE
3029355,"gate_40",117,TRUE,TRUE
3029522,"gate_30",200,TRUE,FALSE
3029669,"gate_40",11,FALSE,FALSE
3029695,"gate_40",3,TRUE,FALSE
3029726,"gate_30",1,FALSE,FALSE
3029877,"gate_30",5,FALSE,FALSE
3029910,"gate_30",50,TRUE,FALSE
3030111,"gate_30",74,TRUE,TRUE
3030364,"gate_40",9,FALSE,FALSE
3030371,"gate_40",46,TRUE,FALSE
3030379,"gate_30",4,FALSE,FALSE
3030399,"gate_30",179,TRUE,TRUE
3030489,"gate_40",1,FALSE,FALSE
3030541,"gate_30",54,TRUE,FALSE
3030552,"gate_30",555,TRUE,TRUE
3030679,"gate_30",4,FALSE,FALSE
3030695,"gate_30",3,FALSE,FALSE
3030696,"gate_30",30,FALSE,FALSE
3030774,"gate_40",180,TRUE,TRUE
3030775,"gate_40",100,TRUE,TRUE
3030919,"gate_30",79,TRUE,TRUE
3030947,"gate_30",24,FALSE,FALSE
3031444,"gate_40",72,TRUE,FALSE
3031451,"gate_40",7,FALSE,FALSE
3031612,"gate_30",0,FALSE,FALSE
3031690,"gate_40",11,TRUE,FALSE
3031792,"gate_30",10,FALSE,FALSE
3031831,"gate_40",0,FALSE,FALSE
3031950,"gate_30",3,FALSE,FALSE
3032212,"gate_30",6,FALSE,FALSE
3032253,"gate_30",49,FALSE,FALSE
3032363,"gate_40",69,TRUE,FALSE
3032389,"gate_30",59,TRUE,TRUE
3032436,"gate_40",5,FALSE,FALSE
3032493,"gate_30",14,TRUE,FALSE
3032574,"gate_40",545,TRUE,TRUE
3032611,"gate_40",64,TRUE,FALSE
3032619,"gate_30",3,FALSE,FALSE
3032620,"gate_30",17,FALSE,FALSE
3032624,"gate_40",3,FALSE,FALSE
3032660,"gate_40",65,TRUE,FALSE
3032777,"gate_30",214,TRUE,FALSE
3032873,"gate_30",0,FALSE,FALSE
3033200,"gate_30",15,TRUE,FALSE
3033260,"gate_40",3,FALSE,FALSE
3033286,"gate_30",31,TRUE,FALSE
3033325,"gate_30",11,TRUE,FALSE
3033489,"gate_30",8,FALSE,FALSE
3033502,"gate_40",13,TRUE,FALSE
3033525,"gate_40",13,FALSE,FALSE
3033637,"gate_40",9,TRUE,FALSE
3033815,"gate_40",59,TRUE,FALSE
3033938,"gate_40",31,FALSE,FALSE
3034066,"gate_30",497,TRUE,TRUE
3034128,"gate_30",1,FALSE,FALSE
3034391,"gate_30",36,TRUE,FALSE
3034697,"gate_40",6,FALSE,FALSE
3034757,"gate_30",2,FALSE,FALSE
3034833,"gate_30",2,FALSE,FALSE
3034895,"gate_40",5,FALSE,FALSE
3035098,"gate_40",281,TRUE,TRUE
3035180,"gate_30",12,TRUE,FALSE
3035262,"gate_30",11,FALSE,FALSE
3035305,"gate_40",27,FALSE,FALSE
3035332,"gate_40",56,TRUE,TRUE
3035570,"gate_40",59,TRUE,TRUE
3035639,"gate_40",14,TRUE,FALSE
3035661,"gate_30",96,FALSE,TRUE
3035917,"gate_30",94,TRUE,TRUE
3036183,"gate_40",6,FALSE,FALSE
3036481,"gate_30",13,TRUE,FALSE
3036656,"gate_30",16,TRUE,TRUE
3036798,"gate_40",431,TRUE,TRUE
3036920,"gate_40",48,TRUE,FALSE
3036953,"gate_30",4,FALSE,FALSE
3036972,"gate_30",3,TRUE,FALSE
3037085,"gate_30",23,TRUE,FALSE
3037132,"gate_40",15,FALSE,TRUE
3037138,"gate_30",9,FALSE,FALSE
3037248,"gate_30",1061,TRUE,TRUE
3038032,"gate_30",18,FALSE,FALSE
3038418,"gate_40",40,TRUE,FALSE
3038504,"gate_40",18,FALSE,FALSE
3038679,"gate_40",3,FALSE,FALSE
3038865,"gate_30",24,TRUE,FALSE
3039059,"gate_30",57,TRUE,FALSE
3039123,"gate_40",2,FALSE,FALSE
3039180,"gate_30",72,TRUE,TRUE
3039204,"gate_30",23,TRUE,FALSE
3039257,"gate_40",271,TRUE,FALSE
3039263,"gate_40",28,TRUE,FALSE
3039416,"gate_40",133,TRUE,TRUE
3039901,"gate_40",33,FALSE,FALSE
3039925,"gate_30",40,TRUE,FALSE
3039930,"gate_30",6,FALSE,FALSE
3040480,"gate_40",18,FALSE,TRUE
3040572,"gate_30",13,TRUE,FALSE
3040865,"gate_30",9,FALSE,FALSE
3041018,"gate_40",4,FALSE,FALSE
3041031,"gate_40",0,FALSE,FALSE
3041205,"gate_30",3,FALSE,FALSE
3041268,"gate_30",2,FALSE,FALSE
3041429,"gate_30",11,TRUE,TRUE
3041569,"gate_40",3,FALSE,FALSE
3041602,"gate_40",38,TRUE,TRUE
3041657,"gate_30",31,TRUE,FALSE
3041666,"gate_30",40,TRUE,FALSE
3041829,"gate_30",0,FALSE,FALSE
3042051,"gate_40",6,FALSE,FALSE
3042181,"gate_40",13,FALSE,FALSE
3042188,"gate_40",3,FALSE,FALSE
3042251,"gate_30",41,FALSE,FALSE
3042272,"gate_40",177,TRUE,TRUE
3042278,"gate_40",3,TRUE,FALSE
3042306,"gate_30",139,TRUE,FALSE
3042454,"gate_30",1,FALSE,FALSE
3042565,"gate_40",230,TRUE,TRUE
3042697,"gate_30",79,FALSE,FALSE
3042730,"gate_30",12,FALSE,FALSE
3042978,"gate_40",9,FALSE,FALSE
3042996,"gate_30",16,FALSE,FALSE
3043084,"gate_30",19,FALSE,FALSE
3043165,"gate_30",8,FALSE,FALSE
3043215,"gate_30",125,TRUE,FALSE
3043377,"gate_40",47,TRUE,FALSE
3043506,"gate_40",60,TRUE,FALSE
3043510,"gate_30",2,FALSE,FALSE
3043570,"gate_40",513,TRUE,TRUE
3043622,"gate_30",2,FALSE,FALSE
3043699,"gate_40",115,FALSE,TRUE
3043742,"gate_30",9,FALSE,FALSE
3043826,"gate_30",261,TRUE,TRUE
3043939,"gate_40",6,FALSE,FALSE
3043971,"gate_30",18,FALSE,FALSE
3044065,"gate_30",25,FALSE,FALSE
3044179,"gate_40",68,TRUE,TRUE
3044294,"gate_30",6,FALSE,FALSE
3044345,"gate_40",7,FALSE,FALSE
3044459,"gate_40",0,TRUE,FALSE
3044468,"gate_30",19,FALSE,FALSE
3044553,"gate_40",5,FALSE,TRUE
3044703,"gate_40",4,FALSE,FALSE
3044812,"gate_40",56,TRUE,FALSE
3044964,"gate_30",325,TRUE,TRUE
3044986,"gate_30",59,FALSE,FALSE
3045916,"gate_30",5,FALSE,FALSE
3045959,"gate_40",15,FALSE,FALSE
3045985,"gate_40",9,TRUE,FALSE
3046071,"gate_40",45,TRUE,TRUE
3046126,"gate_30",2,FALSE,FALSE
3046137,"gate_30",247,TRUE,TRUE
3046265,"gate_40",14,FALSE,FALSE
3046309,"gate_40",0,FALSE,FALSE
3046343,"gate_40",32,TRUE,FALSE
3046445,"gate_40",0,FALSE,FALSE
3046453,"gate_30",33,FALSE,FALSE
3046650,"gate_30",1,FALSE,FALSE
3046684,"gate_30",15,FALSE,FALSE
3046756,"gate_40",184,TRUE,TRUE
3046983,"gate_30",589,TRUE,TRUE
3047128,"gate_40",39,TRUE,FALSE
3047184,"gate_30",3,FALSE,FALSE
3047211,"gate_30",4,FALSE,FALSE
3047286,"gate_40",56,TRUE,FALSE
3047312,"gate_30",5,TRUE,FALSE
3047380,"gate_30",2,FALSE,FALSE
3047695,"gate_40",7,TRUE,FALSE
3047757,"gate_30",22,FALSE,FALSE
3047769,"gate_30",216,TRUE,TRUE
3047806,"gate_30",314,TRUE,TRUE
3048110,"gate_30",24,TRUE,FALSE
3048202,"gate_40",39,FALSE,TRUE
3048227,"gate_30",42,TRUE,FALSE
3048466,"gate_30",10,TRUE,FALSE
3048791,"gate_30",6,FALSE,FALSE
3048971,"gate_40",1,FALSE,FALSE
3049080,"gate_30",5,FALSE,FALSE
3049162,"gate_30",258,TRUE,TRUE
3049168,"gate_30",6,FALSE,FALSE
3049202,"gate_40",4,FALSE,FALSE
3049249,"gate_40",11,FALSE,FALSE
3049260,"gate_30",2,FALSE,FALSE
3049411,"gate_30",73,TRUE,TRUE
3049423,"gate_40",16,FALSE,FALSE
3049507,"gate_30",127,TRUE,FALSE
3049792,"gate_40",9,FALSE,FALSE
3050058,"gate_40",129,TRUE,TRUE
3050299,"gate_40",65,TRUE,FALSE
3050420,"gate_40",64,TRUE,TRUE
3050424,"gate_30",3,FALSE,FALSE
3050438,"gate_40",13,TRUE,FALSE
3050552,"gate_30",0,FALSE,FALSE
3050759,"gate_30",7,FALSE,FALSE
3050922,"gate_40",124,TRUE,TRUE
3051086,"gate_40",20,TRUE,FALSE
3051153,"gate_30",41,TRUE,FALSE
3051192,"gate_30",2,FALSE,FALSE
3051435,"gate_30",0,FALSE,FALSE
3051450,"gate_30",50,TRUE,FALSE
3051471,"gate_30",1,FALSE,FALSE
3051512,"gate_40",2,FALSE,FALSE
3051590,"gate_30",44,FALSE,FALSE
3051687,"gate_40",7,FALSE,FALSE
3051862,"gate_30",14,TRUE,FALSE
3051863,"gate_40",1,FALSE,FALSE
3051943,"gate_30",19,TRUE,FALSE
3051955,"gate_30",21,FALSE,FALSE
3052013,"gate_30",65,TRUE,TRUE
3052052,"gate_30",9,FALSE,FALSE
3052145,"gate_30",1,FALSE,FALSE
3052576,"gate_30",5,FALSE,FALSE
3052732,"gate_40",342,TRUE,TRUE
3052782,"gate_30",169,FALSE,TRUE
3052790,"gate_30",10,FALSE,FALSE
3052841,"gate_30",0,FALSE,FALSE
3053136,"gate_30",14,FALSE,FALSE
3053384,"gate_40",9,FALSE,FALSE
3053418,"gate_30",11,FALSE,FALSE
3053460,"gate_40",2,FALSE,FALSE
3053463,"gate_30",18,TRUE,FALSE
3053838,"gate_40",103,TRUE,TRUE
3054041,"gate_40",0,FALSE,FALSE
3054312,"gate_40",66,TRUE,FALSE
3054388,"gate_40",5,TRUE,FALSE
3054530,"gate_40",57,TRUE,FALSE
3054532,"gate_40",3,FALSE,FALSE
3054680,"gate_30",44,TRUE,FALSE
3054697,"gate_30",13,FALSE,FALSE
3054705,"gate_30",156,TRUE,TRUE
3054804,"gate_30",8,FALSE,FALSE
3054864,"gate_30",31,FALSE,FALSE
3055006,"gate_30",0,FALSE,FALSE
3055115,"gate_30",12,FALSE,FALSE
3055361,"gate_30",2,FALSE,FALSE
3055424,"gate_40",20,TRUE,FALSE
3055460,"gate_30",26,FALSE,FALSE
3055514,"gate_30",1,FALSE,FALSE
3055555,"gate_40",24,TRUE,FALSE
3055556,"gate_30",23,TRUE,FALSE
3055594,"gate_40",91,TRUE,TRUE
3055621,"gate_30",1,FALSE,FALSE
3055671,"gate_40",1,FALSE,FALSE
3055677,"gate_40",19,TRUE,FALSE
3055681,"gate_30",36,TRUE,FALSE
3055710,"gate_30",88,TRUE,FALSE
3055758,"gate_30",14,TRUE,FALSE
3055916,"gate_40",4,FALSE,FALSE
3055985,"gate_30",154,TRUE,FALSE
3056065,"gate_40",9,TRUE,FALSE
3056271,"gate_40",6,FALSE,FALSE
3056450,"gate_30",2,FALSE,FALSE
3056508,"gate_30",1,FALSE,FALSE
3056671,"gate_30",29,TRUE,TRUE
3056692,"gate_40",3,FALSE,FALSE
3056732,"gate_30",36,TRUE,FALSE
3056809,"gate_40",2,TRUE,FALSE
3056837,"gate_30",1,FALSE,FALSE
3056949,"gate_40",0,FALSE,FALSE
3057054,"gate_30",13,FALSE,FALSE
3057123,"gate_30",9,FALSE,FALSE
3057290,"gate_30",60,TRUE,FALSE
3057325,"gate_30",1,FALSE,FALSE
3057343,"gate_40",2,FALSE,FALSE
3057574,"gate_30",12,FALSE,FALSE
3057635,"gate_30",71,TRUE,FALSE
3057727,"gate_40",1,FALSE,FALSE
3057730,"gate_30",24,FALSE,FALSE
3057759,"gate_30",392,TRUE,TRUE
3057837,"gate_40",22,TRUE,FALSE
3057865,"gate_40",21,TRUE,FALSE
3057879,"gate_40",20,TRUE,FALSE
3057957,"gate_30",21,TRUE,TRUE
3058175,"gate_40",60,TRUE,TRUE
3058371,"gate_30",146,TRUE,TRUE
3058565,"gate_40",51,FALSE,FALSE
3058589,"gate_30",6,FALSE,FALSE
3058665,"gate_30",59,TRUE,FALSE
3058827,"gate_40",5,FALSE,FALSE
3058862,"gate_40",4,FALSE,FALSE
3058930,"gate_30",40,TRUE,FALSE
3058932,"gate_30",33,TRUE,FALSE
3059361,"gate_40",93,TRUE,TRUE
3059426,"gate_30",291,TRUE,FALSE
3059508,"gate_30",63,TRUE,FALSE
3059537,"gate_30",6,FALSE,FALSE
3059573,"gate_30",8,FALSE,FALSE
3059600,"gate_30",12,FALSE,FALSE
3059656,"gate_40",9,FALSE,FALSE
3059674,"gate_30",25,TRUE,FALSE
3059865,"gate_30",4,FALSE,FALSE
3059896,"gate_40",58,TRUE,TRUE
3060294,"gate_40",5,FALSE,FALSE
3060543,"gate_30",6,FALSE,FALSE
3060584,"gate_30",0,FALSE,FALSE
3060664,"gate_40",62,TRUE,FALSE
3060676,"gate_40",34,FALSE,FALSE
3060686,"gate_40",11,FALSE,FALSE
3060856,"gate_30",13,FALSE,FALSE
3060914,"gate_40",2,FALSE,FALSE
3061108,"gate_40",6,FALSE,FALSE
3061409,"gate_30",134,TRUE,TRUE
3061428,"gate_40",16,FALSE,FALSE
3061438,"gate_30",21,FALSE,FALSE
3061590,"gate_40",21,FALSE,FALSE
3061604,"gate_30",4,FALSE,FALSE
3061629,"gate_30",73,TRUE,FALSE
3061817,"gate_30",40,TRUE,FALSE
3061978,"gate_40",9,TRUE,FALSE
3061987,"gate_40",11,FALSE,FALSE
3062067,"gate_40",0,FALSE,FALSE
3062093,"gate_30",2,FALSE,FALSE
3062311,"gate_30",43,TRUE,FALSE
3062440,"gate_30",36,FALSE,FALSE
3062477,"gate_30",18,TRUE,FALSE
3062888,"gate_30",111,TRUE,TRUE
3063108,"gate_40",91,TRUE,FALSE
3063356,"gate_30",10,TRUE,FALSE
3063393,"gate_30",1,FALSE,FALSE
3063482,"gate_30",14,TRUE,FALSE
3063535,"gate_30",1,FALSE,FALSE
3063872,"gate_40",43,TRUE,FALSE
3063929,"gate_30",21,FALSE,FALSE
3064157,"gate_30",1714,TRUE,TRUE
3064162,"gate_40",5,FALSE,FALSE
3064238,"gate_30",34,FALSE,FALSE
3064251,"gate_30",26,FALSE,FALSE
3064509,"gate_40",349,TRUE,FALSE
3064572,"gate_30",4,FALSE,FALSE
3064575,"gate_30",20,TRUE,FALSE
3064742,"gate_40",3,FALSE,FALSE
3064754,"gate_30",107,TRUE,FALSE
3064787,"gate_30",24,TRUE,FALSE
3064848,"gate_30",41,FALSE,FALSE
3064994,"gate_40",3,FALSE,FALSE
3065142,"gate_30",68,TRUE,FALSE
3065400,"gate_30",3,FALSE,FALSE
3065471,"gate_40",1,FALSE,FALSE
3065498,"gate_40",7,FALSE,FALSE
3065707,"gate_30",95,TRUE,TRUE
3065783,"gate_40",22,TRUE,FALSE
3065951,"gate_30",5,FALSE,FALSE
3065990,"gate_30",345,TRUE,TRUE
3066066,"gate_30",11,TRUE,FALSE
3066084,"gate_30",27,FALSE,FALSE
3066124,"gate_30",0,FALSE,FALSE
3066138,"gate_30",13,FALSE,FALSE
3066141,"gate_40",4,FALSE,FALSE
3066182,"gate_30",18,FALSE,FALSE
3066259,"gate_40",6,FALSE,FALSE
3066326,"gate_40",42,TRUE,FALSE
3066436,"gate_40",9,FALSE,FALSE
3066516,"gate_40",5,FALSE,FALSE
3066518,"gate_30",3,FALSE,FALSE
3066623,"gate_40",5,FALSE,FALSE
3066628,"gate_30",123,TRUE,FALSE
3066778,"gate_40",52,TRUE,FALSE
3066905,"gate_40",24,TRUE,FALSE
3066977,"gate_30",675,TRUE,TRUE
3067003,"gate_30",5,FALSE,FALSE
3067254,"gate_40",5,FALSE,FALSE
3067306,"gate_40",0,FALSE,FALSE
3067441,"gate_40",2,FALSE,FALSE
3067736,"gate_40",1,FALSE,FALSE
3068061,"gate_40",1,FALSE,FALSE
3068121,"gate_40",15,FALSE,FALSE
3068184,"gate_30",51,FALSE,TRUE
3068216,"gate_30",42,TRUE,FALSE
3068247,"gate_40",1,FALSE,FALSE
3068507,"gate_30",8,FALSE,FALSE
3068618,"gate_30",8,FALSE,FALSE
3068935,"gate_40",162,TRUE,TRUE
3069212,"gate_40",5,TRUE,FALSE
3069321,"gate_40",6,FALSE,FALSE
3069451,"gate_30",1,FALSE,FALSE
3069501,"gate_30",19,FALSE,FALSE
3069602,"gate_30",33,TRUE,FALSE
3069731,"gate_40",4,FALSE,FALSE
3069802,"gate_30",19,TRUE,FALSE
3069879,"gate_40",109,FALSE,FALSE
3070011,"gate_30",1,TRUE,FALSE
3070066,"gate_40",3,FALSE,FALSE
3070128,"gate_40",6,FALSE,FALSE
3070164,"gate_30",372,TRUE,TRUE
3070357,"gate_40",62,FALSE,FALSE
3070381,"gate_40",20,TRUE,FALSE
3070395,"gate_30",21,TRUE,FALSE
3070416,"gate_40",39,TRUE,FALSE
3070972,"gate_40",0,FALSE,FALSE
3071063,"gate_30",18,TRUE,FALSE
3071120,"gate_30",7,FALSE,FALSE
3071194,"gate_40",184,TRUE,TRUE
3071199,"gate_30",0,FALSE,FALSE
3071251,"gate_40",3,FALSE,FALSE
3071272,"gate_30",4,FALSE,FALSE
3071454,"gate_30",6,FALSE,FALSE
3071549,"gate_40",5,FALSE,FALSE
3071699,"gate_40",14,TRUE,FALSE
3071778,"gate_40",3,FALSE,FALSE
3072168,"gate_40",172,TRUE,TRUE
3072789,"gate_30",42,TRUE,FALSE
3072961,"gate_30",33,FALSE,TRUE
3073033,"gate_40",2,TRUE,FALSE
3073062,"gate_30",49,TRUE,FALSE
3073133,"gate_40",5,FALSE,FALSE
3073302,"gate_30",1,FALSE,FALSE
3073334,"gate_30",26,TRUE,FALSE
3073440,"gate_30",162,FALSE,TRUE
3073512,"gate_30",2,FALSE,FALSE
3073592,"gate_40",140,TRUE,FALSE
3073593,"gate_30",33,FALSE,TRUE
3073696,"gate_30",19,FALSE,FALSE
3073853,"gate_30",12,TRUE,FALSE
3073903,"gate_30",213,TRUE,TRUE
3074004,"gate_30",12,FALSE,FALSE
3074175,"gate_40",20,TRUE,FALSE
3074251,"gate_40",0,FALSE,FALSE
3074325,"gate_30",4,FALSE,FALSE
3074427,"gate_40",28,FALSE,TRUE
3074451,"gate_40",19,TRUE,FALSE
3074561,"gate_30",68,TRUE,TRUE
3074588,"gate_40",134,TRUE,TRUE
3074734,"gate_40",67,TRUE,FALSE
3074874,"gate_30",23,FALSE,FALSE
3075069,"gate_40",26,FALSE,FALSE
3075327,"gate_40",51,TRUE,FALSE
3075347,"gate_40",3,FALSE,FALSE
3075387,"gate_30",4,FALSE,FALSE
3075503,"gate_40",1,FALSE,FALSE
3075763,"gate_40",19,FALSE,FALSE
3075833,"gate_40",20,FALSE,FALSE
3075884,"gate_40",2,FALSE,FALSE
3076036,"gate_30",4,FALSE,FALSE
3076205,"gate_30",18,FALSE,FALSE
3076215,"gate_30",119,TRUE,FALSE
3076461,"gate_30",24,FALSE,FALSE
3076613,"gate_40",14,TRUE,FALSE
3076627,"gate_30",73,TRUE,TRUE
3076737,"gate_40",159,TRUE,FALSE
3076824,"gate_30",1,FALSE,FALSE
3076892,"gate_30",5,TRUE,FALSE
3077044,"gate_40",44,TRUE,FALSE
3077239,"gate_40",16,FALSE,FALSE
3077246,"gate_30",104,TRUE,TRUE
3077306,"gate_40",33,TRUE,FALSE
3077357,"gate_30",104,FALSE,TRUE
3077621,"gate_40",3,FALSE,FALSE
3077688,"gate_30",13,FALSE,FALSE
3077755,"gate_30",82,FALSE,TRUE
3077830,"gate_30",14,TRUE,TRUE
3078331,"gate_40",0,FALSE,FALSE
3078405,"gate_30",105,FALSE,FALSE
3078615,"gate_30",10,FALSE,FALSE
3078701,"gate_40",95,TRUE,FALSE
3078718,"gate_30",7,FALSE,FALSE
3078978,"gate_40",5,FALSE,FALSE
3079058,"gate_30",65,TRUE,FALSE
3079062,"gate_30",280,TRUE,TRUE
3079220,"gate_40",7,FALSE,FALSE
3079231,"gate_40",12,FALSE,FALSE
3079258,"gate_30",18,TRUE,FALSE
3079325,"gate_30",59,TRUE,TRUE
3079444,"gate_40",29,TRUE,TRUE
3079570,"gate_40",25,TRUE,FALSE
3079803,"gate_30",14,FALSE,FALSE
3079876,"gate_30",1,FALSE,FALSE
3079905,"gate_40",0,FALSE,FALSE
3080110,"gate_40",21,FALSE,FALSE
3080187,"gate_40",376,TRUE,TRUE
3080318,"gate_30",59,TRUE,FALSE
3080367,"gate_40",10,FALSE,FALSE
3080368,"gate_30",149,TRUE,TRUE
3080597,"gate_30",53,TRUE,TRUE
3080643,"gate_30",5,TRUE,FALSE
3080802,"gate_30",200,TRUE,TRUE
3080849,"gate_40",3,TRUE,FALSE
3081077,"gate_40",18,TRUE,FALSE
3081169,"gate_30",14,TRUE,FALSE
3081227,"gate_40",0,FALSE,FALSE
3081298,"gate_30",4,FALSE,FALSE
3081346,"gate_40",7,FALSE,FALSE
3081472,"gate_30",21,FALSE,TRUE
3081521,"gate_30",0,FALSE,FALSE
3081555,"gate_30",7,TRUE,FALSE
3081705,"gate_40",4,TRUE,FALSE
3082065,"gate_30",5,FALSE,FALSE
3082380,"gate_30",48,TRUE,FALSE
3082623,"gate_30",458,TRUE,TRUE
3082718,"gate_30",47,TRUE,FALSE
3083026,"gate_30",28,TRUE,TRUE
3083418,"gate_40",301,TRUE,FALSE
3083424,"gate_30",0,FALSE,FALSE
3083458,"gate_40",23,FALSE,FALSE
3083559,"gate_30",526,TRUE,TRUE
3083852,"gate_40",5,FALSE,FALSE
3083875,"gate_40",27,FALSE,FALSE
3084442,"gate_40",61,TRUE,TRUE
3084554,"gate_40",281,TRUE,FALSE
3084698,"gate_40",0,FALSE,FALSE
3084786,"gate_30",288,TRUE,TRUE
3084800,"gate_40",5,TRUE,FALSE
3084869,"gate_40",30,TRUE,FALSE
3085219,"gate_40",137,TRUE,FALSE
3086278,"gate_30",15,FALSE,FALSE
3086281,"gate_30",852,TRUE,TRUE
3086306,"gate_30",17,TRUE,FALSE
3086321,"gate_40",2,FALSE,FALSE
3086418,"gate_30",41,TRUE,FALSE
3086436,"gate_40",7,FALSE,FALSE
3086441,"gate_40",0,FALSE,FALSE
3086639,"gate_30",60,FALSE,FALSE
3086681,"gate_40",25,FALSE,TRUE
3086685,"gate_30",83,TRUE,TRUE
3086762,"gate_40",62,TRUE,FALSE
3086827,"gate_30",8,FALSE,FALSE
3086863,"gate_30",30,FALSE,FALSE
3086880,"gate_30",22,FALSE,FALSE
3086966,"gate_40",5,FALSE,FALSE
3086981,"gate_40",1,FALSE,FALSE
3087062,"gate_30",47,TRUE,FALSE
3087256,"gate_40",8,FALSE,FALSE
3088039,"gate_30",2,FALSE,FALSE
3088335,"gate_40",29,TRUE,FALSE
3088547,"gate_40",15,TRUE,FALSE
3088641,"gate_40",66,TRUE,FALSE
3088685,"gate_30",13,TRUE,FALSE
3088710,"gate_30",10,FALSE,FALSE
3089053,"gate_30",1,FALSE,FALSE
3089054,"gate_40",17,TRUE,FALSE
3089232,"gate_30",8,TRUE,FALSE
3089270,"gate_40",24,TRUE,FALSE
3089386,"gate_30",48,FALSE,FALSE
3089701,"gate_40",58,TRUE,FALSE
3089720,"gate_30",77,TRUE,FALSE
3089780,"gate_40",1,FALSE,FALSE
3089800,"gate_30",997,TRUE,TRUE
3089824,"gate_30",45,TRUE,FALSE
3089864,"gate_30",52,TRUE,TRUE
3089905,"gate_30",3,FALSE,FALSE
3089923,"gate_30",26,FALSE,TRUE
3090201,"gate_40",0,FALSE,FALSE
3090272,"gate_30",223,TRUE,TRUE
3090324,"gate_30",43,TRUE,TRUE
3090443,"gate_30",9,FALSE,FALSE
3090484,"gate_40",8,FALSE,FALSE
3090537,"gate_40",46,TRUE,FALSE
3090601,"gate_30",8,FALSE,FALSE
3090687,"gate_30",55,TRUE,FALSE
3090692,"gate_40",8,FALSE,FALSE
3090778,"gate_30",0,FALSE,FALSE
3090786,"gate_40",2,FALSE,FALSE
3090824,"gate_40",26,FALSE,TRUE
3090830,"gate_40",4,FALSE,FALSE
3090840,"gate_30",1,FALSE,FALSE
3090862,"gate_30",17,FALSE,FALSE
3090921,"gate_40",5,FALSE,FALSE
3091037,"gate_40",100,TRUE,FALSE
3091196,"gate_30",8,FALSE,FALSE
3091345,"gate_30",1,FALSE,FALSE
3091352,"gate_30",2,FALSE,FALSE
3091456,"gate_30",2,FALSE,FALSE
3091600,"gate_30",4,FALSE,FALSE
3091645,"gate_40",10,FALSE,FALSE
3091667,"gate_30",4,TRUE,FALSE
3091723,"gate_30",5,FALSE,FALSE
3091884,"gate_40",12,FALSE,FALSE
3091895,"gate_40",30,FALSE,FALSE
3091901,"gate_40",108,TRUE,TRUE
3092107,"gate_40",20,FALSE,TRUE
3092189,"gate_30",12,TRUE,FALSE
3092387,"gate_30",5,FALSE,FALSE
3092410,"gate_30",5,FALSE,FALSE
3092525,"gate_30",50,TRUE,FALSE
3092593,"gate_40",40,TRUE,FALSE
3092624,"gate_30",0,FALSE,FALSE
3092765,"gate_30",9,TRUE,FALSE
3092851,"gate_40",82,TRUE,FALSE
3092896,"gate_40",2,FALSE,FALSE
3092977,"gate_40",11,FALSE,FALSE
3093002,"gate_40",9,FALSE,FALSE
3093063,"gate_30",3,TRUE,FALSE
3093107,"gate_30",12,TRUE,FALSE
3093108,"gate_40",56,TRUE,FALSE
3093204,"gate_30",106,TRUE,TRUE
3093278,"gate_40",35,FALSE,FALSE
3093559,"gate_40",2,FALSE,FALSE
3093575,"gate_40",22,TRUE,FALSE
3093925,"gate_40",15,TRUE,FALSE
3093931,"gate_40",58,TRUE,FALSE
3093987,"gate_30",4,FALSE,FALSE
3094050,"gate_40",16,TRUE,FALSE
3094109,"gate_30",678,TRUE,TRUE
3094130,"gate_30",8,FALSE,FALSE
3094438,"gate_40",5,TRUE,FALSE
3094533,"gate_30",0,FALSE,FALSE
3094765,"gate_30",340,TRUE,TRUE
3094794,"gate_40",4,FALSE,FALSE
3094994,"gate_30",4,FALSE,FALSE
3095209,"gate_30",8,TRUE,FALSE
3095479,"gate_40",8,FALSE,FALSE
3095676,"gate_30",15,FALSE,FALSE
3095813,"gate_40",27,TRUE,FALSE
3095865,"gate_30",7,FALSE,FALSE
3095869,"gate_40",13,FALSE,FALSE
3095909,"gate_40",0,FALSE,FALSE
3095951,"gate_40",20,FALSE,FALSE
3096042,"gate_30",1,FALSE,FALSE
3096117,"gate_40",2,FALSE,TRUE
3096129,"gate_40",41,TRUE,FALSE
3096409,"gate_40",48,TRUE,FALSE
3096851,"gate_40",4,TRUE,FALSE
3096935,"gate_40",20,FALSE,FALSE
3096983,"gate_40",2,FALSE,FALSE
3097077,"gate_40",6,FALSE,FALSE
3097123,"gate_30",134,TRUE,FALSE
3097157,"gate_40",0,FALSE,FALSE
3097446,"gate_30",1,FALSE,FALSE
3097455,"gate_40",39,TRUE,TRUE
3097639,"gate_40",85,FALSE,FALSE
3097696,"gate_40",323,TRUE,FALSE
3097732,"gate_40",92,TRUE,FALSE
3097786,"gate_40",2,FALSE,FALSE
3097804,"gate_30",15,FALSE,FALSE
3097815,"gate_30",316,TRUE,TRUE
3098197,"gate_30",5,FALSE,FALSE
3098240,"gate_40",0,FALSE,FALSE
3098500,"gate_30",3,FALSE,FALSE
3099058,"gate_40",112,TRUE,TRUE
3099060,"gate_30",5,FALSE,FALSE
3099161,"gate_40",23,FALSE,TRUE
3099196,"gate_40",21,FALSE,FALSE
3099369,"gate_40",65,TRUE,FALSE
3099436,"gate_40",31,TRUE,FALSE
3099461,"gate_40",19,TRUE,FALSE
3099661,"gate_40",42,TRUE,FALSE
3099689,"gate_40",34,TRUE,FALSE
3099703,"gate_30",3,FALSE,FALSE
3099812,"gate_30",29,TRUE,FALSE
3099963,"gate_30",17,TRUE,FALSE
3100133,"gate_30",126,TRUE,TRUE
3100243,"gate_40",847,TRUE,TRUE
3100354,"gate_40",66,TRUE,FALSE
3100604,"gate_30",33,TRUE,FALSE
3100659,"gate_40",34,FALSE,FALSE
3101261,"gate_40",2,FALSE,FALSE
3101303,"gate_30",0,FALSE,FALSE
3101372,"gate_30",6,FALSE,FALSE
3101637,"gate_40",373,TRUE,TRUE
3101778,"gate_40",2,FALSE,FALSE
3101783,"gate_30",5,TRUE,FALSE
3101899,"gate_30",73,TRUE,TRUE
3101970,"gate_40",19,TRUE,FALSE
3102349,"gate_40",2,FALSE,FALSE
3102393,"gate_40",7,FALSE,FALSE
3102405,"gate_30",12,FALSE,FALSE
3102447,"gate_40",73,TRUE,TRUE
3102500,"gate_30",2,FALSE,FALSE
3102609,"gate_30",1,FALSE,FALSE
3102688,"gate_40",18,TRUE,FALSE
3102975,"gate_30",192,TRUE,TRUE
3102998,"gate_40",67,FALSE,FALSE
3103148,"gate_30",507,TRUE,TRUE
3103158,"gate_40",269,TRUE,TRUE
3103224,"gate_30",10,FALSE,FALSE
3103362,"gate_40",292,TRUE,TRUE
3103520,"gate_30",3,FALSE,FALSE
3103890,"gate_40",0,FALSE,FALSE
3104027,"gate_30",21,FALSE,FALSE
3104123,"gate_40",9,FALSE,FALSE
3104133,"gate_30",257,TRUE,TRUE
3104167,"gate_30",39,TRUE,FALSE
3104478,"gate_30",13,FALSE,FALSE
3104588,"gate_40",75,TRUE,TRUE
3104884,"gate_30",20,FALSE,FALSE
3105174,"gate_30",7,FALSE,FALSE
3105226,"gate_40",32,TRUE,FALSE
3105423,"gate_40",12,FALSE,FALSE
3105579,"gate_40",7,FALSE,FALSE
3105804,"gate_30",1,FALSE,FALSE
3105859,"gate_40",214,TRUE,TRUE
3105864,"gate_30",0,FALSE,FALSE
3105990,"gate_40",2,FALSE,FALSE
3105996,"gate_40",18,FALSE,FALSE
3106214,"gate_40",28,FALSE,FALSE
3106249,"gate_40",312,TRUE,TRUE
3106345,"gate_40",3,FALSE,FALSE
3106366,"gate_30",1,FALSE,FALSE
3106414,"gate_30",9,TRUE,FALSE
3106450,"gate_40",7,FALSE,FALSE
3106530,"gate_30",4,FALSE,FALSE
3106698,"gate_30",55,TRUE,FALSE
3106764,"gate_40",11,FALSE,FALSE
3106890,"gate_40",30,TRUE,FALSE
3107004,"gate_40",16,FALSE,TRUE
3107144,"gate_30",38,TRUE,FALSE
3107165,"gate_40",251,TRUE,TRUE
3107223,"gate_30",26,TRUE,FALSE
3107326,"gate_30",1,FALSE,FALSE
3107882,"gate_40",15,FALSE,FALSE
3107897,"gate_30",4,FALSE,FALSE
3108063,"gate_30",7,FALSE,FALSE
3108141,"gate_30",1,FALSE,FALSE
3108205,"gate_30",8,FALSE,FALSE
3108329,"gate_30",3,FALSE,FALSE
3108454,"gate_40",167,TRUE,TRUE
3108642,"gate_40",115,TRUE,TRUE
3108728,"gate_40",25,TRUE,FALSE
3108888,"gate_40",3,FALSE,FALSE
3109008,"gate_40",4,FALSE,FALSE
3109459,"gate_30",35,TRUE,FALSE
3109531,"gate_40",34,TRUE,FALSE
3109581,"gate_30",40,TRUE,FALSE
3109645,"gate_30",1,FALSE,FALSE
3109673,"gate_30",1,FALSE,FALSE
3109698,"gate_30",2,FALSE,FALSE
3109822,"gate_40",24,FALSE,FALSE
3109901,"gate_30",222,TRUE,TRUE
3110040,"gate_30",31,FALSE,FALSE
3110232,"gate_40",1,FALSE,FALSE
3110464,"gate_30",398,TRUE,FALSE
3110708,"gate_40",61,TRUE,FALSE
3110784,"gate_30",102,TRUE,FALSE
3111075,"gate_30",47,FALSE,FALSE
3111166,"gate_40",66,TRUE,TRUE
3111271,"gate_30",3,FALSE,FALSE
3111303,"gate_30",5,FALSE,TRUE
3111316,"gate_40",59,TRUE,FALSE
3111666,"gate_30",9,FALSE,FALSE
3111923,"gate_40",0,FALSE,FALSE
3111941,"gate_30",39,TRUE,FALSE
3112049,"gate_40",31,TRUE,TRUE
3112114,"gate_40",98,TRUE,FALSE
3112267,"gate_40",14,FALSE,FALSE
3112562,"gate_30",62,TRUE,TRUE
3112652,"gate_30",559,TRUE,TRUE
3112681,"gate_30",37,FALSE,TRUE
3112752,"gate_30",9,FALSE,FALSE
3112776,"gate_40",69,TRUE,FALSE
3112789,"gate_30",229,TRUE,TRUE
3112790,"gate_30",10,FALSE,FALSE
3112880,"gate_40",2,FALSE,FALSE
3112889,"gate_30",2,FALSE,FALSE
3112988,"gate_40",2,FALSE,FALSE
3113028,"gate_40",19,TRUE,FALSE
3113205,"gate_40",3,FALSE,FALSE
3113378,"gate_40",309,TRUE,TRUE
3113391,"gate_40",4,FALSE,FALSE
3113579,"gate_30",19,TRUE,FALSE
3113583,"gate_40",9,FALSE,FALSE
3113630,"gate_30",39,TRUE,FALSE
3113644,"gate_40",7,FALSE,FALSE
3113670,"gate_40",0,FALSE,FALSE
3113709,"gate_30",47,TRUE,FALSE
3113825,"gate_40",4,FALSE,FALSE
3113900,"gate_30",0,FALSE,FALSE
3114126,"gate_30",9,FALSE,FALSE
3114152,"gate_40",80,TRUE,TRUE
3114188,"gate_40",10,FALSE,FALSE
3114236,"gate_30",11,TRUE,FALSE
3114255,"gate_30",103,TRUE,TRUE
3114330,"gate_30",59,TRUE,TRUE
3114357,"gate_40",198,TRUE,TRUE
3114372,"gate_40",4,FALSE,TRUE
3114432,"gate_30",14,TRUE,FALSE
3114440,"gate_40",0,FALSE,FALSE
3114515,"gate_40",5,FALSE,FALSE
3114520,"gate_40",3,FALSE,FALSE
3114671,"gate_40",21,FALSE,FALSE
3114784,"gate_40",1,FALSE,FALSE
3114893,"gate_40",4,FALSE,FALSE
3115015,"gate_40",5,TRUE,FALSE
3115154,"gate_30",92,FALSE,FALSE
3115241,"gate_30",11,FALSE,FALSE
3115349,"gate_40",21,TRUE,FALSE
3115371,"gate_30",0,FALSE,FALSE
3115477,"gate_30",1,FALSE,FALSE
3115645,"gate_30",8,FALSE,FALSE
3115699,"gate_30",16,FALSE,FALSE
3115752,"gate_30",5,FALSE,FALSE
3115832,"gate_40",55,TRUE,FALSE
3115933,"gate_30",14,FALSE,FALSE
3116176,"gate_40",1,FALSE,FALSE
3116403,"gate_40",59,TRUE,TRUE
3116547,"gate_40",21,FALSE,FALSE
3116602,"gate_30",42,FALSE,FALSE
3116610,"gate_40",1,FALSE,FALSE
3116713,"gate_40",1,FALSE,FALSE
3116748,"gate_30",11,FALSE,FALSE
3116864,"gate_30",1,FALSE,FALSE
3117054,"gate_40",48,TRUE,TRUE
3117132,"gate_30",46,TRUE,FALSE
3117248,"gate_30",8,FALSE,FALSE
3117342,"gate_40",17,FALSE,FALSE
3117493,"gate_40",266,TRUE,TRUE
3117635,"gate_30",0,FALSE,FALSE
3117660,"gate_40",2,FALSE,FALSE
3117900,"gate_30",25,FALSE,FALSE
3117982,"gate_30",11,FALSE,FALSE
3118230,"gate_40",48,TRUE,FALSE
3118622,"gate_40",25,FALSE,FALSE
3118628,"gate_30",63,TRUE,TRUE
3118664,"gate_40",31,TRUE,TRUE
3118681,"gate_30",9,FALSE,FALSE
3118887,"gate_30",0,FALSE,FALSE
3118968,"gate_30",58,TRUE,FALSE
3119096,"gate_30",0,FALSE,FALSE
3119110,"gate_30",3,FALSE,FALSE
3119197,"gate_30",132,TRUE,TRUE
3119459,"gate_30",21,TRUE,FALSE
3119476,"gate_30",2,FALSE,FALSE
3119506,"gate_40",0,FALSE,FALSE
3119579,"gate_30",55,TRUE,TRUE
3119982,"gate_30",7,FALSE,FALSE
3120355,"gate_40",8,FALSE,FALSE
3120623,"gate_40",41,FALSE,FALSE
3120781,"gate_30",8,FALSE,FALSE
3121105,"gate_40",7,TRUE,FALSE
3121204,"gate_30",21,TRUE,FALSE
3121513,"gate_40",301,TRUE,TRUE
3121800,"gate_30",225,FALSE,TRUE
3121813,"gate_30",1,FALSE,FALSE
3121954,"gate_40",7,FALSE,FALSE
3122260,"gate_30",5,FALSE,FALSE
3122580,"gate_30",71,TRUE,FALSE
3122599,"gate_40",51,TRUE,TRUE
3122604,"gate_40",157,FALSE,TRUE
3122959,"gate_30",66,TRUE,FALSE
3123270,"gate_30",43,FALSE,FALSE
3123398,"gate_30",0,FALSE,FALSE
3123565,"gate_40",7,TRUE,FALSE
3123583,"gate_30",2,FALSE,FALSE
3123615,"gate_40",26,FALSE,FALSE
3123621,"gate_40",4,FALSE,FALSE
3123758,"gate_30",31,FALSE,FALSE
3123816,"gate_30",41,TRUE,TRUE
3124049,"gate_30",3,FALSE,FALSE
3124136,"gate_40",2,FALSE,FALSE
3124293,"gate_30",164,TRUE,FALSE
3124305,"gate_40",3,FALSE,FALSE
3124337,"gate_40",42,FALSE,FALSE
3124350,"gate_40",8,TRUE,FALSE
3124515,"gate_30",9,FALSE,FALSE
3124586,"gate_40",10,FALSE,FALSE
3124771,"gate_30",12,TRUE,FALSE
3125268,"gate_40",5,FALSE,FALSE
3125407,"gate_30",45,TRUE,FALSE
3125471,"gate_30",43,TRUE,FALSE
3125587,"gate_30",4,FALSE,FALSE
3125717,"gate_30",147,TRUE,FALSE
3125722,"gate_30",36,FALSE,FALSE
3125735,"gate_40",19,TRUE,TRUE
3125749,"gate_40",5,FALSE,FALSE
3125767,"gate_40",20,TRUE,FALSE
3125776,"gate_30",142,TRUE,TRUE
3125798,"gate_40",29,FALSE,FALSE
3125808,"gate_40",14,FALSE,FALSE
3126086,"gate_40",31,FALSE,FALSE
3126235,"gate_40",23,FALSE,FALSE
3126353,"gate_30",8,FALSE,FALSE
3126375,"gate_30",14,TRUE,FALSE
3126491,"gate_40",594,TRUE,TRUE
3126583,"gate_30",39,TRUE,FALSE
3126604,"gate_40",14,TRUE,FALSE
3126615,"gate_30",10,TRUE,FALSE
3126771,"gate_30",23,TRUE,FALSE
3126859,"gate_30",6,FALSE,FALSE
3127090,"gate_30",9,FALSE,FALSE
3127126,"gate_30",34,TRUE,TRUE
3127175,"gate_40",111,TRUE,FALSE
3127332,"gate_30",29,TRUE,FALSE
3127441,"gate_40",22,TRUE,FALSE
3127569,"gate_40",5,FALSE,FALSE
3127731,"gate_30",87,TRUE,TRUE
3127739,"gate_30",6,FALSE,FALSE
3127909,"gate_30",18,TRUE,FALSE
3127971,"gate_30",3,FALSE,FALSE
3127979,"gate_40",12,TRUE,FALSE
3128038,"gate_40",8,FALSE,FALSE
3128057,"gate_40",7,FALSE,FALSE
3128191,"gate_40",0,FALSE,FALSE
3128196,"gate_30",127,TRUE,TRUE
3128384,"gate_30",42,TRUE,FALSE
3128443,"gate_40",25,TRUE,FALSE
3128629,"gate_30",19,FALSE,FALSE
3128748,"gate_30",236,TRUE,FALSE
3128756,"gate_30",1,FALSE,FALSE
3128889,"gate_40",52,FALSE,FALSE
3129156,"gate_30",17,TRUE,FALSE
3129200,"gate_40",44,FALSE,FALSE
3129237,"gate_30",5,FALSE,FALSE
3129256,"gate_30",4,FALSE,FALSE
3129267,"gate_40",118,TRUE,TRUE
3129280,"gate_40",0,FALSE,FALSE
3129317,"gate_30",87,TRUE,TRUE
3129395,"gate_40",1,FALSE,FALSE
3129436,"gate_40",24,FALSE,FALSE
3129441,"gate_40",10,TRUE,FALSE
3129461,"gate_30",305,TRUE,TRUE
3129620,"gate_40",10,FALSE,FALSE
3129623,"gate_40",64,TRUE,FALSE
3129731,"gate_40",24,TRUE,FALSE
3129775,"gate_30",13,FALSE,FALSE
3129796,"gate_30",2,FALSE,FALSE
3129883,"gate_30",177,TRUE,FALSE
3130254,"gate_40",28,FALSE,FALSE
3130258,"gate_40",11,FALSE,FALSE
3130444,"gate_40",24,FALSE,FALSE
3130486,"gate_40",2,FALSE,FALSE
3130492,"gate_30",26,FALSE,FALSE
3130611,"gate_30",5,FALSE,FALSE
3130705,"gate_40",4,TRUE,FALSE
3130855,"gate_40",8,FALSE,FALSE
3130927,"gate_30",55,FALSE,TRUE
3130979,"gate_30",12,TRUE,TRUE
3131247,"gate_30",13,FALSE,FALSE
3131258,"gate_40",72,TRUE,FALSE
3131269,"gate_40",21,TRUE,FALSE
3131872,"gate_30",61,TRUE,FALSE
3132010,"gate_30",33,TRUE,FALSE
3132032,"gate_30",4,FALSE,FALSE
3132033,"gate_30",113,FALSE,TRUE
3132066,"gate_40",30,TRUE,FALSE
3132265,"gate_30",87,TRUE,TRUE
3132278,"gate_30",4,FALSE,FALSE
3132316,"gate_40",6,FALSE,FALSE
3132383,"gate_30",13,FALSE,FALSE
3132391,"gate_40",4,FALSE,FALSE
3132569,"gate_40",13,FALSE,FALSE
3132609,"gate_40",314,TRUE,FALSE
3132758,"gate_40",90,TRUE,TRUE
3132777,"gate_30",23,TRUE,FALSE
3132902,"gate_40",4,FALSE,FALSE
3133013,"gate_30",1,FALSE,FALSE
3133095,"gate_30",3,FALSE,FALSE
3133260,"gate_30",20,TRUE,FALSE
3133275,"gate_40",63,TRUE,FALSE
3133300,"gate_30",3,FALSE,FALSE
3133425,"gate_30",85,TRUE,TRUE
3133606,"gate_30",6,FALSE,FALSE
3133712,"gate_40",1,FALSE,FALSE
3133737,"gate_30",48,TRUE,TRUE
3133745,"gate_30",27,TRUE,FALSE
3134061,"gate_30",335,TRUE,FALSE
3134145,"gate_40",580,TRUE,TRUE
3134409,"gate_30",21,TRUE,TRUE
3134522,"gate_40",40,TRUE,FALSE
3134770,"gate_40",113,TRUE,TRUE
3134812,"gate_40",60,TRUE,FALSE
3134914,"gate_40",10,FALSE,FALSE
3134965,"gate_30",3,FALSE,FALSE
3135124,"gate_30",1,FALSE,FALSE
3135335,"gate_30",1,FALSE,FALSE
3135338,"gate_40",41,TRUE,FALSE
3135685,"gate_40",103,TRUE,TRUE
3135717,"gate_30",25,TRUE,TRUE
3135948,"gate_30",2,TRUE,TRUE
3135977,"gate_30",0,FALSE,FALSE
3136026,"gate_40",26,TRUE,FALSE
3136129,"gate_30",34,FALSE,FALSE
3136196,"gate_40",9,FALSE,FALSE
3136245,"gate_40",121,TRUE,TRUE
3136381,"gate_30",6,FALSE,FALSE
3136470,"gate_30",1,FALSE,FALSE
3136564,"gate_40",6,FALSE,FALSE
3136870,"gate_40",48,FALSE,FALSE
3136900,"gate_40",180,FALSE,TRUE
3136930,"gate_40",268,TRUE,TRUE
3136948,"gate_40",2,FALSE,FALSE
3136982,"gate_40",34,TRUE,FALSE
3136984,"gate_40",14,FALSE,FALSE
3137057,"gate_40",90,TRUE,FALSE
3137157,"gate_40",0,FALSE,FALSE
3137354,"gate_30",8,FALSE,FALSE
3137523,"gate_40",1,FALSE,FALSE
3137542,"gate_40",4,FALSE,FALSE
3137558,"gate_30",21,TRUE,FALSE
3137658,"gate_40",4,FALSE,FALSE
3137723,"gate_30",26,TRUE,FALSE
3137772,"gate_30",128,TRUE,FALSE
3137972,"gate_30",7,FALSE,FALSE
3138038,"gate_40",20,TRUE,TRUE
3138042,"gate_30",205,TRUE,TRUE
3138076,"gate_40",11,FALSE,FALSE
3138131,"gate_30",20,TRUE,FALSE
3138304,"gate_40",2,FALSE,FALSE
3138358,"gate_40",0,FALSE,FALSE
3138513,"gate_30",61,FALSE,TRUE
3138622,"gate_40",35,TRUE,FALSE
3138728,"gate_30",8,FALSE,FALSE
3139134,"gate_40",127,TRUE,FALSE
3139136,"gate_30",10,TRUE,FALSE
3139260,"gate_40",2,FALSE,FALSE
3139301,"gate_30",91,TRUE,FALSE
3139432,"gate_40",25,TRUE,FALSE
3139671,"gate_30",53,TRUE,FALSE
3139722,"gate_40",9,FALSE,FALSE
3139818,"gate_40",3,FALSE,FALSE
3139854,"gate_40",3,FALSE,FALSE
3139868,"gate_30",74,TRUE,FALSE
3140291,"gate_40",3,FALSE,FALSE
3140441,"gate_30",28,FALSE,FALSE
3140484,"gate_30",6,FALSE,FALSE
3140547,"gate_30",41,TRUE,FALSE
3140668,"gate_40",15,TRUE,FALSE
3140697,"gate_30",7,FALSE,FALSE
3140958,"gate_30",151,TRUE,TRUE
3141114,"gate_40",2,FALSE,FALSE
3141344,"gate_30",0,FALSE,FALSE
3141587,"gate_40",11,TRUE,FALSE
3141626,"gate_30",34,FALSE,FALSE
3141950,"gate_40",1,FALSE,FALSE
3142018,"gate_40",15,TRUE,FALSE
3142025,"gate_30",1,FALSE,FALSE
3142289,"gate_30",0,FALSE,FALSE
3142349,"gate_40",52,FALSE,FALSE
3142723,"gate_30",3,FALSE,FALSE
3143114,"gate_30",1,FALSE,FALSE
3143166,"gate_40",8,FALSE,FALSE
3143303,"gate_40",21,FALSE,FALSE
3143332,"gate_30",19,TRUE,FALSE
3143355,"gate_40",28,FALSE,FALSE
3143436,"gate_40",114,TRUE,TRUE
3143437,"gate_30",25,TRUE,FALSE
3143528,"gate_30",28,TRUE,FALSE
3143536,"gate_30",9,FALSE,FALSE
3143745,"gate_30",0,FALSE,FALSE
3143813,"gate_30",2,FALSE,FALSE
3143916,"gate_40",13,TRUE,TRUE
3143925,"gate_30",33,TRUE,FALSE
3143983,"gate_40",2,FALSE,FALSE
3144037,"gate_40",12,FALSE,FALSE
3144051,"gate_40",202,TRUE,TRUE
3144057,"gate_40",277,TRUE,FALSE
3144265,"gate_40",6,FALSE,FALSE
3144338,"gate_30",28,FALSE,FALSE
3144359,"gate_30",9,FALSE,FALSE
3144374,"gate_30",8,FALSE,FALSE
3144406,"gate_30",43,TRUE,TRUE
3144471,"gate_30",29,TRUE,FALSE
3144479,"gate_30",181,TRUE,TRUE
3144524,"gate_30",26,FALSE,FALSE
3144556,"gate_30",3,FALSE,FALSE
3144735,"gate_40",5,FALSE,FALSE
3144746,"gate_30",106,TRUE,FALSE
3145018,"gate_30",48,TRUE,FALSE
3145101,"gate_40",38,TRUE,FALSE
3145162,"gate_40",9,FALSE,FALSE
3145259,"gate_40",58,TRUE,FALSE
3145382,"gate_40",66,TRUE,FALSE
3145416,"gate_30",3,TRUE,FALSE
3145847,"gate_30",5,FALSE,FALSE
3146016,"gate_40",51,FALSE,TRUE
3146630,"gate_30",1,FALSE,FALSE
3146681,"gate_30",170,TRUE,TRUE
3146704,"gate_30",70,FALSE,FALSE
3146714,"gate_30",40,TRUE,FALSE
3146916,"gate_30",46,TRUE,FALSE
3147078,"gate_40",273,TRUE,TRUE
3147098,"gate_30",14,FALSE,FALSE
3147377,"gate_30",4,FALSE,FALSE
3147384,"gate_30",11,TRUE,FALSE
3147676,"gate_40",46,FALSE,FALSE
3147795,"gate_40",2,TRUE,FALSE
3147796,"gate_30",6,FALSE,FALSE
3147811,"gate_40",12,TRUE,FALSE
3148001,"gate_30",31,FALSE,FALSE
3148130,"gate_30",15,FALSE,FALSE
3148420,"gate_30",6,FALSE,FALSE
3148480,"gate_40",2,FALSE,FALSE
3148562,"gate_40",443,TRUE,TRUE
3148574,"gate_30",6,TRUE,FALSE
3148796,"gate_40",1,FALSE,FALSE
3148859,"gate_40",2,FALSE,FALSE
3148875,"gate_40",8,FALSE,FALSE
3148878,"gate_40",18,TRUE,FALSE
3148946,"gate_30",1,FALSE,FALSE
3148999,"gate_40",4,TRUE,FALSE
3149046,"gate_40",60,TRUE,FALSE
3149069,"gate_40",12,FALSE,FALSE
3149092,"gate_30",40,FALSE,FALSE
3149569,"gate_40",306,TRUE,TRUE
3149586,"gate_40",20,TRUE,FALSE
3149653,"gate_40",38,TRUE,FALSE
3149809,"gate_40",139,TRUE,TRUE
3150122,"gate_40",380,TRUE,TRUE
3150299,"gate_40",15,FALSE,FALSE
3150953,"gate_40",1,FALSE,FALSE
3151140,"gate_40",32,TRUE,FALSE
3151356,"gate_40",115,TRUE,FALSE
3151445,"gate_40",41,FALSE,FALSE
3151642,"gate_30",23,FALSE,FALSE
3151651,"gate_30",88,FALSE,FALSE
3151714,"gate_30",82,FALSE,FALSE
3151807,"gate_40",5,TRUE,FALSE
3151880,"gate_30",3,FALSE,FALSE
3151959,"gate_30",9,FALSE,FALSE
3152055,"gate_40",5,FALSE,FALSE
3152596,"gate_30",30,FALSE,TRUE
3152840,"gate_30",103,TRUE,TRUE
3153202,"gate_40",4,FALSE,FALSE
3153353,"gate_30",104,TRUE,TRUE
3153361,"gate_40",58,TRUE,FALSE
3153522,"gate_30",45,TRUE,TRUE
3153712,"gate_30",38,TRUE,FALSE
3153756,"gate_40",21,TRUE,FALSE
3154004,"gate_40",122,TRUE,FALSE
3154182,"gate_40",35,TRUE,FALSE
3154305,"gate_40",6,FALSE,FALSE
3154395,"gate_40",65,TRUE,TRUE
3154613,"gate_30",3,FALSE,FALSE
3154921,"gate_30",5,FALSE,FALSE
3155163,"gate_40",65,TRUE,FALSE
3155203,"gate_40",7,FALSE,FALSE
3155265,"gate_30",14,TRUE,FALSE
3155325,"gate_30",0,FALSE,FALSE
3155350,"gate_40",21,FALSE,FALSE
3155613,"gate_40",17,FALSE,FALSE
3155659,"gate_30",0,FALSE,FALSE
3155939,"gate_40",52,FALSE,FALSE
3156197,"gate_30",8,TRUE,FALSE
3156326,"gate_30",41,TRUE,TRUE
3156413,"gate_30",36,FALSE,FALSE
3156435,"gate_40",1,FALSE,FALSE
3156479,"gate_30",130,TRUE,FALSE
3156564,"gate_40",18,TRUE,FALSE
3156641,"gate_30",285,FALSE,TRUE
3156677,"gate_40",342,TRUE,TRUE
3156716,"gate_30",481,TRUE,TRUE
3157236,"gate_40",23,FALSE,FALSE
3157310,"gate_30",43,FALSE,FALSE
3157401,"gate_30",20,TRUE,TRUE
3157404,"gate_30",19,TRUE,TRUE
3157534,"gate_30",39,FALSE,TRUE
3157784,"gate_40",13,TRUE,FALSE
3157909,"gate_40",15,FALSE,FALSE
3158010,"gate_30",8,FALSE,FALSE
3158148,"gate_40",100,TRUE,TRUE
3158174,"gate_30",388,TRUE,TRUE
3158289,"gate_30",3,FALSE,FALSE
3158553,"gate_30",98,TRUE,FALSE
3158572,"gate_40",2,FALSE,FALSE
3158648,"gate_40",2,FALSE,FALSE
3158807,"gate_30",62,FALSE,TRUE
3159025,"gate_40",62,TRUE,FALSE
3159196,"gate_40",13,FALSE,FALSE
3159392,"gate_40",7,FALSE,FALSE
3159506,"gate_40",3,FALSE,FALSE
3159509,"gate_40",186,FALSE,TRUE
3159512,"gate_40",9,FALSE,FALSE
3159521,"gate_40",10,FALSE,FALSE
3159646,"gate_40",15,TRUE,FALSE
3159828,"gate_40",8,TRUE,FALSE
3160024,"gate_30",9,FALSE,FALSE
3160063,"gate_40",23,TRUE,FALSE
3160180,"gate_30",50,FALSE,FALSE
3160427,"gate_40",0,FALSE,FALSE
3160507,"gate_30",11,TRUE,FALSE
3160676,"gate_30",384,TRUE,TRUE
3160804,"gate_30",3,FALSE,FALSE
3160929,"gate_40",15,TRUE,FALSE
3160939,"gate_30",2,FALSE,FALSE
3161001,"gate_40",30,TRUE,FALSE
3161235,"gate_40",100,TRUE,TRUE
3161261,"gate_30",21,TRUE,FALSE
3161338,"gate_40",4,FALSE,FALSE
3161434,"gate_40",11,FALSE,FALSE
3161464,"gate_30",27,FALSE,FALSE
3161485,"gate_40",359,TRUE,FALSE
3161510,"gate_40",2,FALSE,FALSE
3161566,"gate_40",24,TRUE,FALSE
3161749,"gate_40",2,FALSE,FALSE
3161755,"gate_30",51,FALSE,FALSE
3162029,"gate_40",17,TRUE,FALSE
3162124,"gate_40",32,TRUE,FALSE
3162166,"gate_30",11,TRUE,FALSE
3162214,"gate_40",15,FALSE,FALSE
3162238,"gate_30",62,TRUE,FALSE
3162331,"gate_40",1,FALSE,FALSE
3162375,"gate_40",6,FALSE,FALSE
3162635,"gate_40",40,TRUE,FALSE
3162722,"gate_40",393,TRUE,FALSE
3162724,"gate_30",237,TRUE,TRUE
3162770,"gate_30",5,FALSE,FALSE
3162828,"gate_40",140,TRUE,TRUE
3163068,"gate_30",5,FALSE,FALSE
3163156,"gate_40",5,FALSE,FALSE
3163258,"gate_40",105,TRUE,FALSE
3163285,"gate_30",35,TRUE,FALSE
3163305,"gate_40",9,FALSE,FALSE
3163418,"gate_40",3,FALSE,FALSE
3163490,"gate_40",0,FALSE,FALSE
3163617,"gate_40",723,TRUE,TRUE
3163767,"gate_40",84,TRUE,TRUE
3163794,"gate_30",7,FALSE,FALSE
3163954,"gate_40",65,TRUE,TRUE
3164019,"gate_40",53,TRUE,TRUE
3164046,"gate_40",30,TRUE,FALSE
3164222,"gate_40",5,FALSE,FALSE
3164386,"gate_30",1,FALSE,FALSE
3164467,"gate_30",50,FALSE,TRUE
3164701,"gate_30",293,TRUE,TRUE
3165062,"gate_40",119,TRUE,TRUE
3165177,"gate_30",114,TRUE,FALSE
3165260,"gate_40",11,FALSE,FALSE
3165512,"gate_30",39,TRUE,TRUE
3165521,"gate_40",8,FALSE,FALSE
3165611,"gate_40",4,FALSE,FALSE
3165715,"gate_30",56,TRUE,FALSE
3165740,"gate_40",0,FALSE,FALSE
3165911,"gate_30",1,FALSE,FALSE
3166112,"gate_30",35,TRUE,FALSE
3166212,"gate_40",273,TRUE,TRUE
3166427,"gate_30",1,FALSE,FALSE
3166487,"gate_30",25,FALSE,FALSE
3166517,"gate_30",43,TRUE,FALSE
3166674,"gate_30",102,TRUE,TRUE
3166762,"gate_40",21,FALSE,FALSE
3166904,"gate_40",3,FALSE,FALSE
3166945,"gate_40",18,FALSE,FALSE
3166975,"gate_30",19,TRUE,FALSE
3167035,"gate_40",5,FALSE,FALSE
3167057,"gate_40",27,FALSE,FALSE
3167451,"gate_30",27,FALSE,FALSE
3167462,"gate_40",63,TRUE,FALSE
3167540,"gate_40",188,TRUE,TRUE
3167788,"gate_40",5,FALSE,FALSE
3168042,"gate_30",43,TRUE,FALSE
3168166,"gate_30",0,FALSE,FALSE
3168243,"gate_40",19,TRUE,FALSE
3168438,"gate_40",10,FALSE,FALSE
3168462,"gate_30",10,FALSE,FALSE
3168579,"gate_30",0,FALSE,FALSE
3168603,"gate_30",70,TRUE,FALSE
3168714,"gate_40",13,FALSE,FALSE
3168752,"gate_30",1,FALSE,FALSE
3168866,"gate_30",11,FALSE,FALSE
3169215,"gate_30",28,TRUE,FALSE
3169241,"gate_30",63,TRUE,FALSE
3169290,"gate_30",1,FALSE,FALSE
3169333,"gate_40",5,FALSE,FALSE
3169757,"gate_40",17,TRUE,FALSE
3169781,"gate_40",26,TRUE,FALSE
3169818,"gate_40",39,FALSE,FALSE
3169879,"gate_30",7,FALSE,FALSE
3169987,"gate_40",19,TRUE,FALSE
3170051,"gate_40",186,TRUE,TRUE
3170441,"gate_30",65,FALSE,FALSE
3170478,"gate_40",3,FALSE,FALSE
3170743,"gate_30",17,TRUE,FALSE
3170776,"gate_40",5,TRUE,FALSE
3170886,"gate_30",4,FALSE,TRUE
3170978,"gate_40",4,TRUE,FALSE
3170997,"gate_40",6,FALSE,FALSE
3171042,"gate_30",56,TRUE,TRUE
3171045,"gate_30",9,FALSE,FALSE
3171091,"gate_30",22,FALSE,FALSE
3171477,"gate_40",41,TRUE,FALSE
3171545,"gate_30",193,TRUE,TRUE
3171630,"gate_40",1,FALSE,FALSE
3171714,"gate_30",80,TRUE,FALSE
3171767,"gate_30",22,TRUE,TRUE
3171938,"gate_40",100,FALSE,FALSE
3172070,"gate_40",1,FALSE,FALSE
3172156,"gate_40",23,TRUE,FALSE
3172191,"gate_40",38,TRUE,FALSE
3172259,"gate_40",17,TRUE,FALSE
3172604,"gate_30",4,FALSE,FALSE
3172971,"gate_40",18,TRUE,FALSE
3172973,"gate_40",133,TRUE,TRUE
3173024,"gate_40",111,TRUE,TRUE
3173031,"gate_40",3,FALSE,FALSE
3173098,"gate_30",320,TRUE,TRUE
3173200,"gate_30",47,TRUE,TRUE
3173357,"gate_30",99,TRUE,TRUE
3173726,"gate_30",11,TRUE,FALSE
3173731,"gate_40",51,TRUE,TRUE
3173737,"gate_30",23,TRUE,FALSE
3173827,"gate_30",27,TRUE,FALSE
3173869,"gate_30",65,TRUE,FALSE
3173917,"gate_40",1,FALSE,FALSE
3173927,"gate_30",50,TRUE,FALSE
3174125,"gate_40",91,FALSE,FALSE
3174238,"gate_30",116,TRUE,TRUE
3174598,"gate_30",184,TRUE,TRUE
3174742,"gate_30",114,TRUE,FALSE
3174812,"gate_30",15,TRUE,FALSE
3174831,"gate_40",22,TRUE,FALSE
3174947,"gate_40",6,FALSE,FALSE
3174989,"gate_30",0,FALSE,FALSE
3175024,"gate_40",1,FALSE,FALSE
3175058,"gate_30",2,FALSE,FALSE
3175082,"gate_40",71,TRUE,FALSE
3175086,"gate_30",28,TRUE,FALSE
3175089,"gate_30",55,TRUE,TRUE
3175107,"gate_30",67,TRUE,TRUE
3175245,"gate_40",6,FALSE,FALSE
3175285,"gate_40",4,TRUE,FALSE
3175344,"gate_40",21,FALSE,FALSE
3175426,"gate_40",1,TRUE,FALSE
3175440,"gate_40",77,TRUE,FALSE
3175454,"gate_40",787,TRUE,TRUE
3175505,"gate_30",66,TRUE,FALSE
3175529,"gate_30",35,TRUE,FALSE
3175651,"gate_30",3,TRUE,FALSE
3175926,"gate_30",9,FALSE,FALSE
3175943,"gate_30",11,FALSE,FALSE
3176120,"gate_40",17,TRUE,FALSE
3176359,"gate_40",11,FALSE,FALSE
3176530,"gate_40",13,FALSE,FALSE
3176641,"gate_40",53,TRUE,TRUE
3176702,"gate_40",2,FALSE,FALSE
3176708,"gate_40",1,FALSE,FALSE
3176726,"gate_40",4,FALSE,FALSE
3177016,"gate_40",7,FALSE,FALSE
3177058,"gate_40",1,FALSE,FALSE
3177072,"gate_30",5,FALSE,FALSE
3177171,"gate_30",12,FALSE,FALSE
3177289,"gate_30",171,TRUE,FALSE
3177366,"gate_30",6,FALSE,FALSE
3177668,"gate_30",14,TRUE,FALSE
3177793,"gate_30",52,TRUE,FALSE
3177804,"gate_40",26,FALSE,FALSE
3177839,"gate_30",41,TRUE,FALSE
3177884,"gate_30",6,FALSE,FALSE
3178214,"gate_40",25,FALSE,FALSE
3178500,"gate_30",147,FALSE,TRUE
3178772,"gate_40",13,FALSE,FALSE
3178884,"gate_40",62,TRUE,FALSE
3178907,"gate_30",8,FALSE,FALSE
3178941,"gate_30",379,TRUE,TRUE
3178999,"gate_40",230,TRUE,TRUE
3179058,"gate_30",13,TRUE,FALSE
3179147,"gate_30",8,FALSE,FALSE
3179343,"gate_30",5,FALSE,FALSE
3179439,"gate_30",23,TRUE,FALSE
3179467,"gate_30",10,FALSE,FALSE
3179506,"gate_40",18,FALSE,FALSE
3179522,"gate_40",28,TRUE,FALSE
3179639,"gate_40",41,TRUE,FALSE
3179704,"gate_30",8,FALSE,FALSE
3179731,"gate_30",143,TRUE,TRUE
3179919,"gate_30",1,FALSE,FALSE
3179954,"gate_30",3,FALSE,TRUE
3179984,"gate_30",100,TRUE,TRUE
3179986,"gate_40",8,TRUE,FALSE
3180067,"gate_30",33,TRUE,FALSE
3180075,"gate_40",19,FALSE,FALSE
3180159,"gate_30",21,FALSE,FALSE
3180164,"gate_30",144,TRUE,FALSE
3180195,"gate_40",13,TRUE,FALSE
3180397,"gate_30",10,FALSE,FALSE
3180608,"gate_40",39,TRUE,FALSE
3180624,"gate_40",20,FALSE,FALSE
3180986,"gate_40",46,FALSE,FALSE
3181137,"gate_30",8,FALSE,FALSE
3181275,"gate_30",40,FALSE,FALSE
3181361,"gate_30",14,FALSE,FALSE
3181540,"gate_30",19,TRUE,TRUE
3181789,"gate_30",6,FALSE,FALSE
3181866,"gate_30",79,TRUE,FALSE
3181920,"gate_40",37,TRUE,FALSE
3181966,"gate_40",6,FALSE,FALSE
3182042,"gate_30",12,FALSE,FALSE
3182065,"gate_30",45,TRUE,FALSE
3182119,"gate_30",23,TRUE,FALSE
3182124,"gate_30",1,FALSE,FALSE
3182145,"gate_40",141,TRUE,TRUE
3182256,"gate_30",13,FALSE,FALSE
3182613,"gate_30",20,FALSE,FALSE
3182894,"gate_40",24,FALSE,FALSE
3183071,"gate_30",15,FALSE,FALSE
3183073,"gate_30",766,TRUE,TRUE
3183094,"gate_40",488,TRUE,TRUE
3183151,"gate_40",18,TRUE,FALSE
3183185,"gate_30",5,FALSE,FALSE
3183188,"gate_30",8,TRUE,FALSE
3183247,"gate_40",135,TRUE,FALSE
3183278,"gate_30",6,FALSE,FALSE
3183426,"gate_30",35,FALSE,FALSE
3183430,"gate_30",3,FALSE,FALSE
3183460,"gate_30",267,TRUE,TRUE
3183480,"gate_30",43,TRUE,TRUE
3183534,"gate_40",151,FALSE,FALSE
3184093,"gate_30",0,TRUE,FALSE
3184140,"gate_30",94,TRUE,TRUE
3184181,"gate_40",156,TRUE,TRUE
3184244,"gate_40",12,FALSE,FALSE
3184266,"gate_30",38,TRUE,FALSE
3184268,"gate_40",30,FALSE,FALSE
3184278,"gate_40",2,FALSE,FALSE
3184400,"gate_40",37,TRUE,FALSE
3184937,"gate_40",17,FALSE,FALSE
3185181,"gate_30",6,FALSE,FALSE
3185211,"gate_40",33,TRUE,FALSE
3185224,"gate_40",69,TRUE,FALSE
3185282,"gate_30",51,TRUE,FALSE
3185480,"gate_30",7,FALSE,FALSE
3185577,"gate_40",7,FALSE,FALSE
3185587,"gate_40",214,TRUE,FALSE
3185613,"gate_30",1,FALSE,FALSE
3185742,"gate_40",13,FALSE,FALSE
3185779,"gate_40",39,FALSE,FALSE
3186082,"gate_40",52,TRUE,FALSE
3186167,"gate_30",71,TRUE,FALSE
3186179,"gate_40",45,TRUE,FALSE
3186201,"gate_30",10,FALSE,FALSE
3186216,"gate_40",7,FALSE,FALSE
3186234,"gate_30",50,TRUE,FALSE
3186337,"gate_30",13,TRUE,TRUE
3186381,"gate_40",18,FALSE,TRUE
3186630,"gate_30",34,TRUE,FALSE
3186770,"gate_40",4,FALSE,FALSE
3186866,"gate_30",2,FALSE,TRUE
3186914,"gate_30",27,TRUE,FALSE
3186961,"gate_40",19,TRUE,FALSE
3187255,"gate_30",3,FALSE,FALSE
3187716,"gate_30",7,TRUE,FALSE
3187799,"gate_40",2,FALSE,FALSE
3187823,"gate_30",13,FALSE,FALSE
3188032,"gate_40",30,TRUE,FALSE
3188089,"gate_40",9,FALSE,FALSE
3188174,"gate_30",2,FALSE,FALSE
3188184,"gate_40",0,FALSE,FALSE
3188191,"gate_40",158,TRUE,TRUE
3188254,"gate_30",155,TRUE,TRUE
3188313,"gate_40",11,TRUE,FALSE
3188314,"gate_30",230,TRUE,TRUE
3188382,"gate_40",38,TRUE,FALSE
3188747,"gate_40",17,FALSE,FALSE
3188918,"gate_30",4,TRUE,FALSE
3188940,"gate_40",5,FALSE,FALSE
3188946,"gate_30",36,TRUE,FALSE
3188971,"gate_40",1,FALSE,FALSE
3188980,"gate_40",6,FALSE,FALSE
3189044,"gate_40",8,FALSE,FALSE
3189155,"gate_40",50,TRUE,FALSE
3189162,"gate_30",8,FALSE,FALSE
3189277,"gate_40",12,FALSE,FALSE
3189288,"gate_30",39,TRUE,FALSE
3189346,"gate_30",8,TRUE,FALSE
3189420,"gate_30",1,FALSE,FALSE
3189673,"gate_40",2,FALSE,FALSE
3189744,"gate_40",4,FALSE,FALSE
3189767,"gate_40",22,TRUE,FALSE
3189832,"gate_40",55,TRUE,FALSE
3189848,"gate_30",1,FALSE,FALSE
3190007,"gate_30",7,FALSE,FALSE
3190032,"gate_40",19,TRUE,FALSE
3190039,"gate_30",33,TRUE,FALSE
3190192,"gate_30",39,TRUE,FALSE
3190271,"gate_30",2,FALSE,FALSE
3190396,"gate_30",33,FALSE,FALSE
3190482,"gate_40",89,TRUE,FALSE
3190491,"gate_30",191,TRUE,FALSE
3190604,"gate_40",9,TRUE,FALSE
3190679,"gate_30",1,FALSE,FALSE
3190687,"gate_30",8,FALSE,FALSE
3190784,"gate_40",6,FALSE,FALSE
3191106,"gate_40",5,FALSE,FALSE
3191268,"gate_40",8,FALSE,FALSE
3191411,"gate_30",1,FALSE,FALSE
3191442,"gate_40",14,FALSE,FALSE
3191590,"gate_30",58,TRUE,FALSE
3191620,"gate_30",17,FALSE,FALSE
3191687,"gate_40",126,TRUE,FALSE
3191723,"gate_30",169,TRUE,TRUE
3191939,"gate_30",26,FALSE,FALSE
3192024,"gate_40",423,TRUE,TRUE
3192054,"gate_40",197,TRUE,TRUE
3192291,"gate_40",3,FALSE,FALSE
3192339,"gate_40",3,FALSE,FALSE
3192344,"gate_30",75,FALSE,TRUE
3192472,"gate_30",20,TRUE,TRUE
3192489,"gate_30",270,TRUE,TRUE
3192530,"gate_30",9,FALSE,FALSE
3192580,"gate_30",12,FALSE,FALSE
3192673,"gate_40",59,TRUE,FALSE
3192734,"gate_30",1,TRUE,FALSE
3192755,"gate_30",7,TRUE,FALSE
3192773,"gate_30",34,FALSE,FALSE
3193255,"gate_40",0,FALSE,FALSE
3193371,"gate_40",8,FALSE,FALSE
3193415,"gate_40",4,TRUE,FALSE
3193447,"gate_40",6,FALSE,FALSE
3193555,"gate_30",25,FALSE,TRUE
3193656,"gate_40",6,FALSE,FALSE
3193777,"gate_40",3,FALSE,FALSE
3194030,"gate_30",75,TRUE,TRUE
3194084,"gate_30",33,TRUE,FALSE
3194212,"gate_40",17,FALSE,FALSE
3194237,"gate_40",16,FALSE,FALSE
3194440,"gate_40",62,TRUE,FALSE
3194459,"gate_40",8,FALSE,FALSE
3194479,"gate_40",142,TRUE,FALSE
3194513,"gate_40",332,TRUE,TRUE
3194843,"gate_40",13,TRUE,FALSE
3194963,"gate_40",16,FALSE,FALSE
3195002,"gate_30",18,FALSE,FALSE
3195119,"gate_30",5,FALSE,FALSE
3195134,"gate_40",1,FALSE,FALSE
3195151,"gate_40",410,TRUE,TRUE
3195245,"gate_30",7,FALSE,FALSE
3195878,"gate_40",18,FALSE,FALSE
3196096,"gate_30",8,FALSE,FALSE
3196320,"gate_40",46,TRUE,FALSE
3196386,"gate_40",3,FALSE,FALSE
3197030,"gate_30",17,TRUE,FALSE
3197140,"gate_40",3,FALSE,FALSE
3197184,"gate_40",2,FALSE,FALSE
3197185,"gate_40",192,TRUE,TRUE
3197268,"gate_30",5,FALSE,FALSE
3197456,"gate_40",89,TRUE,TRUE
3197517,"gate_30",6,FALSE,FALSE
3197684,"gate_40",3,FALSE,FALSE
3197800,"gate_40",31,TRUE,FALSE
3197866,"gate_30",15,FALSE,FALSE
3198212,"gate_30",288,TRUE,TRUE
3198447,"gate_40",5,FALSE,FALSE
3198518,"gate_40",2,FALSE,FALSE
3198579,"gate_30",83,TRUE,TRUE
3198631,"gate_30",253,TRUE,TRUE
3198632,"gate_40",58,TRUE,TRUE
3198726,"gate_30",106,FALSE,FALSE
3198794,"gate_40",10,FALSE,FALSE
3198883,"gate_30",12,FALSE,FALSE
3199224,"gate_40",161,TRUE,FALSE
3199371,"gate_40",8,FALSE,FALSE
3199391,"gate_30",8,FALSE,FALSE
3199632,"gate_40",23,TRUE,FALSE
3199819,"gate_30",1,FALSE,FALSE
3199997,"gate_30",23,FALSE,FALSE
3200102,"gate_30",15,TRUE,FALSE
3200604,"gate_40",147,TRUE,FALSE
3200672,"gate_30",110,TRUE,TRUE
3200764,"gate_40",2,TRUE,FALSE
3200866,"gate_40",5,TRUE,FALSE
3201087,"gate_40",9,FALSE,FALSE
3201158,"gate_40",44,FALSE,FALSE
3201381,"gate_30",211,TRUE,TRUE
3201417,"gate_30",6,FALSE,FALSE
3201568,"gate_30",4,FALSE,FALSE
3201621,"gate_40",22,TRUE,FALSE
3201845,"gate_30",16,FALSE,FALSE
3201989,"gate_40",97,TRUE,TRUE
3202011,"gate_30",102,TRUE,FALSE
3202025,"gate_40",21,TRUE,FALSE
3202064,"gate_30",691,TRUE,TRUE
3202087,"gate_40",6,FALSE,FALSE
3202197,"gate_30",6,FALSE,FALSE
3202507,"gate_30",5,FALSE,FALSE
3202755,"gate_40",118,TRUE,FALSE
3202783,"gate_40",22,TRUE,FALSE
3203164,"gate_40",564,TRUE,TRUE
3203205,"gate_30",161,TRUE,TRUE
3203297,"gate_40",13,FALSE,FALSE
3203478,"gate_30",6,TRUE,FALSE
3203489,"gate_30",10,FALSE,FALSE
3203524,"gate_30",8,FALSE,FALSE
3203618,"gate_30",27,FALSE,FALSE
3203694,"gate_40",1,FALSE,FALSE
3203722,"gate_40",15,FALSE,FALSE
3203799,"gate_40",131,TRUE,FALSE
3203835,"gate_40",199,TRUE,TRUE
3203869,"gate_40",113,TRUE,TRUE
3203974,"gate_30",10,TRUE,FALSE
3204115,"gate_30",100,TRUE,FALSE
3204123,"gate_40",466,TRUE,FALSE
3204184,"gate_30",9,FALSE,FALSE
3204276,"gate_30",0,FALSE,FALSE
3204323,"gate_40",3,FALSE,FALSE
3204365,"gate_40",48,TRUE,FALSE
3204397,"gate_40",44,TRUE,FALSE
3204598,"gate_30",8,TRUE,FALSE
3204797,"gate_30",19,FALSE,TRUE
3204898,"gate_30",12,TRUE,FALSE
3205078,"gate_30",1,FALSE,FALSE
3205143,"gate_30",4,FALSE,FALSE
3205249,"gate_30",315,TRUE,TRUE
3205281,"gate_30",4,FALSE,FALSE
3205335,"gate_30",17,TRUE,FALSE
3205488,"gate_30",48,TRUE,FALSE
3205694,"gate_30",9,FALSE,FALSE
3205782,"gate_40",53,TRUE,FALSE
3205799,"gate_40",47,TRUE,FALSE
3206013,"gate_40",4,FALSE,FALSE
3206205,"gate_30",51,TRUE,TRUE
3206340,"gate_40",35,FALSE,FALSE
3206438,"gate_40",0,FALSE,FALSE
3206501,"gate_40",148,TRUE,TRUE
3206618,"gate_30",1,FALSE,FALSE
3206666,"gate_30",6,FALSE,FALSE
3206685,"gate_40",74,TRUE,FALSE
3206719,"gate_30",15,TRUE,FALSE
3206784,"gate_40",32,TRUE,FALSE
3206809,"gate_30",11,FALSE,FALSE
3206968,"gate_40",6,FALSE,FALSE
3207031,"gate_40",112,TRUE,TRUE
3207201,"gate_30",28,TRUE,TRUE
3207218,"gate_30",164,FALSE,TRUE
3207284,"gate_30",2,FALSE,FALSE
3207591,"gate_30",33,TRUE,TRUE
3207949,"gate_30",15,TRUE,FALSE
3208009,"gate_40",124,TRUE,TRUE
3208470,"gate_40",83,TRUE,TRUE
3208731,"gate_30",39,TRUE,TRUE
3208766,"gate_40",0,FALSE,FALSE
3208847,"gate_30",160,TRUE,FALSE
3208993,"gate_30",7,TRUE,FALSE
3209034,"gate_30",26,TRUE,FALSE
3209039,"gate_30",40,TRUE,FALSE
3209078,"gate_40",8,FALSE,FALSE
3209082,"gate_40",3,FALSE,FALSE
3209340,"gate_40",5,FALSE,FALSE
3209397,"gate_30",38,TRUE,FALSE
3209592,"gate_40",3,FALSE,FALSE
3209598,"gate_30",19,FALSE,FALSE
3209714,"gate_40",16,TRUE,FALSE
3209958,"gate_30",9,FALSE,FALSE
3209989,"gate_40",0,TRUE,FALSE
3210584,"gate_40",2,FALSE,FALSE
3210702,"gate_40",0,FALSE,FALSE
3210797,"gate_30",10,FALSE,FALSE
3210990,"gate_40",2,FALSE,FALSE
3211032,"gate_40",8,TRUE,FALSE
3211071,"gate_40",9,TRUE,FALSE
3211262,"gate_40",2,FALSE,FALSE
3211288,"gate_30",14,TRUE,FALSE
3211323,"gate_30",72,TRUE,FALSE
3211392,"gate_40",178,FALSE,FALSE
3211469,"gate_40",4,FALSE,FALSE
3211503,"gate_30",33,TRUE,FALSE
3211539,"gate_30",1,FALSE,FALSE
3211813,"gate_40",40,FALSE,FALSE
3211824,"gate_40",4,FALSE,FALSE
3211866,"gate_30",20,FALSE,FALSE
3211868,"gate_40",103,TRUE,TRUE
3211952,"gate_30",44,TRUE,FALSE
3212186,"gate_30",34,TRUE,FALSE
3212207,"gate_30",32,TRUE,TRUE
3212386,"gate_30",4,FALSE,FALSE
3212401,"gate_40",59,TRUE,FALSE
3212473,"gate_30",69,TRUE,TRUE
3212800,"gate_40",2,FALSE,FALSE
3212897,"gate_40",23,TRUE,FALSE
3213291,"gate_30",16,FALSE,TRUE
3213358,"gate_40",7,FALSE,FALSE
3213428,"gate_40",6,FALSE,FALSE
3213475,"gate_40",3,FALSE,FALSE
3213486,"gate_30",16,FALSE,FALSE
3213495,"gate_40",161,TRUE,TRUE
3213802,"gate_30",63,FALSE,FALSE
3213851,"gate_40",28,FALSE,TRUE
3213881,"gate_40",72,FALSE,FALSE
3213976,"gate_40",7,FALSE,FALSE
3214147,"gate_40",1,FALSE,FALSE
3214216,"gate_40",3,TRUE,FALSE
3214246,"gate_30",38,TRUE,FALSE
3214391,"gate_30",49,FALSE,FALSE
3215210,"gate_30",6,FALSE,FALSE
3215242,"gate_30",3,FALSE,FALSE
3215296,"gate_40",9,FALSE,FALSE
3215314,"gate_30",1,FALSE,FALSE
3215324,"gate_40",20,FALSE,FALSE
3215330,"gate_30",55,TRUE,FALSE
3215356,"gate_40",7,TRUE,FALSE
3215502,"gate_40",5,FALSE,FALSE
3215685,"gate_30",55,FALSE,FALSE
3215862,"gate_30",15,FALSE,FALSE
3216027,"gate_40",39,TRUE,FALSE
3216232,"gate_30",36,TRUE,TRUE
3216448,"gate_30",1,FALSE,FALSE
3216469,"gate_30",34,FALSE,FALSE
3216527,"gate_30",60,TRUE,TRUE
3216587,"gate_30",8,FALSE,FALSE
3216658,"gate_40",28,FALSE,FALSE
3216795,"gate_30",5,FALSE,FALSE
3216806,"gate_30",99,TRUE,TRUE
3217074,"gate_40",27,FALSE,TRUE
3217281,"gate_40",12,FALSE,FALSE
3217372,"gate_30",122,TRUE,TRUE
3217551,"gate_30",1,FALSE,FALSE
3217659,"gate_40",17,FALSE,FALSE
3217802,"gate_40",26,TRUE,FALSE
3218046,"gate_40",276,TRUE,TRUE
3218097,"gate_40",23,FALSE,FALSE
3218221,"gate_30",105,FALSE,TRUE
3218328,"gate_30",73,TRUE,TRUE
3218487,"gate_30",156,TRUE,FALSE
3218502,"gate_30",12,TRUE,FALSE
3218728,"gate_40",418,TRUE,TRUE
3218978,"gate_40",98,TRUE,TRUE
3219079,"gate_40",4,FALSE,FALSE
3219194,"gate_30",89,TRUE,FALSE
3219278,"gate_30",47,FALSE,TRUE
3219473,"gate_40",6,FALSE,FALSE
3219664,"gate_40",13,FALSE,FALSE
3219775,"gate_30",56,TRUE,FALSE
3220070,"gate_40",99,TRUE,FALSE
3220084,"gate_40",14,FALSE,FALSE
3220287,"gate_30",38,TRUE,FALSE
3220481,"gate_40",152,TRUE,TRUE
3220645,"gate_40",11,TRUE,FALSE
3220704,"gate_30",25,FALSE,FALSE
3221186,"gate_40",57,TRUE,FALSE
3221274,"gate_30",34,TRUE,TRUE
3221306,"gate_30",0,FALSE,FALSE
3221651,"gate_30",6,TRUE,FALSE
3221767,"gate_40",3,FALSE,FALSE
3221797,"gate_40",17,FALSE,FALSE
3221854,"gate_40",9,FALSE,FALSE
3221874,"gate_40",6,FALSE,FALSE
3222011,"gate_30",2,FALSE,FALSE
3222216,"gate_30",13,FALSE,FALSE
3222280,"gate_30",92,FALSE,TRUE
3222334,"gate_30",28,FALSE,FALSE
3222362,"gate_40",17,TRUE,FALSE
3222405,"gate_30",24,TRUE,FALSE
3222444,"gate_30",23,TRUE,FALSE
3222772,"gate_40",25,FALSE,FALSE
3222973,"gate_30",48,TRUE,FALSE
3222985,"gate_40",27,TRUE,FALSE
3223113,"gate_30",70,TRUE,TRUE
3223217,"gate_30",5,FALSE,FALSE
3223266,"gate_30",0,FALSE,FALSE
3223285,"gate_40",28,TRUE,FALSE
3223443,"gate_40",0,FALSE,FALSE
3223529,"gate_40",1,FALSE,FALSE
3223683,"gate_40",47,TRUE,FALSE
3223725,"gate_40",23,FALSE,FALSE
3223895,"gate_40",1,FALSE,FALSE
3224009,"gate_40",2,FALSE,FALSE
3224046,"gate_30",111,TRUE,FALSE
3224083,"gate_30",5,FALSE,FALSE
3224193,"gate_40",48,TRUE,FALSE
3224196,"gate_30",14,TRUE,FALSE
3224210,"gate_40",9,TRUE,FALSE
3224298,"gate_30",346,TRUE,FALSE
3224465,"gate_40",5,TRUE,FALSE
3224595,"gate_40",39,TRUE,FALSE
3224660,"gate_40",172,TRUE,TRUE
3224703,"gate_40",67,TRUE,TRUE
3224896,"gate_30",1,FALSE,FALSE
3224991,"gate_40",15,FALSE,FALSE
3225043,"gate_30",45,TRUE,FALSE
3225050,"gate_40",90,TRUE,TRUE
3225103,"gate_30",38,FALSE,FALSE
3225147,"gate_30",2,FALSE,FALSE
3225323,"gate_30",8,TRUE,FALSE
3225395,"gate_30",101,TRUE,FALSE
3225434,"gate_40",37,TRUE,FALSE
3225489,"gate_40",51,FALSE,TRUE
3225561,"gate_40",19,FALSE,FALSE
3225609,"gate_40",162,TRUE,FALSE
3225840,"gate_30",38,FALSE,FALSE
3225912,"gate_30",21,TRUE,TRUE
3225999,"gate_30",10,FALSE,FALSE
3226028,"gate_30",3,FALSE,FALSE
3226117,"gate_40",68,TRUE,FALSE
3226189,"gate_30",1,FALSE,FALSE
3226235,"gate_40",4,FALSE,FALSE
3226330,"gate_30",17,TRUE,FALSE
3227054,"gate_40",61,TRUE,FALSE
3227111,"gate_40",17,TRUE,FALSE
3227112,"gate_40",12,TRUE,FALSE
3227150,"gate_30",14,TRUE,FALSE
3227485,"gate_40",400,TRUE,TRUE
3227524,"gate_40",15,FALSE,FALSE
3227707,"gate_30",16,FALSE,FALSE
3227750,"gate_30",157,TRUE,TRUE
3227905,"gate_40",20,FALSE,FALSE
3228004,"gate_40",16,TRUE,FALSE
3228008,"gate_40",1,FALSE,FALSE
3228552,"gate_30",2,FALSE,FALSE
3228588,"gate_30",167,TRUE,TRUE
3228773,"gate_40",20,FALSE,FALSE
3228783,"gate_40",27,FALSE,FALSE
3229258,"gate_30",4,FALSE,FALSE
3229271,"gate_30",15,FALSE,FALSE
3229296,"gate_30",68,TRUE,TRUE
3229417,"gate_30",108,TRUE,TRUE
3229452,"gate_30",67,TRUE,FALSE
3229525,"gate_40",788,TRUE,TRUE
3229702,"gate_40",135,TRUE,TRUE
3229818,"gate_40",22,TRUE,FALSE
3229826,"gate_30",23,FALSE,FALSE
3230045,"gate_30",30,FALSE,FALSE
3230234,"gate_30",55,TRUE,FALSE
3230250,"gate_40",9,FALSE,FALSE
3230297,"gate_40",125,FALSE,TRUE
3230592,"gate_30",36,TRUE,FALSE
3230706,"gate_40",9,FALSE,FALSE
3230826,"gate_30",1,FALSE,FALSE
3231106,"gate_40",122,TRUE,FALSE
3231179,"gate_30",36,TRUE,TRUE
3231281,"gate_30",44,FALSE,FALSE
3231371,"gate_40",5,FALSE,FALSE
3231401,"gate_40",17,TRUE,FALSE
3231423,"gate_40",0,FALSE,FALSE
3231462,"gate_30",29,TRUE,FALSE
3231925,"gate_30",42,TRUE,FALSE
3231947,"gate_40",243,TRUE,TRUE
3231961,"gate_30",203,TRUE,TRUE
3231963,"gate_40",1,FALSE,FALSE
3232162,"gate_40",46,TRUE,TRUE
3232186,"gate_30",3,FALSE,FALSE
3232344,"gate_40",407,TRUE,TRUE
3232375,"gate_30",38,TRUE,FALSE
3232380,"gate_30",36,FALSE,FALSE
3232477,"gate_40",1,FALSE,FALSE
3232596,"gate_40",2,TRUE,FALSE
3232600,"gate_30",20,TRUE,TRUE
3233521,"gate_40",76,TRUE,FALSE
3233606,"gate_40",23,FALSE,FALSE
3233614,"gate_40",1,FALSE,FALSE
3233689,"gate_30",5,TRUE,FALSE
3233722,"gate_30",383,TRUE,TRUE
3233794,"gate_30",0,FALSE,FALSE
3233827,"gate_40",9,FALSE,FALSE
3234008,"gate_40",34,TRUE,FALSE
3234088,"gate_30",1,FALSE,FALSE
3234115,"gate_40",6,FALSE,FALSE
3234116,"gate_30",201,TRUE,TRUE
3234274,"gate_30",1,FALSE,FALSE
3234425,"gate_40",66,TRUE,FALSE
3234482,"gate_40",0,FALSE,FALSE
3234512,"gate_30",35,TRUE,TRUE
3234517,"gate_40",7,TRUE,FALSE
3234698,"gate_40",1,FALSE,FALSE
3234806,"gate_30",10,FALSE,FALSE
3234852,"gate_30",2,FALSE,FALSE
3235045,"gate_40",4,FALSE,FALSE
3235196,"gate_30",10,FALSE,FALSE
3235355,"gate_40",17,FALSE,FALSE
3235618,"gate_40",18,TRUE,FALSE
3235628,"gate_40",240,TRUE,TRUE
3235638,"gate_30",114,TRUE,TRUE
3235704,"gate_40",23,FALSE,FALSE
3235716,"gate_40",0,FALSE,FALSE
3235852,"gate_40",50,TRUE,FALSE
3236176,"gate_30",101,TRUE,FALSE
3236349,"gate_30",317,TRUE,TRUE
3236515,"gate_40",178,TRUE,TRUE
3236568,"gate_30",8,TRUE,FALSE
3236609,"gate_40",393,TRUE,TRUE
3236611,"gate_30",16,FALSE,FALSE
3236700,"gate_40",108,FALSE,FALSE
3236706,"gate_40",2,FALSE,FALSE
3236779,"gate_30",8,FALSE,FALSE
3236866,"gate_30",18,TRUE,FALSE
3236934,"gate_30",127,FALSE,FALSE
3236980,"gate_40",51,TRUE,FALSE
3236989,"gate_40",58,TRUE,FALSE
3237166,"gate_40",142,TRUE,TRUE
3237174,"gate_40",463,TRUE,TRUE
3237346,"gate_30",27,TRUE,FALSE
3237637,"gate_40",31,TRUE,FALSE
3237694,"gate_30",21,FALSE,FALSE
3237855,"gate_30",41,TRUE,FALSE
3237877,"gate_40",11,FALSE,FALSE
3237903,"gate_40",3,FALSE,FALSE
3237932,"gate_40",7,FALSE,FALSE
3237934,"gate_30",47,FALSE,FALSE
3238097,"gate_30",88,TRUE,TRUE
3238173,"gate_40",30,TRUE,TRUE
3238228,"gate_40",5,FALSE,FALSE
3238295,"gate_30",39,TRUE,TRUE
3238307,"gate_40",2,FALSE,FALSE
3238330,"gate_30",17,FALSE,FALSE
3238372,"gate_40",30,TRUE,FALSE
3238391,"gate_40",6,TRUE,FALSE
3238436,"gate_40",220,TRUE,TRUE
3238451,"gate_30",68,TRUE,FALSE
3238495,"gate_40",3,FALSE,FALSE
3238508,"gate_40",19,FALSE,FALSE
3238581,"gate_40",50,TRUE,TRUE
3238637,"gate_30",83,TRUE,FALSE
3238766,"gate_40",53,TRUE,FALSE
3238767,"gate_30",13,TRUE,FALSE
3238807,"gate_40",168,FALSE,TRUE
3238901,"gate_30",14,FALSE,FALSE
3238989,"gate_40",326,TRUE,TRUE
3239048,"gate_30",0,FALSE,FALSE
3239077,"gate_30",223,TRUE,FALSE
3239298,"gate_30",28,TRUE,FALSE
3239467,"gate_30",11,FALSE,FALSE
3239580,"gate_30",2,FALSE,FALSE
3239618,"gate_30",40,TRUE,FALSE
3239644,"gate_40",0,FALSE,FALSE
3239659,"gate_30",218,TRUE,TRUE
3239701,"gate_30",370,TRUE,TRUE
3239852,"gate_40",2,FALSE,FALSE
3239928,"gate_30",18,TRUE,FALSE
3240141,"gate_30",15,FALSE,FALSE
3240197,"gate_30",39,TRUE,FALSE
3240234,"gate_40",8,FALSE,FALSE
3240401,"gate_30",5,TRUE,FALSE
3240661,"gate_40",10,TRUE,FALSE
3240885,"gate_40",6,FALSE,FALSE
3240902,"gate_30",12,FALSE,FALSE
3241147,"gate_40",76,TRUE,FALSE
3241206,"gate_30",0,FALSE,FALSE
3241251,"gate_40",40,FALSE,FALSE
3241321,"gate_40",3,FALSE,FALSE
3241487,"gate_30",111,TRUE,TRUE
3241634,"gate_30",38,TRUE,FALSE
3241771,"gate_30",26,FALSE,FALSE
3241868,"gate_40",16,FALSE,FALSE
3241973,"gate_40",12,TRUE,FALSE
3242045,"gate_30",132,TRUE,TRUE
3242168,"gate_40",1,FALSE,FALSE
3242233,"gate_40",11,TRUE,FALSE
3242347,"gate_40",3,FALSE,FALSE
3242500,"gate_40",0,TRUE,FALSE
3242623,"gate_30",1,FALSE,FALSE
3242661,"gate_30",63,TRUE,FALSE
3242727,"gate_40",64,TRUE,TRUE
3242781,"gate_40",2,FALSE,FALSE
3242839,"gate_30",5,FALSE,FALSE
3242855,"gate_40",64,TRUE,FALSE
3243050,"gate_40",16,FALSE,FALSE
3243480,"gate_40",10,TRUE,FALSE
3243557,"gate_40",1,FALSE,FALSE
3243579,"gate_40",23,TRUE,FALSE
3243911,"gate_40",1,FALSE,FALSE
3243984,"gate_30",28,FALSE,FALSE
3244184,"gate_40",13,TRUE,FALSE
3244222,"gate_30",11,FALSE,FALSE
3244294,"gate_30",4,FALSE,FALSE
3244339,"gate_40",7,FALSE,FALSE
3244384,"gate_30",1,FALSE,FALSE
3244388,"gate_40",0,FALSE,FALSE
3244392,"gate_40",61,TRUE,FALSE
3244483,"gate_40",2,FALSE,FALSE
3244533,"gate_40",2,FALSE,FALSE
3244584,"gate_30",0,FALSE,FALSE
3244725,"gate_30",204,FALSE,TRUE
3244728,"gate_30",162,TRUE,FALSE
3244831,"gate_30",22,TRUE,TRUE
3244932,"gate_30",89,TRUE,FALSE
3244942,"gate_30",9,TRUE,FALSE
3244997,"gate_30",2,FALSE,FALSE
3245201,"gate_30",3,FALSE,FALSE
3245271,"gate_30",16,FALSE,TRUE
3245667,"gate_40",162,TRUE,TRUE
3245676,"gate_30",13,TRUE,FALSE
3245702,"gate_30",74,TRUE,FALSE
3245704,"gate_30",109,TRUE,FALSE
3245785,"gate_30",6,FALSE,FALSE
3246095,"gate_30",123,TRUE,FALSE
3246190,"gate_40",2,FALSE,FALSE
3246459,"gate_40",43,TRUE,FALSE
3246489,"gate_40",57,TRUE,TRUE
3246499,"gate_40",28,TRUE,FALSE
3246530,"gate_40",31,TRUE,FALSE
3246643,"gate_30",28,TRUE,FALSE
3246656,"gate_40",82,TRUE,TRUE
3246726,"gate_40",3,FALSE,FALSE
3246832,"gate_40",13,FALSE,FALSE
3246835,"gate_30",12,TRUE,FALSE
3246888,"gate_40",125,TRUE,TRUE
3246947,"gate_30",97,TRUE,FALSE
3247121,"gate_40",512,TRUE,TRUE
3247206,"gate_40",12,TRUE,FALSE
3247255,"gate_40",38,FALSE,TRUE
3247264,"gate_30",64,TRUE,FALSE
3247452,"gate_40",11,TRUE,FALSE
3247538,"gate_30",697,TRUE,TRUE
3247710,"gate_30",21,FALSE,FALSE
3247828,"gate_30",27,TRUE,FALSE
3248233,"gate_30",2,FALSE,FALSE
3248273,"gate_40",2,FALSE,FALSE
3248334,"gate_30",6,FALSE,FALSE
3248381,"gate_30",39,TRUE,FALSE
3248385,"gate_30",48,TRUE,FALSE
3248475,"gate_40",98,TRUE,TRUE
3248484,"gate_30",162,TRUE,FALSE
3248496,"gate_30",0,TRUE,FALSE
3248564,"gate_30",65,FALSE,FALSE
3248690,"gate_30",39,FALSE,TRUE
3248719,"gate_30",4,FALSE,FALSE
3248766,"gate_40",16,TRUE,FALSE
3248801,"gate_40",70,TRUE,FALSE
3248977,"gate_40",3,FALSE,FALSE
3249778,"gate_40",23,FALSE,FALSE
3249795,"gate_40",45,FALSE,TRUE
3249983,"gate_30",16,TRUE,FALSE
3250063,"gate_40",14,FALSE,FALSE
3250126,"gate_30",10,FALSE,TRUE
3250191,"gate_40",8,FALSE,FALSE
3250309,"gate_30",20,TRUE,FALSE
3250529,"gate_40",0,FALSE,FALSE
3250542,"gate_40",352,TRUE,TRUE
3250608,"gate_40",13,FALSE,FALSE
3250737,"gate_40",7,FALSE,FALSE
3250893,"gate_30",18,FALSE,FALSE
3250906,"gate_30",40,TRUE,TRUE
3251098,"gate_40",30,TRUE,FALSE
3251130,"gate_30",6,FALSE,FALSE
3251133,"gate_30",12,TRUE,FALSE
3251202,"gate_30",11,FALSE,FALSE
3251227,"gate_30",16,FALSE,FALSE
3251334,"gate_30",19,TRUE,FALSE
3251345,"gate_30",26,TRUE,TRUE
3251501,"gate_30",2,FALSE,FALSE
3251507,"gate_40",29,TRUE,FALSE
3251727,"gate_40",17,FALSE,FALSE
3251777,"gate_40",0,FALSE,FALSE
3251881,"gate_30",201,TRUE,FALSE
3251930,"gate_40",52,FALSE,FALSE
3251965,"gate_40",7,TRUE,FALSE
3252066,"gate_40",24,TRUE,FALSE
3252105,"gate_40",51,TRUE,FALSE
3252140,"gate_40",34,TRUE,FALSE
3252155,"gate_30",48,TRUE,FALSE
3252205,"gate_30",19,TRUE,FALSE
3252242,"gate_30",4,FALSE,FALSE
3252262,"gate_40",2,FALSE,FALSE
3252313,"gate_30",8,TRUE,FALSE
3252379,"gate_30",17,TRUE,TRUE
3252389,"gate_30",20,FALSE,FALSE
3252441,"gate_40",16,TRUE,FALSE
3252552,"gate_30",19,FALSE,FALSE
3252577,"gate_40",7,FALSE,FALSE
3252657,"gate_30",187,TRUE,TRUE
3252666,"gate_30",58,TRUE,FALSE
3252695,"gate_40",4,FALSE,FALSE
3252745,"gate_40",33,TRUE,FALSE
3252749,"gate_30",2,FALSE,FALSE
3252778,"gate_30",18,FALSE,FALSE
3252892,"gate_30",53,TRUE,TRUE
3252974,"gate_40",1,FALSE,FALSE
3253065,"gate_30",0,FALSE,TRUE
3253148,"gate_40",103,TRUE,TRUE
3253199,"gate_40",20,TRUE,FALSE
3253331,"gate_30",21,FALSE,FALSE
3253477,"gate_40",0,FALSE,FALSE
3253478,"gate_40",83,TRUE,FALSE
3253569,"gate_40",78,TRUE,FALSE
3253711,"gate_40",210,FALSE,TRUE
3253757,"gate_40",19,TRUE,FALSE
3253822,"gate_30",77,FALSE,FALSE
3253890,"gate_30",12,FALSE,FALSE
3253926,"gate_30",20,TRUE,FALSE
3253974,"gate_30",45,TRUE,FALSE
3254086,"gate_40",4,FALSE,FALSE
3254270,"gate_30",3,TRUE,FALSE
3254390,"gate_40",164,TRUE,FALSE
3254830,"gate_40",378,TRUE,TRUE
3254916,"gate_30",450,TRUE,TRUE
3255093,"gate_40",451,TRUE,TRUE
3255706,"gate_30",34,TRUE,FALSE
3255889,"gate_40",71,TRUE,FALSE
3255891,"gate_30",8,FALSE,FALSE
3255897,"gate_40",2,FALSE,FALSE
3256197,"gate_40",10,FALSE,FALSE
3256228,"gate_30",1,FALSE,FALSE
3256240,"gate_30",250,TRUE,TRUE
3256253,"gate_30",1,FALSE,FALSE
3256337,"gate_40",13,FALSE,FALSE
3256468,"gate_40",14,FALSE,FALSE
3256543,"gate_30",15,FALSE,FALSE
3256546,"gate_40",0,FALSE,FALSE
3256647,"gate_30",8,FALSE,FALSE
3256667,"gate_30",26,FALSE,FALSE
3256676,"gate_40",2,FALSE,FALSE
3256787,"gate_30",3,FALSE,FALSE
3256828,"gate_30",10,FALSE,FALSE
3256835,"gate_40",22,TRUE,FALSE
3256851,"gate_30",19,FALSE,FALSE
3256899,"gate_40",69,TRUE,TRUE
3256905,"gate_40",10,FALSE,TRUE
3256937,"gate_30",1,FALSE,FALSE
3256975,"gate_40",200,TRUE,TRUE
3257040,"gate_30",0,FALSE,FALSE
3257043,"gate_40",21,TRUE,FALSE
3257366,"gate_30",25,FALSE,FALSE
3257452,"gate_40",14,FALSE,FALSE
3257722,"gate_30",1,FALSE,FALSE
3257867,"gate_30",13,TRUE,FALSE
3258359,"gate_30",14,FALSE,FALSE
3258452,"gate_30",6,FALSE,FALSE
3258519,"gate_30",49,TRUE,TRUE
3258596,"gate_30",18,FALSE,FALSE
3258639,"gate_30",6,FALSE,FALSE
3258652,"gate_30",1,FALSE,FALSE
3258686,"gate_40",3,FALSE,FALSE
3258736,"gate_30",26,FALSE,FALSE
3258766,"gate_40",0,FALSE,FALSE
3258876,"gate_40",108,TRUE,FALSE
3258911,"gate_40",0,FALSE,FALSE
3258930,"gate_40",4,FALSE,FALSE
3259094,"gate_30",29,TRUE,FALSE
3259114,"gate_40",13,TRUE,FALSE
3259155,"gate_30",26,FALSE,FALSE
3259274,"gate_30",4,FALSE,FALSE
3259398,"gate_40",4,FALSE,FALSE
3259408,"gate_40",2,FALSE,FALSE
3259520,"gate_40",6,TRUE,FALSE
3259529,"gate_40",19,FALSE,FALSE
3259551,"gate_40",14,TRUE,FALSE
3259620,"gate_30",9,TRUE,FALSE
3259639,"gate_40",14,FALSE,FALSE
3259719,"gate_40",4,FALSE,FALSE
3259959,"gate_30",58,TRUE,FALSE
3260091,"gate_40",56,FALSE,FALSE
3260209,"gate_30",105,FALSE,FALSE
3260329,"gate_30",6,FALSE,FALSE
3260454,"gate_40",46,FALSE,FALSE
3260616,"gate_40",2,FALSE,FALSE
3260731,"gate_40",12,TRUE,FALSE
3260789,"gate_40",118,TRUE,TRUE
3260948,"gate_40",52,TRUE,TRUE
3261029,"gate_40",3,FALSE,FALSE
3261068,"gate_30",17,TRUE,FALSE
3261094,"gate_40",12,FALSE,FALSE
3261143,"gate_40",9,FALSE,FALSE
3261217,"gate_40",2,TRUE,FALSE
3261286,"gate_30",6,FALSE,FALSE
3261309,"gate_40",3,FALSE,FALSE
3261430,"gate_30",99,TRUE,FALSE
3261661,"gate_30",33,FALSE,FALSE
3261788,"gate_30",33,FALSE,FALSE
3262060,"gate_40",16,TRUE,FALSE
3262123,"gate_40",3,FALSE,FALSE
3262126,"gate_30",19,TRUE,FALSE
3262134,"gate_30",2,FALSE,FALSE
3262294,"gate_30",1,FALSE,FALSE
3262397,"gate_30",56,TRUE,FALSE
3262582,"gate_30",3,FALSE,FALSE
3262622,"gate_30",2,FALSE,FALSE
3262695,"gate_40",1187,FALSE,TRUE
3262810,"gate_30",29,TRUE,FALSE
3263072,"gate_30",0,FALSE,FALSE
3263134,"gate_30",7,TRUE,FALSE
3263305,"gate_40",68,TRUE,TRUE
3263351,"gate_40",17,FALSE,FALSE
3263387,"gate_40",124,TRUE,FALSE
3263441,"gate_30",29,TRUE,TRUE
3263567,"gate_30",2,FALSE,FALSE
3263575,"gate_30",41,FALSE,FALSE
3263750,"gate_30",3,FALSE,FALSE
3263796,"gate_30",6,FALSE,FALSE
3263841,"gate_40",62,TRUE,FALSE
3263877,"gate_40",17,FALSE,FALSE
3264359,"gate_40",32,TRUE,FALSE
3264362,"gate_30",6,FALSE,FALSE
3264371,"gate_30",16,FALSE,FALSE
3264491,"gate_40",8,FALSE,FALSE
3264548,"gate_40",2,FALSE,FALSE
3264590,"gate_30",17,TRUE,FALSE
3264598,"gate_30",5,FALSE,FALSE
3264631,"gate_40",1,FALSE,FALSE
3264918,"gate_30",1,FALSE,FALSE
3265001,"gate_40",5,FALSE,FALSE
3265141,"gate_30",25,FALSE,TRUE
3265242,"gate_40",81,TRUE,FALSE
3265411,"gate_40",25,FALSE,TRUE
3265519,"gate_30",25,TRUE,FALSE
3265584,"gate_40",11,TRUE,TRUE
3265741,"gate_30",4,FALSE,FALSE
3265875,"gate_30",64,TRUE,TRUE
3265976,"gate_40",4,FALSE,FALSE
3266097,"gate_30",2,FALSE,FALSE
3266194,"gate_40",2,FALSE,FALSE
3266205,"gate_30",4,FALSE,FALSE
3266298,"gate_40",36,TRUE,FALSE
3266437,"gate_40",2,FALSE,FALSE
3266525,"gate_30",9,FALSE,FALSE
3266704,"gate_40",77,TRUE,FALSE
3266800,"gate_30",20,FALSE,FALSE
3266879,"gate_40",25,FALSE,FALSE
3266903,"gate_30",147,TRUE,TRUE
3266912,"gate_30",72,TRUE,FALSE
3267025,"gate_30",11,TRUE,FALSE
3267073,"gate_30",2,FALSE,FALSE
3267243,"gate_40",5,FALSE,FALSE
3267282,"gate_40",40,FALSE,FALSE
3267410,"gate_30",2,FALSE,FALSE
3267550,"gate_40",158,TRUE,TRUE
3267567,"gate_40",2,FALSE,FALSE
3267604,"gate_30",6,FALSE,FALSE
3267605,"gate_40",1,FALSE,FALSE
3267708,"gate_40",29,FALSE,FALSE
3267748,"gate_40",29,FALSE,FALSE
3267943,"gate_30",10,TRUE,FALSE
3267990,"gate_30",80,FALSE,FALSE
3268045,"gate_40",3,FALSE,FALSE
3268062,"gate_40",6,TRUE,TRUE
3268114,"gate_40",2,FALSE,FALSE
3268578,"gate_40",13,FALSE,FALSE
3269049,"gate_40",24,TRUE,FALSE
3269066,"gate_30",13,FALSE,FALSE
3269141,"gate_40",4,FALSE,FALSE
3269243,"gate_30",11,FALSE,FALSE
3269249,"gate_30",2,FALSE,FALSE
3269258,"gate_40",6,FALSE,FALSE
3269345,"gate_40",141,TRUE,FALSE
3269422,"gate_30",375,TRUE,TRUE
3269598,"gate_30",31,FALSE,FALSE
3269617,"gate_30",18,TRUE,FALSE
3269618,"gate_30",125,TRUE,TRUE
3269800,"gate_30",0,FALSE,FALSE
3269982,"gate_30",25,FALSE,FALSE
3270002,"gate_30",3,FALSE,FALSE
3270009,"gate_40",9,FALSE,FALSE
3270079,"gate_40",14,TRUE,FALSE
3270258,"gate_30",76,FALSE,TRUE
3270322,"gate_40",11,FALSE,FALSE
3270331,"gate_30",9,FALSE,FALSE
3270377,"gate_30",141,TRUE,FALSE
3270520,"gate_40",0,FALSE,FALSE
3270688,"gate_40",299,TRUE,TRUE
3270821,"gate_40",12,FALSE,FALSE
3270929,"gate_40",118,TRUE,TRUE
3270981,"gate_40",3,FALSE,FALSE
3270989,"gate_30",7,FALSE,FALSE
3271073,"gate_30",53,TRUE,FALSE
3271078,"gate_40",7,FALSE,FALSE
3271100,"gate_30",11,TRUE,FALSE
3271139,"gate_40",5,TRUE,FALSE
3271286,"gate_30",28,FALSE,TRUE
3271305,"gate_40",302,TRUE,TRUE
3271324,"gate_30",104,TRUE,TRUE
3271375,"gate_30",24,FALSE,FALSE
3271439,"gate_30",14,FALSE,FALSE
3271615,"gate_40",2640,TRUE,FALSE
3271681,"gate_30",103,TRUE,FALSE
3271716,"gate_40",164,TRUE,TRUE
3271823,"gate_40",7,FALSE,FALSE
3271920,"gate_40",22,TRUE,FALSE
3272158,"gate_30",2,FALSE,FALSE
3272280,"gate_30",22,TRUE,FALSE
3272311,"gate_30",27,TRUE,FALSE
3272418,"gate_40",25,FALSE,FALSE
3272581,"gate_40",10,FALSE,FALSE
3272622,"gate_30",83,FALSE,FALSE
3272655,"gate_40",75,TRUE,FALSE
3272688,"gate_30",5,FALSE,FALSE
3272689,"gate_40",1,FALSE,FALSE
3272763,"gate_30",16,FALSE,FALSE
3272784,"gate_40",1,FALSE,FALSE
3272829,"gate_30",22,FALSE,FALSE
3273437,"gate_40",26,TRUE,FALSE
3273458,"gate_30",55,TRUE,TRUE
3273520,"gate_40",293,TRUE,TRUE
3273589,"gate_40",60,FALSE,FALSE
3273691,"gate_30",8,FALSE,FALSE
3273708,"gate_40",293,TRUE,FALSE
3273783,"gate_40",2,FALSE,FALSE
3273822,"gate_30",7,FALSE,FALSE
3274064,"gate_30",117,TRUE,FALSE
3274149,"gate_30",3,FALSE,FALSE
3274410,"gate_40",61,TRUE,FALSE
3274863,"gate_30",111,TRUE,TRUE
3274900,"gate_30",6,FALSE,FALSE
3275038,"gate_30",13,TRUE,FALSE
3275068,"gate_40",6,FALSE,FALSE
3275124,"gate_30",1,FALSE,FALSE
3275164,"gate_40",1,FALSE,FALSE
3275222,"gate_40",30,FALSE,FALSE
3275241,"gate_30",66,TRUE,FALSE
3275268,"gate_40",15,FALSE,FALSE
3275319,"gate_40",77,FALSE,FALSE
3275407,"gate_30",0,FALSE,FALSE
3275771,"gate_30",4,FALSE,FALSE
3275786,"gate_30",8,TRUE,FALSE
3275797,"gate_30",7,FALSE,FALSE
3275968,"gate_30",39,TRUE,FALSE
3275976,"gate_30",41,TRUE,FALSE
3276014,"gate_30",13,FALSE,FALSE
3276101,"gate_40",15,FALSE,FALSE
3276117,"gate_40",26,FALSE,FALSE
3276204,"gate_40",79,TRUE,TRUE
3276389,"gate_30",2,FALSE,FALSE
3276434,"gate_40",1,FALSE,FALSE
3276474,"gate_40",1,FALSE,FALSE
3276499,"gate_40",26,TRUE,FALSE
3276503,"gate_40",144,TRUE,FALSE
3276553,"gate_40",8,FALSE,FALSE
3276685,"gate_40",3,TRUE,FALSE
3276695,"gate_30",138,TRUE,TRUE
3276814,"gate_40",28,FALSE,FALSE
3276982,"gate_30",33,TRUE,FALSE
3277006,"gate_40",5,FALSE,FALSE
3277164,"gate_40",0,FALSE,FALSE
3277425,"gate_30",13,FALSE,FALSE
3277506,"gate_40",16,FALSE,FALSE
3277533,"gate_40",13,FALSE,FALSE
3277768,"gate_40",221,TRUE,TRUE
3277811,"gate_30",5,FALSE,FALSE
3277913,"gate_40",97,TRUE,FALSE
3277963,"gate_40",38,FALSE,FALSE
3277995,"gate_30",7,FALSE,FALSE
3278092,"gate_30",198,TRUE,TRUE
3278942,"gate_40",30,FALSE,FALSE
3279074,"gate_30",1,FALSE,FALSE
3279157,"gate_30",77,FALSE,TRUE
3279439,"gate_30",107,FALSE,FALSE
3279523,"gate_40",9,TRUE,FALSE
3279700,"gate_40",0,FALSE,FALSE
3279729,"gate_40",9,TRUE,FALSE
3279937,"gate_40",4,FALSE,FALSE
3279944,"gate_30",11,FALSE,FALSE
3279953,"gate_30",187,TRUE,FALSE
3280031,"gate_40",37,TRUE,FALSE
3280058,"gate_30",15,FALSE,FALSE
3280275,"gate_40",3,FALSE,FALSE
3280470,"gate_40",29,TRUE,FALSE
3280576,"gate_30",15,FALSE,FALSE
3280914,"gate_30",32,TRUE,FALSE
3281063,"gate_30",46,TRUE,FALSE
3281253,"gate_40",2,FALSE,FALSE
3281383,"gate_30",183,TRUE,TRUE
3281452,"gate_40",18,TRUE,FALSE
3281549,"gate_30",19,TRUE,TRUE
3281727,"gate_40",15,TRUE,FALSE
3281760,"gate_30",91,TRUE,TRUE
3281767,"gate_30",4,FALSE,FALSE
3281791,"gate_40",25,FALSE,FALSE
3281863,"gate_40",21,TRUE,FALSE
3281903,"gate_40",20,TRUE,FALSE
3281942,"gate_30",22,FALSE,TRUE
3282090,"gate_40",14,FALSE,FALSE
3282131,"gate_40",133,FALSE,FALSE
3282310,"gate_30",5,FALSE,FALSE
3282330,"gate_40",23,FALSE,FALSE
3282421,"gate_40",5,FALSE,FALSE
3282426,"gate_40",3,FALSE,FALSE
3282487,"gate_40",16,FALSE,FALSE
3282617,"gate_40",11,FALSE,FALSE
3282627,"gate_30",23,FALSE,FALSE
3282722,"gate_30",8,FALSE,FALSE
3283069,"gate_30",21,FALSE,FALSE
3283238,"gate_40",1,FALSE,FALSE
3283258,"gate_40",33,TRUE,FALSE
3283520,"gate_40",83,TRUE,FALSE
3283611,"gate_30",5,FALSE,FALSE
3283749,"gate_30",3,FALSE,FALSE
3283768,"gate_30",22,TRUE,TRUE
3283830,"gate_30",8,FALSE,FALSE
3283899,"gate_40",1,FALSE,FALSE
3284110,"gate_40",37,FALSE,FALSE
3284167,"gate_40",54,TRUE,TRUE
3284766,"gate_40",221,TRUE,TRUE
3284958,"gate_40",11,FALSE,FALSE
3284963,"gate_40",105,TRUE,TRUE
3285169,"gate_40",19,TRUE,FALSE
3285175,"gate_40",63,TRUE,FALSE
3285188,"gate_30",0,FALSE,FALSE
3285397,"gate_30",21,FALSE,FALSE
3285480,"gate_30",2,FALSE,FALSE
3285622,"gate_40",14,FALSE,TRUE
3285637,"gate_40",13,FALSE,FALSE
3285788,"gate_30",2,FALSE,FALSE
3286139,"gate_30",12,FALSE,FALSE
3286159,"gate_30",65,TRUE,FALSE
3286203,"gate_30",75,TRUE,TRUE
3286375,"gate_30",1,FALSE,FALSE
3286709,"gate_40",7,FALSE,FALSE
3286755,"gate_30",34,TRUE,FALSE
3287434,"gate_30",5,FALSE,FALSE
3287541,"gate_30",15,TRUE,FALSE
3287566,"gate_40",10,FALSE,FALSE
3287677,"gate_30",30,TRUE,FALSE
3287869,"gate_40",13,FALSE,FALSE
3288098,"gate_30",44,FALSE,FALSE
3288320,"gate_40",3,FALSE,FALSE
3288851,"gate_40",3,FALSE,FALSE
3289056,"gate_30",0,FALSE,FALSE
3289106,"gate_30",36,TRUE,FALSE
3289121,"gate_30",3,FALSE,FALSE
3289340,"gate_40",2,FALSE,FALSE
3289486,"gate_30",2,FALSE,FALSE
3289550,"gate_30",2,FALSE,FALSE
3289727,"gate_30",4,FALSE,FALSE
3289745,"gate_30",4,FALSE,FALSE
3289939,"gate_30",20,FALSE,FALSE
3290169,"gate_40",57,TRUE,FALSE
3290257,"gate_40",20,TRUE,FALSE
3290259,"gate_30",1,FALSE,FALSE
3290519,"gate_30",15,FALSE,FALSE
3290570,"gate_30",50,TRUE,FALSE
3290696,"gate_40",121,FALSE,TRUE
3290797,"gate_30",41,TRUE,FALSE
3290821,"gate_40",7,FALSE,FALSE
3290954,"gate_30",61,TRUE,FALSE
3291241,"gate_40",25,FALSE,FALSE
3291305,"gate_30",46,TRUE,FALSE
3291512,"gate_30",469,TRUE,TRUE
3291772,"gate_30",8,TRUE,FALSE
3291969,"gate_40",13,FALSE,FALSE
3291982,"gate_30",4,FALSE,TRUE
3292075,"gate_40",2,FALSE,FALSE
3292081,"gate_30",8,FALSE,FALSE
3292237,"gate_40",127,TRUE,TRUE
3292263,"gate_30",81,TRUE,TRUE
3292271,"gate_30",34,FALSE,FALSE
3292539,"gate_40",4,FALSE,FALSE
3292623,"gate_30",193,TRUE,TRUE
3292811,"gate_30",211,TRUE,FALSE
3292941,"gate_30",2,FALSE,FALSE
3292979,"gate_30",6,FALSE,FALSE
3293049,"gate_40",17,TRUE,FALSE
3293286,"gate_40",14,TRUE,TRUE
3293344,"gate_40",27,TRUE,FALSE
3293439,"gate_30",132,TRUE,FALSE
3293520,"gate_30",4,FALSE,FALSE
3293670,"gate_30",6,FALSE,FALSE
3294019,"gate_30",6,FALSE,FALSE
3294047,"gate_30",16,FALSE,FALSE
3294166,"gate_40",250,TRUE,TRUE
3294392,"gate_40",85,TRUE,FALSE
3294439,"gate_40",35,TRUE,FALSE
3294492,"gate_40",67,TRUE,TRUE
3294511,"gate_30",3,FALSE,FALSE
3294542,"gate_30",69,TRUE,TRUE
3294597,"gate_40",159,TRUE,FALSE
3294877,"gate_30",7,FALSE,FALSE
3294904,"gate_40",9,FALSE,FALSE
3295090,"gate_40",11,FALSE,FALSE
3295379,"gate_40",76,TRUE,FALSE
3295481,"gate_40",17,TRUE,FALSE
3295517,"gate_40",136,TRUE,TRUE
3295608,"gate_30",35,TRUE,FALSE
3295667,"gate_40",1,FALSE,FALSE
3295703,"gate_30",19,FALSE,FALSE
3295804,"gate_40",13,FALSE,FALSE
3295830,"gate_40",47,TRUE,FALSE
3295943,"gate_40",7,FALSE,FALSE
3296116,"gate_40",5,FALSE,FALSE
3296158,"gate_30",5,FALSE,FALSE
3296247,"gate_30",1,FALSE,FALSE
3296258,"gate_30",7,FALSE,FALSE
3296451,"gate_30",202,TRUE,TRUE
3296516,"gate_30",10,FALSE,FALSE
3296620,"gate_40",52,FALSE,FALSE
3296625,"gate_30",6,FALSE,FALSE
3296640,"gate_30",3,FALSE,FALSE
3296656,"gate_30",4,FALSE,FALSE
3296713,"gate_30",48,TRUE,FALSE
3296986,"gate_30",0,FALSE,FALSE
3297205,"gate_30",27,FALSE,FALSE
3297242,"gate_30",8,TRUE,FALSE
3297459,"gate_40",177,TRUE,TRUE
3297558,"gate_40",37,TRUE,FALSE
3297622,"gate_30",130,TRUE,FALSE
3297633,"gate_30",25,TRUE,FALSE
3297764,"gate_40",7,TRUE,FALSE
3297814,"gate_40",60,TRUE,TRUE
3297875,"gate_30",28,FALSE,FALSE
3298102,"gate_40",5,TRUE,FALSE
3298401,"gate_30",5,FALSE,FALSE
3298448,"gate_30",2,FALSE,FALSE
3298717,"gate_40",19,FALSE,FALSE
3298818,"gate_40",2,FALSE,FALSE
3298908,"gate_40",36,FALSE,FALSE
3299011,"gate_30",15,TRUE,FALSE
3299053,"gate_30",69,TRUE,TRUE
3299149,"gate_40",2,FALSE,FALSE
3299217,"gate_40",7,TRUE,FALSE
3299251,"gate_30",3,FALSE,FALSE
3299334,"gate_40",15,FALSE,FALSE
3299392,"gate_30",8,FALSE,FALSE
3299590,"gate_30",149,TRUE,FALSE
3299612,"gate_40",0,FALSE,FALSE
3299624,"gate_30",2,FALSE,FALSE
3299749,"gate_40",4,FALSE,FALSE
3299876,"gate_30",34,TRUE,FALSE
3299898,"gate_40",11,FALSE,FALSE
3299948,"gate_30",3,FALSE,FALSE
3300542,"gate_40",11,FALSE,FALSE
3300614,"gate_30",18,TRUE,FALSE
3300617,"gate_40",5,FALSE,FALSE
3300626,"gate_30",10,FALSE,FALSE
3300632,"gate_40",21,TRUE,TRUE
3301052,"gate_30",8,TRUE,FALSE
3301342,"gate_30",92,TRUE,FALSE
3301344,"gate_30",4,FALSE,FALSE
3301393,"gate_40",0,FALSE,FALSE
3301530,"gate_30",7,FALSE,FALSE
3301708,"gate_30",15,FALSE,FALSE
3301999,"gate_40",1,FALSE,FALSE
3302102,"gate_30",5,FALSE,FALSE
3302196,"gate_30",4,FALSE,FALSE
3302197,"gate_40",6,FALSE,FALSE
3302256,"gate_30",9,FALSE,FALSE
3302262,"gate_30",18,FALSE,FALSE
3302404,"gate_30",7,FALSE,FALSE
3302426,"gate_40",44,TRUE,FALSE
3302498,"gate_40",30,FALSE,FALSE
3302535,"gate_30",3,FALSE,FALSE
3302544,"gate_30",3,FALSE,FALSE
3302576,"gate_40",106,TRUE,FALSE
3302717,"gate_30",4,FALSE,FALSE
3302999,"gate_30",9,FALSE,FALSE
3303126,"gate_40",16,FALSE,FALSE
3303198,"gate_40",87,TRUE,FALSE
3303639,"gate_40",168,TRUE,TRUE
3303716,"gate_30",13,FALSE,FALSE
3303981,"gate_30",14,FALSE,FALSE
3304018,"gate_40",14,TRUE,FALSE
3304093,"gate_30",9,TRUE,FALSE
3304129,"gate_40",9,FALSE,FALSE
3304557,"gate_30",0,FALSE,FALSE
3304624,"gate_30",232,TRUE,TRUE
3304771,"gate_40",27,TRUE,TRUE
3304969,"gate_30",67,FALSE,FALSE
3305091,"gate_40",7,FALSE,FALSE
3305136,"gate_30",72,FALSE,FALSE
3305385,"gate_30",9,FALSE,FALSE
3305507,"gate_40",8,FALSE,FALSE
3305587,"gate_40",81,TRUE,FALSE
3305886,"gate_30",302,TRUE,TRUE
3305905,"gate_40",249,TRUE,TRUE
3305911,"gate_30",3,FALSE,FALSE
3305953,"gate_30",3,FALSE,FALSE
3306008,"gate_40",18,FALSE,FALSE
3306272,"gate_40",23,TRUE,FALSE
3306319,"gate_40",2,FALSE,FALSE
3306521,"gate_30",23,TRUE,FALSE
3306533,"gate_30",6,FALSE,FALSE
3306559,"gate_30",0,FALSE,FALSE
3306660,"gate_30",31,FALSE,FALSE
3306741,"gate_40",5,FALSE,FALSE
3307042,"gate_30",28,TRUE,FALSE
3307309,"gate_30",15,TRUE,FALSE
3307511,"gate_40",146,TRUE,TRUE
3307524,"gate_40",39,FALSE,TRUE
3307607,"gate_30",5,TRUE,FALSE
3308126,"gate_40",2,FALSE,FALSE
3308209,"gate_30",5,FALSE,FALSE
3308526,"gate_30",17,FALSE,FALSE
3308731,"gate_30",2,FALSE,FALSE
3308927,"gate_40",25,FALSE,FALSE
3309006,"gate_30",31,FALSE,TRUE
3309023,"gate_30",0,FALSE,FALSE
3309224,"gate_30",9,TRUE,FALSE
3309328,"gate_30",1,FALSE,FALSE
3309369,"gate_30",4,FALSE,FALSE
3309438,"gate_30",10,FALSE,FALSE
3309970,"gate_30",2,FALSE,FALSE
3310053,"gate_30",398,TRUE,TRUE
3311110,"gate_30",10,TRUE,FALSE
3311583,"gate_30",2,FALSE,FALSE
3311928,"gate_40",41,TRUE,FALSE
3311985,"gate_40",3,FALSE,FALSE
3312032,"gate_30",1,FALSE,FALSE
3312060,"gate_40",16,FALSE,FALSE
3312069,"gate_40",30,TRUE,FALSE
3312102,"gate_30",7,FALSE,TRUE
3312116,"gate_30",24,TRUE,FALSE
3312409,"gate_40",22,FALSE,FALSE
3312727,"gate_30",59,TRUE,FALSE
3312746,"gate_30",5,FALSE,FALSE
3312768,"gate_30",1,FALSE,FALSE
3312812,"gate_30",1,FALSE,FALSE
3312884,"gate_40",18,TRUE,FALSE
3312892,"gate_40",8,FALSE,FALSE
3312981,"gate_40",6,FALSE,FALSE
3312992,"gate_30",48,TRUE,TRUE
3313043,"gate_40",116,TRUE,TRUE
3313225,"gate_40",187,TRUE,TRUE
3313299,"gate_40",2,FALSE,FALSE
3313384,"gate_40",17,FALSE,FALSE
3313455,"gate_30",107,TRUE,TRUE
3313593,"gate_40",55,TRUE,FALSE
3313604,"gate_30",24,TRUE,FALSE
3314067,"gate_40",9,FALSE,FALSE
3314261,"gate_40",7,FALSE,FALSE
3314408,"gate_40",4,FALSE,FALSE
3314419,"gate_40",23,TRUE,FALSE
3314427,"gate_40",5,FALSE,FALSE
3314653,"gate_40",22,FALSE,FALSE
3314698,"gate_30",59,TRUE,TRUE
3314730,"gate_40",1,FALSE,FALSE
3315149,"gate_30",22,FALSE,FALSE
3315265,"gate_40",1,FALSE,FALSE
3315344,"gate_30",5,FALSE,FALSE
3315616,"gate_30",6,FALSE,FALSE
3315619,"gate_30",2,FALSE,FALSE
3315709,"gate_30",69,TRUE,FALSE
3315770,"gate_40",56,TRUE,FALSE
3315897,"gate_40",6,FALSE,FALSE
3315918,"gate_40",37,TRUE,FALSE
3316114,"gate_30",11,FALSE,FALSE
3316171,"gate_30",398,TRUE,TRUE
3316330,"gate_40",2,FALSE,FALSE
3316365,"gate_40",3,FALSE,FALSE
3316444,"gate_40",19,TRUE,FALSE
3316453,"gate_30",6,FALSE,FALSE
3316571,"gate_40",3,FALSE,FALSE
3316609,"gate_40",27,TRUE,FALSE
3316613,"gate_30",9,FALSE,FALSE
3316635,"gate_40",4,FALSE,FALSE
3316654,"gate_30",8,TRUE,FALSE
3317135,"gate_40",6,FALSE,FALSE
3317214,"gate_30",1,FALSE,FALSE
3318032,"gate_40",48,TRUE,FALSE
3318105,"gate_30",53,TRUE,TRUE
3318174,"gate_40",14,TRUE,FALSE
3318215,"gate_40",352,TRUE,TRUE
3318235,"gate_40",20,FALSE,FALSE
3318335,"gate_30",2,FALSE,FALSE
3318379,"gate_30",34,TRUE,FALSE
3318501,"gate_30",9,FALSE,FALSE
3318543,"gate_40",540,TRUE,TRUE
3318719,"gate_40",3,FALSE,FALSE
3318738,"gate_40",38,TRUE,FALSE
3318767,"gate_30",33,TRUE,FALSE
3318934,"gate_40",12,FALSE,FALSE
3318950,"gate_30",0,FALSE,FALSE
3318958,"gate_40",7,FALSE,FALSE
3319066,"gate_40",7,TRUE,FALSE
3319130,"gate_30",5,FALSE,FALSE
3319180,"gate_40",2,FALSE,FALSE
3319312,"gate_30",68,TRUE,FALSE
3319424,"gate_30",9,FALSE,FALSE
3319440,"gate_40",3,FALSE,FALSE
3319448,"gate_40",2,FALSE,FALSE
3319467,"gate_40",1,FALSE,FALSE
3319560,"gate_30",0,FALSE,FALSE
3319627,"gate_40",2,FALSE,FALSE
3319863,"gate_30",3,FALSE,FALSE
3319885,"gate_30",1,FALSE,FALSE
3319895,"gate_40",53,TRUE,FALSE
3320129,"gate_40",21,TRUE,FALSE
3320189,"gate_30",5,FALSE,FALSE
3320237,"gate_40",10,TRUE,FALSE
3320288,"gate_30",61,TRUE,FALSE
3320423,"gate_30",76,TRUE,FALSE
3320621,"gate_40",53,FALSE,FALSE
3320714,"gate_40",8,FALSE,FALSE
3320737,"gate_40",12,TRUE,FALSE
3320755,"gate_40",1,FALSE,FALSE
3320966,"gate_30",0,FALSE,FALSE
3320969,"gate_40",17,TRUE,FALSE
3320978,"gate_40",20,TRUE,FALSE
3321032,"gate_30",172,TRUE,TRUE
3321291,"gate_30",60,TRUE,TRUE
3321330,"gate_30",9,TRUE,FALSE
3321388,"gate_40",1,FALSE,FALSE
3321400,"gate_40",9,FALSE,FALSE
3321454,"gate_40",20,FALSE,FALSE
3321522,"gate_40",104,TRUE,TRUE
3321591,"gate_30",71,TRUE,TRUE
3321607,"gate_30",42,FALSE,FALSE
3321633,"gate_40",316,TRUE,TRUE
3321981,"gate_40",79,TRUE,TRUE
3322039,"gate_30",34,TRUE,FALSE
3322042,"gate_40",6,FALSE,FALSE
3322136,"gate_40",1,FALSE,FALSE
3322234,"gate_30",92,FALSE,FALSE
3322259,"gate_40",8,FALSE,FALSE
3322421,"gate_40",14,TRUE,FALSE
3322438,"gate_40",5,TRUE,FALSE
3322594,"gate_40",89,TRUE,TRUE
3322765,"gate_30",8,FALSE,FALSE
3322881,"gate_30",6,TRUE,FALSE
3323113,"gate_40",69,TRUE,FALSE
3323167,"gate_30",0,FALSE,FALSE
3323195,"gate_30",63,TRUE,TRUE
3323198,"gate_30",2,FALSE,FALSE
3323264,"gate_40",84,TRUE,FALSE
3323622,"gate_40",14,FALSE,FALSE
3323696,"gate_40",5,FALSE,FALSE
3323725,"gate_30",3,FALSE,FALSE
3323827,"gate_40",890,TRUE,TRUE
3323988,"gate_30",24,TRUE,FALSE
3324032,"gate_40",46,FALSE,FALSE
3324104,"gate_30",81,TRUE,FALSE
3324243,"gate_30",1,FALSE,FALSE
3324329,"gate_40",341,TRUE,TRUE
3324361,"gate_30",15,FALSE,FALSE
3324602,"gate_40",31,FALSE,FALSE
3324645,"gate_30",15,TRUE,FALSE
3324665,"gate_30",9,FALSE,FALSE
3325029,"gate_30",157,TRUE,TRUE
3325258,"gate_30",75,TRUE,FALSE
3325276,"gate_30",10,TRUE,FALSE
3325636,"gate_30",19,TRUE,FALSE
3325719,"gate_30",1,FALSE,FALSE
3325773,"gate_40",23,TRUE,FALSE
3326053,"gate_30",12,FALSE,FALSE
3326176,"gate_30",18,TRUE,FALSE
3326227,"gate_30",12,FALSE,FALSE
3326242,"gate_40",0,FALSE,FALSE
3326342,"gate_40",29,TRUE,FALSE
3326648,"gate_40",22,TRUE,FALSE
3326780,"gate_30",5,FALSE,FALSE
3326893,"gate_40",2,FALSE,FALSE
3326980,"gate_30",132,TRUE,FALSE
3327028,"gate_30",82,TRUE,FALSE
3327042,"gate_40",433,TRUE,TRUE
3327187,"gate_40",14,FALSE,FALSE
3327402,"gate_30",2,FALSE,FALSE
3327509,"gate_30",162,TRUE,FALSE
3327784,"gate_30",3,FALSE,FALSE
3327830,"gate_40",1,FALSE,FALSE
3327976,"gate_30",3,FALSE,FALSE
3328087,"gate_40",6,TRUE,FALSE
3328264,"gate_40",3,FALSE,FALSE
3328351,"gate_30",88,TRUE,TRUE
3328584,"gate_30",0,FALSE,FALSE
3328585,"gate_30",34,TRUE,FALSE
3328677,"gate_40",2,FALSE,FALSE
3328705,"gate_30",73,TRUE,FALSE
3328722,"gate_30",219,TRUE,FALSE
3328860,"gate_40",4,FALSE,FALSE
3329256,"gate_40",8,FALSE,FALSE
3329309,"gate_30",35,FALSE,FALSE
3329374,"gate_40",13,FALSE,FALSE
3329433,"gate_30",3,FALSE,FALSE
3329457,"gate_40",94,TRUE,FALSE
3329568,"gate_40",33,TRUE,FALSE
3329597,"gate_40",13,FALSE,FALSE
3329603,"gate_30",49,TRUE,TRUE
3329604,"gate_40",80,FALSE,FALSE
3329639,"gate_40",25,TRUE,FALSE
3329676,"gate_40",13,FALSE,FALSE
3329694,"gate_30",4,TRUE,FALSE
3329714,"gate_30",0,FALSE,FALSE
3329748,"gate_40",35,FALSE,FALSE
3329803,"gate_30",98,TRUE,TRUE
3329869,"gate_40",30,TRUE,FALSE
3329931,"gate_40",64,FALSE,FALSE
3329947,"gate_40",1,FALSE,FALSE
3329992,"gate_40",3,FALSE,FALSE
3330122,"gate_30",1,FALSE,FALSE
3330230,"gate_30",105,FALSE,TRUE
3330304,"gate_40",24,TRUE,FALSE
3330547,"gate_30",21,TRUE,FALSE
3330818,"gate_40",233,TRUE,TRUE
3330842,"gate_40",292,TRUE,TRUE
3331095,"gate_40",26,TRUE,FALSE
3331106,"gate_40",169,TRUE,FALSE
3331151,"gate_40",16,TRUE,FALSE
3331263,"gate_30",163,TRUE,FALSE
3331282,"gate_30",669,TRUE,TRUE
3331295,"gate_40",38,FALSE,FALSE
3331394,"gate_40",39,TRUE,FALSE
3331533,"gate_40",174,TRUE,TRUE
3331997,"gate_40",24,FALSE,FALSE
3332038,"gate_30",5,FALSE,FALSE
3332072,"gate_40",2,FALSE,FALSE
3332174,"gate_40",0,FALSE,FALSE
3332263,"gate_40",2,FALSE,FALSE
3332276,"gate_40",75,TRUE,FALSE
3332362,"gate_40",89,TRUE,FALSE
3332443,"gate_30",2,FALSE,FALSE
3332510,"gate_40",1,FALSE,FALSE
3332529,"gate_30",43,FALSE,TRUE
3332662,"gate_40",1,FALSE,FALSE
3332752,"gate_40",451,TRUE,TRUE
3332917,"gate_40",8,FALSE,FALSE
3333288,"gate_40",6,FALSE,FALSE
3333329,"gate_30",22,TRUE,FALSE
3333621,"gate_40",8,FALSE,FALSE
3333655,"gate_40",17,TRUE,FALSE
3333659,"gate_40",17,FALSE,FALSE
3333669,"gate_40",178,TRUE,TRUE
3333715,"gate_30",77,TRUE,FALSE
3333823,"gate_30",188,TRUE,FALSE
3333916,"gate_40",3,FALSE,FALSE
3333988,"gate_40",14,TRUE,FALSE
3334103,"gate_40",14,FALSE,FALSE
3334374,"gate_40",22,FALSE,FALSE
3334455,"gate_30",50,TRUE,FALSE
3334588,"gate_30",195,TRUE,FALSE
3334795,"gate_40",3,FALSE,FALSE
3334829,"gate_40",1,FALSE,FALSE
3335015,"gate_40",158,FALSE,FALSE
3335060,"gate_30",17,FALSE,FALSE
3335064,"gate_30",34,TRUE,FALSE
3335109,"gate_40",104,TRUE,TRUE
3335286,"gate_40",109,TRUE,FALSE
3335613,"gate_30",84,TRUE,TRUE
3335677,"gate_40",2,FALSE,FALSE
3335780,"gate_40",12,FALSE,FALSE
3335841,"gate_40",61,TRUE,FALSE
3335928,"gate_30",3,FALSE,FALSE
3336003,"gate_40",5,FALSE,FALSE
3336048,"gate_30",68,TRUE,FALSE
3336175,"gate_40",7,FALSE,FALSE
3336378,"gate_40",6,TRUE,FALSE
3336383,"gate_30",1,FALSE,FALSE
3336470,"gate_30",2,FALSE,FALSE
3336611,"gate_40",21,FALSE,FALSE
3336778,"gate_30",385,TRUE,TRUE
3336943,"gate_40",22,FALSE,FALSE
3337087,"gate_30",9,FALSE,FALSE
3337195,"gate_40",10,FALSE,FALSE
3337328,"gate_30",2,FALSE,FALSE
3337442,"gate_30",7,FALSE,FALSE
3337451,"gate_30",8,FALSE,FALSE
3337537,"gate_30",109,TRUE,TRUE
3337565,"gate_30",76,TRUE,FALSE
3337651,"gate_40",334,TRUE,TRUE
3337860,"gate_30",163,TRUE,TRUE
3338335,"gate_40",53,FALSE,FALSE
3338627,"gate_30",2,FALSE,FALSE
3338684,"gate_30",6,FALSE,FALSE
3338691,"gate_30",11,TRUE,FALSE
3338917,"gate_40",6,FALSE,FALSE
3339085,"gate_30",341,TRUE,TRUE
3339163,"gate_40",42,FALSE,FALSE
3339164,"gate_40",4,FALSE,FALSE
3339173,"gate_40",393,TRUE,TRUE
3339290,"gate_30",14,FALSE,TRUE
3339374,"gate_40",7,FALSE,FALSE
3339479,"gate_40",4,FALSE,FALSE
3339527,"gate_40",187,TRUE,TRUE
3339756,"gate_40",43,FALSE,FALSE
3339789,"gate_40",44,TRUE,FALSE
3339810,"gate_40",210,TRUE,TRUE
3339953,"gate_40",18,FALSE,FALSE
3339957,"gate_40",49,TRUE,FALSE
3340076,"gate_30",132,TRUE,TRUE
3340251,"gate_30",14,FALSE,FALSE
3340329,"gate_30",13,FALSE,FALSE
3340386,"gate_30",25,TRUE,FALSE
3340439,"gate_30",70,TRUE,FALSE
3340501,"gate_40",42,TRUE,FALSE
3340510,"gate_40",20,FALSE,FALSE
3340615,"gate_40",12,FALSE,FALSE
3340785,"gate_30",187,TRUE,TRUE
3340862,"gate_30",9,FALSE,FALSE
3341205,"gate_40",314,TRUE,TRUE
3341370,"gate_40",147,TRUE,FALSE
3341555,"gate_40",1,FALSE,FALSE
3341560,"gate_40",0,FALSE,FALSE
3341580,"gate_40",7,FALSE,FALSE
3341849,"gate_40",14,FALSE,FALSE
3341909,"gate_30",5,FALSE,FALSE
3342019,"gate_40",24,FALSE,FALSE
3342334,"gate_30",1,TRUE,FALSE
3342548,"gate_40",63,TRUE,FALSE
3342678,"gate_30",2,TRUE,FALSE
3342941,"gate_30",80,TRUE,TRUE
3343085,"gate_40",168,TRUE,TRUE
3343364,"gate_40",28,FALSE,FALSE
3343540,"gate_30",1,FALSE,FALSE
3343665,"gate_40",14,FALSE,FALSE
3343671,"gate_30",41,TRUE,TRUE
3343851,"gate_30",0,FALSE,FALSE
3344084,"gate_40",214,TRUE,TRUE
3344113,"gate_40",45,TRUE,FALSE
3344217,"gate_30",5,FALSE,FALSE
3344505,"gate_30",1,FALSE,FALSE
3344515,"gate_30",62,TRUE,FALSE
3344535,"gate_30",19,FALSE,FALSE
3344551,"gate_30",35,TRUE,FALSE
3344575,"gate_40",73,TRUE,FALSE
3344886,"gate_40",23,FALSE,FALSE
3345059,"gate_40",28,FALSE,FALSE
3345097,"gate_40",4,FALSE,FALSE
3345106,"gate_30",24,TRUE,FALSE
3345202,"gate_30",1,TRUE,FALSE
3345246,"gate_30",1,FALSE,FALSE
3345344,"gate_40",3,FALSE,FALSE
3345558,"gate_30",8,FALSE,FALSE
3345674,"gate_40",24,FALSE,FALSE
3345698,"gate_40",24,FALSE,TRUE
3346163,"gate_30",5,FALSE,FALSE
3346822,"gate_40",573,TRUE,TRUE
3346859,"gate_30",3,TRUE,FALSE
3346896,"gate_30",8,FALSE,FALSE
3346979,"gate_30",38,TRUE,TRUE
3346992,"gate_40",185,TRUE,FALSE
3347337,"gate_40",3,FALSE,FALSE
3347358,"gate_40",0,FALSE,FALSE
3347527,"gate_40",12,FALSE,FALSE
3347606,"gate_30",23,FALSE,TRUE
3347635,"gate_30",193,TRUE,FALSE
3347684,"gate_40",60,TRUE,FALSE
3347690,"gate_30",17,TRUE,TRUE
3347741,"gate_30",6,FALSE,FALSE
3347876,"gate_30",1,FALSE,FALSE
3347970,"gate_40",8,TRUE,FALSE
3348169,"gate_40",16,TRUE,FALSE
3348235,"gate_30",1,FALSE,FALSE
3348352,"gate_30",136,TRUE,TRUE
3348536,"gate_40",6,FALSE,FALSE
3348775,"gate_40",2,TRUE,FALSE
3348831,"gate_40",12,FALSE,FALSE
3348984,"gate_30",52,TRUE,FALSE
3349129,"gate_40",73,TRUE,FALSE
3349282,"gate_40",18,FALSE,FALSE
3349287,"gate_40",0,FALSE,TRUE
3349343,"gate_30",32,TRUE,FALSE
3349439,"gate_40",9,FALSE,FALSE
3349537,"gate_40",5,FALSE,FALSE
3349616,"gate_30",2,FALSE,FALSE
3349640,"gate_30",23,TRUE,TRUE
3350040,"gate_40",6,FALSE,FALSE
3350409,"gate_30",60,TRUE,FALSE
3350608,"gate_40",12,FALSE,FALSE
3350633,"gate_40",8,FALSE,FALSE
3350699,"gate_40",4,FALSE,FALSE
3350887,"gate_30",89,TRUE,FALSE
3350950,"gate_40",0,FALSE,FALSE
3351010,"gate_40",23,TRUE,FALSE
3351182,"gate_40",41,TRUE,FALSE
3351492,"gate_40",66,TRUE,FALSE
3352062,"gate_30",0,FALSE,FALSE
3352255,"gate_40",141,TRUE,TRUE
3352318,"gate_40",124,TRUE,FALSE
3352367,"gate_40",66,TRUE,FALSE
3352392,"gate_30",5,FALSE,FALSE
3352394,"gate_40",78,TRUE,TRUE
3352449,"gate_30",60,TRUE,FALSE
3352499,"gate_30",36,TRUE,FALSE
3352767,"gate_30",16,FALSE,FALSE
3352950,"gate_30",19,TRUE,FALSE
3353076,"gate_30",6,FALSE,FALSE
3353190,"gate_40",64,TRUE,TRUE
3353465,"gate_40",70,TRUE,FALSE
3353490,"gate_40",9,FALSE,FALSE
3353510,"gate_40",68,TRUE,FALSE
3353621,"gate_30",42,TRUE,FALSE
3353853,"gate_40",6,TRUE,FALSE
3353876,"gate_40",19,FALSE,FALSE
3354084,"gate_40",9,FALSE,FALSE
3354111,"gate_30",43,FALSE,FALSE
3354239,"gate_40",21,TRUE,FALSE
3354302,"gate_40",16,TRUE,FALSE
3354361,"gate_30",16,FALSE,FALSE
3354389,"gate_40",5,FALSE,FALSE
3354445,"gate_40",32,FALSE,FALSE
3354676,"gate_30",5,TRUE,FALSE
3354754,"gate_40",5,FALSE,FALSE
3354764,"gate_30",47,TRUE,FALSE
3354994,"gate_40",6,FALSE,FALSE
3355039,"gate_30",82,TRUE,FALSE
3355202,"gate_40",19,FALSE,FALSE
3355251,"gate_40",10,FALSE,FALSE
3355285,"gate_40",7,FALSE,FALSE
3355504,"gate_30",0,FALSE,FALSE
3355722,"gate_40",11,FALSE,FALSE
3355847,"gate_40",2,FALSE,FALSE
3355949,"gate_30",1,FALSE,FALSE
3355955,"gate_40",37,TRUE,FALSE
3356288,"gate_30",71,FALSE,FALSE
3356381,"gate_30",9,FALSE,FALSE
3356405,"gate_40",54,TRUE,TRUE
3356563,"gate_30",6,FALSE,FALSE
3356616,"gate_40",16,FALSE,FALSE
3356737,"gate_30",100,TRUE,TRUE
3356783,"gate_40",19,TRUE,TRUE
3356835,"gate_30",42,TRUE,FALSE
3356841,"gate_40",2,FALSE,FALSE
3356848,"gate_40",37,FALSE,FALSE
3356886,"gate_30",2,FALSE,FALSE
3356916,"gate_30",68,TRUE,FALSE
3356933,"gate_30",6,FALSE,FALSE
3356985,"gate_40",41,TRUE,FALSE
3357047,"gate_30",15,FALSE,TRUE
3357054,"gate_30",12,FALSE,FALSE
3357096,"gate_30",1,FALSE,FALSE
3357142,"gate_30",1,FALSE,FALSE
3357247,"gate_30",149,TRUE,TRUE
3357375,"gate_40",3,FALSE,FALSE
3357394,"gate_30",49,TRUE,FALSE
3357395,"gate_30",67,TRUE,TRUE
3357415,"gate_30",11,FALSE,FALSE
3357563,"gate_30",27,FALSE,FALSE
3357620,"gate_30",18,FALSE,FALSE
3357707,"gate_40",3,FALSE,FALSE
3357860,"gate_30",7,FALSE,FALSE
3357937,"gate_40",44,TRUE,FALSE
3357967,"gate_40",101,TRUE,TRUE
3358050,"gate_30",11,FALSE,FALSE
3358080,"gate_40",22,FALSE,FALSE
3358102,"gate_40",122,TRUE,TRUE
3358343,"gate_30",13,TRUE,FALSE
3358347,"gate_40",36,FALSE,FALSE
3358504,"gate_30",27,FALSE,FALSE
3358509,"gate_30",30,FALSE,FALSE
3358510,"gate_30",16,TRUE,FALSE
3358567,"gate_40",3,FALSE,FALSE
3358911,"gate_40",5,FALSE,FALSE
3358983,"gate_30",5,FALSE,FALSE
3359241,"gate_30",14,FALSE,FALSE
3359397,"gate_30",2,FALSE,FALSE
3359399,"gate_30",39,TRUE,FALSE
3359434,"gate_40",57,TRUE,FALSE
3359511,"gate_30",54,FALSE,FALSE
3359747,"gate_30",1,FALSE,FALSE
3359785,"gate_40",53,TRUE,FALSE
3359888,"gate_40",167,TRUE,TRUE
3359929,"gate_30",13,FALSE,FALSE
3359937,"gate_40",415,TRUE,TRUE
3359958,"gate_30",15,TRUE,FALSE
3360331,"gate_40",8,FALSE,FALSE
3360366,"gate_30",10,FALSE,FALSE
3360851,"gate_30",19,FALSE,FALSE
3361028,"gate_30",84,TRUE,FALSE
3361090,"gate_30",16,FALSE,FALSE
3361373,"gate_30",7,TRUE,FALSE
3361779,"gate_30",253,TRUE,TRUE
3361937,"gate_40",3,FALSE,FALSE
3362018,"gate_30",30,FALSE,FALSE
3362074,"gate_40",418,TRUE,TRUE
3362136,"gate_30",11,FALSE,FALSE
3362170,"gate_40",4,FALSE,FALSE
3362177,"gate_30",28,FALSE,FALSE
3362368,"gate_40",39,TRUE,FALSE
3362504,"gate_30",18,TRUE,FALSE
3362514,"gate_30",6,FALSE,FALSE
3362574,"gate_30",15,FALSE,FALSE
3362606,"gate_40",9,FALSE,FALSE
3362622,"gate_40",4,FALSE,FALSE
3362791,"gate_40",42,TRUE,TRUE
3362798,"gate_40",6,FALSE,FALSE
3362882,"gate_40",3,FALSE,FALSE
3363102,"gate_40",13,FALSE,FALSE
3363120,"gate_30",2,TRUE,FALSE
3363197,"gate_30",10,FALSE,FALSE
3363288,"gate_40",15,FALSE,FALSE
3363339,"gate_30",7,FALSE,FALSE
3363845,"gate_40",84,TRUE,FALSE
3363894,"gate_30",11,TRUE,FALSE
3364049,"gate_30",1,FALSE,FALSE
3364102,"gate_40",1,FALSE,FALSE
3364159,"gate_30",2,FALSE,FALSE
3364205,"gate_40",9,FALSE,FALSE
3364318,"gate_40",4,FALSE,FALSE
3364846,"gate_30",4,FALSE,FALSE
3364960,"gate_40",63,TRUE,FALSE
3365162,"gate_40",8,FALSE,FALSE
3365256,"gate_40",43,TRUE,TRUE
3365451,"gate_30",3,FALSE,FALSE
3365474,"gate_40",18,FALSE,FALSE
3365616,"gate_40",6,FALSE,FALSE
3365744,"gate_40",27,FALSE,FALSE
3365901,"gate_40",2,FALSE,FALSE
3366069,"gate_30",39,TRUE,FALSE
3366166,"gate_40",118,TRUE,TRUE
3366167,"gate_30",67,TRUE,FALSE
3366186,"gate_40",4,FALSE,FALSE
3366233,"gate_40",3,FALSE,FALSE
3366296,"gate_40",65,TRUE,TRUE
3366500,"gate_30",3,FALSE,FALSE
3366540,"gate_30",12,FALSE,FALSE
3366581,"gate_30",81,TRUE,TRUE
3366651,"gate_30",16,FALSE,FALSE
3366665,"gate_30",14,FALSE,TRUE
3366775,"gate_40",132,TRUE,TRUE
3366783,"gate_30",21,FALSE,FALSE
3367056,"gate_30",164,TRUE,TRUE
3367088,"gate_40",22,TRUE,FALSE
3367165,"gate_30",4,FALSE,FALSE
3367180,"gate_30",30,FALSE,FALSE
3367630,"gate_40",2,FALSE,FALSE
3367876,"gate_30",1,FALSE,FALSE
3367910,"gate_40",1,FALSE,FALSE
3367921,"gate_30",5,FALSE,FALSE
3367934,"gate_30",0,FALSE,FALSE
3368025,"gate_40",254,TRUE,TRUE
3368028,"gate_40",39,FALSE,FALSE
3368137,"gate_30",2,FALSE,FALSE
3368180,"gate_30",140,TRUE,FALSE
3368183,"gate_30",8,TRUE,FALSE
3368247,"gate_30",9,FALSE,FALSE
3368314,"gate_40",1,TRUE,FALSE
3368442,"gate_40",0,FALSE,FALSE
3368478,"gate_40",26,TRUE,FALSE
3368530,"gate_40",1,FALSE,FALSE
3368536,"gate_40",65,TRUE,FALSE
3368607,"gate_40",130,FALSE,TRUE
3368624,"gate_30",9,FALSE,FALSE
3368738,"gate_30",7,FALSE,FALSE
3368799,"gate_40",1,FALSE,FALSE
3369060,"gate_30",4,FALSE,FALSE
3369244,"gate_30",3,FALSE,FALSE
3369273,"gate_30",152,TRUE,TRUE
3369294,"gate_40",6,FALSE,FALSE
3369518,"gate_30",125,TRUE,FALSE
3369597,"gate_40",6,FALSE,FALSE
3369770,"gate_40",0,FALSE,FALSE
3369842,"gate_40",18,TRUE,FALSE
3369856,"gate_30",25,FALSE,FALSE
3369943,"gate_40",9,FALSE,FALSE
3370011,"gate_40",4,FALSE,FALSE
3370348,"gate_30",25,TRUE,FALSE
3370355,"gate_40",36,FALSE,FALSE
3370382,"gate_40",34,FALSE,FALSE
3370400,"gate_40",51,TRUE,FALSE
3370412,"gate_40",41,TRUE,FALSE
3370520,"gate_40",88,TRUE,TRUE
3370735,"gate_40",22,TRUE,FALSE
3370739,"gate_30",3,FALSE,FALSE
3370811,"gate_30",55,TRUE,TRUE
3370842,"gate_30",31,FALSE,FALSE
3370912,"gate_40",17,TRUE,FALSE
3371096,"gate_40",3,FALSE,FALSE
3371100,"gate_40",10,TRUE,FALSE
3371140,"gate_30",6,FALSE,FALSE
3371189,"gate_30",82,TRUE,FALSE
3371296,"gate_40",4,FALSE,FALSE
3371509,"gate_30",51,TRUE,FALSE
3371668,"gate_40",3,FALSE,FALSE
3371738,"gate_40",21,TRUE,FALSE
3371854,"gate_40",67,FALSE,FALSE
3372065,"gate_40",7,TRUE,FALSE
3372131,"gate_30",9,FALSE,FALSE
3372537,"gate_30",13,FALSE,FALSE
3372546,"gate_40",6,FALSE,FALSE
3372562,"gate_40",8,FALSE,FALSE
3372734,"gate_40",13,TRUE,FALSE
3372963,"gate_30",7,FALSE,FALSE
3373206,"gate_40",24,TRUE,TRUE
3373210,"gate_40",367,TRUE,TRUE
3373232,"gate_40",15,FALSE,FALSE
3373313,"gate_30",84,TRUE,TRUE
3373418,"gate_30",5,FALSE,FALSE
3373469,"gate_40",40,TRUE,FALSE
3373746,"gate_40",1,FALSE,FALSE
3373749,"gate_30",185,TRUE,TRUE
3373761,"gate_40",19,FALSE,FALSE
3373828,"gate_30",15,TRUE,FALSE
3374022,"gate_40",24,FALSE,FALSE
3374042,"gate_30",0,FALSE,FALSE
3374076,"gate_30",37,FALSE,FALSE
3374116,"gate_40",0,FALSE,FALSE
3374137,"gate_40",133,TRUE,TRUE
3374198,"gate_40",7,TRUE,FALSE
3374285,"gate_30",1,FALSE,TRUE
3374304,"gate_40",3,FALSE,FALSE
3374429,"gate_30",46,TRUE,FALSE
3374663,"gate_30",13,FALSE,FALSE
3374674,"gate_40",137,TRUE,TRUE
3374727,"gate_30",101,TRUE,FALSE
3374731,"gate_30",51,TRUE,FALSE
3374855,"gate_30",18,FALSE,FALSE
3374897,"gate_30",2,FALSE,FALSE
3374919,"gate_40",4,FALSE,FALSE
3374993,"gate_40",40,FALSE,FALSE
3375050,"gate_40",39,TRUE,FALSE
3375124,"gate_40",29,TRUE,FALSE
3375128,"gate_40",2,FALSE,FALSE
3375138,"gate_40",12,TRUE,FALSE
3375167,"gate_40",330,FALSE,FALSE
3375183,"gate_40",0,FALSE,FALSE
3375228,"gate_40",69,TRUE,FALSE
3375290,"gate_40",7,FALSE,FALSE
3375305,"gate_40",11,FALSE,FALSE
3375311,"gate_30",1,FALSE,FALSE
3375324,"gate_30",2,FALSE,FALSE
3375400,"gate_30",14,FALSE,FALSE
3375433,"gate_40",271,FALSE,TRUE
3375469,"gate_40",40,FALSE,FALSE
3375483,"gate_40",9,TRUE,FALSE
3375666,"gate_30",7,FALSE,FALSE
3375720,"gate_40",27,TRUE,FALSE
3375918,"gate_40",5,FALSE,FALSE
3376057,"gate_40",5,TRUE,FALSE
3376115,"gate_40",16,TRUE,FALSE
3376181,"gate_30",2,FALSE,FALSE
3376183,"gate_30",6,FALSE,FALSE
3376454,"gate_30",57,FALSE,FALSE
3376482,"gate_40",0,FALSE,FALSE
3376584,"gate_30",9,FALSE,FALSE
3376701,"gate_40",2,FALSE,FALSE
3376707,"gate_30",2,FALSE,FALSE
3376949,"gate_30",542,TRUE,TRUE
3376997,"gate_30",11,TRUE,FALSE
3377008,"gate_30",230,TRUE,TRUE
3377030,"gate_40",52,FALSE,TRUE
3377167,"gate_30",23,FALSE,TRUE
3377294,"gate_30",18,FALSE,FALSE
3377399,"gate_30",456,TRUE,TRUE
3377583,"gate_30",15,TRUE,FALSE
3377763,"gate_30",5,FALSE,FALSE
3377824,"gate_40",18,TRUE,FALSE
3377976,"gate_40",117,TRUE,FALSE
3378118,"gate_30",0,FALSE,FALSE
3378162,"gate_30",58,TRUE,FALSE
3378273,"gate_40",55,TRUE,TRUE
3378307,"gate_40",138,TRUE,TRUE
3378457,"gate_30",2,FALSE,FALSE
3378518,"gate_40",11,TRUE,FALSE
3378592,"gate_40",3,FALSE,FALSE
3378872,"gate_30",8,FALSE,FALSE
3379052,"gate_30",213,TRUE,TRUE
3379149,"gate_40",1,FALSE,FALSE
3379255,"gate_30",47,TRUE,FALSE
3379322,"gate_30",27,FALSE,FALSE
3379405,"gate_40",39,TRUE,TRUE
3379580,"gate_40",2,FALSE,FALSE
3379791,"gate_30",2,FALSE,FALSE
3379846,"gate_30",122,FALSE,TRUE
3379990,"gate_30",68,TRUE,TRUE
3380074,"gate_30",191,TRUE,TRUE
3380265,"gate_30",3,FALSE,FALSE
3380435,"gate_40",3,FALSE,FALSE
3380578,"gate_30",6,FALSE,FALSE
3380607,"gate_30",17,TRUE,FALSE
3380737,"gate_40",5,FALSE,FALSE
3380930,"gate_30",47,TRUE,TRUE
3380985,"gate_40",15,TRUE,FALSE
3381165,"gate_40",10,FALSE,FALSE
3381199,"gate_40",34,TRUE,FALSE
3381366,"gate_40",43,TRUE,FALSE
3381508,"gate_40",46,TRUE,FALSE
3381546,"gate_30",21,FALSE,FALSE
3381607,"gate_40",7,FALSE,FALSE
3381720,"gate_40",32,FALSE,TRUE
3381820,"gate_40",8,FALSE,FALSE
3381855,"gate_40",57,TRUE,FALSE
3381859,"gate_40",299,TRUE,TRUE
3382077,"gate_30",4,FALSE,FALSE
3382239,"gate_40",5,FALSE,FALSE
3382244,"gate_30",16,TRUE,FALSE
3382251,"gate_40",2,FALSE,FALSE
3382263,"gate_30",6,FALSE,FALSE
3382348,"gate_30",1,FALSE,FALSE
3382362,"gate_40",1,FALSE,FALSE
3382458,"gate_40",234,TRUE,TRUE
3382473,"gate_30",43,FALSE,TRUE
3382614,"gate_30",8,FALSE,FALSE
3382784,"gate_30",15,FALSE,FALSE
3382826,"gate_30",9,FALSE,FALSE
3382896,"gate_30",22,FALSE,TRUE
3382904,"gate_30",44,FALSE,TRUE
3382981,"gate_40",17,TRUE,FALSE
3383172,"gate_30",14,FALSE,FALSE
3383375,"gate_30",6,FALSE,FALSE
3383480,"gate_40",3,FALSE,FALSE
3383535,"gate_40",5,FALSE,FALSE
3383543,"gate_30",55,TRUE,TRUE
3383638,"gate_40",15,FALSE,FALSE
3383893,"gate_30",1,FALSE,FALSE
3383941,"gate_40",1,FALSE,FALSE
3384312,"gate_40",25,FALSE,FALSE
3384734,"gate_30",27,FALSE,FALSE
3384743,"gate_30",145,TRUE,FALSE
3384854,"gate_30",2,FALSE,FALSE
3384869,"gate_30",47,TRUE,FALSE
3384969,"gate_30",2,FALSE,FALSE
3385219,"gate_30",9,TRUE,FALSE
3385621,"gate_30",4,FALSE,FALSE
3385676,"gate_30",33,FALSE,FALSE
3385679,"gate_40",13,FALSE,FALSE
3385741,"gate_30",9,FALSE,FALSE
3385753,"gate_30",19,FALSE,FALSE
3385790,"gate_40",0,FALSE,FALSE
3385949,"gate_30",276,TRUE,TRUE
3386160,"gate_40",32,FALSE,FALSE
3386199,"gate_40",96,TRUE,FALSE
3386202,"gate_40",46,TRUE,FALSE
3386336,"gate_30",28,FALSE,FALSE
3386546,"gate_40",0,FALSE,FALSE
3386552,"gate_40",4,TRUE,FALSE
3386618,"gate_30",14,FALSE,FALSE
3386743,"gate_30",35,TRUE,FALSE
3387088,"gate_30",22,TRUE,FALSE
3387280,"gate_40",0,FALSE,FALSE
3387485,"gate_30",1,FALSE,FALSE
3387617,"gate_40",34,FALSE,FALSE
3387783,"gate_30",1,FALSE,FALSE
3387846,"gate_40",90,TRUE,FALSE
3387967,"gate_40",9,FALSE,FALSE
3387972,"gate_30",23,FALSE,FALSE
3388126,"gate_40",10,TRUE,FALSE
3388226,"gate_40",169,TRUE,FALSE
3388296,"gate_40",14,FALSE,FALSE
3388314,"gate_40",45,TRUE,TRUE
3388341,"gate_40",16,TRUE,FALSE
3388749,"gate_40",6,FALSE,FALSE
3388808,"gate_40",123,TRUE,TRUE
3388835,"gate_40",0,FALSE,FALSE
3388858,"gate_30",4,FALSE,FALSE
3389093,"gate_30",6,FALSE,FALSE
3389274,"gate_30",1,FALSE,FALSE
3389301,"gate_30",4,FALSE,FALSE
3389310,"gate_30",92,TRUE,FALSE
3389363,"gate_40",59,TRUE,FALSE
3389491,"gate_40",11,TRUE,FALSE
3389554,"gate_30",5,TRUE,FALSE
3389571,"gate_40",29,TRUE,TRUE
3389596,"gate_30",5,FALSE,FALSE
3389733,"gate_40",17,FALSE,FALSE
3389742,"gate_40",92,TRUE,FALSE
3389945,"gate_40",28,TRUE,FALSE
3389967,"gate_40",61,FALSE,TRUE
3390076,"gate_30",18,FALSE,FALSE
3390095,"gate_30",9,TRUE,FALSE
3390291,"gate_30",51,FALSE,TRUE
3390693,"gate_30",34,TRUE,FALSE
3390728,"gate_40",64,TRUE,TRUE
3390752,"gate_30",2,TRUE,FALSE
3391124,"gate_40",2,FALSE,FALSE
3391303,"gate_30",54,FALSE,TRUE
3391415,"gate_30",4,FALSE,FALSE
3391506,"gate_30",191,FALSE,FALSE
3391561,"gate_30",32,FALSE,FALSE
3391629,"gate_40",35,FALSE,FALSE
3391660,"gate_30",70,TRUE,FALSE
3391882,"gate_30",50,TRUE,FALSE
3392032,"gate_40",456,TRUE,TRUE
3392508,"gate_40",85,TRUE,FALSE
3392588,"gate_40",122,TRUE,TRUE
3392622,"gate_30",270,TRUE,FALSE
3392690,"gate_30",103,TRUE,TRUE
3392923,"gate_30",13,FALSE,FALSE
3393021,"gate_30",15,FALSE,FALSE
3393023,"gate_30",1,FALSE,FALSE
3393111,"gate_30",1,FALSE,FALSE
3393224,"gate_30",92,TRUE,FALSE
3393275,"gate_40",9,TRUE,FALSE
3393279,"gate_40",56,TRUE,FALSE
3393437,"gate_40",9,FALSE,FALSE
3393556,"gate_30",9,FALSE,FALSE
3393711,"gate_30",190,TRUE,TRUE
3393757,"gate_30",1,FALSE,FALSE
3393865,"gate_30",22,TRUE,FALSE
3393890,"gate_30",108,TRUE,TRUE
3393943,"gate_40",3,FALSE,FALSE
3393956,"gate_30",59,TRUE,FALSE
3393971,"gate_40",3,FALSE,FALSE
3393992,"gate_30",18,FALSE,FALSE
3394031,"gate_30",27,TRUE,TRUE
3394032,"gate_30",34,FALSE,FALSE
3394055,"gate_40",60,TRUE,TRUE
3394098,"gate_40",179,TRUE,FALSE
3394121,"gate_30",25,TRUE,FALSE
3394244,"gate_30",22,FALSE,FALSE
3394511,"gate_40",6,FALSE,FALSE
3394514,"gate_30",33,FALSE,FALSE
3394957,"gate_30",0,FALSE,FALSE
3394970,"gate_30",31,TRUE,TRUE
3394998,"gate_30",35,TRUE,FALSE
3395190,"gate_30",14,FALSE,FALSE
3395317,"gate_40",31,TRUE,TRUE
3395359,"gate_30",28,TRUE,FALSE
3395661,"gate_30",2,FALSE,FALSE
3395819,"gate_30",3,FALSE,FALSE
3395836,"gate_40",19,TRUE,FALSE
3395925,"gate_40",21,TRUE,FALSE
3395938,"gate_40",19,FALSE,FALSE
3395994,"gate_40",8,FALSE,FALSE
3396016,"gate_40",1,FALSE,FALSE
3396079,"gate_40",19,TRUE,FALSE
3396171,"gate_30",12,FALSE,FALSE
3396240,"gate_40",24,FALSE,FALSE
3396471,"gate_40",10,FALSE,FALSE
3396504,"gate_40",0,FALSE,FALSE
3396529,"gate_30",168,TRUE,FALSE
3396551,"gate_40",59,TRUE,FALSE
3396905,"gate_30",38,FALSE,FALSE
3397105,"gate_40",5,FALSE,FALSE
3397252,"gate_40",5,FALSE,FALSE
3397258,"gate_40",1,FALSE,FALSE
3397317,"gate_40",0,FALSE,FALSE
3397497,"gate_30",23,TRUE,FALSE
3397523,"gate_30",205,TRUE,TRUE
3397684,"gate_30",114,TRUE,FALSE
3397754,"gate_30",1,FALSE,FALSE
3397759,"gate_30",15,FALSE,FALSE
3397827,"gate_40",12,TRUE,FALSE
3398576,"gate_40",7,FALSE,FALSE
3398590,"gate_40",3,TRUE,FALSE
3398629,"gate_30",27,TRUE,TRUE
3398853,"gate_40",18,TRUE,FALSE
3398959,"gate_40",1,FALSE,FALSE
3399255,"gate_30",1,FALSE,FALSE
3399441,"gate_30",73,FALSE,FALSE
3399480,"gate_40",1,FALSE,FALSE
3399628,"gate_30",1,FALSE,FALSE
3399650,"gate_30",0,FALSE,FALSE
3399774,"gate_30",48,TRUE,FALSE
3399783,"gate_40",3,FALSE,FALSE
3400119,"gate_30",79,TRUE,TRUE
3400160,"gate_40",4,FALSE,FALSE
3400803,"gate_30",8,FALSE,FALSE
3400929,"gate_40",3,FALSE,FALSE
3401007,"gate_40",63,FALSE,FALSE
3401074,"gate_30",118,TRUE,TRUE
3401490,"gate_30",24,FALSE,TRUE
3401668,"gate_30",6,FALSE,FALSE
3401712,"gate_40",1,FALSE,FALSE
3401744,"gate_40",16,FALSE,TRUE
3401797,"gate_30",45,FALSE,FALSE
3401897,"gate_30",61,TRUE,FALSE
3402058,"gate_30",577,TRUE,TRUE
3402213,"gate_30",158,TRUE,FALSE
3402417,"gate_30",422,TRUE,TRUE
3402459,"gate_30",78,FALSE,FALSE
3402483,"gate_40",33,FALSE,FALSE
3402487,"gate_40",20,TRUE,FALSE
3402666,"gate_30",38,TRUE,FALSE
3402744,"gate_40",32,FALSE,FALSE
3402826,"gate_40",55,TRUE,FALSE
3402904,"gate_30",0,FALSE,FALSE
3402989,"gate_40",0,FALSE,FALSE
3403032,"gate_40",9,FALSE,FALSE
3403165,"gate_30",1,FALSE,FALSE
3403182,"gate_40",2,FALSE,FALSE
3403347,"gate_40",1,FALSE,FALSE
3403476,"gate_30",13,FALSE,FALSE
3403717,"gate_30",10,FALSE,FALSE
3403754,"gate_30",10,FALSE,FALSE
3403819,"gate_30",58,TRUE,FALSE
3403823,"gate_30",86,TRUE,TRUE
3403832,"gate_30",97,TRUE,FALSE
3403895,"gate_30",5,FALSE,FALSE
3404048,"gate_30",39,FALSE,FALSE
3404083,"gate_40",3,FALSE,FALSE
3404128,"gate_30",1,FALSE,FALSE
3404193,"gate_40",171,TRUE,TRUE
3404226,"gate_40",26,TRUE,FALSE
3404349,"gate_30",52,TRUE,TRUE
3404403,"gate_40",16,FALSE,FALSE
3404416,"gate_40",117,TRUE,TRUE
3404818,"gate_30",201,TRUE,FALSE
3405228,"gate_40",134,FALSE,TRUE
3405230,"gate_40",39,TRUE,FALSE
3405280,"gate_40",17,FALSE,FALSE
3405290,"gate_40",22,FALSE,TRUE
3405471,"gate_40",10,FALSE,FALSE
3405628,"gate_30",18,FALSE,FALSE
3405759,"gate_40",17,TRUE,FALSE
3405788,"gate_40",1,FALSE,FALSE
3405965,"gate_40",51,TRUE,FALSE
3406360,"gate_30",37,TRUE,FALSE
3406387,"gate_30",29,TRUE,FALSE
3406504,"gate_30",19,FALSE,FALSE
3406521,"gate_30",4,FALSE,FALSE
3406556,"gate_30",29,TRUE,FALSE
3406574,"gate_30",34,FALSE,FALSE
3406748,"gate_30",17,TRUE,FALSE
3407054,"gate_30",4,FALSE,FALSE
3407078,"gate_40",100,TRUE,TRUE
3407143,"gate_40",0,FALSE,FALSE
3407171,"gate_40",4,TRUE,FALSE
3407235,"gate_30",7,FALSE,FALSE
3407388,"gate_40",43,FALSE,FALSE
3407548,"gate_40",11,FALSE,FALSE
3407566,"gate_40",156,TRUE,FALSE
3407635,"gate_30",222,TRUE,TRUE
3407713,"gate_40",55,TRUE,FALSE
3407956,"gate_30",248,TRUE,TRUE
3407964,"gate_30",106,TRUE,TRUE
3408065,"gate_40",41,TRUE,FALSE
3408093,"gate_30",9,FALSE,FALSE
3408265,"gate_30",20,FALSE,FALSE
3408386,"gate_30",10,FALSE,FALSE
3408394,"gate_30",22,FALSE,FALSE
3408456,"gate_40",93,FALSE,TRUE
3408556,"gate_40",12,FALSE,FALSE
3408667,"gate_30",13,TRUE,FALSE
3408687,"gate_30",0,FALSE,FALSE
3408995,"gate_40",11,TRUE,FALSE
3409047,"gate_40",189,FALSE,TRUE
3409452,"gate_30",14,FALSE,FALSE
3409599,"gate_40",0,FALSE,FALSE
3409685,"gate_40",17,TRUE,FALSE
3409772,"gate_40",2,FALSE,FALSE
3409952,"gate_30",3,FALSE,FALSE
3410012,"gate_40",8,FALSE,FALSE
3410022,"gate_40",75,TRUE,FALSE
3410144,"gate_30",31,FALSE,FALSE
3410195,"gate_40",1,FALSE,FALSE
3410218,"gate_30",18,TRUE,FALSE
3410226,"gate_40",33,TRUE,FALSE
3410409,"gate_30",10,FALSE,FALSE
3410459,"gate_30",4,FALSE,FALSE
3410463,"gate_40",56,TRUE,FALSE
3410467,"gate_40",81,TRUE,TRUE
3410658,"gate_30",30,TRUE,FALSE
3410665,"gate_30",20,TRUE,FALSE
3410698,"gate_40",33,FALSE,FALSE
3410721,"gate_30",22,FALSE,FALSE
3410859,"gate_40",60,TRUE,FALSE
3410944,"gate_30",87,TRUE,TRUE
3410966,"gate_30",18,FALSE,FALSE
3411008,"gate_40",0,FALSE,FALSE
3411059,"gate_30",119,TRUE,TRUE
3411086,"gate_40",23,TRUE,FALSE
3411122,"gate_30",1,FALSE,FALSE
3411138,"gate_30",1,FALSE,FALSE
3411201,"gate_40",48,FALSE,FALSE
3411206,"gate_40",17,FALSE,FALSE
3411364,"gate_40",8,FALSE,FALSE
3411366,"gate_30",71,TRUE,TRUE
3411707,"gate_30",1,FALSE,FALSE
3411752,"gate_40",7,FALSE,FALSE
3411754,"gate_30",6,FALSE,FALSE
3411758,"gate_40",181,TRUE,TRUE
3411820,"gate_30",1,FALSE,FALSE
3412067,"gate_40",45,TRUE,FALSE
3412141,"gate_40",5,FALSE,FALSE
3412327,"gate_40",1,FALSE,FALSE
3412579,"gate_30",25,FALSE,FALSE
3412805,"gate_40",7,TRUE,FALSE
3412966,"gate_40",76,TRUE,TRUE
3413073,"gate_30",138,TRUE,TRUE
3413225,"gate_40",90,FALSE,TRUE
3413279,"gate_40",51,TRUE,FALSE
3413294,"gate_30",20,TRUE,FALSE
3413310,"gate_40",16,FALSE,FALSE
3413403,"gate_40",16,FALSE,FALSE
3413616,"gate_30",97,TRUE,TRUE
3413679,"gate_30",525,TRUE,TRUE
3413907,"gate_30",52,FALSE,FALSE
3414406,"gate_40",149,TRUE,FALSE
3414603,"gate_40",9,TRUE,FALSE
3414687,"gate_30",19,FALSE,FALSE
3414733,"gate_30",143,TRUE,TRUE
3415182,"gate_40",4,FALSE,FALSE
3415259,"gate_30",82,TRUE,FALSE
3415612,"gate_40",1,FALSE,FALSE
3415613,"gate_40",39,TRUE,FALSE
3415644,"gate_30",4,FALSE,FALSE
3415864,"gate_30",20,FALSE,FALSE
3415908,"gate_40",491,TRUE,TRUE
3415948,"gate_40",21,FALSE,FALSE
3415950,"gate_30",0,FALSE,FALSE
3416129,"gate_30",3,FALSE,FALSE
3416401,"gate_40",30,TRUE,FALSE
3416498,"gate_40",77,TRUE,TRUE
3416511,"gate_30",6,FALSE,FALSE
3416839,"gate_30",7,TRUE,FALSE
3416841,"gate_40",242,TRUE,TRUE
3416847,"gate_30",77,FALSE,TRUE
3416879,"gate_30",15,TRUE,FALSE
3416946,"gate_40",11,TRUE,FALSE
3417004,"gate_40",32,TRUE,FALSE
3417114,"gate_30",131,TRUE,FALSE
3417156,"gate_30",3,FALSE,FALSE
3417301,"gate_40",19,FALSE,FALSE
3417330,"gate_30",35,FALSE,TRUE
3417459,"gate_30",42,TRUE,TRUE
3417665,"gate_30",231,TRUE,TRUE
3417692,"gate_40",27,TRUE,FALSE
3417709,"gate_40",3,FALSE,FALSE
3417717,"gate_40",31,TRUE,FALSE
3417768,"gate_30",34,FALSE,FALSE
3417799,"gate_30",12,TRUE,FALSE
3417952,"gate_40",33,TRUE,FALSE
3418035,"gate_30",5,FALSE,FALSE
3418088,"gate_40",93,TRUE,TRUE
3418232,"gate_30",226,TRUE,TRUE
3418701,"gate_40",24,TRUE,TRUE
3418757,"gate_40",1,FALSE,FALSE
3418795,"gate_40",4,FALSE,FALSE
3419185,"gate_30",427,FALSE,TRUE
3419212,"gate_30",29,FALSE,FALSE
3419466,"gate_40",7,FALSE,TRUE
3419609,"gate_40",97,TRUE,TRUE
3419743,"gate_30",6,FALSE,FALSE
3419761,"gate_30",17,TRUE,FALSE
3420142,"gate_30",54,TRUE,FALSE
3420187,"gate_30",244,TRUE,TRUE
3420354,"gate_40",116,TRUE,TRUE
3420412,"gate_40",7,FALSE,FALSE
3420422,"gate_30",273,TRUE,TRUE
3420508,"gate_30",16,FALSE,TRUE
3420541,"gate_40",0,FALSE,FALSE
3420573,"gate_30",33,FALSE,FALSE
3420659,"gate_30",1,FALSE,FALSE
3420698,"gate_40",222,TRUE,TRUE
3420754,"gate_40",215,TRUE,TRUE
3420786,"gate_30",6,FALSE,FALSE
3420793,"gate_40",80,FALSE,FALSE
3420819,"gate_30",30,TRUE,TRUE
3420973,"gate_30",1,FALSE,FALSE
3421083,"gate_30",34,FALSE,FALSE
3421086,"gate_40",7,FALSE,FALSE
3421297,"gate_40",0,FALSE,FALSE
3421330,"gate_40",26,FALSE,FALSE
3421677,"gate_40",8,FALSE,FALSE
3421988,"gate_40",14,FALSE,FALSE
3422143,"gate_30",16,FALSE,FALSE
3422177,"gate_40",184,TRUE,TRUE
3422192,"gate_40",47,TRUE,FALSE
3422202,"gate_30",2,FALSE,FALSE
3422234,"gate_40",9,FALSE,FALSE
3422420,"gate_40",142,TRUE,TRUE
3422437,"gate_30",0,FALSE,FALSE
3422448,"gate_40",91,TRUE,FALSE
3422451,"gate_30",6,FALSE,FALSE
3422545,"gate_30",27,FALSE,FALSE
3422560,"gate_30",55,FALSE,FALSE
3422767,"gate_40",93,FALSE,FALSE
3422873,"gate_30",4,FALSE,FALSE
3423006,"gate_30",4,FALSE,FALSE
3423431,"gate_30",116,TRUE,TRUE
3423568,"gate_40",4,TRUE,FALSE
3423636,"gate_40",0,FALSE,FALSE
3423680,"gate_40",0,FALSE,FALSE
3423765,"gate_40",1,FALSE,FALSE
3423826,"gate_30",7,TRUE,FALSE
3423846,"gate_30",11,FALSE,FALSE
3423940,"gate_40",32,TRUE,FALSE
3424176,"gate_40",3,FALSE,FALSE
3424183,"gate_40",22,TRUE,FALSE
3424238,"gate_30",7,FALSE,FALSE
3424410,"gate_30",135,TRUE,FALSE
3424420,"gate_30",7,FALSE,FALSE
3424478,"gate_40",5,FALSE,FALSE
3424729,"gate_40",17,FALSE,FALSE
3424807,"gate_30",193,TRUE,TRUE
3425056,"gate_40",68,TRUE,TRUE
3425094,"gate_30",61,TRUE,TRUE
3425367,"gate_40",40,TRUE,FALSE
3425389,"gate_30",7,FALSE,FALSE
3425564,"gate_40",27,TRUE,TRUE
3425868,"gate_40",10,FALSE,FALSE
3426006,"gate_40",67,FALSE,TRUE
3426160,"gate_40",1,FALSE,FALSE
3426394,"gate_40",13,FALSE,FALSE
3426462,"gate_30",11,FALSE,FALSE
3426481,"gate_40",33,TRUE,FALSE
3426765,"gate_40",27,FALSE,FALSE
3426783,"gate_40",3,FALSE,FALSE
3427115,"gate_40",134,FALSE,TRUE
3427181,"gate_40",23,TRUE,FALSE
3427328,"gate_40",1,FALSE,FALSE
3427349,"gate_40",64,TRUE,TRUE
3427761,"gate_30",86,TRUE,FALSE
3427992,"gate_40",173,TRUE,TRUE
3428173,"gate_30",337,TRUE,TRUE
3428383,"gate_40",107,TRUE,FALSE
3428546,"gate_40",14,FALSE,FALSE
3428596,"gate_40",42,TRUE,TRUE
3428656,"gate_40",410,TRUE,FALSE
3428705,"gate_30",0,FALSE,FALSE
3428725,"gate_40",70,TRUE,FALSE
3428763,"gate_40",36,FALSE,TRUE
3428766,"gate_30",3,FALSE,FALSE
3428836,"gate_30",409,TRUE,TRUE
3428905,"gate_40",243,TRUE,TRUE
3428956,"gate_40",19,TRUE,FALSE
3429077,"gate_40",121,FALSE,FALSE
3429103,"gate_40",10,FALSE,FALSE
3429147,"gate_30",39,TRUE,FALSE
3429216,"gate_30",33,TRUE,FALSE
3429359,"gate_30",93,TRUE,TRUE
3429505,"gate_30",119,TRUE,FALSE
3429540,"gate_30",33,FALSE,FALSE
3429643,"gate_40",1,FALSE,FALSE
3429652,"gate_40",22,TRUE,FALSE
3429969,"gate_40",1,FALSE,FALSE
3429973,"gate_40",18,TRUE,FALSE
3430103,"gate_30",178,TRUE,FALSE
3430180,"gate_40",15,FALSE,FALSE
3430428,"gate_30",59,TRUE,FALSE
3430552,"gate_40",4,FALSE,FALSE
3430728,"gate_30",1,TRUE,FALSE
3430788,"gate_40",114,TRUE,TRUE
3431274,"gate_40",60,FALSE,TRUE
3431330,"gate_40",174,TRUE,TRUE
3431469,"gate_30",19,FALSE,FALSE
3431518,"gate_40",20,TRUE,FALSE
3431926,"gate_30",1,FALSE,FALSE
3432111,"gate_40",6,TRUE,FALSE
3432230,"gate_30",63,TRUE,FALSE
3432321,"gate_30",23,TRUE,FALSE
3432335,"gate_30",49,TRUE,TRUE
3432346,"gate_30",48,TRUE,FALSE
3432420,"gate_30",54,TRUE,FALSE
3432436,"gate_30",2,FALSE,FALSE
3432613,"gate_40",151,FALSE,FALSE
3432703,"gate_30",14,FALSE,FALSE
3432728,"gate_30",125,FALSE,TRUE
3432839,"gate_40",23,TRUE,FALSE
3432842,"gate_40",4,FALSE,FALSE
3433251,"gate_40",20,FALSE,FALSE
3433255,"gate_30",0,FALSE,FALSE
3433260,"gate_40",185,TRUE,TRUE
3433667,"gate_30",5,TRUE,FALSE
3433831,"gate_30",0,FALSE,FALSE
3433998,"gate_30",146,TRUE,FALSE
3434066,"gate_40",30,FALSE,FALSE
3434143,"gate_40",4,TRUE,FALSE
3434344,"gate_40",6,FALSE,FALSE
3434585,"gate_40",5,TRUE,FALSE
3434782,"gate_40",0,FALSE,FALSE
3434793,"gate_40",1,FALSE,FALSE
3435064,"gate_30",16,TRUE,TRUE
3435151,"gate_30",167,TRUE,FALSE
3435288,"gate_30",8,FALSE,FALSE
3435425,"gate_40",36,FALSE,FALSE
3435718,"gate_30",2,FALSE,FALSE
3435779,"gate_40",141,TRUE,TRUE
3435817,"gate_40",22,FALSE,FALSE
3435823,"gate_40",7,FALSE,FALSE
3435907,"gate_40",55,TRUE,TRUE
3435973,"gate_40",58,FALSE,FALSE
3435979,"gate_40",1,FALSE,FALSE
3436399,"gate_30",60,TRUE,TRUE
3436469,"gate_40",46,TRUE,TRUE
3436533,"gate_30",16,FALSE,FALSE
3436891,"gate_30",2,FALSE,FALSE
3436912,"gate_40",2,FALSE,FALSE
3437030,"gate_30",48,TRUE,FALSE
3437107,"gate_30",16,TRUE,FALSE
3437308,"gate_30",41,TRUE,FALSE
3437315,"gate_30",9,FALSE,FALSE
3437468,"gate_40",151,TRUE,TRUE
3437515,"gate_40",4,FALSE,FALSE
3437730,"gate_40",17,FALSE,FALSE
3437981,"gate_30",11,FALSE,FALSE
3438038,"gate_30",406,TRUE,TRUE
3438223,"gate_30",163,TRUE,TRUE
3438286,"gate_30",46,TRUE,FALSE
3438515,"gate_30",5,FALSE,FALSE
3438561,"gate_30",95,TRUE,TRUE
3438682,"gate_30",237,TRUE,TRUE
3438954,"gate_40",35,FALSE,FALSE
3439123,"gate_40",3,FALSE,FALSE
3439280,"gate_40",14,FALSE,FALSE
3439471,"gate_30",1,FALSE,FALSE
3439510,"gate_30",4,FALSE,FALSE
3439759,"gate_40",17,TRUE,FALSE
3440284,"gate_40",59,TRUE,FALSE
3440527,"gate_30",5,FALSE,FALSE
3440604,"gate_40",335,TRUE,TRUE
3440648,"gate_30",29,FALSE,TRUE
3440790,"gate_30",72,TRUE,FALSE
3440859,"gate_30",26,TRUE,FALSE
3441096,"gate_40",17,TRUE,FALSE
3441120,"gate_30",1,FALSE,FALSE
3441156,"gate_30",7,FALSE,FALSE
3441205,"gate_40",93,TRUE,FALSE
3441268,"gate_40",15,TRUE,FALSE
3441309,"gate_40",49,FALSE,FALSE
3441534,"gate_30",42,FALSE,FALSE
3441602,"gate_30",92,TRUE,FALSE
3441675,"gate_30",13,FALSE,FALSE
3441771,"gate_30",224,FALSE,TRUE
3441943,"gate_30",121,TRUE,FALSE
3441996,"gate_30",4,FALSE,FALSE
3442068,"gate_40",5,FALSE,FALSE
3442207,"gate_30",20,FALSE,FALSE
3442237,"gate_30",36,FALSE,FALSE
3442352,"gate_40",27,TRUE,FALSE
3442407,"gate_30",2,FALSE,FALSE
3442513,"gate_30",20,FALSE,FALSE
3442636,"gate_40",13,TRUE,FALSE
3442656,"gate_40",0,FALSE,FALSE
3442679,"gate_40",20,FALSE,FALSE
3442693,"gate_30",16,TRUE,FALSE
3442754,"gate_30",37,FALSE,FALSE
3442788,"gate_40",0,FALSE,FALSE
3442815,"gate_40",4,FALSE,TRUE
3442869,"gate_30",0,FALSE,FALSE
3443072,"gate_30",24,FALSE,FALSE
3443266,"gate_40",39,TRUE,FALSE
3443434,"gate_40",2,FALSE,FALSE
3443452,"gate_40",60,TRUE,FALSE
3443489,"gate_40",18,TRUE,FALSE
3443814,"gate_30",1,FALSE,FALSE
3443828,"gate_30",784,TRUE,TRUE
3443886,"gate_30",201,TRUE,TRUE
3443997,"gate_30",102,TRUE,FALSE
3444000,"gate_30",14,FALSE,FALSE
3444037,"gate_30",30,TRUE,TRUE
3444087,"gate_30",23,TRUE,FALSE
3444116,"gate_30",10,FALSE,FALSE
3444205,"gate_40",10,FALSE,FALSE
3444329,"gate_40",3,FALSE,FALSE
3444332,"gate_40",4,FALSE,FALSE
3444703,"gate_30",127,TRUE,TRUE
3444734,"gate_30",5,FALSE,FALSE
3444754,"gate_30",32,TRUE,FALSE
3444831,"gate_40",5,TRUE,FALSE
3445077,"gate_40",0,FALSE,FALSE
3445125,"gate_30",8,FALSE,FALSE
3445236,"gate_40",53,TRUE,FALSE
3445320,"gate_40",13,FALSE,FALSE
3445386,"gate_30",63,TRUE,FALSE
3445488,"gate_40",304,TRUE,TRUE
3445577,"gate_40",732,TRUE,TRUE
3445731,"gate_30",1,TRUE,FALSE
3445799,"gate_30",15,FALSE,FALSE
3445840,"gate_30",48,FALSE,FALSE
3445841,"gate_40",2,FALSE,FALSE
3446099,"gate_30",17,TRUE,FALSE
3446114,"gate_40",117,TRUE,TRUE
3446310,"gate_40",9,FALSE,FALSE
3446401,"gate_40",8,TRUE,FALSE
3446427,"gate_40",35,FALSE,FALSE
3446548,"gate_40",22,FALSE,FALSE
3446614,"gate_30",1,FALSE,FALSE
3446695,"gate_30",6,FALSE,TRUE
3446854,"gate_40",30,FALSE,FALSE
3446965,"gate_40",16,FALSE,FALSE
3447270,"gate_40",11,TRUE,FALSE
3447301,"gate_30",14,FALSE,FALSE
3447319,"gate_40",7,FALSE,FALSE
3447497,"gate_30",2,FALSE,FALSE
3447592,"gate_40",3,FALSE,FALSE
3447662,"gate_40",3,FALSE,FALSE
3447693,"gate_40",20,FALSE,FALSE
3447856,"gate_30",22,TRUE,FALSE
3447948,"gate_30",2,TRUE,FALSE
3448108,"gate_40",7,FALSE,FALSE
3448367,"gate_40",25,FALSE,TRUE
3448484,"gate_30",2,FALSE,FALSE
3448670,"gate_30",37,FALSE,FALSE
3448718,"gate_30",1,FALSE,FALSE
3448887,"gate_40",1,FALSE,FALSE
3448948,"gate_30",1,FALSE,FALSE
3449042,"gate_40",21,FALSE,TRUE
3449107,"gate_40",77,TRUE,FALSE
3449194,"gate_40",204,TRUE,TRUE
3449431,"gate_30",41,TRUE,FALSE
3449468,"gate_40",6,FALSE,FALSE
3449554,"gate_40",3,FALSE,FALSE
3449573,"gate_40",59,TRUE,FALSE
3449593,"gate_40",1,FALSE,FALSE
3449820,"gate_30",4,FALSE,FALSE
3449867,"gate_40",10,FALSE,FALSE
3449946,"gate_40",6,FALSE,FALSE
3450074,"gate_40",13,FALSE,FALSE
3450184,"gate_30",28,FALSE,FALSE
3450214,"gate_30",11,TRUE,FALSE
3450238,"gate_30",2,FALSE,FALSE
3450258,"gate_40",15,TRUE,FALSE
3450281,"gate_30",1,FALSE,FALSE
3450289,"gate_40",18,FALSE,FALSE
3450353,"gate_30",2,FALSE,FALSE
3450363,"gate_40",51,TRUE,FALSE
3450376,"gate_40",459,TRUE,TRUE
3450469,"gate_40",14,FALSE,FALSE
3450813,"gate_40",35,TRUE,FALSE
3450867,"gate_30",39,TRUE,FALSE
3450912,"gate_40",11,FALSE,FALSE
3451002,"gate_30",66,TRUE,FALSE
3451019,"gate_40",52,FALSE,FALSE
3451148,"gate_40",26,FALSE,FALSE
3451183,"gate_40",17,TRUE,FALSE
3451540,"gate_30",389,TRUE,TRUE
3451541,"gate_40",98,TRUE,FALSE
3451546,"gate_40",0,FALSE,FALSE
3451721,"gate_40",2,FALSE,FALSE
3451758,"gate_40",17,FALSE,TRUE
3451998,"gate_40",1,FALSE,FALSE
3452040,"gate_40",1,TRUE,FALSE
3452175,"gate_30",8,TRUE,FALSE
3452234,"gate_30",37,TRUE,TRUE
3452286,"gate_40",5,FALSE,FALSE
3452383,"gate_40",4,FALSE,FALSE
3452460,"gate_40",5,FALSE,FALSE
3452631,"gate_30",2,FALSE,FALSE
3452662,"gate_30",277,TRUE,TRUE
3452688,"gate_40",29,TRUE,FALSE
3452826,"gate_30",1,FALSE,FALSE
3453192,"gate_40",19,FALSE,FALSE
3453299,"gate_40",20,TRUE,FALSE
3453335,"gate_30",19,TRUE,FALSE
3453376,"gate_40",48,TRUE,FALSE
3453636,"gate_40",33,FALSE,FALSE
3453666,"gate_30",289,TRUE,TRUE
3453844,"gate_40",96,TRUE,FALSE
3453879,"gate_30",122,TRUE,FALSE
3454238,"gate_40",1,FALSE,FALSE
3454439,"gate_40",205,TRUE,TRUE
3454692,"gate_30",1,FALSE,FALSE
3454706,"gate_30",48,FALSE,FALSE
3454996,"gate_40",8,FALSE,FALSE
3455063,"gate_40",0,TRUE,FALSE
3455351,"gate_30",71,FALSE,FALSE
3455542,"gate_40",157,TRUE,TRUE
3455836,"gate_40",18,FALSE,FALSE
3455873,"gate_40",60,FALSE,TRUE
3455891,"gate_40",9,TRUE,FALSE
3456039,"gate_30",162,FALSE,TRUE
3456199,"gate_40",42,TRUE,FALSE
3456313,"gate_40",8,FALSE,FALSE
3456348,"gate_30",16,TRUE,FALSE
3456363,"gate_30",3,FALSE,FALSE
3456367,"gate_40",50,TRUE,FALSE
3456405,"gate_30",54,TRUE,FALSE
3456462,"gate_40",19,FALSE,TRUE
3456471,"gate_30",11,TRUE,FALSE
3456779,"gate_40",103,TRUE,TRUE
3456875,"gate_30",3,FALSE,FALSE
3456876,"gate_30",38,TRUE,FALSE
3457129,"gate_30",71,TRUE,FALSE
3457337,"gate_40",1,FALSE,FALSE
3457496,"gate_40",1,FALSE,FALSE
3457510,"gate_30",13,TRUE,FALSE
3457769,"gate_40",123,TRUE,TRUE
3457961,"gate_40",3,FALSE,FALSE
3457966,"gate_30",11,FALSE,FALSE
3458172,"gate_30",6,FALSE,FALSE
3458499,"gate_30",12,FALSE,FALSE
3458606,"gate_40",129,TRUE,FALSE
3458848,"gate_40",5,FALSE,FALSE
3458878,"gate_30",25,FALSE,FALSE
3458924,"gate_40",19,FALSE,FALSE
3459030,"gate_40",3,FALSE,FALSE
3459054,"gate_30",13,FALSE,FALSE
3459169,"gate_30",65,TRUE,TRUE
3459249,"gate_30",39,FALSE,FALSE
3459296,"gate_30",9,FALSE,FALSE
3459407,"gate_30",225,FALSE,TRUE
3459738,"gate_30",1,FALSE,FALSE
3459861,"gate_40",35,TRUE,FALSE
3459942,"gate_40",13,FALSE,FALSE
3460312,"gate_40",14,TRUE,FALSE
3460443,"gate_40",9,TRUE,FALSE
3460560,"gate_30",6,TRUE,FALSE
3460599,"gate_30",262,TRUE,TRUE
3460685,"gate_40",5,TRUE,FALSE
3460741,"gate_40",2,FALSE,FALSE
3461042,"gate_30",5,FALSE,FALSE
3461044,"gate_30",20,TRUE,FALSE
3461687,"gate_40",129,TRUE,TRUE
3461768,"gate_30",0,FALSE,FALSE
3461775,"gate_40",12,FALSE,FALSE
3462152,"gate_30",19,FALSE,FALSE
3462388,"gate_30",103,TRUE,FALSE
3462529,"gate_40",154,TRUE,FALSE
3462839,"gate_40",3,FALSE,FALSE
3462988,"gate_40",3,FALSE,FALSE
3463169,"gate_40",30,FALSE,FALSE
3463355,"gate_40",243,TRUE,TRUE
3463480,"gate_30",1,FALSE,FALSE
3463648,"gate_30",1,FALSE,FALSE
3463659,"gate_30",184,TRUE,TRUE
3463738,"gate_40",0,FALSE,FALSE
3463787,"gate_30",4,FALSE,FALSE
3463795,"gate_40",26,TRUE,FALSE
3464020,"gate_40",0,FALSE,FALSE
3464032,"gate_30",0,FALSE,FALSE
3464082,"gate_30",3,FALSE,FALSE
3464099,"gate_40",1,FALSE,FALSE
3464150,"gate_30",56,TRUE,FALSE
3464240,"gate_30",2,TRUE,FALSE
3464273,"gate_30",19,TRUE,FALSE
3464358,"gate_30",1,FALSE,FALSE
3464635,"gate_30",79,TRUE,FALSE
3464647,"gate_40",7,FALSE,FALSE
3464847,"gate_40",21,FALSE,FALSE
3464927,"gate_30",4,FALSE,FALSE
3464982,"gate_40",65,TRUE,FALSE
3465151,"gate_30",13,FALSE,FALSE
3465429,"gate_30",2,FALSE,FALSE
3465621,"gate_40",98,FALSE,TRUE
3465641,"gate_40",33,TRUE,FALSE
3465873,"gate_30",1,FALSE,FALSE
3466021,"gate_30",0,FALSE,FALSE
3466174,"gate_30",13,FALSE,FALSE
3466337,"gate_30",46,TRUE,FALSE
3466355,"gate_30",611,TRUE,TRUE
3466674,"gate_40",1,FALSE,FALSE
3466747,"gate_30",1,FALSE,FALSE
3466768,"gate_40",23,TRUE,TRUE
3466818,"gate_40",3,FALSE,FALSE
3466891,"gate_30",14,FALSE,FALSE
3467016,"gate_40",1,FALSE,FALSE
3467212,"gate_40",40,FALSE,FALSE
3467218,"gate_30",215,TRUE,FALSE
3467311,"gate_40",162,TRUE,TRUE
3467349,"gate_40",9,TRUE,FALSE
3467355,"gate_40",109,TRUE,FALSE
3467489,"gate_30",440,TRUE,TRUE
3467518,"gate_40",0,FALSE,FALSE
3467616,"gate_40",0,FALSE,FALSE
3467620,"gate_40",9,FALSE,TRUE
3467832,"gate_30",30,TRUE,FALSE
3467929,"gate_40",1,FALSE,FALSE
3468095,"gate_40",1,FALSE,FALSE
3468174,"gate_30",78,TRUE,FALSE
3468229,"gate_40",133,TRUE,TRUE
3468671,"gate_40",47,TRUE,TRUE
3468682,"gate_30",6,FALSE,FALSE
3468847,"gate_30",21,TRUE,FALSE
3469094,"gate_30",115,FALSE,FALSE
3469172,"gate_30",77,FALSE,TRUE
3469443,"gate_40",39,FALSE,FALSE
3469590,"gate_30",4,FALSE,FALSE
3469596,"gate_30",115,TRUE,TRUE
3469631,"gate_30",21,FALSE,TRUE
3469673,"gate_40",30,FALSE,FALSE
3469740,"gate_30",7,FALSE,FALSE
3469945,"gate_40",14,FALSE,FALSE
3470270,"gate_30",19,TRUE,TRUE
3470379,"gate_30",1,FALSE,FALSE
3470380,"gate_40",11,FALSE,FALSE
3470449,"gate_40",60,FALSE,FALSE
3470538,"gate_30",39,TRUE,FALSE
3470852,"gate_30",6,FALSE,FALSE
3470960,"gate_30",194,TRUE,FALSE
3471053,"gate_40",15,TRUE,FALSE
3471082,"gate_40",3,FALSE,FALSE
3471162,"gate_30",17,TRUE,FALSE
3471178,"gate_30",446,TRUE,TRUE
3471193,"gate_30",7,FALSE,FALSE
3471216,"gate_40",6,FALSE,TRUE
3471231,"gate_30",6,FALSE,FALSE
3471345,"gate_40",34,TRUE,FALSE
3471389,"gate_40",93,TRUE,FALSE
3471457,"gate_40",117,TRUE,TRUE
3471594,"gate_40",3,FALSE,FALSE
3471648,"gate_40",22,TRUE,FALSE
3471971,"gate_40",82,TRUE,TRUE
3472090,"gate_40",7,FALSE,FALSE
3472097,"gate_30",4,FALSE,FALSE
3472168,"gate_40",110,TRUE,FALSE
3472240,"gate_30",15,FALSE,FALSE
3472442,"gate_30",30,FALSE,FALSE
3472472,"gate_30",36,FALSE,FALSE
3472810,"gate_30",21,FALSE,FALSE
3472925,"gate_40",5,FALSE,FALSE
3473027,"gate_40",37,FALSE,FALSE
3473162,"gate_30",16,TRUE,FALSE
3473254,"gate_30",35,TRUE,FALSE
3473328,"gate_40",7,TRUE,FALSE
3473453,"gate_30",30,FALSE,FALSE
3473539,"gate_30",73,TRUE,FALSE
3473699,"gate_40",12,FALSE,FALSE
3473765,"gate_40",4,TRUE,FALSE
3473796,"gate_30",6,FALSE,FALSE
3473834,"gate_40",6,FALSE,FALSE
3473854,"gate_30",18,TRUE,TRUE
3474026,"gate_30",31,FALSE,FALSE
3474091,"gate_30",15,FALSE,FALSE
3474165,"gate_40",66,TRUE,FALSE
3474252,"gate_30",153,TRUE,TRUE
3474371,"gate_30",0,FALSE,FALSE
3474476,"gate_30",588,TRUE,TRUE
3474497,"gate_40",7,FALSE,FALSE
3474856,"gate_30",84,TRUE,FALSE
3475024,"gate_40",516,TRUE,FALSE
3475059,"gate_40",51,TRUE,TRUE
3475361,"gate_30",9,FALSE,FALSE
3475428,"gate_40",11,FALSE,FALSE
3475447,"gate_40",1,FALSE,FALSE
3475487,"gate_30",52,TRUE,FALSE
3475536,"gate_30",31,TRUE,FALSE
3475647,"gate_30",72,TRUE,TRUE
3475680,"gate_30",172,TRUE,TRUE
3475684,"gate_30",68,TRUE,TRUE
3475741,"gate_30",60,FALSE,TRUE
3475756,"gate_30",3,FALSE,FALSE
3475763,"gate_30",67,FALSE,FALSE
3475920,"gate_30",5,FALSE,FALSE
3475953,"gate_30",33,FALSE,FALSE
3476092,"gate_40",10,FALSE,FALSE
3476116,"gate_40",12,FALSE,FALSE
3476306,"gate_30",321,TRUE,TRUE
3476418,"gate_30",52,FALSE,FALSE
3476603,"gate_30",525,TRUE,TRUE
3477010,"gate_30",10,TRUE,FALSE
3477144,"gate_40",48,TRUE,FALSE
3477221,"gate_30",42,FALSE,TRUE
3477302,"gate_30",2,FALSE,FALSE
3477348,"gate_30",4,FALSE,FALSE
3477356,"gate_30",5,FALSE,FALSE
3477365,"gate_40",46,TRUE,FALSE
3477402,"gate_40",21,TRUE,FALSE
3477406,"gate_30",182,TRUE,TRUE
3477522,"gate_40",0,FALSE,FALSE
3477617,"gate_30",132,TRUE,FALSE
3477754,"gate_40",77,TRUE,FALSE
3477817,"gate_40",4,FALSE,FALSE
3477824,"gate_40",94,TRUE,TRUE
3478005,"gate_30",24,TRUE,FALSE
3478079,"gate_40",18,TRUE,FALSE
3478220,"gate_40",11,FALSE,FALSE
3478221,"gate_30",0,FALSE,FALSE
3478288,"gate_40",7,TRUE,FALSE
3478557,"gate_30",32,FALSE,TRUE
3479006,"gate_30",5,FALSE,FALSE
3479010,"gate_40",13,TRUE,FALSE
3479122,"gate_40",4,FALSE,FALSE
3479157,"gate_30",55,FALSE,FALSE
3479191,"gate_30",3,FALSE,FALSE
3479324,"gate_40",1,FALSE,FALSE
3479675,"gate_40",10,FALSE,FALSE
3479704,"gate_40",61,TRUE,FALSE
3479856,"gate_40",169,TRUE,TRUE
3479895,"gate_30",39,FALSE,FALSE
3479982,"gate_30",7,FALSE,FALSE
3480049,"gate_30",32,TRUE,FALSE
3480082,"gate_40",81,FALSE,FALSE
3480170,"gate_40",108,TRUE,FALSE
3480366,"gate_40",11,FALSE,FALSE
3480435,"gate_30",140,TRUE,FALSE
3480503,"gate_30",21,TRUE,TRUE
3480534,"gate_40",0,FALSE,FALSE
3480633,"gate_40",128,TRUE,TRUE
3480681,"gate_30",9,FALSE,FALSE
3480696,"gate_30",17,TRUE,FALSE
3480770,"gate_40",31,TRUE,FALSE
3480798,"gate_40",2,FALSE,FALSE
3480858,"gate_30",26,TRUE,FALSE
3481125,"gate_30",157,TRUE,TRUE
3481402,"gate_40",4,FALSE,FALSE
3481446,"gate_30",30,FALSE,FALSE
3481501,"gate_40",2,FALSE,FALSE
3481865,"gate_40",15,FALSE,FALSE
3481901,"gate_30",0,FALSE,FALSE
3481946,"gate_40",76,TRUE,FALSE
3482064,"gate_40",6,FALSE,TRUE
3482101,"gate_30",5,FALSE,FALSE
3482165,"gate_30",12,FALSE,FALSE
3482262,"gate_30",736,TRUE,TRUE
3482443,"gate_30",0,FALSE,FALSE
3482510,"gate_40",19,FALSE,FALSE
3482774,"gate_30",16,TRUE,FALSE
3483369,"gate_30",7,FALSE,FALSE
3483481,"gate_30",9,TRUE,FALSE
3483520,"gate_30",50,TRUE,FALSE
3483733,"gate_40",14,FALSE,FALSE
3483782,"gate_30",9,FALSE,FALSE
3483871,"gate_30",4,FALSE,FALSE
3484046,"gate_40",54,TRUE,TRUE
3484388,"gate_40",223,TRUE,FALSE
3484547,"gate_40",7,FALSE,FALSE
3484589,"gate_30",3,FALSE,FALSE
3484630,"gate_40",101,TRUE,FALSE
3484726,"gate_40",120,FALSE,TRUE
3484871,"gate_30",4,FALSE,FALSE
3484942,"gate_30",3,FALSE,FALSE
3484944,"gate_40",4,FALSE,FALSE
3485038,"gate_30",85,TRUE,FALSE
3485056,"gate_30",77,TRUE,FALSE
3485116,"gate_40",272,FALSE,TRUE
3485120,"gate_30",12,FALSE,FALSE
3485178,"gate_40",2,FALSE,FALSE
3485289,"gate_30",113,TRUE,TRUE
3485296,"gate_40",2,TRUE,FALSE
3485316,"gate_30",4,FALSE,FALSE
3485321,"gate_30",0,FALSE,FALSE
3485703,"gate_40",14,TRUE,FALSE
3485945,"gate_30",2,FALSE,FALSE
3486033,"gate_40",385,FALSE,TRUE
3486111,"gate_40",61,FALSE,FALSE
3486350,"gate_30",12,FALSE,FALSE
3486459,"gate_30",8,FALSE,FALSE
3486551,"gate_40",19,FALSE,FALSE
3486585,"gate_40",44,TRUE,FALSE
3486755,"gate_30",67,TRUE,TRUE
3486875,"gate_40",1,FALSE,FALSE
3486917,"gate_30",5,FALSE,FALSE
3486977,"gate_40",0,FALSE,FALSE
3487009,"gate_40",5,FALSE,FALSE
3487253,"gate_30",50,TRUE,FALSE
3487305,"gate_40",3,FALSE,FALSE
3487352,"gate_40",109,TRUE,FALSE
3487357,"gate_30",48,TRUE,FALSE
3487782,"gate_30",66,FALSE,FALSE
3487812,"gate_30",18,FALSE,FALSE
3487813,"gate_40",2,FALSE,FALSE
3487840,"gate_40",58,TRUE,FALSE
3487869,"gate_40",65,TRUE,FALSE
3487879,"gate_40",22,FALSE,FALSE
3487916,"gate_40",7,FALSE,TRUE
3488228,"gate_30",2,FALSE,FALSE
3488377,"gate_30",51,TRUE,TRUE
3488396,"gate_40",33,TRUE,TRUE
3488422,"gate_30",30,FALSE,FALSE
3488424,"gate_40",15,FALSE,FALSE
3488448,"gate_40",35,TRUE,FALSE
3488470,"gate_30",1010,TRUE,TRUE
3488500,"gate_40",54,TRUE,FALSE
3488584,"gate_30",11,TRUE,FALSE
3488679,"gate_30",170,TRUE,TRUE
3488726,"gate_40",0,FALSE,FALSE
3488760,"gate_30",13,TRUE,FALSE
3488767,"gate_40",228,TRUE,FALSE
3489137,"gate_40",8,FALSE,FALSE
3489184,"gate_30",217,TRUE,FALSE
3489593,"gate_30",1,FALSE,FALSE
3489767,"gate_40",30,TRUE,FALSE
3489791,"gate_30",34,FALSE,FALSE
3490125,"gate_30",68,TRUE,FALSE
3490169,"gate_40",4,FALSE,FALSE
3490198,"gate_30",19,TRUE,FALSE
3490225,"gate_40",7,FALSE,FALSE
3490314,"gate_30",21,FALSE,FALSE
3490360,"gate_40",17,FALSE,FALSE
3490472,"gate_30",0,FALSE,FALSE
3490511,"gate_40",1,FALSE,FALSE
3490535,"gate_30",149,TRUE,TRUE
3490856,"gate_30",19,TRUE,FALSE
3490864,"gate_30",53,FALSE,TRUE
3490944,"gate_40",1,TRUE,FALSE
3491128,"gate_30",7,FALSE,FALSE
3491220,"gate_30",71,FALSE,FALSE
3491291,"gate_40",70,TRUE,FALSE
3491307,"gate_30",5,FALSE,FALSE
3491389,"gate_30",0,FALSE,FALSE
3491407,"gate_40",69,TRUE,FALSE
3491443,"gate_30",2,FALSE,FALSE
3491547,"gate_30",0,TRUE,FALSE
3491576,"gate_30",26,TRUE,FALSE
3491751,"gate_40",8,FALSE,FALSE
3491874,"gate_30",5,FALSE,FALSE
3492013,"gate_30",41,FALSE,FALSE
3492067,"gate_40",52,TRUE,FALSE
3492111,"gate_30",22,FALSE,FALSE
3492396,"gate_40",1,FALSE,FALSE
3492658,"gate_40",9,FALSE,FALSE
3492693,"gate_40",25,TRUE,FALSE
3492777,"gate_40",10,TRUE,FALSE
3492940,"gate_30",3,FALSE,FALSE
3493008,"gate_30",14,FALSE,FALSE
3493109,"gate_40",275,TRUE,TRUE
3493266,"gate_40",38,TRUE,FALSE
3493275,"gate_30",1,FALSE,FALSE
3493289,"gate_30",2,FALSE,FALSE
3493314,"gate_30",7,FALSE,FALSE
3493320,"gate_30",5,FALSE,FALSE
3493811,"gate_30",16,TRUE,FALSE
3493824,"gate_40",82,TRUE,FALSE
3493874,"gate_30",20,FALSE,FALSE
3494021,"gate_40",28,TRUE,FALSE
3494052,"gate_40",4,FALSE,FALSE
3494319,"gate_40",9,FALSE,TRUE
3494431,"gate_30",25,TRUE,FALSE
3494537,"gate_30",3,FALSE,FALSE
3494541,"gate_40",30,FALSE,FALSE
3494597,"gate_40",11,FALSE,FALSE
3494795,"gate_30",2,TRUE,FALSE
3494798,"gate_40",111,TRUE,TRUE
3495006,"gate_30",14,TRUE,FALSE
3495154,"gate_40",2,FALSE,FALSE
3495454,"gate_40",33,TRUE,FALSE
3495620,"gate_40",122,TRUE,FALSE
3495734,"gate_40",159,TRUE,FALSE
3495995,"gate_30",89,TRUE,TRUE
3496035,"gate_30",4,FALSE,FALSE
3496516,"gate_30",63,TRUE,FALSE
3496532,"gate_30",38,FALSE,FALSE
3496635,"gate_40",31,TRUE,FALSE
3496673,"gate_30",48,TRUE,FALSE
3496688,"gate_30",48,TRUE,FALSE
3496777,"gate_40",136,TRUE,TRUE
3497126,"gate_30",12,TRUE,FALSE
3497152,"gate_30",313,TRUE,TRUE
3497162,"gate_30",14,FALSE,FALSE
3497541,"gate_40",44,TRUE,FALSE
3497688,"gate_30",77,FALSE,TRUE
3497692,"gate_30",8,FALSE,FALSE
3497744,"gate_40",52,TRUE,FALSE
3497816,"gate_40",12,FALSE,FALSE
3498069,"gate_30",1,FALSE,FALSE
3498500,"gate_40",40,TRUE,TRUE
3498563,"gate_40",1,FALSE,FALSE
3498613,"gate_40",306,TRUE,TRUE
3498633,"gate_40",7,FALSE,FALSE
3498917,"gate_30",221,TRUE,FALSE
3498962,"gate_30",17,TRUE,FALSE
3499370,"gate_40",0,FALSE,FALSE
3499416,"gate_30",67,TRUE,FALSE
3499612,"gate_30",36,TRUE,FALSE
3499852,"gate_40",8,FALSE,FALSE
3499878,"gate_40",6,FALSE,FALSE
3499911,"gate_40",24,FALSE,FALSE
3499954,"gate_30",49,TRUE,FALSE
3500167,"gate_40",62,TRUE,TRUE
3500287,"gate_40",9,FALSE,FALSE
3500787,"gate_40",20,TRUE,FALSE
3500801,"gate_40",3,FALSE,FALSE
3500821,"gate_40",13,TRUE,FALSE
3500942,"gate_30",189,TRUE,TRUE
3500974,"gate_40",35,TRUE,FALSE
3501026,"gate_40",2,FALSE,FALSE
3501125,"gate_30",74,TRUE,FALSE
3501154,"gate_40",4,TRUE,FALSE
3501221,"gate_40",167,TRUE,TRUE
3501319,"gate_40",10,FALSE,FALSE
3501442,"gate_40",42,TRUE,FALSE
3501464,"gate_30",531,TRUE,TRUE
3501476,"gate_40",2,FALSE,FALSE
3501558,"gate_30",287,TRUE,TRUE
3501667,"gate_40",9,TRUE,FALSE
3501701,"gate_30",0,FALSE,FALSE
3501779,"gate_30",781,TRUE,TRUE
3501822,"gate_40",90,TRUE,FALSE
3501924,"gate_30",24,FALSE,TRUE
3501927,"gate_30",0,FALSE,FALSE
3502055,"gate_40",28,TRUE,FALSE
3502131,"gate_30",24,TRUE,FALSE
3502134,"gate_30",17,TRUE,FALSE
3502182,"gate_40",21,FALSE,FALSE
3502183,"gate_40",84,TRUE,TRUE
3502318,"gate_30",158,TRUE,TRUE
3502332,"gate_30",17,TRUE,FALSE
3502335,"gate_40",57,FALSE,TRUE
3502351,"gate_40",11,TRUE,FALSE
3502357,"gate_30",15,FALSE,FALSE
3502625,"gate_30",1,FALSE,FALSE
3502735,"gate_40",19,FALSE,FALSE
3502986,"gate_30",5,FALSE,FALSE
3503033,"gate_30",0,FALSE,FALSE
3503161,"gate_30",3,FALSE,FALSE
3503234,"gate_30",67,TRUE,FALSE
3503349,"gate_30",61,FALSE,TRUE
3503383,"gate_40",23,TRUE,FALSE
3503418,"gate_30",12,TRUE,FALSE
3503431,"gate_40",2,TRUE,TRUE
3503434,"gate_40",18,TRUE,FALSE
3503475,"gate_30",91,TRUE,FALSE
3503595,"gate_40",52,TRUE,FALSE
3503632,"gate_40",20,FALSE,FALSE
3503748,"gate_30",71,FALSE,FALSE
3503852,"gate_30",13,FALSE,FALSE
3503898,"gate_30",4,FALSE,FALSE
3503919,"gate_40",2,TRUE,FALSE
3504092,"gate_40",36,TRUE,FALSE
3504230,"gate_40",13,TRUE,FALSE
3504460,"gate_30",45,TRUE,FALSE
3504924,"gate_30",3,FALSE,FALSE
3504942,"gate_30",6,FALSE,FALSE
3504953,"gate_30",4,FALSE,FALSE
3505171,"gate_30",30,TRUE,FALSE
3505574,"gate_30",1,FALSE,FALSE
3505596,"gate_30",331,FALSE,TRUE
3505822,"gate_30",57,TRUE,FALSE
3505900,"gate_40",211,TRUE,FALSE
3505908,"gate_40",192,TRUE,TRUE
3505912,"gate_30",6,FALSE,FALSE
3506020,"gate_40",190,TRUE,TRUE
3506156,"gate_30",2,FALSE,FALSE
3506424,"gate_30",9,FALSE,FALSE
3506788,"gate_40",4,FALSE,FALSE
3506883,"gate_30",195,TRUE,TRUE
3507116,"gate_30",434,TRUE,TRUE
3507347,"gate_30",1,FALSE,FALSE
3507535,"gate_40",11,TRUE,FALSE
3507782,"gate_40",71,TRUE,TRUE
3507980,"gate_40",2,FALSE,FALSE
3508201,"gate_40",477,TRUE,FALSE
3508371,"gate_30",13,TRUE,FALSE
3508388,"gate_30",0,FALSE,FALSE
3508503,"gate_40",27,FALSE,FALSE
3508552,"gate_40",4,TRUE,FALSE
3508671,"gate_30",25,FALSE,FALSE
3508809,"gate_40",93,TRUE,FALSE
3508927,"gate_30",22,TRUE,FALSE
3508979,"gate_40",6,FALSE,FALSE
3509083,"gate_40",242,TRUE,TRUE
3509176,"gate_40",0,FALSE,FALSE
3509241,"gate_40",80,TRUE,TRUE
3509352,"gate_40",32,TRUE,TRUE
3509558,"gate_30",60,TRUE,TRUE
3509587,"gate_30",66,FALSE,FALSE
3509659,"gate_40",16,TRUE,FALSE
3509918,"gate_40",4,FALSE,FALSE
3509930,"gate_30",1,FALSE,FALSE
3510064,"gate_30",63,TRUE,TRUE
3510108,"gate_40",10,FALSE,TRUE
3510161,"gate_40",37,TRUE,FALSE
3510388,"gate_40",2,FALSE,FALSE
3510572,"gate_40",10,TRUE,FALSE
3510721,"gate_40",2,FALSE,FALSE
3510753,"gate_30",15,TRUE,FALSE
3510980,"gate_30",9,FALSE,FALSE
3510985,"gate_30",0,FALSE,FALSE
3511014,"gate_40",4,FALSE,FALSE
3511209,"gate_30",48,TRUE,FALSE
3511211,"gate_30",23,TRUE,FALSE
3511281,"gate_30",7,FALSE,FALSE
3511973,"gate_30",5,FALSE,FALSE
3512019,"gate_40",22,TRUE,FALSE
3512054,"gate_30",8,FALSE,FALSE
3512064,"gate_40",4,FALSE,FALSE
3512161,"gate_40",3,FALSE,FALSE
3512172,"gate_30",171,TRUE,FALSE
3512282,"gate_30",2,FALSE,FALSE
3512304,"gate_30",9,FALSE,FALSE
3512313,"gate_30",10,FALSE,FALSE
3512539,"gate_40",6,FALSE,FALSE
3512721,"gate_30",3,FALSE,FALSE
3512747,"gate_30",17,FALSE,FALSE
3512764,"gate_30",36,FALSE,TRUE
3512807,"gate_40",72,TRUE,FALSE
3512820,"gate_40",408,TRUE,TRUE
3512994,"gate_30",4,FALSE,FALSE
3513076,"gate_40",0,FALSE,FALSE
3513104,"gate_30",163,TRUE,TRUE
3513134,"gate_40",86,FALSE,FALSE
3513296,"gate_40",83,TRUE,FALSE
3513387,"gate_40",4,FALSE,FALSE
3513397,"gate_30",1,FALSE,FALSE
3513420,"gate_40",17,TRUE,FALSE
3513421,"gate_40",7,FALSE,FALSE
3513444,"gate_40",27,FALSE,FALSE
3513528,"gate_30",8,FALSE,FALSE
3513548,"gate_40",5,FALSE,FALSE
3513578,"gate_40",12,FALSE,FALSE
3513685,"gate_30",33,TRUE,FALSE
3513781,"gate_30",21,TRUE,FALSE
3513795,"gate_40",6,FALSE,FALSE
3513926,"gate_30",1,FALSE,FALSE
3514016,"gate_30",15,TRUE,TRUE
3514221,"gate_30",2,FALSE,FALSE
3514263,"gate_40",103,TRUE,FALSE
3514293,"gate_40",2,FALSE,FALSE
3514634,"gate_30",353,TRUE,TRUE
3514691,"gate_40",5,FALSE,FALSE
3514982,"gate_30",6,FALSE,FALSE
3515128,"gate_40",2,FALSE,FALSE
3515173,"gate_40",24,FALSE,FALSE
3515205,"gate_30",60,FALSE,FALSE
3515222,"gate_30",1,FALSE,FALSE
3515228,"gate_30",2,FALSE,FALSE
3515347,"gate_30",8,FALSE,FALSE
3515502,"gate_30",31,FALSE,FALSE
3515596,"gate_40",11,TRUE,FALSE
3515673,"gate_30",114,FALSE,FALSE
3515822,"gate_40",76,TRUE,TRUE
3515870,"gate_40",32,TRUE,FALSE
3516059,"gate_30",11,FALSE,FALSE
3516106,"gate_30",20,TRUE,FALSE
3516138,"gate_30",10,TRUE,FALSE
3516179,"gate_40",24,TRUE,FALSE
3516339,"gate_30",8,TRUE,FALSE
3516621,"gate_40",180,TRUE,FALSE
3516741,"gate_40",23,FALSE,FALSE
3516873,"gate_40",264,TRUE,TRUE
3516962,"gate_30",5,FALSE,FALSE
3517110,"gate_40",0,FALSE,FALSE
3517182,"gate_40",18,FALSE,FALSE
3517385,"gate_30",51,FALSE,FALSE
3517513,"gate_30",2,FALSE,FALSE
3517523,"gate_30",4,FALSE,FALSE
3517627,"gate_40",4,TRUE,FALSE
3517643,"gate_30",53,TRUE,FALSE
3517774,"gate_40",14,FALSE,FALSE
3518104,"gate_30",6,FALSE,FALSE
3518172,"gate_30",11,FALSE,FALSE
3518215,"gate_30",259,TRUE,FALSE
3518235,"gate_30",46,FALSE,FALSE
3518244,"gate_40",284,FALSE,TRUE
3518460,"gate_30",5,FALSE,FALSE
3518538,"gate_40",88,TRUE,TRUE
3518765,"gate_30",46,TRUE,TRUE
3518821,"gate_40",3,FALSE,FALSE
3519336,"gate_30",1,FALSE,FALSE
3519477,"gate_40",3,FALSE,FALSE
3519485,"gate_40",49,TRUE,TRUE
3519554,"gate_40",24,TRUE,FALSE
3520079,"gate_40",117,TRUE,TRUE
3520123,"gate_40",41,TRUE,FALSE
3520178,"gate_40",6,FALSE,FALSE
3520189,"gate_30",6,TRUE,FALSE
3520502,"gate_30",1,FALSE,FALSE
3520623,"gate_40",120,TRUE,FALSE
3520795,"gate_40",6,FALSE,FALSE
3520872,"gate_30",6,FALSE,FALSE
3521052,"gate_40",134,TRUE,TRUE
3521144,"gate_40",27,TRUE,FALSE
3521244,"gate_40",11,FALSE,FALSE
3521314,"gate_30",36,TRUE,FALSE
3521379,"gate_40",2,FALSE,FALSE
3521488,"gate_40",42,TRUE,FALSE
3521563,"gate_40",5,FALSE,FALSE
3521664,"gate_30",6,FALSE,FALSE
3521775,"gate_40",4,FALSE,FALSE
3521800,"gate_40",23,TRUE,FALSE
3521823,"gate_40",8,FALSE,FALSE
3521902,"gate_40",38,TRUE,FALSE
3521915,"gate_30",2,FALSE,FALSE
3521958,"gate_40",14,FALSE,FALSE
3522035,"gate_40",184,TRUE,TRUE
3522104,"gate_40",10,FALSE,FALSE
3522117,"gate_30",14,TRUE,FALSE
3522202,"gate_30",24,TRUE,FALSE
3522294,"gate_30",39,TRUE,FALSE
3522310,"gate_40",2,FALSE,FALSE
3522336,"gate_30",103,TRUE,TRUE
3522449,"gate_40",5,TRUE,FALSE
3522559,"gate_30",17,FALSE,FALSE
3522863,"gate_30",0,FALSE,FALSE
3522956,"gate_40",291,TRUE,FALSE
3523041,"gate_40",35,FALSE,FALSE
3523084,"gate_30",13,FALSE,FALSE
3523198,"gate_30",243,TRUE,TRUE
3523227,"gate_30",347,TRUE,TRUE
3523256,"gate_40",11,FALSE,TRUE
3523286,"gate_40",603,TRUE,FALSE
3523298,"gate_30",3,TRUE,FALSE
3523410,"gate_30",17,FALSE,FALSE
3523446,"gate_40",17,TRUE,FALSE
3523506,"gate_30",2,FALSE,FALSE
3523540,"gate_40",5,FALSE,FALSE
3523615,"gate_30",1,FALSE,FALSE
3523801,"gate_40",38,TRUE,FALSE
3523955,"gate_40",3,TRUE,FALSE
3523962,"gate_40",2,FALSE,FALSE
3524000,"gate_40",1,FALSE,FALSE
3524312,"gate_30",2,FALSE,FALSE
3524356,"gate_30",39,FALSE,FALSE
3524639,"gate_40",45,FALSE,FALSE
3524826,"gate_30",14,FALSE,FALSE
3525013,"gate_40",5,FALSE,FALSE
3525118,"gate_40",74,TRUE,FALSE
3525210,"gate_40",128,TRUE,TRUE
3525257,"gate_30",5,FALSE,FALSE
3525556,"gate_30",4,FALSE,FALSE
3525642,"gate_40",19,TRUE,TRUE
3525656,"gate_40",27,TRUE,FALSE
3525685,"gate_30",1,FALSE,FALSE
3525743,"gate_40",26,FALSE,FALSE
3525757,"gate_40",176,FALSE,TRUE
3525768,"gate_40",24,TRUE,FALSE
3525879,"gate_40",2,FALSE,FALSE
3525907,"gate_40",167,TRUE,TRUE
3525933,"gate_30",11,TRUE,FALSE
3526104,"gate_30",3,FALSE,FALSE
3526227,"gate_40",14,TRUE,FALSE
3526247,"gate_30",9,FALSE,TRUE
3526272,"gate_40",14,TRUE,FALSE
3526341,"gate_30",23,FALSE,FALSE
3526371,"gate_40",11,TRUE,FALSE
3526461,"gate_30",0,FALSE,FALSE
3526468,"gate_30",69,FALSE,TRUE
3526766,"gate_40",5,FALSE,FALSE
3526900,"gate_40",85,TRUE,FALSE
3526917,"gate_30",83,FALSE,FALSE
3527128,"gate_30",19,TRUE,FALSE
3527230,"gate_30",671,TRUE,TRUE
3527346,"gate_40",105,TRUE,FALSE
3527389,"gate_30",18,FALSE,FALSE
3527686,"gate_30",37,TRUE,FALSE
3527856,"gate_40",61,TRUE,FALSE
3528010,"gate_30",2,FALSE,FALSE
3528108,"gate_30",35,TRUE,TRUE
3528109,"gate_30",10,FALSE,FALSE
3528126,"gate_30",176,TRUE,FALSE
3528248,"gate_40",13,FALSE,FALSE
3528370,"gate_30",4,FALSE,FALSE
3528507,"gate_30",182,FALSE,FALSE
3528577,"gate_30",24,TRUE,FALSE
3528671,"gate_30",42,FALSE,FALSE
3528699,"gate_30",1,FALSE,FALSE
3529173,"gate_40",4,FALSE,FALSE
3529215,"gate_40",17,FALSE,FALSE
3529296,"gate_40",47,TRUE,FALSE
3529679,"gate_30",12,FALSE,FALSE
3529971,"gate_40",6,FALSE,FALSE
3530025,"gate_40",167,FALSE,TRUE
3530071,"gate_30",9,FALSE,FALSE
3530097,"gate_40",71,TRUE,FALSE
3530154,"gate_30",4,FALSE,FALSE
3530178,"gate_30",16,TRUE,FALSE
3530466,"gate_40",138,TRUE,FALSE
3530512,"gate_30",18,TRUE,FALSE
3530545,"gate_40",9,FALSE,FALSE
3530801,"gate_30",33,TRUE,FALSE
3530833,"gate_40",28,TRUE,FALSE
3530851,"gate_30",34,TRUE,FALSE
3530923,"gate_40",1,FALSE,FALSE
3530996,"gate_30",78,TRUE,FALSE
3531273,"gate_40",10,FALSE,FALSE
3531352,"gate_40",8,TRUE,FALSE
3531363,"gate_30",108,TRUE,FALSE
3531430,"gate_30",192,FALSE,TRUE
3531509,"gate_30",6,FALSE,FALSE
3531559,"gate_30",49,TRUE,FALSE
3531770,"gate_40",77,TRUE,FALSE
3532055,"gate_40",12,TRUE,FALSE
3532215,"gate_40",11,FALSE,FALSE
3532290,"gate_40",17,FALSE,FALSE
3532403,"gate_40",9,TRUE,FALSE
3532505,"gate_30",3,FALSE,FALSE
3532723,"gate_40",6,TRUE,FALSE
3532753,"gate_30",155,TRUE,FALSE
3532769,"gate_30",7,FALSE,FALSE
3532801,"gate_40",3,FALSE,FALSE
3532928,"gate_40",161,TRUE,TRUE
3532938,"gate_30",212,TRUE,FALSE
3533109,"gate_30",6,FALSE,FALSE
3533134,"gate_30",22,FALSE,FALSE
3533245,"gate_40",88,FALSE,TRUE
3533258,"gate_30",14,TRUE,FALSE
3533383,"gate_40",15,FALSE,FALSE
3533411,"gate_40",14,FALSE,FALSE
3533449,"gate_30",5,TRUE,FALSE
3533520,"gate_40",119,TRUE,TRUE
3533724,"gate_30",13,TRUE,FALSE
3533785,"gate_40",20,TRUE,FALSE
3533863,"gate_30",212,TRUE,TRUE
3533875,"gate_40",5,FALSE,FALSE
3533877,"gate_40",0,FALSE,FALSE
3534143,"gate_30",6,FALSE,FALSE
3534174,"gate_30",28,TRUE,TRUE
3534228,"gate_30",107,TRUE,FALSE
3534345,"gate_40",54,TRUE,FALSE
3534423,"gate_30",7,TRUE,FALSE
3534635,"gate_40",29,TRUE,FALSE
3534745,"gate_40",1,FALSE,FALSE
3534863,"gate_30",3,FALSE,FALSE
3534922,"gate_30",25,TRUE,FALSE
3535041,"gate_40",2,FALSE,FALSE
3535125,"gate_40",0,FALSE,FALSE
3535324,"gate_40",1,FALSE,FALSE
3535325,"gate_30",14,FALSE,FALSE
3535354,"gate_30",8,TRUE,FALSE
3535497,"gate_30",6,FALSE,FALSE
3535552,"gate_30",14,TRUE,FALSE
3535568,"gate_40",1,FALSE,FALSE
3535878,"gate_30",419,TRUE,TRUE
3535997,"gate_30",24,TRUE,FALSE
3536214,"gate_40",6,TRUE,FALSE
3536418,"gate_40",231,TRUE,TRUE
3536465,"gate_40",547,TRUE,TRUE
3536472,"gate_40",10,FALSE,FALSE
3536670,"gate_30",3,FALSE,FALSE
3536727,"gate_30",37,FALSE,FALSE
3536992,"gate_30",5,FALSE,TRUE
3537019,"gate_40",21,TRUE,TRUE
3537052,"gate_40",30,TRUE,TRUE
3537228,"gate_30",20,FALSE,FALSE
3537335,"gate_40",1,FALSE,FALSE
3537352,"gate_40",0,FALSE,FALSE
3537694,"gate_30",17,FALSE,FALSE
3537701,"gate_40",14,TRUE,FALSE
3537780,"gate_30",25,FALSE,FALSE
3537856,"gate_40",1,FALSE,FALSE
3538294,"gate_30",2,FALSE,FALSE
3538310,"gate_30",35,TRUE,FALSE
3538316,"gate_40",30,FALSE,FALSE
3538395,"gate_40",1,FALSE,FALSE
3538593,"gate_40",10,FALSE,FALSE
3538637,"gate_40",259,TRUE,TRUE
3538702,"gate_30",6,FALSE,FALSE
3538780,"gate_30",13,FALSE,TRUE
3538798,"gate_30",23,FALSE,FALSE
3538811,"gate_30",69,TRUE,TRUE
3538866,"gate_30",1,FALSE,FALSE
3539098,"gate_40",28,TRUE,FALSE
3539105,"gate_40",30,TRUE,FALSE
3539315,"gate_30",4,FALSE,FALSE
3539364,"gate_40",206,TRUE,TRUE
3539434,"gate_30",4,FALSE,FALSE
3539465,"gate_40",12,FALSE,FALSE
3539528,"gate_40",0,FALSE,FALSE
3539632,"gate_40",10,FALSE,FALSE
3539668,"gate_40",24,TRUE,FALSE
3539913,"gate_40",26,TRUE,FALSE
3539921,"gate_40",1,FALSE,FALSE
3540018,"gate_40",180,TRUE,TRUE
3540090,"gate_30",65,TRUE,FALSE
3540217,"gate_40",9,FALSE,FALSE
3540676,"gate_40",92,TRUE,TRUE
3540776,"gate_30",32,FALSE,FALSE
3540820,"gate_40",2,FALSE,FALSE
3541122,"gate_30",12,TRUE,FALSE
3541178,"gate_30",106,TRUE,TRUE
3541443,"gate_30",388,TRUE,TRUE
3541471,"gate_40",3,TRUE,FALSE
3541727,"gate_40",2,FALSE,FALSE
3541728,"gate_40",44,TRUE,FALSE
3541732,"gate_40",1,FALSE,FALSE
3541753,"gate_30",1,FALSE,FALSE
3541946,"gate_40",12,TRUE,FALSE
3542186,"gate_40",3,FALSE,FALSE
3542254,"gate_40",0,FALSE,FALSE
3542305,"gate_40",75,TRUE,TRUE
3542319,"gate_30",446,TRUE,TRUE
3542399,"gate_30",11,FALSE,FALSE
3542622,"gate_40",459,TRUE,TRUE
3542634,"gate_40",7,TRUE,FALSE
3542651,"gate_30",228,TRUE,FALSE
3542692,"gate_30",6,FALSE,FALSE
3542807,"gate_40",2,FALSE,FALSE
3542822,"gate_40",6,FALSE,FALSE
3542890,"gate_30",1,FALSE,FALSE
3542983,"gate_30",101,TRUE,FALSE
3543379,"gate_40",10,FALSE,FALSE
3543534,"gate_40",4,FALSE,FALSE
3543556,"gate_40",115,FALSE,TRUE
3543625,"gate_40",4,FALSE,FALSE
3543768,"gate_40",23,TRUE,FALSE
3543824,"gate_30",5,TRUE,FALSE
3543841,"gate_30",27,TRUE,FALSE
3543884,"gate_30",0,FALSE,FALSE
3543960,"gate_30",58,TRUE,FALSE
3543980,"gate_30",87,TRUE,TRUE
3544241,"gate_40",15,FALSE,FALSE
3544266,"gate_40",15,FALSE,FALSE
3544310,"gate_40",348,TRUE,TRUE
3544418,"gate_40",6,FALSE,FALSE
3544482,"gate_30",562,TRUE,TRUE
3544550,"gate_40",90,TRUE,TRUE
3544652,"gate_30",7,FALSE,FALSE
3544738,"gate_30",48,FALSE,TRUE
3544742,"gate_40",62,TRUE,FALSE
3544821,"gate_40",14,FALSE,FALSE
3545192,"gate_40",51,TRUE,FALSE
3545222,"gate_30",45,FALSE,FALSE
3545268,"gate_40",12,FALSE,FALSE
3545294,"gate_40",89,TRUE,TRUE
3545340,"gate_30",27,FALSE,FALSE
3545611,"gate_40",12,TRUE,FALSE
3545619,"gate_40",21,TRUE,FALSE
3545644,"gate_30",9,TRUE,FALSE
3545751,"gate_30",3,FALSE,FALSE
3545816,"gate_40",4,FALSE,FALSE
3546046,"gate_40",0,FALSE,FALSE
3546066,"gate_40",127,TRUE,TRUE
3546392,"gate_40",4,FALSE,FALSE
3546482,"gate_30",52,FALSE,TRUE
3546594,"gate_30",1,FALSE,FALSE
3546690,"gate_40",35,FALSE,TRUE
3546773,"gate_40",22,FALSE,FALSE
3546774,"gate_30",1,FALSE,FALSE
3546898,"gate_30",17,TRUE,FALSE
3546914,"gate_40",4,FALSE,FALSE
3546973,"gate_30",37,TRUE,FALSE
3546981,"gate_30",1011,TRUE,TRUE
3547108,"gate_30",3,FALSE,FALSE
3547693,"gate_40",3,FALSE,FALSE
3547723,"gate_40",96,TRUE,FALSE
3547887,"gate_30",0,FALSE,FALSE
3547890,"gate_40",3,TRUE,FALSE
3548285,"gate_30",2,FALSE,FALSE
3548535,"gate_40",3,FALSE,FALSE
3548539,"gate_30",39,TRUE,FALSE
3548957,"gate_30",35,TRUE,FALSE
3549310,"gate_40",1,FALSE,FALSE
3549329,"gate_30",1,FALSE,FALSE
3549470,"gate_30",6,FALSE,FALSE
3549478,"gate_30",11,FALSE,FALSE
3549485,"gate_40",29,TRUE,TRUE
3549713,"gate_40",1,FALSE,TRUE
3549979,"gate_30",4,FALSE,FALSE
3550020,"gate_40",32,FALSE,FALSE
3550062,"gate_30",87,TRUE,FALSE
3550088,"gate_40",15,FALSE,FALSE
3550201,"gate_30",14,FALSE,FALSE
3550240,"gate_30",33,TRUE,TRUE
3550249,"gate_40",357,TRUE,TRUE
3550421,"gate_40",14,FALSE,FALSE
3550472,"gate_30",6,FALSE,FALSE
3550576,"gate_30",32,FALSE,TRUE
3550583,"gate_40",7,FALSE,FALSE
3550695,"gate_40",413,TRUE,TRUE
3550881,"gate_30",95,TRUE,FALSE
3550901,"gate_40",12,TRUE,FALSE
3550947,"gate_40",10,TRUE,TRUE
3551041,"gate_40",32,FALSE,FALSE
3551063,"gate_30",3,FALSE,FALSE
3551198,"gate_40",54,TRUE,FALSE
3551375,"gate_40",95,TRUE,FALSE
3551408,"gate_30",8,FALSE,FALSE
3551490,"gate_40",30,TRUE,FALSE
3551513,"gate_30",96,TRUE,TRUE
3551519,"gate_30",25,TRUE,FALSE
3551558,"gate_40",6,FALSE,FALSE
3551562,"gate_30",1,FALSE,FALSE
3551566,"gate_40",11,FALSE,FALSE
3551654,"gate_40",273,TRUE,TRUE
3552083,"gate_40",101,TRUE,FALSE
3552153,"gate_30",2,FALSE,FALSE
3552270,"gate_40",25,TRUE,FALSE
3552375,"gate_30",8,TRUE,FALSE
3552389,"gate_40",74,TRUE,FALSE
3552436,"gate_30",531,TRUE,TRUE
3552458,"gate_40",16,FALSE,FALSE
3552557,"gate_30",33,TRUE,FALSE
3552748,"gate_40",0,FALSE,FALSE
3552794,"gate_30",76,FALSE,FALSE
3552867,"gate_40",19,FALSE,FALSE
3553080,"gate_30",16,FALSE,FALSE
3553199,"gate_40",19,FALSE,FALSE
3553209,"gate_30",1,FALSE,FALSE
3553608,"gate_30",34,FALSE,TRUE
3553650,"gate_30",36,FALSE,FALSE
3553669,"gate_40",11,FALSE,FALSE
3553970,"gate_40",41,TRUE,TRUE
3554045,"gate_30",71,TRUE,FALSE
3554264,"gate_30",39,TRUE,FALSE
3554404,"gate_40",3,FALSE,FALSE
3554514,"gate_30",14,TRUE,FALSE
3554567,"gate_40",9,FALSE,FALSE
3554604,"gate_30",6,FALSE,FALSE
3554702,"gate_40",107,TRUE,TRUE
3554815,"gate_40",27,TRUE,FALSE
3554957,"gate_30",24,FALSE,FALSE
3555080,"gate_40",0,FALSE,FALSE
3555111,"gate_40",3,FALSE,FALSE
3555142,"gate_30",1,FALSE,FALSE
3555184,"gate_30",5,FALSE,FALSE
3555361,"gate_30",20,FALSE,FALSE
3555386,"gate_40",4,FALSE,FALSE
3555469,"gate_40",72,TRUE,TRUE
3555513,"gate_40",9,FALSE,FALSE
3555682,"gate_40",13,FALSE,FALSE
3555702,"gate_40",18,FALSE,FALSE
3555827,"gate_30",95,TRUE,FALSE
3555835,"gate_30",29,FALSE,FALSE
3556112,"gate_40",28,TRUE,FALSE
3556196,"gate_40",8,FALSE,FALSE
3556496,"gate_30",56,TRUE,FALSE
3556734,"gate_40",4,FALSE,FALSE
3556873,"gate_40",30,TRUE,FALSE
3556972,"gate_30",0,FALSE,FALSE
3556992,"gate_40",39,FALSE,FALSE
3557172,"gate_30",18,FALSE,FALSE
3557329,"gate_40",6,FALSE,FALSE
3557606,"gate_40",96,TRUE,FALSE
3557628,"gate_40",73,TRUE,TRUE
3558026,"gate_40",1,FALSE,FALSE
3558057,"gate_40",6,TRUE,FALSE
3558203,"gate_30",5,FALSE,FALSE
3558252,"gate_40",7,FALSE,FALSE
3558410,"gate_40",5,TRUE,FALSE
3558570,"gate_30",21,TRUE,FALSE
3558596,"gate_30",0,FALSE,FALSE
3558687,"gate_30",11,FALSE,FALSE
3558842,"gate_40",13,TRUE,FALSE
3558887,"gate_40",27,FALSE,FALSE
3558899,"gate_30",1,FALSE,FALSE
3559004,"gate_30",238,TRUE,TRUE
3559061,"gate_30",1,FALSE,FALSE
3559098,"gate_30",196,TRUE,TRUE
3559149,"gate_30",1,FALSE,FALSE
3559241,"gate_30",14,FALSE,FALSE
3559278,"gate_40",35,TRUE,TRUE
3559353,"gate_40",217,TRUE,FALSE
3559355,"gate_30",13,TRUE,FALSE
3559777,"gate_40",13,TRUE,TRUE
3559799,"gate_40",90,FALSE,TRUE
3560077,"gate_30",23,FALSE,FALSE
3560272,"gate_30",7,FALSE,FALSE
3560325,"gate_40",17,TRUE,FALSE
3560468,"gate_30",14,FALSE,FALSE
3560718,"gate_30",0,FALSE,FALSE
3560805,"gate_30",28,TRUE,FALSE
3560845,"gate_40",2,TRUE,FALSE
3560945,"gate_30",21,FALSE,FALSE
3560999,"gate_40",8,FALSE,FALSE
3561332,"gate_40",0,FALSE,FALSE
3561458,"gate_30",2,FALSE,FALSE
3561491,"gate_30",89,TRUE,FALSE
3562021,"gate_40",35,TRUE,TRUE
3562431,"gate_30",1,FALSE,FALSE
3562486,"gate_30",879,TRUE,TRUE
3562571,"gate_40",181,TRUE,TRUE
3562639,"gate_40",244,TRUE,TRUE
3562830,"gate_40",4,FALSE,FALSE
3562942,"gate_40",24,FALSE,FALSE
3563173,"gate_40",16,FALSE,FALSE
3563192,"gate_40",54,TRUE,FALSE
3563225,"gate_40",1,FALSE,FALSE
3563331,"gate_30",1,FALSE,FALSE
3563457,"gate_30",4,FALSE,FALSE
3563553,"gate_40",14,TRUE,FALSE
3563746,"gate_30",143,FALSE,TRUE
3563753,"gate_40",25,TRUE,TRUE
3563784,"gate_40",9,FALSE,FALSE
3563786,"gate_40",819,TRUE,TRUE
3563811,"gate_40",4,FALSE,FALSE
3563931,"gate_40",0,FALSE,FALSE
3564025,"gate_30",36,FALSE,FALSE
3564342,"gate_40",36,TRUE,FALSE
3564632,"gate_30",37,FALSE,TRUE
3564681,"gate_40",6,FALSE,FALSE
3564910,"gate_30",9,FALSE,FALSE
3564957,"gate_30",72,FALSE,TRUE
3565132,"gate_40",37,TRUE,FALSE
3565138,"gate_40",31,TRUE,FALSE
3565149,"gate_40",78,TRUE,FALSE
3565408,"gate_40",62,FALSE,FALSE
3565423,"gate_40",11,FALSE,FALSE
3565458,"gate_30",78,TRUE,FALSE
3565532,"gate_40",55,FALSE,FALSE
3565706,"gate_30",3,TRUE,FALSE
3565812,"gate_30",16,TRUE,TRUE
3565933,"gate_30",43,TRUE,FALSE
3565971,"gate_40",105,TRUE,TRUE
3565991,"gate_30",1,FALSE,FALSE
3566197,"gate_40",7,TRUE,FALSE
3566366,"gate_40",42,TRUE,FALSE
3566393,"gate_30",12,TRUE,FALSE
3566478,"gate_40",0,TRUE,FALSE
3566493,"gate_30",43,TRUE,FALSE
3566526,"gate_40",3,FALSE,FALSE
3566624,"gate_30",52,FALSE,TRUE
3566730,"gate_40",9,FALSE,FALSE
3566774,"gate_30",41,TRUE,TRUE
3566793,"gate_30",9,FALSE,FALSE
3566822,"gate_40",45,TRUE,TRUE
3567218,"gate_30",16,TRUE,FALSE
3567490,"gate_40",77,TRUE,FALSE
3567574,"gate_30",13,TRUE,FALSE
3567645,"gate_40",18,TRUE,FALSE
3567655,"gate_40",2,FALSE,FALSE
3567796,"gate_40",5,FALSE,FALSE
3567806,"gate_30",44,FALSE,FALSE
3567972,"gate_40",5,FALSE,FALSE
3568136,"gate_40",483,TRUE,TRUE
3568190,"gate_40",17,TRUE,FALSE
3568196,"gate_30",158,TRUE,TRUE
3568253,"gate_40",11,FALSE,FALSE
3568324,"gate_40",47,FALSE,FALSE
3568353,"gate_40",31,TRUE,FALSE
3568355,"gate_30",21,TRUE,FALSE
3568411,"gate_30",2,FALSE,FALSE
3568417,"gate_30",3,FALSE,FALSE
3568493,"gate_30",1,FALSE,FALSE
3568544,"gate_30",40,TRUE,TRUE
3568786,"gate_30",5,FALSE,FALSE
3568970,"gate_30",15,FALSE,FALSE
3569032,"gate_30",6,FALSE,FALSE
3569166,"gate_40",13,FALSE,FALSE
3569198,"gate_40",3,FALSE,FALSE
3569291,"gate_40",53,FALSE,FALSE
3569308,"gate_30",37,TRUE,FALSE
3569548,"gate_40",7,FALSE,FALSE
3569581,"gate_40",26,FALSE,FALSE
3569668,"gate_30",0,FALSE,FALSE
3569834,"gate_30",41,FALSE,FALSE
3569860,"gate_40",19,TRUE,FALSE
3569956,"gate_40",24,FALSE,FALSE
3570409,"gate_30",6,FALSE,FALSE
3570589,"gate_30",200,TRUE,TRUE
3570658,"gate_40",102,TRUE,FALSE
3570761,"gate_40",55,TRUE,FALSE
3571155,"gate_40",1,FALSE,FALSE
3571164,"gate_40",127,TRUE,TRUE
3571212,"gate_30",17,FALSE,TRUE
3571344,"gate_40",422,TRUE,TRUE
3571437,"gate_40",41,TRUE,TRUE
3571556,"gate_30",63,TRUE,TRUE
3571666,"gate_40",177,TRUE,TRUE
3571775,"gate_40",38,FALSE,FALSE
3571786,"gate_40",265,TRUE,TRUE
3571904,"gate_40",6,TRUE,FALSE
3571944,"gate_40",9,FALSE,FALSE
3572124,"gate_40",14,FALSE,FALSE
3572164,"gate_40",29,TRUE,FALSE
3572637,"gate_40",9,FALSE,FALSE
3572844,"gate_30",5,FALSE,FALSE
3573035,"gate_30",20,TRUE,FALSE
3573103,"gate_40",2,FALSE,FALSE
3573191,"gate_40",29,TRUE,FALSE
3573206,"gate_40",4,FALSE,FALSE
3573282,"gate_30",75,FALSE,TRUE
3573305,"gate_30",4,FALSE,FALSE
3573572,"gate_40",1,FALSE,FALSE
3573675,"gate_30",122,TRUE,FALSE
3573805,"gate_30",2,FALSE,FALSE
3573826,"gate_30",19,TRUE,FALSE
3573937,"gate_30",11,FALSE,FALSE
3574076,"gate_30",16,FALSE,FALSE
3574109,"gate_40",61,TRUE,FALSE
3574129,"gate_40",136,TRUE,TRUE
3574229,"gate_40",12,FALSE,FALSE
3574259,"gate_40",16,TRUE,FALSE
3574357,"gate_40",121,TRUE,FALSE
3574428,"gate_30",20,FALSE,TRUE
3574505,"gate_30",2,FALSE,FALSE
3574585,"gate_30",76,TRUE,TRUE
3574594,"gate_30",12,FALSE,FALSE
3574942,"gate_30",7,FALSE,FALSE
3575091,"gate_30",5,FALSE,FALSE
3575108,"gate_30",10,FALSE,FALSE
3575203,"gate_30",3,FALSE,FALSE
3575223,"gate_40",85,TRUE,FALSE
3575234,"gate_40",79,TRUE,TRUE
3575418,"gate_40",15,FALSE,FALSE
3575494,"gate_40",116,FALSE,TRUE
3575588,"gate_30",10,FALSE,FALSE
3575733,"gate_40",72,TRUE,FALSE
3575768,"gate_30",7,FALSE,FALSE
3576101,"gate_30",8,TRUE,FALSE
3576212,"gate_30",106,TRUE,TRUE
3576296,"gate_40",6,FALSE,FALSE
3576496,"gate_40",71,TRUE,FALSE
3576517,"gate_40",3,FALSE,FALSE
3576540,"gate_40",1,FALSE,FALSE
3576565,"gate_30",1,FALSE,FALSE
3576665,"gate_30",359,TRUE,TRUE
3576708,"gate_30",11,FALSE,FALSE
3577052,"gate_30",3,FALSE,FALSE
3577175,"gate_40",535,TRUE,TRUE
3577500,"gate_30",121,TRUE,TRUE
3577508,"gate_30",2,FALSE,FALSE
3577573,"gate_40",4,FALSE,FALSE
3577603,"gate_40",11,TRUE,FALSE
3577605,"gate_40",57,TRUE,FALSE
3577656,"gate_40",6,FALSE,FALSE
3577671,"gate_30",112,TRUE,FALSE
3577820,"gate_40",52,TRUE,TRUE
3578101,"gate_40",2,FALSE,FALSE
3578379,"gate_30",310,TRUE,TRUE
3578653,"gate_30",23,TRUE,FALSE
3578833,"gate_40",6,FALSE,FALSE
3579029,"gate_30",49,FALSE,FALSE
3579062,"gate_40",27,TRUE,FALSE
3579326,"gate_30",52,TRUE,FALSE
3579467,"gate_40",58,FALSE,FALSE
3579488,"gate_30",82,TRUE,FALSE
3579830,"gate_40",348,FALSE,TRUE
3579918,"gate_30",13,FALSE,FALSE
3579938,"gate_30",14,FALSE,FALSE
3580355,"gate_40",1,FALSE,FALSE
3580498,"gate_30",5,FALSE,FALSE
3580673,"gate_30",7,FALSE,FALSE
3580953,"gate_40",23,TRUE,FALSE
3580954,"gate_30",22,TRUE,TRUE
3581077,"gate_30",144,TRUE,TRUE
3581178,"gate_40",48,FALSE,FALSE
3581364,"gate_30",16,TRUE,FALSE
3581468,"gate_30",2,FALSE,FALSE
3581616,"gate_30",78,TRUE,TRUE
3581654,"gate_40",292,TRUE,TRUE
3581759,"gate_40",17,FALSE,TRUE
3581949,"gate_40",81,TRUE,FALSE
3581962,"gate_30",5,FALSE,FALSE
3582089,"gate_40",2,TRUE,FALSE
3582201,"gate_30",4,FALSE,FALSE
3582264,"gate_30",38,TRUE,TRUE
3582303,"gate_30",10,TRUE,FALSE
3582426,"gate_30",34,FALSE,FALSE
3582607,"gate_30",42,TRUE,FALSE
3582703,"gate_30",28,TRUE,FALSE
3582835,"gate_40",40,TRUE,TRUE
3582976,"gate_40",16,FALSE,FALSE
3582987,"gate_40",6,TRUE,FALSE
3583172,"gate_40",18,FALSE,FALSE
3583229,"gate_30",35,TRUE,FALSE
3583518,"gate_40",6,TRUE,FALSE
3583604,"gate_40",25,TRUE,FALSE
3583605,"gate_40",50,TRUE,FALSE
3583917,"gate_30",108,TRUE,TRUE
3583927,"gate_40",1,FALSE,FALSE
3583990,"gate_40",80,TRUE,FALSE
3584016,"gate_30",71,FALSE,FALSE
3584024,"gate_40",1,FALSE,FALSE
3584100,"gate_40",7,TRUE,FALSE
3584151,"gate_30",115,TRUE,FALSE
3584184,"gate_30",13,TRUE,FALSE
3584261,"gate_30",51,TRUE,FALSE
3584280,"gate_40",6,TRUE,FALSE
3584304,"gate_30",2,FALSE,FALSE
3584403,"gate_30",3,FALSE,FALSE
3584582,"gate_30",16,TRUE,FALSE
3584597,"gate_40",36,TRUE,FALSE
3584966,"gate_30",1,FALSE,FALSE
3585016,"gate_30",27,TRUE,FALSE
3585142,"gate_40",38,TRUE,FALSE
3585265,"gate_30",164,TRUE,TRUE
3585509,"gate_40",138,TRUE,TRUE
3585518,"gate_40",404,TRUE,TRUE
3585772,"gate_40",109,TRUE,FALSE
3585822,"gate_40",8,FALSE,FALSE
3586042,"gate_40",17,TRUE,FALSE
3586076,"gate_30",43,TRUE,FALSE
3586101,"gate_40",1,FALSE,FALSE
3586115,"gate_40",11,FALSE,FALSE
3586268,"gate_40",37,TRUE,TRUE
3586274,"gate_40",5,FALSE,FALSE
3586284,"gate_40",2,FALSE,FALSE
3586309,"gate_30",3,FALSE,FALSE
3586349,"gate_40",25,TRUE,FALSE
3586545,"gate_40",2,FALSE,FALSE
3586579,"gate_40",173,TRUE,TRUE
3586598,"gate_30",98,TRUE,TRUE
3586651,"gate_40",21,TRUE,FALSE
3586922,"gate_40",23,FALSE,FALSE
3587106,"gate_30",76,TRUE,FALSE
3587167,"gate_40",199,TRUE,FALSE
3587310,"gate_40",18,FALSE,FALSE
3587428,"gate_40",14,FALSE,FALSE
3587525,"gate_30",56,FALSE,FALSE
3587584,"gate_40",4,FALSE,FALSE
3587605,"gate_30",1,FALSE,FALSE
3587639,"gate_30",20,TRUE,FALSE
3587755,"gate_30",2,FALSE,FALSE
3588039,"gate_40",6,FALSE,FALSE
3588050,"gate_30",454,TRUE,TRUE
3588071,"gate_30",20,TRUE,FALSE
3588171,"gate_30",74,TRUE,TRUE
3588265,"gate_30",41,TRUE,FALSE
3588323,"gate_40",21,TRUE,FALSE
3588368,"gate_30",17,FALSE,FALSE
3588507,"gate_30",1,FALSE,FALSE
3588790,"gate_40",1,FALSE,FALSE
3589056,"gate_40",3,FALSE,FALSE
3589087,"gate_30",0,FALSE,FALSE
3589101,"gate_40",27,TRUE,FALSE
3589121,"gate_30",114,TRUE,FALSE
3589138,"gate_30",21,TRUE,FALSE
3589170,"gate_40",3,FALSE,FALSE
3589269,"gate_30",265,TRUE,TRUE
3589274,"gate_40",13,TRUE,FALSE
3589481,"gate_30",16,TRUE,FALSE
3589509,"gate_30",4,FALSE,FALSE
3589530,"gate_30",10,FALSE,FALSE
3589660,"gate_40",8,TRUE,FALSE
3589704,"gate_30",207,TRUE,TRUE
3589746,"gate_30",21,TRUE,FALSE
3589871,"gate_40",3,FALSE,FALSE
3589905,"gate_40",1,FALSE,FALSE
3590058,"gate_40",1,FALSE,FALSE
3590356,"gate_40",9,TRUE,FALSE
3590404,"gate_40",2,FALSE,FALSE
3590453,"gate_30",139,TRUE,TRUE
3590684,"gate_30",73,FALSE,TRUE
3590723,"gate_30",11,TRUE,FALSE
3590950,"gate_40",53,TRUE,FALSE
3590959,"gate_40",1,FALSE,FALSE
3591118,"gate_40",49,TRUE,FALSE
3591534,"gate_30",27,TRUE,FALSE
3591618,"gate_30",9,FALSE,FALSE
3591850,"gate_30",210,TRUE,TRUE
3591866,"gate_40",26,TRUE,FALSE
3591867,"gate_40",145,TRUE,FALSE
3591903,"gate_40",1,FALSE,FALSE
3592001,"gate_30",4,FALSE,FALSE
3592006,"gate_30",10,FALSE,FALSE
3592060,"gate_40",32,TRUE,TRUE
3592294,"gate_30",24,FALSE,FALSE
3592556,"gate_30",39,FALSE,FALSE
3592802,"gate_40",8,TRUE,FALSE
3592896,"gate_30",4,FALSE,FALSE
3592903,"gate_30",1,FALSE,FALSE
3593062,"gate_40",402,TRUE,FALSE
3593450,"gate_40",71,TRUE,TRUE
3593786,"gate_40",24,TRUE,FALSE
3593806,"gate_30",75,TRUE,TRUE
3594043,"gate_40",36,FALSE,FALSE
3594088,"gate_30",12,FALSE,FALSE
3594495,"gate_40",0,FALSE,FALSE
3594535,"gate_40",123,TRUE,TRUE
3594557,"gate_30",22,TRUE,FALSE
3594599,"gate_40",3,FALSE,FALSE
3594663,"gate_30",43,FALSE,FALSE
3594702,"gate_30",75,TRUE,FALSE
3594705,"gate_40",1,FALSE,FALSE
3594810,"gate_30",34,TRUE,FALSE
3595006,"gate_30",21,TRUE,FALSE
3595059,"gate_30",28,TRUE,FALSE
3595128,"gate_40",15,FALSE,FALSE
3595136,"gate_30",60,TRUE,TRUE
3595137,"gate_40",8,TRUE,FALSE
3595309,"gate_30",43,TRUE,FALSE
3595421,"gate_40",128,TRUE,TRUE
3595575,"gate_40",21,FALSE,FALSE
3595884,"gate_40",2,FALSE,FALSE
3595923,"gate_40",13,FALSE,FALSE
3596026,"gate_30",14,FALSE,FALSE
3596201,"gate_30",31,FALSE,FALSE
3596214,"gate_30",6,FALSE,FALSE
3596258,"gate_30",48,TRUE,FALSE
3596392,"gate_30",107,TRUE,FALSE
3596506,"gate_40",25,TRUE,FALSE
3596565,"gate_30",32,TRUE,FALSE
3596640,"gate_40",96,TRUE,TRUE
3596643,"gate_40",17,FALSE,FALSE
3596874,"gate_30",6,FALSE,FALSE
3597024,"gate_40",12,FALSE,FALSE
3597540,"gate_40",1,FALSE,FALSE
3597583,"gate_30",523,TRUE,TRUE
3597841,"gate_30",168,TRUE,FALSE
3597985,"gate_40",3,FALSE,FALSE
3598088,"gate_30",6,FALSE,FALSE
3598112,"gate_30",1,FALSE,FALSE
3598208,"gate_40",6,FALSE,FALSE
3598337,"gate_30",81,TRUE,TRUE
3598455,"gate_30",34,TRUE,FALSE
3598474,"gate_40",77,TRUE,TRUE
3598731,"gate_30",38,FALSE,FALSE
3598823,"gate_30",9,TRUE,TRUE
3598837,"gate_40",7,FALSE,FALSE
3599117,"gate_40",1,FALSE,FALSE
3599144,"gate_40",31,TRUE,FALSE
3599160,"gate_30",6,FALSE,FALSE
3599267,"gate_40",32,FALSE,FALSE
3599437,"gate_40",326,TRUE,TRUE
3599607,"gate_40",32,FALSE,TRUE
3599628,"gate_30",70,TRUE,FALSE
3599632,"gate_40",116,FALSE,TRUE
3599751,"gate_40",3,FALSE,FALSE
3599870,"gate_40",16,TRUE,FALSE
3599967,"gate_40",28,TRUE,FALSE
3600152,"gate_40",18,FALSE,TRUE
3600317,"gate_40",4,FALSE,FALSE
3600325,"gate_40",75,TRUE,FALSE
3600480,"gate_40",108,TRUE,TRUE
3600547,"gate_40",2,FALSE,FALSE
3600800,"gate_40",5,FALSE,FALSE
3600929,"gate_30",125,TRUE,FALSE
3600962,"gate_40",240,TRUE,TRUE
3601070,"gate_40",30,TRUE,TRUE
3601115,"gate_40",18,FALSE,FALSE
3601437,"gate_30",2,TRUE,FALSE
3601504,"gate_30",36,FALSE,FALSE
3601545,"gate_30",79,TRUE,FALSE
3601666,"gate_40",3,FALSE,FALSE
3601672,"gate_40",79,TRUE,TRUE
3601770,"gate_30",226,TRUE,TRUE
3601971,"gate_30",0,FALSE,FALSE
3602051,"gate_40",4,FALSE,FALSE
3602392,"gate_40",8,FALSE,FALSE
3602425,"gate_30",72,TRUE,FALSE
3602491,"gate_30",0,FALSE,FALSE
3602531,"gate_30",7,FALSE,FALSE
3602563,"gate_30",35,FALSE,FALSE
3602842,"gate_40",54,TRUE,TRUE
3602975,"gate_30",0,FALSE,FALSE
3603098,"gate_30",9,FALSE,FALSE
3603240,"gate_30",1,FALSE,FALSE
3603244,"gate_40",51,TRUE,FALSE
3603257,"gate_30",147,TRUE,TRUE
3603424,"gate_30",40,TRUE,FALSE
3603507,"gate_40",27,TRUE,FALSE
3603659,"gate_30",4,TRUE,FALSE
3603687,"gate_40",29,TRUE,FALSE
3603739,"gate_30",1,FALSE,FALSE
3603743,"gate_30",13,TRUE,FALSE
3603768,"gate_30",71,TRUE,FALSE
3603881,"gate_30",10,FALSE,FALSE
3604050,"gate_40",21,FALSE,FALSE
3604106,"gate_40",9,FALSE,FALSE
3604138,"gate_40",16,TRUE,FALSE
3604145,"gate_30",115,TRUE,FALSE
3604157,"gate_40",18,TRUE,FALSE
3604233,"gate_40",2,FALSE,FALSE
3604254,"gate_40",110,TRUE,FALSE
3604361,"gate_40",41,TRUE,FALSE
3604438,"gate_30",127,FALSE,FALSE
3604480,"gate_30",31,TRUE,FALSE
3604527,"gate_40",25,TRUE,FALSE
3604656,"gate_30",15,FALSE,FALSE
3604945,"gate_30",187,FALSE,TRUE
3605068,"gate_40",6,FALSE,FALSE
3605158,"gate_30",36,TRUE,FALSE
3605175,"gate_30",2,FALSE,FALSE
3605294,"gate_40",42,FALSE,TRUE
3605364,"gate_40",4,FALSE,FALSE
3605408,"gate_40",46,TRUE,FALSE
3605428,"gate_30",70,TRUE,TRUE
3605523,"gate_40",8,FALSE,FALSE
3605557,"gate_30",48,FALSE,FALSE
3605596,"gate_30",0,FALSE,FALSE
3605757,"gate_30",34,TRUE,TRUE
3605819,"gate_40",0,FALSE,FALSE
3605844,"gate_30",5,TRUE,FALSE
3605857,"gate_30",34,TRUE,FALSE
3605879,"gate_40",7,FALSE,FALSE
3606018,"gate_30",1,FALSE,FALSE
3606060,"gate_30",56,FALSE,FALSE
3606090,"gate_30",153,TRUE,TRUE
3606265,"gate_30",19,FALSE,FALSE
3606456,"gate_30",27,TRUE,FALSE
3606592,"gate_30",2,FALSE,FALSE
3606599,"gate_30",19,TRUE,FALSE
3606709,"gate_40",21,FALSE,FALSE
3606882,"gate_40",121,TRUE,FALSE
3606984,"gate_30",2,FALSE,FALSE
3607106,"gate_30",69,TRUE,FALSE
3607199,"gate_40",23,FALSE,FALSE
3607275,"gate_30",8,FALSE,FALSE
3607279,"gate_40",3,FALSE,FALSE
3607322,"gate_40",13,FALSE,FALSE
3607433,"gate_40",4,FALSE,FALSE
3607444,"gate_30",250,TRUE,TRUE
3607559,"gate_30",126,TRUE,TRUE
3607636,"gate_40",10,FALSE,FALSE
3607649,"gate_30",7,FALSE,FALSE
3607675,"gate_30",9,TRUE,FALSE
3607776,"gate_40",11,FALSE,FALSE
3607878,"gate_30",5,FALSE,FALSE
3607884,"gate_30",19,FALSE,FALSE
3608009,"gate_40",4,FALSE,FALSE
3608314,"gate_30",20,TRUE,FALSE
3608455,"gate_40",107,FALSE,FALSE
3608502,"gate_30",259,TRUE,TRUE
3608537,"gate_40",19,FALSE,FALSE
3608646,"gate_40",24,FALSE,FALSE
3608745,"gate_40",103,TRUE,TRUE
3608932,"gate_40",11,FALSE,FALSE
3608995,"gate_30",6,FALSE,FALSE
3609018,"gate_30",33,TRUE,FALSE
3609079,"gate_40",8,TRUE,TRUE
3609497,"gate_40",0,FALSE,FALSE
3609694,"gate_30",151,TRUE,FALSE
3609729,"gate_40",14,FALSE,FALSE
3609805,"gate_40",31,TRUE,FALSE
3609990,"gate_30",24,FALSE,FALSE
3610213,"gate_40",0,FALSE,FALSE
3610863,"gate_40",88,FALSE,TRUE
3611025,"gate_30",5,FALSE,FALSE
3611134,"gate_40",2,FALSE,FALSE
3611224,"gate_30",6,TRUE,FALSE
3611484,"gate_40",102,TRUE,FALSE
3611535,"gate_40",20,TRUE,FALSE
3611546,"gate_40",246,TRUE,TRUE
3611712,"gate_40",31,TRUE,FALSE
3611769,"gate_40",8,FALSE,FALSE
3611837,"gate_40",78,FALSE,FALSE
3611934,"gate_30",6,FALSE,FALSE
3612078,"gate_40",21,FALSE,FALSE
3612082,"gate_30",6,FALSE,FALSE
3612093,"gate_30",275,TRUE,TRUE
3612118,"gate_30",50,TRUE,TRUE
3612164,"gate_30",270,TRUE,TRUE
3612213,"gate_30",3,FALSE,FALSE
3612385,"gate_40",6,FALSE,FALSE
3612433,"gate_40",301,TRUE,TRUE
3612643,"gate_40",73,TRUE,FALSE
3612851,"gate_40",255,TRUE,TRUE
3612877,"gate_30",78,TRUE,FALSE
3612947,"gate_30",45,TRUE,FALSE
3613078,"gate_30",1,FALSE,FALSE
3613241,"gate_40",18,TRUE,TRUE
3613331,"gate_40",40,TRUE,TRUE
3613421,"gate_30",3,FALSE,FALSE
3613430,"gate_30",338,TRUE,TRUE
3613475,"gate_40",2,FALSE,FALSE
3613577,"gate_30",377,TRUE,TRUE
3613842,"gate_30",34,TRUE,TRUE
3613860,"gate_40",59,TRUE,FALSE
3614051,"gate_30",2,FALSE,FALSE
3614123,"gate_30",0,FALSE,FALSE
3614208,"gate_30",29,FALSE,FALSE
3614332,"gate_30",112,TRUE,FALSE
3614377,"gate_40",8,TRUE,FALSE
3614383,"gate_30",26,FALSE,TRUE
3614457,"gate_40",17,FALSE,FALSE
3614555,"gate_30",15,FALSE,FALSE
3614751,"gate_40",192,TRUE,TRUE
3614851,"gate_40",24,TRUE,FALSE
3614890,"gate_30",64,FALSE,TRUE
3614963,"gate_40",44,TRUE,FALSE
3615035,"gate_40",11,FALSE,FALSE
3615161,"gate_30",16,FALSE,TRUE
3615193,"gate_40",37,TRUE,FALSE
3615226,"gate_30",18,TRUE,FALSE
3615584,"gate_40",0,FALSE,FALSE
3615754,"gate_40",11,FALSE,FALSE
3615877,"gate_40",43,TRUE,FALSE
3616129,"gate_40",6,FALSE,FALSE
3616173,"gate_30",19,TRUE,FALSE
3616182,"gate_30",53,TRUE,FALSE
3616558,"gate_30",25,FALSE,FALSE
3616630,"gate_30",88,TRUE,FALSE
3616728,"gate_30",39,TRUE,FALSE
3616766,"gate_30",4,FALSE,FALSE
3616882,"gate_30",20,FALSE,FALSE
3616905,"gate_40",14,FALSE,FALSE
3617052,"gate_30",4,FALSE,FALSE
3617435,"gate_30",12,TRUE,FALSE
3617555,"gate_40",67,TRUE,FALSE
3617599,"gate_40",54,FALSE,FALSE
3618102,"gate_30",8,FALSE,FALSE
3618539,"gate_30",2,FALSE,FALSE
3618705,"gate_30",89,FALSE,FALSE
3618724,"gate_30",38,FALSE,FALSE
3618799,"gate_30",279,TRUE,TRUE
3618830,"gate_30",141,TRUE,TRUE
3618924,"gate_30",12,FALSE,FALSE
3619417,"gate_30",3,FALSE,FALSE
3619540,"gate_40",14,FALSE,FALSE
3619563,"gate_30",309,TRUE,TRUE
3619588,"gate_40",12,FALSE,FALSE
3619737,"gate_40",26,FALSE,TRUE
3619813,"gate_30",18,FALSE,FALSE
3619836,"gate_40",11,TRUE,FALSE
3620036,"gate_40",3,FALSE,FALSE
3620157,"gate_40",19,TRUE,FALSE
3620433,"gate_30",26,FALSE,FALSE
3620554,"gate_30",1,FALSE,FALSE
3620658,"gate_30",240,TRUE,TRUE
3620754,"gate_30",42,FALSE,FALSE
3620791,"gate_40",8,FALSE,FALSE
3620814,"gate_30",2,FALSE,FALSE
3620909,"gate_40",99,TRUE,FALSE
3620957,"gate_30",8,TRUE,FALSE
3620997,"gate_30",4,FALSE,FALSE
3621044,"gate_30",85,TRUE,TRUE
3621101,"gate_30",10,FALSE,FALSE
3621251,"gate_30",11,FALSE,FALSE
3621322,"gate_40",2,FALSE,FALSE
3621605,"gate_30",3,FALSE,FALSE
3621657,"gate_40",91,TRUE,FALSE
3621849,"gate_30",80,TRUE,TRUE
3622178,"gate_40",11,FALSE,FALSE
3622549,"gate_40",4,FALSE,FALSE
3622727,"gate_30",6,FALSE,FALSE
3622750,"gate_40",28,FALSE,FALSE
3622920,"gate_40",44,FALSE,FALSE
3622953,"gate_30",2,FALSE,FALSE
3623099,"gate_40",6,FALSE,FALSE
3623192,"gate_30",1,FALSE,FALSE
3623459,"gate_40",4,FALSE,FALSE
3623648,"gate_30",10,FALSE,FALSE
3623701,"gate_30",6,FALSE,FALSE
3623769,"gate_40",1,FALSE,FALSE
3623882,"gate_40",13,FALSE,FALSE
3623972,"gate_40",210,TRUE,FALSE
3624003,"gate_40",206,TRUE,TRUE
3624124,"gate_30",114,TRUE,FALSE
3624152,"gate_40",12,FALSE,FALSE
3624195,"gate_30",179,TRUE,TRUE
3624197,"gate_30",2,FALSE,FALSE
3624274,"gate_30",181,TRUE,TRUE
3624289,"gate_40",14,TRUE,FALSE
3624298,"gate_30",4,FALSE,FALSE
3624351,"gate_30",5,FALSE,FALSE
3624372,"gate_40",18,TRUE,TRUE
3624417,"gate_40",5,FALSE,FALSE
3624433,"gate_40",30,FALSE,FALSE
3624458,"gate_30",37,FALSE,FALSE
3624531,"gate_30",52,TRUE,TRUE
3624912,"gate_30",131,TRUE,FALSE
3624925,"gate_40",1,FALSE,FALSE
3625010,"gate_40",1,FALSE,FALSE
3625134,"gate_30",107,TRUE,TRUE
3625172,"gate_40",217,TRUE,TRUE
3625177,"gate_30",2,FALSE,FALSE
3625280,"gate_40",5,FALSE,FALSE
3625366,"gate_40",40,FALSE,FALSE
3625472,"gate_30",29,FALSE,FALSE
3625574,"gate_30",21,TRUE,FALSE
3626022,"gate_30",124,TRUE,FALSE
3626123,"gate_40",2,FALSE,FALSE
3626188,"gate_30",111,TRUE,TRUE
3626346,"gate_40",363,TRUE,TRUE
3626382,"gate_30",3,FALSE,FALSE
3626438,"gate_40",56,TRUE,FALSE
3626515,"gate_30",313,TRUE,TRUE
3626740,"gate_30",88,TRUE,FALSE
3626903,"gate_40",26,FALSE,FALSE
3627198,"gate_40",7,FALSE,FALSE
3627300,"gate_30",5,FALSE,FALSE
3627321,"gate_30",281,TRUE,FALSE
3627461,"gate_40",3,FALSE,FALSE
3627618,"gate_40",5,FALSE,FALSE
3627633,"gate_40",16,FALSE,FALSE
3627663,"gate_40",16,TRUE,FALSE
3627800,"gate_30",12,TRUE,FALSE
3627812,"gate_40",34,TRUE,FALSE
3627878,"gate_30",6,FALSE,FALSE
3628014,"gate_30",2,FALSE,FALSE
3628025,"gate_40",10,FALSE,FALSE
3628139,"gate_30",90,TRUE,FALSE
3628150,"gate_40",12,FALSE,FALSE
3628171,"gate_40",32,FALSE,FALSE
3628303,"gate_30",1,FALSE,FALSE
3628334,"gate_30",1,FALSE,FALSE
3628465,"gate_30",8,TRUE,FALSE
3628479,"gate_40",199,TRUE,TRUE
3628586,"gate_40",16,FALSE,FALSE
3628956,"gate_30",20,FALSE,TRUE
3629005,"gate_30",61,TRUE,FALSE
3629190,"gate_30",4,FALSE,FALSE
3629328,"gate_40",7,TRUE,FALSE
3629349,"gate_30",13,FALSE,FALSE
3629484,"gate_40",89,TRUE,FALSE
3629517,"gate_40",1,FALSE,FALSE
3629601,"gate_40",249,TRUE,FALSE
3629700,"gate_40",41,TRUE,TRUE
3629750,"gate_30",19,TRUE,FALSE
3629783,"gate_30",26,TRUE,FALSE
3629812,"gate_30",98,TRUE,FALSE
3629898,"gate_40",2,FALSE,FALSE
3629903,"gate_40",1,FALSE,FALSE
3630066,"gate_40",24,TRUE,FALSE
3630071,"gate_40",185,TRUE,TRUE
3630290,"gate_40",29,FALSE,FALSE
3630337,"gate_40",5,FALSE,FALSE
3630528,"gate_30",22,FALSE,FALSE
3630599,"gate_30",3,FALSE,TRUE
3630626,"gate_40",2,TRUE,FALSE
3630750,"gate_30",44,TRUE,FALSE
3630902,"gate_30",2,FALSE,FALSE
3631138,"gate_30",2,FALSE,FALSE
3631174,"gate_30",13,TRUE,FALSE
3631257,"gate_40",26,TRUE,FALSE
3631329,"gate_30",9,FALSE,FALSE
3631458,"gate_40",12,FALSE,FALSE
3631492,"gate_40",113,TRUE,TRUE
3631532,"gate_30",40,TRUE,FALSE
3631550,"gate_40",0,FALSE,FALSE
3631810,"gate_40",42,TRUE,FALSE
3631884,"gate_40",5,FALSE,FALSE
3631965,"gate_30",3,FALSE,FALSE
3631983,"gate_40",29,TRUE,FALSE
3632034,"gate_30",7,TRUE,FALSE
3632252,"gate_40",11,FALSE,FALSE
3632291,"gate_30",234,TRUE,TRUE
3632469,"gate_40",4,FALSE,FALSE
3632571,"gate_40",35,TRUE,FALSE
3632574,"gate_30",152,TRUE,TRUE
3632591,"gate_30",125,TRUE,FALSE
3632719,"gate_40",250,TRUE,FALSE
3632844,"gate_30",112,TRUE,FALSE
3633026,"gate_30",2,FALSE,FALSE
3633045,"gate_30",183,TRUE,FALSE
3633402,"gate_40",296,TRUE,FALSE
3633544,"gate_40",4,FALSE,FALSE
3633558,"gate_30",2,FALSE,FALSE
3633567,"gate_30",1,FALSE,FALSE
3633740,"gate_30",17,TRUE,FALSE
3633760,"gate_30",0,FALSE,FALSE
3633773,"gate_40",31,FALSE,TRUE
3633856,"gate_30",2,FALSE,FALSE
3633896,"gate_30",10,FALSE,FALSE
3634095,"gate_30",29,TRUE,TRUE
3634250,"gate_30",2,FALSE,FALSE
3634326,"gate_40",9,TRUE,FALSE
3634358,"gate_40",15,TRUE,FALSE
3634396,"gate_40",4,FALSE,FALSE
3634540,"gate_30",76,TRUE,FALSE
3634689,"gate_40",4,FALSE,FALSE
3634847,"gate_40",4,FALSE,FALSE
3634873,"gate_40",219,TRUE,TRUE
3634975,"gate_30",509,TRUE,TRUE
3635268,"gate_30",1,FALSE,FALSE
3635303,"gate_30",52,FALSE,FALSE
3635577,"gate_40",24,FALSE,FALSE
3635769,"gate_30",301,TRUE,TRUE
3635858,"gate_30",87,FALSE,TRUE
3636065,"gate_30",137,TRUE,TRUE
3636076,"gate_40",178,TRUE,TRUE
3636105,"gate_30",25,TRUE,FALSE
3636138,"gate_30",62,TRUE,FALSE
3636188,"gate_40",869,TRUE,TRUE
3636315,"gate_30",6,TRUE,FALSE
3636455,"gate_40",36,FALSE,FALSE
3636518,"gate_30",40,TRUE,FALSE
3636686,"gate_40",6,TRUE,FALSE
3636708,"gate_30",17,TRUE,FALSE
3636774,"gate_30",1,TRUE,FALSE
3636841,"gate_40",73,TRUE,TRUE
3637000,"gate_40",178,TRUE,FALSE
3637043,"gate_40",6,FALSE,FALSE
3637090,"gate_30",1,TRUE,FALSE
3637226,"gate_30",1,FALSE,FALSE
3637235,"gate_30",109,TRUE,FALSE
3637598,"gate_40",12,FALSE,FALSE
3637813,"gate_30",499,TRUE,TRUE
3637875,"gate_30",1,FALSE,FALSE
3637918,"gate_40",12,FALSE,FALSE
3637952,"gate_40",143,TRUE,TRUE
3638014,"gate_30",22,FALSE,FALSE
3638169,"gate_40",42,TRUE,FALSE
3638201,"gate_30",3,FALSE,FALSE
3638225,"gate_30",30,TRUE,FALSE
3638294,"gate_30",39,FALSE,FALSE
3638433,"gate_30",148,TRUE,FALSE
3638673,"gate_30",13,TRUE,FALSE
3638803,"gate_30",5,FALSE,FALSE
3638928,"gate_30",32,TRUE,FALSE
3638939,"gate_40",204,TRUE,FALSE
3638983,"gate_40",40,TRUE,FALSE
3639002,"gate_30",1,FALSE,FALSE
3639254,"gate_30",32,FALSE,FALSE
3639319,"gate_30",4,FALSE,TRUE
3639432,"gate_30",10,FALSE,FALSE
3639486,"gate_40",1,FALSE,FALSE
3639488,"gate_40",6,FALSE,FALSE
3639557,"gate_40",11,FALSE,FALSE
3639558,"gate_30",10,TRUE,FALSE
3639605,"gate_40",16,TRUE,FALSE
3639639,"gate_30",2,FALSE,FALSE
3639736,"gate_30",1,FALSE,FALSE
3639824,"gate_40",56,TRUE,FALSE
3639991,"gate_30",179,TRUE,TRUE
3640007,"gate_30",173,TRUE,FALSE
3640135,"gate_40",12,FALSE,FALSE
3640202,"gate_40",1043,TRUE,TRUE
3640435,"gate_30",127,TRUE,FALSE
3640545,"gate_40",5,FALSE,FALSE
3640564,"gate_30",8,FALSE,FALSE
3640630,"gate_30",2,FALSE,FALSE
3640683,"gate_40",4,FALSE,FALSE
3640694,"gate_30",46,TRUE,FALSE
3640757,"gate_40",47,TRUE,FALSE
3640999,"gate_30",5,FALSE,FALSE
3641028,"gate_30",17,TRUE,FALSE
3641088,"gate_40",5,FALSE,FALSE
3641191,"gate_40",6,FALSE,FALSE
3641201,"gate_30",9,FALSE,FALSE
3641299,"gate_40",2,FALSE,FALSE
3641357,"gate_30",38,FALSE,FALSE
3641413,"gate_30",44,FALSE,FALSE
3641478,"gate_40",76,FALSE,TRUE
3641532,"gate_40",20,FALSE,FALSE
3641672,"gate_30",9,FALSE,FALSE
3641741,"gate_30",1,FALSE,FALSE
3641760,"gate_40",18,FALSE,FALSE
3641766,"gate_30",1,FALSE,FALSE
3641794,"gate_30",0,TRUE,TRUE
3641872,"gate_30",3,FALSE,FALSE
3641937,"gate_30",14,TRUE,FALSE
3642010,"gate_40",210,TRUE,TRUE
3642267,"gate_40",18,TRUE,FALSE
3642300,"gate_40",14,TRUE,FALSE
3642357,"gate_40",1,FALSE,FALSE
3642460,"gate_40",7,FALSE,FALSE
3642595,"gate_30",17,FALSE,FALSE
3642693,"gate_40",91,TRUE,TRUE
3642718,"gate_30",14,FALSE,FALSE
3642959,"gate_30",2,FALSE,FALSE
3643034,"gate_40",5,FALSE,FALSE
3643050,"gate_30",23,FALSE,FALSE
3643155,"gate_30",79,TRUE,FALSE
3643218,"gate_30",2,FALSE,FALSE
3643269,"gate_40",17,FALSE,FALSE
3643594,"gate_40",2,FALSE,FALSE
3643706,"gate_30",1,FALSE,FALSE
3643915,"gate_30",11,FALSE,FALSE
3643961,"gate_30",60,TRUE,TRUE
3643971,"gate_40",36,FALSE,FALSE
3644090,"gate_40",9,FALSE,FALSE
3644208,"gate_40",0,FALSE,FALSE
3644380,"gate_40",759,TRUE,TRUE
3644414,"gate_30",3,FALSE,FALSE
3644493,"gate_40",0,FALSE,FALSE
3644647,"gate_30",1,FALSE,FALSE
3644666,"gate_40",0,FALSE,FALSE
3645020,"gate_30",94,TRUE,FALSE
3645027,"gate_40",19,TRUE,TRUE
3645067,"gate_30",3,FALSE,FALSE
3645087,"gate_40",137,TRUE,FALSE
3645090,"gate_40",1,FALSE,FALSE
3645488,"gate_40",99,TRUE,FALSE
3645532,"gate_40",74,TRUE,FALSE
3645662,"gate_30",2,FALSE,FALSE
3645712,"gate_40",16,FALSE,TRUE
3645726,"gate_30",12,FALSE,FALSE
3645763,"gate_40",1,FALSE,FALSE
3645805,"gate_40",2,FALSE,TRUE
3646010,"gate_40",118,FALSE,TRUE
3646159,"gate_30",18,FALSE,FALSE
3646318,"gate_30",882,TRUE,TRUE
3646366,"gate_40",161,TRUE,TRUE
3646505,"gate_40",35,TRUE,TRUE
3647005,"gate_40",7,TRUE,FALSE
3647078,"gate_40",8,TRUE,FALSE
3647137,"gate_30",5,TRUE,FALSE
3647195,"gate_40",1,FALSE,FALSE
3647220,"gate_40",18,FALSE,FALSE
3647243,"gate_30",1,FALSE,FALSE
3647248,"gate_40",11,FALSE,FALSE
3647299,"gate_30",1,FALSE,FALSE
3647584,"gate_40",13,TRUE,FALSE
3647648,"gate_40",1,FALSE,FALSE
3647757,"gate_30",35,FALSE,FALSE
3647964,"gate_30",241,TRUE,TRUE
3648109,"gate_30",36,TRUE,TRUE
3648631,"gate_40",3,FALSE,FALSE
3649098,"gate_40",3,FALSE,FALSE
3649323,"gate_40",1,FALSE,FALSE
3649507,"gate_30",179,TRUE,FALSE
3649513,"gate_30",8,FALSE,FALSE
3649536,"gate_30",2,FALSE,FALSE
3649718,"gate_40",86,TRUE,FALSE
3649886,"gate_30",5,FALSE,FALSE
3649942,"gate_40",1,FALSE,FALSE
3650104,"gate_30",16,FALSE,FALSE
3650140,"gate_30",55,TRUE,TRUE
3650197,"gate_30",7,FALSE,FALSE
3650237,"gate_30",1,FALSE,FALSE
3650263,"gate_30",0,FALSE,FALSE
3650274,"gate_30",59,FALSE,TRUE
3650316,"gate_40",424,TRUE,TRUE
3650391,"gate_40",10,FALSE,FALSE
3650430,"gate_30",17,TRUE,FALSE
3650451,"gate_30",5,FALSE,FALSE
3650556,"gate_40",7,FALSE,FALSE
3650678,"gate_30",198,TRUE,FALSE
3651005,"gate_40",1,FALSE,FALSE
3651054,"gate_40",19,TRUE,FALSE
3651063,"gate_30",6,FALSE,FALSE
3651065,"gate_30",18,FALSE,FALSE
3651515,"gate_30",67,TRUE,TRUE
3651616,"gate_40",30,TRUE,FALSE
3651641,"gate_30",15,FALSE,FALSE
3651670,"gate_30",30,TRUE,FALSE
3651705,"gate_40",0,FALSE,FALSE
3651786,"gate_30",0,FALSE,FALSE
3651869,"gate_30",60,TRUE,FALSE
3652057,"gate_40",144,FALSE,FALSE
3652095,"gate_40",3,FALSE,FALSE
3652156,"gate_40",14,FALSE,FALSE
3652159,"gate_40",1,FALSE,FALSE
3652354,"gate_40",6,FALSE,FALSE
3652451,"gate_30",23,FALSE,FALSE
3652468,"gate_40",21,TRUE,FALSE
3652566,"gate_30",32,TRUE,FALSE
3652581,"gate_40",213,TRUE,TRUE
3652921,"gate_40",17,FALSE,FALSE
3653032,"gate_30",4,FALSE,FALSE
3653305,"gate_30",56,TRUE,TRUE
3653340,"gate_40",34,TRUE,TRUE
3653433,"gate_30",16,FALSE,FALSE
3653636,"gate_40",14,FALSE,FALSE
3653771,"gate_30",4,FALSE,FALSE
3653923,"gate_30",100,TRUE,FALSE
3653960,"gate_40",84,TRUE,TRUE
3654069,"gate_40",54,TRUE,FALSE
3654083,"gate_40",2,FALSE,FALSE
3654149,"gate_40",11,FALSE,FALSE
3654177,"gate_40",3,FALSE,FALSE
3654193,"gate_40",4,FALSE,FALSE
3654233,"gate_40",12,FALSE,FALSE
3654236,"gate_40",1,FALSE,FALSE
3654487,"gate_30",7,FALSE,FALSE
3654579,"gate_40",1,FALSE,FALSE
3654898,"gate_30",6,FALSE,FALSE
3654923,"gate_40",14,FALSE,TRUE
3654927,"gate_30",1,FALSE,FALSE
3655045,"gate_40",8,FALSE,FALSE
3655066,"gate_40",26,FALSE,FALSE
3655259,"gate_40",90,TRUE,FALSE
3655388,"gate_30",0,FALSE,FALSE
3655389,"gate_30",5,FALSE,FALSE
3655432,"gate_30",19,TRUE,FALSE
3655475,"gate_40",24,TRUE,FALSE
3655581,"gate_40",145,FALSE,FALSE
3655607,"gate_30",2,FALSE,FALSE
3655672,"gate_30",3,FALSE,FALSE
3655703,"gate_30",2,FALSE,FALSE
3655734,"gate_30",21,FALSE,FALSE
3655854,"gate_30",10,FALSE,FALSE
3655967,"gate_40",12,TRUE,FALSE
3656066,"gate_30",32,TRUE,FALSE
3656079,"gate_40",455,TRUE,TRUE
3656202,"gate_40",32,FALSE,FALSE
3656224,"gate_40",24,FALSE,FALSE
3656249,"gate_40",14,FALSE,FALSE
3656290,"gate_40",117,TRUE,FALSE
3656542,"gate_30",3,FALSE,FALSE
3656691,"gate_40",12,FALSE,FALSE
3656776,"gate_40",4,FALSE,FALSE
3656939,"gate_40",37,FALSE,FALSE
3657071,"gate_40",53,FALSE,FALSE
3657082,"gate_30",304,TRUE,TRUE
3657274,"gate_40",12,FALSE,FALSE
3657297,"gate_30",5,FALSE,FALSE
3657431,"gate_40",53,TRUE,FALSE
3657445,"gate_30",82,TRUE,TRUE
3657460,"gate_40",38,TRUE,FALSE
3657499,"gate_30",62,TRUE,TRUE
3657601,"gate_30",41,TRUE,FALSE
3657696,"gate_40",21,TRUE,FALSE
3658054,"gate_30",13,FALSE,FALSE
3658098,"gate_30",53,TRUE,FALSE
3658286,"gate_30",7,FALSE,FALSE
3658293,"gate_40",44,FALSE,FALSE
3658336,"gate_40",416,TRUE,TRUE
3658408,"gate_40",0,FALSE,FALSE
3658420,"gate_40",3,FALSE,FALSE
3658438,"gate_30",121,TRUE,TRUE
3658472,"gate_40",25,TRUE,FALSE
3658477,"gate_40",17,FALSE,FALSE
3658513,"gate_40",103,TRUE,TRUE
3658570,"gate_30",293,TRUE,TRUE
3658576,"gate_30",41,TRUE,FALSE
3658633,"gate_30",5,FALSE,FALSE
3658650,"gate_30",116,TRUE,TRUE
3658862,"gate_30",5,FALSE,FALSE
3659086,"gate_30",37,FALSE,TRUE
3659179,"gate_30",73,TRUE,TRUE
3659188,"gate_30",0,FALSE,FALSE
3659554,"gate_30",40,TRUE,FALSE
3659597,"gate_30",295,TRUE,TRUE
3659643,"gate_30",33,TRUE,FALSE
3659755,"gate_40",7,FALSE,FALSE
3660165,"gate_30",12,FALSE,FALSE
3660354,"gate_30",6,FALSE,FALSE
3660524,"gate_30",17,TRUE,TRUE
3660744,"gate_40",253,TRUE,TRUE
3660762,"gate_30",24,FALSE,FALSE
3660859,"gate_30",39,FALSE,TRUE
3661088,"gate_40",16,FALSE,FALSE
3661104,"gate_30",27,FALSE,FALSE
3661246,"gate_40",163,TRUE,TRUE
3661286,"gate_40",8,FALSE,FALSE
3661348,"gate_30",200,TRUE,TRUE
3661466,"gate_40",6,FALSE,FALSE
3661627,"gate_30",47,TRUE,TRUE
3661900,"gate_40",87,TRUE,FALSE
3661971,"gate_30",19,TRUE,FALSE
3662019,"gate_40",42,FALSE,TRUE
3662158,"gate_40",0,FALSE,FALSE
3662353,"gate_30",145,FALSE,TRUE
3662394,"gate_40",70,TRUE,FALSE
3662442,"gate_30",75,FALSE,TRUE
3662472,"gate_40",109,TRUE,TRUE
3662565,"gate_30",9,FALSE,FALSE
3662606,"gate_30",3,TRUE,FALSE
3662679,"gate_30",442,TRUE,TRUE
3662964,"gate_30",1,FALSE,FALSE
3662993,"gate_40",22,TRUE,FALSE
3663174,"gate_30",4,FALSE,FALSE
3663252,"gate_30",23,FALSE,FALSE
3663264,"gate_30",171,TRUE,TRUE
3663443,"gate_30",39,TRUE,FALSE
3663483,"gate_30",18,TRUE,FALSE
3663592,"gate_30",297,TRUE,TRUE
3663603,"gate_40",21,FALSE,FALSE
3663676,"gate_30",18,TRUE,FALSE
3663768,"gate_30",19,TRUE,FALSE
3663984,"gate_30",48,TRUE,FALSE
3663994,"gate_40",5,FALSE,FALSE
3664107,"gate_40",116,TRUE,FALSE
3664206,"gate_40",2,FALSE,FALSE
3664445,"gate_30",137,TRUE,TRUE
3664541,"gate_40",20,TRUE,FALSE
3664721,"gate_40",23,TRUE,FALSE
3664748,"gate_30",2,FALSE,FALSE
3664885,"gate_30",15,FALSE,FALSE
3665008,"gate_30",7,FALSE,FALSE
3665183,"gate_30",309,TRUE,TRUE
3665781,"gate_40",57,TRUE,FALSE
3665793,"gate_40",5,FALSE,FALSE
3665807,"gate_30",13,FALSE,FALSE
3666059,"gate_30",22,TRUE,FALSE
3666107,"gate_30",1,FALSE,FALSE
3666119,"gate_30",1,FALSE,FALSE
3666230,"gate_40",1,FALSE,FALSE
3666294,"gate_30",14,FALSE,FALSE
3666440,"gate_40",54,FALSE,FALSE
3666597,"gate_40",6,FALSE,FALSE
3666627,"gate_40",11,TRUE,FALSE
3666701,"gate_30",71,TRUE,TRUE
3666749,"gate_30",5,FALSE,FALSE
3666760,"gate_30",30,TRUE,FALSE
3666773,"gate_40",5,FALSE,FALSE
3666844,"gate_40",1,FALSE,FALSE
3666868,"gate_30",27,TRUE,FALSE
3667031,"gate_40",116,TRUE,TRUE
3667088,"gate_40",4,FALSE,FALSE
3667128,"gate_40",5,FALSE,FALSE
3667135,"gate_30",121,TRUE,TRUE
3667386,"gate_30",15,FALSE,FALSE
3667476,"gate_30",52,TRUE,FALSE
3667595,"gate_40",197,TRUE,FALSE
3667711,"gate_30",12,FALSE,FALSE
3667735,"gate_30",19,FALSE,FALSE
3667866,"gate_40",3,FALSE,FALSE
3667893,"gate_40",4,TRUE,FALSE
3667923,"gate_40",0,FALSE,FALSE
3668280,"gate_40",141,FALSE,TRUE
3668341,"gate_30",37,FALSE,FALSE
3668349,"gate_30",2,FALSE,FALSE
3668404,"gate_30",3,FALSE,FALSE
3668431,"gate_30",36,FALSE,TRUE
3668438,"gate_40",29,FALSE,TRUE
3668580,"gate_40",85,TRUE,TRUE
3668618,"gate_40",83,FALSE,FALSE
3668666,"gate_40",55,FALSE,TRUE
3668743,"gate_30",77,TRUE,FALSE
3668868,"gate_30",0,FALSE,FALSE
3668924,"gate_40",10,FALSE,FALSE
3669238,"gate_40",1,FALSE,FALSE
3669247,"gate_40",14,TRUE,FALSE
3669258,"gate_30",25,TRUE,FALSE
3669306,"gate_40",5,TRUE,FALSE
3669487,"gate_40",15,FALSE,FALSE
3669585,"gate_40",4,FALSE,FALSE
3669777,"gate_30",6,FALSE,FALSE
3669890,"gate_30",47,TRUE,TRUE
3669895,"gate_30",21,FALSE,FALSE
3669996,"gate_30",14,FALSE,FALSE
3670118,"gate_40",179,TRUE,TRUE
3670190,"gate_40",8,FALSE,FALSE
3670192,"gate_40",43,FALSE,FALSE
3670201,"gate_30",6,FALSE,FALSE
3670361,"gate_30",11,FALSE,FALSE
3670363,"gate_40",122,TRUE,TRUE
3670372,"gate_30",11,FALSE,FALSE
3670460,"gate_40",111,TRUE,TRUE
3670465,"gate_30",40,FALSE,FALSE
3670588,"gate_40",16,FALSE,FALSE
3670598,"gate_40",19,TRUE,FALSE
3670765,"gate_30",47,TRUE,TRUE
3670831,"gate_40",1,FALSE,FALSE
3670862,"gate_30",85,TRUE,FALSE
3670893,"gate_40",20,FALSE,FALSE
3671090,"gate_30",8,FALSE,FALSE
3671539,"gate_30",287,TRUE,FALSE
3671549,"gate_40",27,FALSE,FALSE
3671560,"gate_40",1,FALSE,FALSE
3671626,"gate_30",17,FALSE,FALSE
3671730,"gate_40",94,FALSE,FALSE
3671816,"gate_30",82,TRUE,FALSE
3672030,"gate_40",6,FALSE,FALSE
3672061,"gate_40",35,TRUE,FALSE
3672135,"gate_30",281,TRUE,TRUE
3672408,"gate_30",1,FALSE,FALSE
3672548,"gate_30",25,TRUE,FALSE
3672600,"gate_40",29,TRUE,FALSE
3672739,"gate_40",222,TRUE,TRUE
3672847,"gate_30",18,TRUE,FALSE
3673391,"gate_30",14,FALSE,FALSE
3673441,"gate_30",34,FALSE,FALSE
3673678,"gate_30",4,FALSE,FALSE
3673757,"gate_40",2,FALSE,FALSE
3673795,"gate_30",2,FALSE,FALSE
3674006,"gate_30",371,TRUE,TRUE
3674367,"gate_40",219,TRUE,FALSE
3674480,"gate_40",13,FALSE,FALSE
3674898,"gate_40",143,TRUE,TRUE
3674900,"gate_30",110,TRUE,TRUE
3675061,"gate_30",11,FALSE,FALSE
3675064,"gate_40",2,FALSE,FALSE
3675151,"gate_30",2,FALSE,FALSE
3675378,"gate_40",2,FALSE,FALSE
3675387,"gate_30",32,FALSE,FALSE
3675942,"gate_30",6,FALSE,FALSE
3675976,"gate_30",2,FALSE,FALSE
3676239,"gate_30",5,FALSE,FALSE
3676278,"gate_40",3,FALSE,FALSE
3676364,"gate_30",410,TRUE,TRUE
3676535,"gate_40",5,FALSE,FALSE
3676646,"gate_40",93,TRUE,FALSE
3677144,"gate_40",12,FALSE,FALSE
3677280,"gate_40",4,FALSE,FALSE
3677409,"gate_40",164,TRUE,TRUE
3677419,"gate_30",4,FALSE,FALSE
3677753,"gate_30",43,FALSE,TRUE
3677851,"gate_30",4,FALSE,FALSE
3677870,"gate_30",30,TRUE,FALSE
3678004,"gate_40",29,TRUE,TRUE
3678321,"gate_40",356,TRUE,TRUE
3678370,"gate_30",26,FALSE,FALSE
3678477,"gate_30",1,FALSE,FALSE
3678513,"gate_40",16,TRUE,FALSE
3678667,"gate_40",5,FALSE,FALSE
3678732,"gate_40",88,TRUE,TRUE
3678755,"gate_30",276,TRUE,FALSE
3678862,"gate_30",14,FALSE,FALSE
3679196,"gate_40",94,TRUE,TRUE
3679524,"gate_30",170,TRUE,TRUE
3679550,"gate_30",91,FALSE,TRUE
3679755,"gate_30",70,TRUE,FALSE
3679855,"gate_30",17,FALSE,FALSE
3680003,"gate_30",9,TRUE,FALSE
3680100,"gate_40",13,FALSE,FALSE
3680200,"gate_40",1,FALSE,FALSE
3680327,"gate_40",1,FALSE,FALSE
3680348,"gate_30",5,FALSE,FALSE
3680357,"gate_40",0,FALSE,FALSE
3680644,"gate_30",3,FALSE,FALSE
3680683,"gate_40",184,TRUE,TRUE
3680730,"gate_30",264,TRUE,TRUE
3680747,"gate_40",2,FALSE,FALSE
3680753,"gate_40",1,FALSE,FALSE
3680846,"gate_40",5,FALSE,FALSE
3680947,"gate_30",33,TRUE,FALSE
3681044,"gate_40",1,FALSE,FALSE
3681084,"gate_40",32,FALSE,FALSE
3681343,"gate_30",10,TRUE,FALSE
3681373,"gate_30",108,TRUE,FALSE
3681590,"gate_30",7,FALSE,FALSE
3681940,"gate_40",20,TRUE,FALSE
3681946,"gate_30",12,FALSE,FALSE
3682044,"gate_30",36,FALSE,FALSE
3682072,"gate_30",0,FALSE,FALSE
3682097,"gate_40",230,FALSE,TRUE
3682225,"gate_30",6,FALSE,FALSE
3682234,"gate_40",0,FALSE,FALSE
3682434,"gate_40",38,FALSE,FALSE
3682889,"gate_40",14,FALSE,FALSE
3682921,"gate_40",5,FALSE,FALSE
3682980,"gate_30",136,TRUE,TRUE
3683169,"gate_30",11,FALSE,FALSE
3683185,"gate_40",0,FALSE,FALSE
3683193,"gate_30",692,TRUE,TRUE
3683228,"gate_40",5,TRUE,FALSE
3683314,"gate_40",20,TRUE,FALSE
3683333,"gate_30",105,TRUE,FALSE
3683580,"gate_40",13,FALSE,FALSE
3683644,"gate_40",56,TRUE,TRUE
3683666,"gate_40",270,TRUE,TRUE
3683718,"gate_40",416,TRUE,TRUE
3683737,"gate_40",31,TRUE,FALSE
3683741,"gate_40",8,FALSE,FALSE
3684060,"gate_30",14,TRUE,FALSE
3684090,"gate_30",25,FALSE,FALSE
3684260,"gate_40",511,TRUE,TRUE
3684391,"gate_40",5,FALSE,FALSE
3684419,"gate_30",11,FALSE,FALSE
3684490,"gate_30",2,FALSE,FALSE
3684498,"gate_40",58,TRUE,TRUE
3684653,"gate_40",7,FALSE,FALSE
3684789,"gate_30",9,FALSE,FALSE
3684792,"gate_30",67,TRUE,TRUE
3684818,"gate_40",46,FALSE,FALSE
3684856,"gate_30",165,TRUE,FALSE
3685000,"gate_40",4,FALSE,FALSE
3685232,"gate_30",189,TRUE,TRUE
3685299,"gate_40",152,TRUE,TRUE
3685401,"gate_40",47,TRUE,FALSE
3685461,"gate_30",40,TRUE,FALSE
3685470,"gate_40",21,FALSE,FALSE
3685475,"gate_30",0,FALSE,FALSE
3685726,"gate_30",251,TRUE,TRUE
3686243,"gate_30",16,FALSE,FALSE
3686264,"gate_30",1,FALSE,FALSE
3686287,"gate_30",1,FALSE,FALSE
3686362,"gate_30",0,FALSE,FALSE
3686951,"gate_40",15,TRUE,FALSE
3687313,"gate_30",95,TRUE,FALSE
3687344,"gate_40",147,TRUE,TRUE
3687411,"gate_30",7,TRUE,FALSE
3687589,"gate_40",6,FALSE,FALSE
3687651,"gate_30",34,TRUE,FALSE
3687652,"gate_40",6,TRUE,FALSE
3687675,"gate_40",28,TRUE,FALSE
3687878,"gate_40",6,FALSE,FALSE
3688041,"gate_30",1,FALSE,FALSE
3688061,"gate_40",58,TRUE,FALSE
3688124,"gate_40",5,FALSE,FALSE
3688169,"gate_30",354,TRUE,TRUE
3688215,"gate_30",33,TRUE,FALSE
3688300,"gate_30",0,FALSE,FALSE
3688419,"gate_40",260,TRUE,TRUE
3688578,"gate_40",5,FALSE,FALSE
3688641,"gate_30",40,FALSE,FALSE
3688650,"gate_30",8,FALSE,FALSE
3688709,"gate_40",25,FALSE,FALSE
3688845,"gate_30",52,TRUE,FALSE
3688871,"gate_30",32,TRUE,FALSE
3689146,"gate_30",2,FALSE,FALSE
3689180,"gate_40",6,FALSE,FALSE
3689185,"gate_40",48,FALSE,FALSE
3689194,"gate_40",0,TRUE,FALSE
3689526,"gate_30",9,FALSE,FALSE
3689640,"gate_40",2,FALSE,FALSE
3689688,"gate_30",2,FALSE,FALSE
3689700,"gate_40",6,FALSE,FALSE
3690075,"gate_40",1,FALSE,FALSE
3690150,"gate_40",162,TRUE,FALSE
3690171,"gate_30",18,TRUE,FALSE
3690191,"gate_40",2,FALSE,TRUE
3690195,"gate_30",72,FALSE,FALSE
3690244,"gate_30",17,TRUE,FALSE
3690370,"gate_30",4,FALSE,FALSE
3690375,"gate_30",0,FALSE,FALSE
3690480,"gate_40",29,TRUE,FALSE
3690510,"gate_30",8,TRUE,FALSE
3690522,"gate_40",29,TRUE,FALSE
3690716,"gate_40",2,FALSE,FALSE
3690908,"gate_40",260,TRUE,TRUE
3691090,"gate_40",174,FALSE,TRUE
3691153,"gate_30",44,FALSE,FALSE
3691221,"gate_40",178,TRUE,FALSE
3691229,"gate_30",6,TRUE,FALSE
3691287,"gate_40",46,TRUE,FALSE
3691318,"gate_30",40,TRUE,FALSE
3691325,"gate_40",38,FALSE,FALSE
3691456,"gate_40",145,TRUE,FALSE
3691621,"gate_30",5,TRUE,FALSE
3691696,"gate_40",18,FALSE,FALSE
3692048,"gate_40",44,TRUE,FALSE
3692117,"gate_40",21,FALSE,FALSE
3692303,"gate_30",16,FALSE,FALSE
3692343,"gate_40",16,FALSE,TRUE
3692533,"gate_30",1,FALSE,TRUE
3692577,"gate_30",15,FALSE,FALSE
3692707,"gate_30",4,FALSE,FALSE
3692806,"gate_30",7,FALSE,FALSE
3692884,"gate_40",2,FALSE,FALSE
3692887,"gate_30",29,TRUE,FALSE
3692967,"gate_40",11,TRUE,FALSE
3692991,"gate_40",0,FALSE,FALSE
3693063,"gate_40",125,FALSE,FALSE
3693280,"gate_30",11,FALSE,FALSE
3693342,"gate_30",20,FALSE,FALSE
3693369,"gate_40",174,TRUE,FALSE
3693469,"gate_30",8,FALSE,FALSE
3693635,"gate_40",74,FALSE,FALSE
3693852,"gate_40",30,TRUE,FALSE
3693977,"gate_40",4,FALSE,FALSE
3694226,"gate_30",8,FALSE,FALSE
3694229,"gate_40",61,TRUE,FALSE
3694270,"gate_30",252,TRUE,TRUE
3694271,"gate_30",26,TRUE,FALSE
3694307,"gate_30",636,TRUE,TRUE
3694378,"gate_40",15,FALSE,FALSE
3694538,"gate_40",91,TRUE,TRUE
3694668,"gate_30",340,TRUE,TRUE
3694839,"gate_30",359,TRUE,TRUE
3695074,"gate_40",13,FALSE,FALSE
3695501,"gate_40",27,TRUE,TRUE
3695636,"gate_30",93,TRUE,FALSE
3695790,"gate_30",7,FALSE,FALSE
3695942,"gate_40",8,FALSE,FALSE
3695948,"gate_30",10,TRUE,FALSE
3696031,"gate_30",281,TRUE,FALSE
3696374,"gate_40",31,TRUE,FALSE
3696406,"gate_30",57,TRUE,FALSE
3696565,"gate_40",0,FALSE,FALSE
3696585,"gate_40",61,TRUE,FALSE
3696704,"gate_30",1,FALSE,FALSE
3696721,"gate_40",10,TRUE,FALSE
3696732,"gate_30",7,FALSE,FALSE
3696741,"gate_40",7,FALSE,FALSE
3696932,"gate_40",106,TRUE,FALSE
3697036,"gate_40",139,TRUE,TRUE
3697038,"gate_40",2,FALSE,FALSE
3697316,"gate_40",0,FALSE,FALSE
3697528,"gate_30",7,FALSE,FALSE
3697564,"gate_30",23,FALSE,FALSE
3697660,"gate_40",48,TRUE,FALSE
3697701,"gate_40",53,TRUE,FALSE
3697758,"gate_40",20,TRUE,FALSE
3697760,"gate_40",31,FALSE,FALSE
3698014,"gate_30",6,FALSE,FALSE
3698032,"gate_30",36,TRUE,TRUE
3698130,"gate_30",290,TRUE,TRUE
3698378,"gate_30",0,FALSE,FALSE
3698593,"gate_40",11,FALSE,FALSE
3698743,"gate_30",208,TRUE,TRUE
3698798,"gate_40",7,FALSE,FALSE
3698851,"gate_40",146,TRUE,TRUE
3698947,"gate_40",5,FALSE,FALSE
3699111,"gate_30",221,TRUE,TRUE
3699277,"gate_30",49,TRUE,TRUE
3699447,"gate_40",8,FALSE,FALSE
3699799,"gate_40",2,TRUE,FALSE
3699917,"gate_30",0,FALSE,FALSE
3700034,"gate_40",114,TRUE,TRUE
3700162,"gate_40",9,FALSE,FALSE
3700252,"gate_40",60,FALSE,TRUE
3700336,"gate_30",81,TRUE,TRUE
3700492,"gate_30",10,FALSE,FALSE
3700503,"gate_30",1,FALSE,FALSE
3700539,"gate_40",4,FALSE,FALSE
3700613,"gate_30",195,TRUE,TRUE
3700661,"gate_40",20,TRUE,FALSE
3700767,"gate_40",2,FALSE,FALSE
3700785,"gate_30",4,FALSE,FALSE
3701004,"gate_40",47,TRUE,FALSE
3701059,"gate_40",3,FALSE,FALSE
3701060,"gate_30",77,TRUE,FALSE
3701108,"gate_30",18,FALSE,FALSE
3701150,"gate_30",4,FALSE,FALSE
3701203,"gate_40",12,FALSE,FALSE
3701266,"gate_40",1,FALSE,FALSE
3701315,"gate_40",17,FALSE,FALSE
3701426,"gate_40",8,FALSE,FALSE
3701463,"gate_40",0,FALSE,FALSE
3701484,"gate_30",3,FALSE,FALSE
3701629,"gate_40",3,FALSE,FALSE
3701799,"gate_30",40,TRUE,FALSE
3701854,"gate_30",2,FALSE,FALSE
3702067,"gate_30",14,FALSE,FALSE
3702139,"gate_40",6,FALSE,FALSE
3702188,"gate_30",116,TRUE,FALSE
3702282,"gate_30",11,FALSE,FALSE
3702406,"gate_30",3,FALSE,FALSE
3702466,"gate_30",1,FALSE,FALSE
3702499,"gate_40",35,TRUE,TRUE
3702744,"gate_30",328,TRUE,FALSE
3702784,"gate_40",160,TRUE,FALSE
3702840,"gate_40",116,TRUE,TRUE
3703142,"gate_40",0,FALSE,FALSE
3703236,"gate_30",34,TRUE,FALSE
3703332,"gate_30",20,TRUE,FALSE
3703484,"gate_30",111,TRUE,TRUE
3703496,"gate_40",31,FALSE,FALSE
3703618,"gate_30",3,FALSE,FALSE
3703638,"gate_40",5,FALSE,FALSE
3703824,"gate_30",24,TRUE,TRUE
3703865,"gate_40",0,FALSE,FALSE
3703869,"gate_30",8,FALSE,FALSE
3703944,"gate_30",371,TRUE,TRUE
3704000,"gate_40",3,FALSE,FALSE
3704130,"gate_40",6,FALSE,FALSE
3704236,"gate_30",227,TRUE,TRUE
3704339,"gate_40",59,TRUE,FALSE
3704723,"gate_40",68,TRUE,TRUE
3704853,"gate_30",52,TRUE,TRUE
3704962,"gate_40",0,FALSE,FALSE
3704983,"gate_40",94,TRUE,TRUE
3705233,"gate_40",8,FALSE,FALSE
3705383,"gate_40",40,TRUE,TRUE
3705501,"gate_30",10,TRUE,FALSE
3705536,"gate_30",6,FALSE,FALSE
3706018,"gate_30",0,FALSE,FALSE
3706056,"gate_30",16,TRUE,FALSE
3706141,"gate_30",52,TRUE,FALSE
3706167,"gate_40",363,TRUE,TRUE
3706232,"gate_30",31,TRUE,FALSE
3706407,"gate_40",9,TRUE,FALSE
3706747,"gate_40",28,TRUE,FALSE
3706957,"gate_40",15,TRUE,FALSE
3707031,"gate_40",50,TRUE,FALSE
3707169,"gate_30",22,TRUE,FALSE
3707372,"gate_40",103,FALSE,FALSE
3707514,"gate_30",8,FALSE,FALSE
3707728,"gate_40",16,FALSE,FALSE
3707837,"gate_30",0,FALSE,FALSE
3707886,"gate_40",1,FALSE,FALSE
3707936,"gate_40",1,FALSE,FALSE
3707938,"gate_40",8,FALSE,FALSE
3707941,"gate_30",2,FALSE,FALSE
3708059,"gate_30",3,FALSE,FALSE
3708415,"gate_40",163,TRUE,TRUE
3708421,"gate_40",14,FALSE,FALSE
3708739,"gate_40",11,TRUE,FALSE
3708744,"gate_40",2,FALSE,FALSE
3708794,"gate_40",84,TRUE,TRUE
3708815,"gate_30",17,FALSE,FALSE
3708976,"gate_40",3,FALSE,FALSE
3708982,"gate_30",62,FALSE,TRUE
3709058,"gate_30",16,TRUE,FALSE
3709137,"gate_30",2,FALSE,FALSE
3709151,"gate_30",38,TRUE,FALSE
3709262,"gate_40",10,FALSE,FALSE
3709557,"gate_30",12,FALSE,FALSE
3709625,"gate_40",17,FALSE,FALSE
3709681,"gate_40",4,FALSE,FALSE
3709724,"gate_30",351,TRUE,TRUE
3709739,"gate_30",1,FALSE,FALSE
3709742,"gate_30",0,FALSE,FALSE
3709773,"gate_30",1,FALSE,FALSE
3709845,"gate_30",18,TRUE,FALSE
3710252,"gate_40",1,FALSE,FALSE
3710255,"gate_30",50,TRUE,FALSE
3710608,"gate_40",9,FALSE,FALSE
3710616,"gate_30",159,TRUE,TRUE
3710772,"gate_30",170,FALSE,TRUE
3710794,"gate_30",325,TRUE,TRUE
3710906,"gate_40",42,TRUE,FALSE
3710935,"gate_40",0,FALSE,FALSE
3711278,"gate_30",3,FALSE,FALSE
3711311,"gate_30",7,FALSE,FALSE
3711317,"gate_30",33,FALSE,TRUE
3711329,"gate_30",100,TRUE,FALSE
3711352,"gate_30",7,FALSE,FALSE
3711495,"gate_30",58,FALSE,FALSE
3711564,"gate_30",3,FALSE,FALSE
3711697,"gate_40",106,FALSE,TRUE
3711698,"gate_40",41,FALSE,FALSE
3712022,"gate_30",45,TRUE,FALSE
3712054,"gate_40",3,FALSE,FALSE
3712183,"gate_40",14,FALSE,FALSE
3712260,"gate_30",54,TRUE,FALSE
3712391,"gate_40",7,FALSE,FALSE
3712424,"gate_30",2,FALSE,FALSE
3712440,"gate_40",131,TRUE,TRUE
3712442,"gate_40",29,TRUE,FALSE
3712684,"gate_40",4,FALSE,FALSE
3712714,"gate_40",16,TRUE,FALSE
3712830,"gate_30",70,TRUE,FALSE
3712850,"gate_30",56,TRUE,FALSE
3712892,"gate_30",4,FALSE,FALSE
3713053,"gate_40",55,TRUE,FALSE
3713059,"gate_30",17,FALSE,FALSE
3713247,"gate_40",6,FALSE,FALSE
3713274,"gate_30",58,TRUE,TRUE
3713410,"gate_30",32,TRUE,FALSE
3713473,"gate_40",10,FALSE,FALSE
3713497,"gate_30",23,TRUE,FALSE
3713699,"gate_30",0,FALSE,FALSE
3713846,"gate_30",2,FALSE,FALSE
3713851,"gate_30",74,FALSE,FALSE
3713945,"gate_40",0,FALSE,FALSE
3713981,"gate_40",15,FALSE,FALSE
3714077,"gate_40",2,FALSE,FALSE
3714212,"gate_30",12,FALSE,FALSE
3714256,"gate_40",30,TRUE,FALSE
3714353,"gate_40",85,TRUE,FALSE
3714413,"gate_30",20,TRUE,FALSE
3714708,"gate_40",12,FALSE,FALSE
3714913,"gate_40",3,FALSE,FALSE
3714915,"gate_40",5,FALSE,FALSE
3715032,"gate_30",24,FALSE,FALSE
3715123,"gate_40",17,FALSE,FALSE
3715172,"gate_40",177,TRUE,TRUE
3715208,"gate_30",244,TRUE,TRUE
3715226,"gate_30",16,TRUE,FALSE
3715231,"gate_40",36,FALSE,FALSE
3715332,"gate_40",0,FALSE,FALSE
3715353,"gate_30",136,TRUE,TRUE
3715407,"gate_40",70,TRUE,FALSE
3715538,"gate_30",10,FALSE,FALSE
3715550,"gate_30",2,FALSE,FALSE
3715634,"gate_40",29,TRUE,FALSE
3715824,"gate_30",1,FALSE,FALSE
3716127,"gate_30",24,FALSE,FALSE
3716205,"gate_40",18,FALSE,FALSE
3716236,"gate_30",64,TRUE,FALSE
3716403,"gate_30",0,FALSE,FALSE
3716421,"gate_30",15,TRUE,FALSE
3716522,"gate_40",2,FALSE,FALSE
3716593,"gate_30",9,TRUE,FALSE
3716698,"gate_30",58,FALSE,FALSE
3716772,"gate_30",11,TRUE,FALSE
3716882,"gate_30",1,FALSE,FALSE
3716984,"gate_40",0,FALSE,FALSE
3717134,"gate_30",1,FALSE,FALSE
3717226,"gate_30",11,FALSE,FALSE
3717351,"gate_40",29,TRUE,FALSE
3717515,"gate_40",7,FALSE,FALSE
3717614,"gate_30",2,FALSE,FALSE
3717630,"gate_30",47,TRUE,TRUE
3717815,"gate_30",199,TRUE,TRUE
3717879,"gate_30",41,FALSE,FALSE
3717938,"gate_30",27,TRUE,FALSE
3718079,"gate_30",33,FALSE,FALSE
3718083,"gate_30",1,FALSE,FALSE
3718196,"gate_40",9,FALSE,FALSE
3718302,"gate_30",96,TRUE,TRUE
3718316,"gate_40",174,TRUE,TRUE
3718335,"gate_40",0,FALSE,FALSE
3718526,"gate_40",5,FALSE,FALSE
3718875,"gate_30",17,TRUE,FALSE
3718893,"gate_40",112,TRUE,TRUE
3718905,"gate_30",42,TRUE,FALSE
3719011,"gate_40",11,FALSE,FALSE
3719038,"gate_40",69,FALSE,FALSE
3719042,"gate_40",57,TRUE,FALSE
3719096,"gate_30",212,TRUE,TRUE
3719146,"gate_30",0,FALSE,FALSE
3719274,"gate_30",28,FALSE,FALSE
3719285,"gate_40",24,FALSE,FALSE
3719347,"gate_40",10,FALSE,FALSE
3719358,"gate_30",41,TRUE,FALSE
3719368,"gate_40",9,FALSE,FALSE
3719405,"gate_30",12,FALSE,FALSE
3719576,"gate_30",10,TRUE,FALSE
3719801,"gate_40",20,TRUE,FALSE
3719826,"gate_40",0,FALSE,FALSE
3719905,"gate_40",6,FALSE,FALSE
3720018,"gate_30",20,FALSE,FALSE
3720100,"gate_30",1,FALSE,FALSE
3720138,"gate_30",2,FALSE,FALSE
3720233,"gate_40",51,TRUE,FALSE
3720280,"gate_40",42,FALSE,FALSE
3720305,"gate_40",52,TRUE,FALSE
3720365,"gate_40",6,FALSE,FALSE
3720447,"gate_40",5,TRUE,FALSE
3720449,"gate_40",35,FALSE,FALSE
3720649,"gate_30",15,FALSE,FALSE
3721104,"gate_30",4,FALSE,FALSE
3721280,"gate_40",7,TRUE,FALSE
3721287,"gate_30",7,FALSE,FALSE
3721303,"gate_30",45,TRUE,FALSE
3721310,"gate_30",2,FALSE,FALSE
3721352,"gate_40",14,TRUE,FALSE
3721357,"gate_30",1,FALSE,FALSE
3721399,"gate_30",135,TRUE,TRUE
3721545,"gate_30",13,TRUE,FALSE
3721663,"gate_30",49,TRUE,FALSE
3721741,"gate_40",18,TRUE,FALSE
3721798,"gate_30",29,TRUE,FALSE
3721813,"gate_40",2,FALSE,FALSE
3721908,"gate_30",3,FALSE,FALSE
3721950,"gate_30",4,FALSE,FALSE
3722047,"gate_40",0,FALSE,FALSE
3722325,"gate_40",1,FALSE,FALSE
3722339,"gate_40",66,TRUE,FALSE
3722450,"gate_40",118,TRUE,TRUE
3722489,"gate_30",2,FALSE,FALSE
3722533,"gate_30",9,FALSE,TRUE
3722778,"gate_40",2,FALSE,FALSE
3722929,"gate_30",5,TRUE,FALSE
3722981,"gate_40",220,TRUE,FALSE
3722993,"gate_40",17,TRUE,FALSE
3723059,"gate_30",59,TRUE,FALSE
3723542,"gate_30",22,FALSE,FALSE
3723594,"gate_40",13,TRUE,FALSE
3724077,"gate_40",5,FALSE,FALSE
3724134,"gate_40",110,TRUE,TRUE
3724155,"gate_30",29,FALSE,TRUE
3724226,"gate_40",0,FALSE,FALSE
3724262,"gate_30",434,TRUE,FALSE
3724418,"gate_30",24,FALSE,FALSE
3724450,"gate_30",22,FALSE,FALSE
3724479,"gate_40",1,FALSE,FALSE
3724491,"gate_40",4,FALSE,FALSE
3724628,"gate_40",5,FALSE,FALSE
3725005,"gate_30",16,FALSE,FALSE
3725136,"gate_30",19,TRUE,FALSE
3725233,"gate_30",14,FALSE,FALSE
3725376,"gate_30",9,TRUE,FALSE
3725457,"gate_30",11,FALSE,FALSE
3725664,"gate_40",1,FALSE,FALSE
3725832,"gate_30",6,FALSE,FALSE
3725944,"gate_30",170,FALSE,TRUE
3725981,"gate_30",17,FALSE,FALSE
3726028,"gate_40",147,TRUE,TRUE
3726034,"gate_40",47,FALSE,FALSE
3726094,"gate_30",1,FALSE,FALSE
3726159,"gate_40",0,FALSE,FALSE
3726246,"gate_40",0,FALSE,FALSE
3726265,"gate_40",1,FALSE,FALSE
3726330,"gate_30",11,FALSE,FALSE
3726416,"gate_30",0,FALSE,FALSE
3726581,"gate_30",205,TRUE,FALSE
3726698,"gate_40",49,FALSE,FALSE
3726835,"gate_40",7,FALSE,FALSE
3726849,"gate_40",21,FALSE,FALSE
3726872,"gate_40",2,FALSE,FALSE
3726918,"gate_40",3,FALSE,FALSE
3727302,"gate_40",179,TRUE,TRUE
3727493,"gate_30",0,FALSE,FALSE
3727509,"gate_40",76,FALSE,FALSE
3727646,"gate_30",14,FALSE,TRUE
3727705,"gate_40",3,FALSE,FALSE
3727803,"gate_30",24,TRUE,FALSE
3727996,"gate_30",12,FALSE,FALSE
3728277,"gate_40",13,FALSE,FALSE
3728462,"gate_40",85,TRUE,FALSE
3728498,"gate_30",46,TRUE,FALSE
3728577,"gate_40",24,TRUE,FALSE
3728638,"gate_30",3,FALSE,FALSE
3728657,"gate_30",46,TRUE,FALSE
3728728,"gate_30",4,FALSE,FALSE
3728882,"gate_30",3,FALSE,FALSE
3728961,"gate_30",24,FALSE,TRUE
3729361,"gate_30",31,FALSE,FALSE
3729456,"gate_30",12,TRUE,FALSE
3729785,"gate_30",64,TRUE,FALSE
3729816,"gate_30",6,FALSE,FALSE
3729879,"gate_30",37,TRUE,FALSE
3730013,"gate_40",0,FALSE,FALSE
3730095,"gate_30",4,FALSE,FALSE
3730173,"gate_30",28,TRUE,FALSE
3730284,"gate_30",4,FALSE,FALSE
3730445,"gate_30",8,FALSE,FALSE
3730478,"gate_40",9,FALSE,FALSE
3730537,"gate_40",6,FALSE,FALSE
3730540,"gate_40",23,TRUE,FALSE
3730708,"gate_30",20,TRUE,FALSE
3730795,"gate_40",9,FALSE,FALSE
3730871,"gate_40",87,TRUE,FALSE
3731018,"gate_40",7,FALSE,FALSE
3731055,"gate_30",15,TRUE,FALSE
3731087,"gate_30",366,TRUE,TRUE
3731141,"gate_40",10,FALSE,FALSE
3731321,"gate_40",1,FALSE,FALSE
3731368,"gate_40",2,FALSE,FALSE
3731505,"gate_30",4,FALSE,FALSE
3731634,"gate_40",37,TRUE,TRUE
3731648,"gate_30",175,TRUE,TRUE
3731764,"gate_40",140,TRUE,TRUE
3731866,"gate_40",5,TRUE,FALSE
3731974,"gate_30",3,FALSE,FALSE
3732169,"gate_40",25,FALSE,TRUE
3732214,"gate_40",28,FALSE,FALSE
3732384,"gate_40",4,TRUE,FALSE
3732531,"gate_30",5,TRUE,FALSE
3732635,"gate_40",3,FALSE,FALSE
3732788,"gate_40",2,FALSE,FALSE
3733046,"gate_30",76,TRUE,FALSE
3733165,"gate_40",3,FALSE,FALSE
3733176,"gate_30",22,FALSE,FALSE
3733251,"gate_40",54,FALSE,FALSE
3733426,"gate_40",60,TRUE,FALSE
3733585,"gate_40",15,TRUE,FALSE
3733852,"gate_30",11,FALSE,FALSE
3733961,"gate_40",127,TRUE,TRUE
3734114,"gate_40",155,FALSE,TRUE
3734121,"gate_40",7,TRUE,FALSE
3734195,"gate_40",5,FALSE,FALSE
3734263,"gate_30",25,TRUE,FALSE
3734506,"gate_30",3,FALSE,FALSE
3734544,"gate_30",58,TRUE,FALSE
3734614,"gate_40",26,FALSE,FALSE
3734618,"gate_40",138,TRUE,TRUE
3734703,"gate_30",15,TRUE,FALSE
3734731,"gate_30",10,FALSE,FALSE
3734754,"gate_40",10,FALSE,FALSE
3735030,"gate_30",16,FALSE,FALSE
3735079,"gate_30",93,TRUE,FALSE
3735123,"gate_30",79,TRUE,FALSE
3735181,"gate_40",14,TRUE,FALSE
3735219,"gate_40",10,FALSE,FALSE
3735401,"gate_30",5,FALSE,FALSE
3735507,"gate_30",17,FALSE,FALSE
3735603,"gate_30",8,TRUE,FALSE
3735656,"gate_30",2,FALSE,FALSE
3735955,"gate_30",41,TRUE,FALSE
3736066,"gate_40",11,FALSE,FALSE
3736183,"gate_40",0,FALSE,FALSE
3736199,"gate_40",78,FALSE,FALSE
3736578,"gate_40",177,TRUE,TRUE
3736616,"gate_40",12,FALSE,FALSE
3736754,"gate_40",26,TRUE,FALSE
3736856,"gate_40",7,TRUE,FALSE
3736902,"gate_30",121,TRUE,FALSE
3736971,"gate_30",9,FALSE,FALSE
3737075,"gate_40",7,FALSE,FALSE
3737132,"gate_40",2,FALSE,FALSE
3737133,"gate_30",43,TRUE,FALSE
3737166,"gate_40",78,TRUE,FALSE
3737581,"gate_30",5,FALSE,FALSE
3737719,"gate_40",61,TRUE,FALSE
3737755,"gate_40",85,FALSE,FALSE
3738172,"gate_30",21,TRUE,FALSE
3738314,"gate_30",15,FALSE,FALSE
3738527,"gate_30",2,FALSE,FALSE
3738538,"gate_30",24,FALSE,FALSE
3738606,"gate_30",2,FALSE,FALSE
3738641,"gate_40",316,TRUE,TRUE
3738657,"gate_30",12,TRUE,FALSE
3738684,"gate_30",49,TRUE,TRUE
3738741,"gate_30",3,FALSE,FALSE
3738748,"gate_30",23,TRUE,FALSE
3738799,"gate_30",8,FALSE,FALSE
3738860,"gate_30",15,FALSE,FALSE
3738899,"gate_40",227,TRUE,TRUE
3738915,"gate_30",5,FALSE,FALSE
3738953,"gate_30",18,TRUE,FALSE
3739008,"gate_30",20,TRUE,FALSE
3739380,"gate_40",271,TRUE,TRUE
3739643,"gate_30",2,FALSE,FALSE
3739694,"gate_40",26,TRUE,FALSE
3739705,"gate_30",0,FALSE,FALSE
3740093,"gate_30",37,FALSE,FALSE
3740252,"gate_40",37,TRUE,FALSE
3740457,"gate_40",1,FALSE,FALSE
3740718,"gate_30",16,TRUE,FALSE
3741047,"gate_40",0,FALSE,FALSE
3741201,"gate_40",16,FALSE,FALSE
3741214,"gate_30",11,TRUE,FALSE
3741253,"gate_30",478,TRUE,TRUE
3741282,"gate_40",7,FALSE,FALSE
3741459,"gate_40",4,FALSE,FALSE
3741513,"gate_30",1,FALSE,FALSE
3741579,"gate_40",46,FALSE,FALSE
3741751,"gate_40",7,FALSE,FALSE
3741964,"gate_40",5,FALSE,FALSE
3741967,"gate_30",4,FALSE,FALSE
3742018,"gate_40",235,TRUE,FALSE
3742067,"gate_40",3,FALSE,FALSE
3742081,"gate_30",1,FALSE,FALSE
3742109,"gate_40",8,FALSE,FALSE
3742355,"gate_30",7,TRUE,FALSE
3742510,"gate_40",52,TRUE,FALSE
3742554,"gate_30",10,TRUE,FALSE
3742582,"gate_40",6,FALSE,FALSE
3742630,"gate_40",340,TRUE,TRUE
3742673,"gate_40",5,FALSE,FALSE
3742684,"gate_30",7,FALSE,FALSE
3742780,"gate_40",7,FALSE,FALSE
3742898,"gate_30",9,TRUE,FALSE
3743272,"gate_40",10,TRUE,FALSE
3743275,"gate_30",3,FALSE,FALSE
3743325,"gate_40",3,FALSE,FALSE
3743476,"gate_30",200,TRUE,TRUE
3743513,"gate_40",10,FALSE,FALSE
3743742,"gate_30",8,FALSE,FALSE
3743935,"gate_40",97,TRUE,FALSE
3743972,"gate_40",77,TRUE,TRUE
3744263,"gate_30",37,TRUE,FALSE
3744371,"gate_40",4,FALSE,FALSE
3744547,"gate_30",8,FALSE,FALSE
3745063,"gate_30",72,TRUE,FALSE
3745137,"gate_30",13,FALSE,FALSE
3745194,"gate_40",32,FALSE,FALSE
3745530,"gate_40",95,TRUE,FALSE
3745726,"gate_30",16,FALSE,FALSE
3745739,"gate_30",36,TRUE,TRUE
3745810,"gate_30",169,TRUE,FALSE
3745931,"gate_30",0,FALSE,FALSE
3746306,"gate_40",4,FALSE,FALSE
3746335,"gate_30",33,TRUE,FALSE
3746483,"gate_40",1,FALSE,FALSE
3746525,"gate_40",16,FALSE,FALSE
3746697,"gate_40",47,TRUE,FALSE
3746737,"gate_30",3,FALSE,FALSE
3746932,"gate_30",18,TRUE,TRUE
3747020,"gate_30",14,FALSE,FALSE
3747100,"gate_30",212,TRUE,TRUE
3747153,"gate_40",20,FALSE,FALSE
3747213,"gate_30",6,FALSE,FALSE
3747291,"gate_40",9,FALSE,FALSE
3747333,"gate_40",194,TRUE,FALSE
3747345,"gate_40",32,TRUE,FALSE
3747467,"gate_30",23,TRUE,FALSE
3747655,"gate_30",103,FALSE,TRUE
3747719,"gate_30",7,FALSE,FALSE
3747784,"gate_40",4,FALSE,FALSE
3747962,"gate_40",109,TRUE,TRUE
3748004,"gate_30",16,FALSE,FALSE
3748250,"gate_40",1,FALSE,FALSE
3748384,"gate_40",52,FALSE,FALSE
3748517,"gate_40",51,TRUE,FALSE
3748695,"gate_40",41,TRUE,FALSE
3748805,"gate_30",2,FALSE,FALSE
3748812,"gate_30",6,FALSE,FALSE
3748816,"gate_30",47,FALSE,FALSE
3748828,"gate_40",1643,TRUE,TRUE
3749097,"gate_30",72,TRUE,TRUE
3749192,"gate_40",1,FALSE,FALSE
3749211,"gate_30",16,TRUE,FALSE
3749530,"gate_40",9,FALSE,FALSE
3750149,"gate_30",4,FALSE,FALSE
3750251,"gate_40",10,TRUE,FALSE
3750465,"gate_40",15,FALSE,FALSE
3750493,"gate_30",50,TRUE,FALSE
3750571,"gate_30",38,FALSE,FALSE
3750642,"gate_40",240,TRUE,TRUE
3750760,"gate_40",9,TRUE,FALSE
3750834,"gate_40",11,FALSE,FALSE
3750970,"gate_40",89,TRUE,TRUE
3750999,"gate_30",112,TRUE,TRUE
3751007,"gate_30",2,FALSE,FALSE
3751069,"gate_30",114,TRUE,TRUE
3751229,"gate_30",24,TRUE,FALSE
3751279,"gate_30",19,TRUE,FALSE
3751349,"gate_40",71,TRUE,FALSE
3751516,"gate_30",12,TRUE,FALSE
3751520,"gate_30",3,FALSE,FALSE
3751675,"gate_40",2,FALSE,FALSE
3751718,"gate_40",6,FALSE,FALSE
3751948,"gate_30",3,FALSE,FALSE
3751984,"gate_40",23,TRUE,FALSE
3752102,"gate_40",36,TRUE,TRUE
3752157,"gate_40",62,TRUE,FALSE
3752246,"gate_30",18,FALSE,FALSE
3752285,"gate_30",10,TRUE,FALSE
3752548,"gate_40",21,FALSE,TRUE
3752611,"gate_30",11,TRUE,FALSE
3752626,"gate_40",43,TRUE,TRUE
3752727,"gate_30",44,TRUE,FALSE
3752767,"gate_30",5,TRUE,FALSE
3752770,"gate_40",1,FALSE,FALSE
3752844,"gate_40",38,TRUE,FALSE
3753173,"gate_40",238,TRUE,TRUE
3753201,"gate_30",12,TRUE,FALSE
3753301,"gate_30",162,TRUE,TRUE
3753591,"gate_30",1,FALSE,FALSE
3753670,"gate_40",8,TRUE,FALSE
3753682,"gate_30",2,FALSE,FALSE
3753777,"gate_40",60,FALSE,FALSE
3754008,"gate_30",60,TRUE,FALSE
3754015,"gate_30",46,TRUE,FALSE
3754021,"gate_30",31,TRUE,FALSE
3754031,"gate_40",0,FALSE,FALSE
3754086,"gate_40",7,FALSE,FALSE
3754118,"gate_30",31,FALSE,FALSE
3754135,"gate_40",30,TRUE,FALSE
3754329,"gate_40",134,TRUE,TRUE
3754360,"gate_40",6,FALSE,FALSE
3754410,"gate_30",20,TRUE,FALSE
3754931,"gate_40",1,FALSE,FALSE
3755022,"gate_30",4,FALSE,FALSE
3755043,"gate_40",1,FALSE,FALSE
3755170,"gate_40",55,TRUE,FALSE
3755206,"gate_30",16,FALSE,FALSE
3755543,"gate_30",381,TRUE,TRUE
3755612,"gate_30",11,FALSE,FALSE
3755679,"gate_30",31,TRUE,FALSE
3755745,"gate_30",54,TRUE,FALSE
3755803,"gate_30",9,FALSE,FALSE
3755811,"gate_30",3,FALSE,FALSE
3755931,"gate_40",6,TRUE,FALSE
3755981,"gate_40",1,FALSE,FALSE
3756015,"gate_30",0,FALSE,FALSE
3756044,"gate_40",52,TRUE,TRUE
3756073,"gate_30",20,FALSE,FALSE
3756081,"gate_40",16,FALSE,FALSE
3756140,"gate_30",45,FALSE,FALSE
3756424,"gate_40",2,FALSE,FALSE
3756435,"gate_30",4,FALSE,FALSE
3756552,"gate_30",342,TRUE,TRUE
3756681,"gate_40",22,TRUE,FALSE
3756859,"gate_40",12,FALSE,FALSE
3756997,"gate_30",11,FALSE,FALSE
3757016,"gate_30",5,FALSE,FALSE
3757180,"gate_30",55,TRUE,FALSE
3757182,"gate_30",13,TRUE,FALSE
3757355,"gate_40",6,FALSE,FALSE
3757552,"gate_30",1,FALSE,FALSE
3757613,"gate_30",61,TRUE,FALSE
3757812,"gate_40",222,TRUE,TRUE
3757823,"gate_30",414,TRUE,TRUE
3757890,"gate_30",32,TRUE,FALSE
3757936,"gate_30",67,TRUE,FALSE
3758141,"gate_40",30,TRUE,FALSE
3758180,"gate_30",14,TRUE,FALSE
3758197,"gate_30",9,FALSE,FALSE
3758229,"gate_30",8,FALSE,FALSE
3758380,"gate_40",7,FALSE,FALSE
3758677,"gate_30",25,TRUE,FALSE
3758687,"gate_30",5,FALSE,FALSE
3758745,"gate_40",5,FALSE,FALSE
3758748,"gate_30",5,FALSE,FALSE
3758837,"gate_30",431,TRUE,TRUE
3758883,"gate_30",5,FALSE,FALSE
3758899,"gate_30",37,TRUE,FALSE
3759291,"gate_40",34,TRUE,FALSE
3759295,"gate_40",6,FALSE,FALSE
3759297,"gate_30",82,FALSE,TRUE
3759311,"gate_40",54,TRUE,FALSE
3759431,"gate_30",2,FALSE,FALSE
3759786,"gate_30",82,TRUE,FALSE
3759789,"gate_40",6,FALSE,FALSE
3759987,"gate_30",277,TRUE,TRUE
3760207,"gate_40",9,TRUE,TRUE
3760301,"gate_30",7,FALSE,FALSE
3760439,"gate_30",21,FALSE,FALSE
3760511,"gate_30",137,TRUE,TRUE
3760520,"gate_30",14,TRUE,FALSE
3760561,"gate_40",214,TRUE,TRUE
3760614,"gate_40",1,FALSE,FALSE
3760717,"gate_30",6,FALSE,FALSE
3760848,"gate_40",58,TRUE,TRUE
3761030,"gate_30",6,FALSE,FALSE
3761055,"gate_30",0,FALSE,FALSE
3761159,"gate_40",1,FALSE,FALSE
3761173,"gate_30",8,FALSE,FALSE
3761188,"gate_40",7,FALSE,FALSE
3761425,"gate_40",11,TRUE,FALSE
3761755,"gate_40",32,FALSE,FALSE
3761790,"gate_30",4,TRUE,FALSE
3761844,"gate_30",160,TRUE,FALSE
3761921,"gate_30",6,FALSE,FALSE
3762146,"gate_30",98,TRUE,FALSE
3762236,"gate_40",6,FALSE,FALSE
3762290,"gate_40",45,TRUE,FALSE
3762459,"gate_30",431,TRUE,TRUE
3762530,"gate_30",1,FALSE,FALSE
3762643,"gate_40",6,FALSE,FALSE
3762656,"gate_30",53,TRUE,TRUE
3762721,"gate_30",4,FALSE,FALSE
3762927,"gate_30",138,TRUE,TRUE
3763011,"gate_40",0,FALSE,FALSE
3763029,"gate_30",2,FALSE,FALSE
3763064,"gate_40",20,TRUE,FALSE
3763071,"gate_30",46,TRUE,FALSE
3763091,"gate_30",2,FALSE,FALSE
3763135,"gate_40",12,FALSE,FALSE
3763212,"gate_40",8,FALSE,FALSE
3763275,"gate_40",14,FALSE,FALSE
3763340,"gate_40",0,FALSE,FALSE
3763542,"gate_40",103,TRUE,FALSE
3763601,"gate_40",3,FALSE,FALSE
3763652,"gate_30",85,TRUE,TRUE
3763712,"gate_40",5,TRUE,FALSE
3763807,"gate_40",21,TRUE,FALSE
3763819,"gate_40",1,FALSE,FALSE
3763932,"gate_30",10,FALSE,FALSE
3763971,"gate_30",43,TRUE,FALSE
3763998,"gate_40",77,FALSE,TRUE
3764086,"gate_30",67,TRUE,FALSE
3764121,"gate_30",47,TRUE,FALSE
3764197,"gate_40",5,TRUE,FALSE
3764397,"gate_40",17,FALSE,FALSE
3764463,"gate_30",82,TRUE,FALSE
3764520,"gate_30",25,TRUE,FALSE
3764833,"gate_30",99,TRUE,TRUE
3765254,"gate_40",11,FALSE,FALSE
3765300,"gate_30",11,TRUE,FALSE
3765469,"gate_30",6,TRUE,FALSE
3765480,"gate_30",7,FALSE,FALSE
3765571,"gate_30",21,FALSE,TRUE
3765928,"gate_40",39,TRUE,FALSE
3765953,"gate_40",4,FALSE,FALSE
3766086,"gate_40",6,FALSE,FALSE
3766092,"gate_30",86,TRUE,FALSE
3766119,"gate_40",165,TRUE,FALSE
3766143,"gate_30",6,FALSE,FALSE
3766168,"gate_40",21,TRUE,FALSE
3766184,"gate_30",62,TRUE,TRUE
3766308,"gate_30",124,TRUE,FALSE
3766493,"gate_40",18,FALSE,FALSE
3766518,"gate_40",3,TRUE,FALSE
3766943,"gate_30",31,FALSE,FALSE
3767105,"gate_40",16,FALSE,FALSE
3767569,"gate_40",248,TRUE,TRUE
3767718,"gate_30",60,FALSE,TRUE
3767746,"gate_40",2,FALSE,FALSE
3767763,"gate_40",16,TRUE,FALSE
3767804,"gate_40",5,FALSE,FALSE
3767950,"gate_40",3,FALSE,FALSE
3767979,"gate_40",5,FALSE,FALSE
3768132,"gate_40",18,TRUE,FALSE
3768364,"gate_40",11,FALSE,FALSE
3768416,"gate_30",6,FALSE,FALSE
3768560,"gate_30",53,TRUE,TRUE
3768590,"gate_40",42,FALSE,TRUE
3768605,"gate_30",10,TRUE,FALSE
3768824,"gate_40",13,FALSE,FALSE
3768893,"gate_40",3,FALSE,FALSE
3769033,"gate_40",30,TRUE,TRUE
3769042,"gate_30",192,TRUE,FALSE
3769051,"gate_40",5,FALSE,FALSE
3769083,"gate_40",1,FALSE,FALSE
3769334,"gate_30",16,FALSE,FALSE
3769417,"gate_40",0,FALSE,FALSE
3769508,"gate_40",14,TRUE,FALSE
3769627,"gate_40",8,TRUE,FALSE
3769651,"gate_40",239,TRUE,TRUE
3769699,"gate_40",6,FALSE,FALSE
3769978,"gate_40",3,FALSE,FALSE
3770093,"gate_40",129,TRUE,TRUE
3770239,"gate_40",124,TRUE,FALSE
3770466,"gate_40",32,FALSE,FALSE
3770544,"gate_30",5,FALSE,FALSE
3770729,"gate_30",5,FALSE,FALSE
3770796,"gate_30",5,FALSE,FALSE
3770880,"gate_30",16,TRUE,FALSE
3771185,"gate_30",7,FALSE,FALSE
3771189,"gate_30",53,TRUE,FALSE
3771200,"gate_30",8,TRUE,FALSE
3771223,"gate_40",1,FALSE,FALSE
3771287,"gate_40",99,FALSE,TRUE
3771426,"gate_30",4,FALSE,FALSE
3771435,"gate_30",22,TRUE,FALSE
3771443,"gate_30",25,FALSE,FALSE
3771467,"gate_40",253,TRUE,TRUE
3771476,"gate_40",138,FALSE,TRUE
3771481,"gate_30",157,TRUE,FALSE
3771673,"gate_40",3,FALSE,FALSE
3771711,"gate_30",3,FALSE,FALSE
3771925,"gate_30",93,TRUE,FALSE
3771954,"gate_30",164,TRUE,TRUE
3771962,"gate_30",1,FALSE,FALSE
3772171,"gate_30",42,FALSE,FALSE
3772312,"gate_30",7,FALSE,FALSE
3772328,"gate_40",137,TRUE,TRUE
3772382,"gate_40",46,TRUE,FALSE
3772445,"gate_40",51,TRUE,FALSE
3772547,"gate_30",13,FALSE,FALSE
3772548,"gate_30",285,TRUE,TRUE
3772596,"gate_40",5,FALSE,FALSE
3772675,"gate_40",151,TRUE,TRUE
3772758,"gate_30",10,TRUE,FALSE
3772783,"gate_40",20,FALSE,FALSE
3772788,"gate_30",4,FALSE,FALSE
3772835,"gate_40",43,FALSE,TRUE
3772882,"gate_40",13,FALSE,FALSE
3772886,"gate_40",14,FALSE,FALSE
3773022,"gate_40",6,FALSE,FALSE
3773347,"gate_40",9,FALSE,FALSE
3773364,"gate_30",27,TRUE,FALSE
3773372,"gate_30",35,FALSE,FALSE
3773406,"gate_30",255,TRUE,TRUE
3773672,"gate_40",230,TRUE,TRUE
3773791,"gate_40",33,FALSE,FALSE
3773792,"gate_30",39,TRUE,FALSE
3773992,"gate_40",1,FALSE,FALSE
3774362,"gate_40",18,TRUE,FALSE
3774446,"gate_30",1,FALSE,FALSE
3774497,"gate_30",1,FALSE,FALSE
3774540,"gate_40",15,TRUE,TRUE
3774555,"gate_40",59,TRUE,FALSE
3774558,"gate_30",4,FALSE,FALSE
3774609,"gate_40",5,FALSE,FALSE
3774615,"gate_30",5,FALSE,FALSE
3774683,"gate_30",1,FALSE,FALSE
3774702,"gate_30",15,TRUE,FALSE
3774743,"gate_40",20,TRUE,FALSE
3774843,"gate_40",7,FALSE,FALSE
3774937,"gate_30",55,TRUE,TRUE
3775015,"gate_40",9,FALSE,FALSE
3775071,"gate_30",14,FALSE,FALSE
3775371,"gate_30",246,TRUE,FALSE
3775485,"gate_30",10,TRUE,FALSE
3775639,"gate_30",12,TRUE,FALSE
3775926,"gate_40",136,TRUE,FALSE
3775940,"gate_30",0,FALSE,FALSE
3776091,"gate_40",28,TRUE,FALSE
3776178,"gate_40",0,FALSE,FALSE
3776230,"gate_40",17,TRUE,FALSE
3776268,"gate_40",45,TRUE,FALSE
3776300,"gate_40",44,TRUE,FALSE
3776592,"gate_30",28,TRUE,TRUE
3776594,"gate_30",5,FALSE,FALSE
3776694,"gate_30",19,FALSE,FALSE
3776839,"gate_40",82,TRUE,FALSE
3776907,"gate_40",14,TRUE,FALSE
3776919,"gate_40",29,FALSE,FALSE
3776977,"gate_30",26,TRUE,FALSE
3776981,"gate_30",9,FALSE,FALSE
3777624,"gate_30",8,FALSE,FALSE
3777686,"gate_30",98,TRUE,TRUE
3777734,"gate_40",9,FALSE,FALSE
3777870,"gate_30",22,TRUE,FALSE
3777900,"gate_30",81,TRUE,FALSE
3778032,"gate_40",75,TRUE,TRUE
3778034,"gate_40",345,TRUE,TRUE
3778125,"gate_30",16,TRUE,FALSE
3778222,"gate_40",27,TRUE,FALSE
3778233,"gate_40",3,FALSE,FALSE
3778278,"gate_40",98,TRUE,TRUE
3778395,"gate_40",10,FALSE,FALSE
3778603,"gate_30",22,TRUE,FALSE
3778620,"gate_40",3,TRUE,FALSE
3778720,"gate_30",97,TRUE,FALSE
3778740,"gate_40",8,TRUE,FALSE
3778773,"gate_40",153,TRUE,TRUE
3778864,"gate_30",8,FALSE,FALSE
3778905,"gate_30",29,FALSE,FALSE
3778919,"gate_40",9,FALSE,FALSE
3779218,"gate_30",2,FALSE,FALSE
3779330,"gate_40",2,FALSE,FALSE
3779393,"gate_40",7,FALSE,FALSE
3779419,"gate_40",372,TRUE,TRUE
3779572,"gate_30",14,TRUE,FALSE
3779663,"gate_40",74,TRUE,FALSE
3779722,"gate_30",0,FALSE,FALSE
3779770,"gate_40",9,FALSE,FALSE
3779789,"gate_40",15,FALSE,FALSE
3779818,"gate_40",12,FALSE,FALSE
3779858,"gate_40",266,TRUE,TRUE
3780033,"gate_40",1,FALSE,FALSE
3780122,"gate_40",11,TRUE,FALSE
3780231,"gate_40",1323,TRUE,TRUE
3780241,"gate_30",249,TRUE,TRUE
3780267,"gate_30",13,FALSE,FALSE
3780305,"gate_40",15,FALSE,FALSE
3780423,"gate_30",6,FALSE,FALSE
3780515,"gate_30",1,FALSE,FALSE
3780544,"gate_30",19,FALSE,FALSE
3780799,"gate_40",19,TRUE,FALSE
3780965,"gate_40",1,FALSE,FALSE
3781057,"gate_30",11,TRUE,FALSE
3781140,"gate_30",1,FALSE,FALSE
3781229,"gate_30",24,TRUE,TRUE
3781264,"gate_30",16,TRUE,FALSE
3781273,"gate_30",13,FALSE,FALSE
3781329,"gate_30",0,FALSE,FALSE
3781391,"gate_40",10,FALSE,FALSE
3781461,"gate_30",19,FALSE,FALSE
3781731,"gate_40",3,FALSE,FALSE
3782050,"gate_30",27,FALSE,TRUE
3782090,"gate_40",0,FALSE,FALSE
3782138,"gate_40",3,FALSE,FALSE
3782172,"gate_40",84,TRUE,FALSE
3782186,"gate_30",2,FALSE,FALSE
3782198,"gate_30",33,FALSE,FALSE
3782463,"gate_40",79,TRUE,FALSE
3782585,"gate_30",5,FALSE,FALSE
3782631,"gate_30",17,TRUE,FALSE
3782677,"gate_30",0,FALSE,FALSE
3783080,"gate_40",2,FALSE,FALSE
3783233,"gate_40",0,FALSE,FALSE
3783254,"gate_30",7,FALSE,FALSE
3783291,"gate_40",23,FALSE,TRUE
3783333,"gate_40",25,TRUE,FALSE
3783357,"gate_40",15,FALSE,FALSE
3783529,"gate_30",27,FALSE,FALSE
3783984,"gate_30",8,TRUE,FALSE
3783989,"gate_30",32,TRUE,FALSE
3784024,"gate_30",3,FALSE,FALSE
3784031,"gate_40",6,FALSE,FALSE
3784186,"gate_30",137,TRUE,FALSE
3784193,"gate_30",1,FALSE,FALSE
3784370,"gate_30",341,TRUE,TRUE
3784600,"gate_30",18,TRUE,FALSE
3784641,"gate_40",1,FALSE,FALSE
3784741,"gate_40",8,FALSE,FALSE
3784795,"gate_30",1,FALSE,FALSE
3784806,"gate_30",41,FALSE,TRUE
3785008,"gate_30",68,TRUE,FALSE
3785023,"gate_30",172,TRUE,TRUE
3785029,"gate_40",34,TRUE,FALSE
3785075,"gate_40",51,TRUE,FALSE
3785118,"gate_30",6,TRUE,FALSE
3785207,"gate_40",79,TRUE,FALSE
3785229,"gate_40",191,FALSE,TRUE
3785261,"gate_40",2,FALSE,FALSE
3785293,"gate_40",159,TRUE,TRUE
3785408,"gate_40",5,FALSE,FALSE
3785486,"gate_30",11,FALSE,FALSE
3785496,"gate_40",63,FALSE,FALSE
3785761,"gate_40",9,TRUE,FALSE
3785895,"gate_30",6,TRUE,FALSE
3786131,"gate_40",5,FALSE,FALSE
3786271,"gate_40",4,FALSE,FALSE
3786283,"gate_30",18,FALSE,TRUE
3786416,"gate_30",18,TRUE,FALSE
3786669,"gate_30",33,TRUE,FALSE
3786724,"gate_40",57,FALSE,TRUE
3786860,"gate_40",13,FALSE,FALSE
3787309,"gate_40",252,TRUE,TRUE
3787368,"gate_30",3,FALSE,FALSE
3787530,"gate_30",2,FALSE,FALSE
3787572,"gate_40",3,FALSE,FALSE
3787808,"gate_40",42,TRUE,FALSE
3787907,"gate_40",23,FALSE,FALSE
3788066,"gate_30",24,TRUE,FALSE
3788187,"gate_40",0,FALSE,FALSE
3788304,"gate_30",5,FALSE,FALSE
3788373,"gate_30",0,FALSE,FALSE
3788435,"gate_30",21,TRUE,FALSE
3788493,"gate_40",18,FALSE,FALSE
3788603,"gate_30",14,FALSE,FALSE
3788723,"gate_40",6,FALSE,FALSE
3788725,"gate_30",5,FALSE,FALSE
3788925,"gate_30",11,TRUE,FALSE
3788975,"gate_30",4,FALSE,FALSE
3789202,"gate_30",10,FALSE,FALSE
3789227,"gate_40",1,FALSE,FALSE
3789229,"gate_40",266,TRUE,TRUE
3789234,"gate_30",111,TRUE,TRUE
3789615,"gate_30",161,TRUE,TRUE
3789635,"gate_40",24,FALSE,FALSE
3789697,"gate_30",29,FALSE,FALSE
3789714,"gate_40",15,TRUE,FALSE
3789881,"gate_40",26,FALSE,FALSE
3790039,"gate_40",51,FALSE,FALSE
3790064,"gate_30",19,TRUE,TRUE
3790172,"gate_30",33,TRUE,TRUE
3790183,"gate_40",59,FALSE,FALSE
3790262,"gate_40",3,FALSE,FALSE
3790292,"gate_40",19,TRUE,FALSE
3790338,"gate_40",2,FALSE,FALSE
3790400,"gate_30",8,TRUE,FALSE
3790467,"gate_40",1,FALSE,FALSE
3790557,"gate_40",63,TRUE,FALSE
3790565,"gate_30",15,FALSE,FALSE
3790650,"gate_40",5,FALSE,FALSE
3790671,"gate_30",11,TRUE,FALSE
3790706,"gate_30",80,TRUE,TRUE
3790807,"gate_30",35,TRUE,FALSE
3790865,"gate_40",13,FALSE,FALSE
3790989,"gate_40",69,FALSE,FALSE
3791125,"gate_40",2,FALSE,FALSE
3791143,"gate_40",13,FALSE,FALSE
3791347,"gate_40",12,TRUE,FALSE
3791361,"gate_30",7,FALSE,FALSE
3791382,"gate_40",2,FALSE,FALSE
3791403,"gate_30",5,FALSE,FALSE
3791482,"gate_40",0,FALSE,FALSE
3791534,"gate_40",3,FALSE,FALSE
3791689,"gate_30",135,TRUE,FALSE
3791709,"gate_30",14,FALSE,FALSE
3792186,"gate_40",51,FALSE,FALSE
3792215,"gate_30",26,FALSE,FALSE
3792314,"gate_40",1,FALSE,FALSE
3792318,"gate_40",81,TRUE,FALSE
3792433,"gate_40",6,FALSE,FALSE
3792496,"gate_30",102,TRUE,FALSE
3792498,"gate_40",12,FALSE,FALSE
3792583,"gate_40",311,TRUE,TRUE
3792602,"gate_30",1,FALSE,FALSE
3792617,"gate_30",4,FALSE,FALSE
3792730,"gate_40",78,TRUE,TRUE
3792944,"gate_40",11,FALSE,FALSE
3793130,"gate_40",11,FALSE,FALSE
3793330,"gate_40",7,FALSE,FALSE
3793525,"gate_30",36,TRUE,FALSE
3793538,"gate_30",256,TRUE,TRUE
3793561,"gate_30",143,TRUE,TRUE
3793660,"gate_40",121,TRUE,FALSE
3793769,"gate_30",124,TRUE,TRUE
3793929,"gate_40",30,TRUE,FALSE
3794112,"gate_40",95,TRUE,FALSE
3794138,"gate_30",3,FALSE,FALSE
3794532,"gate_30",0,FALSE,FALSE
3794619,"gate_40",1,FALSE,FALSE
3794675,"gate_30",24,FALSE,FALSE
3795151,"gate_30",7,FALSE,FALSE
3795237,"gate_30",4,TRUE,FALSE
3795246,"gate_40",370,TRUE,TRUE
3795364,"gate_30",247,TRUE,TRUE
3795491,"gate_40",12,TRUE,FALSE
3795601,"gate_40",35,TRUE,FALSE
3795695,"gate_30",17,FALSE,FALSE
3795756,"gate_30",23,FALSE,FALSE
3795776,"gate_30",409,TRUE,TRUE
3795985,"gate_40",122,TRUE,TRUE
3796046,"gate_30",87,FALSE,TRUE
3796065,"gate_40",13,FALSE,FALSE
3796096,"gate_30",19,FALSE,FALSE
3796425,"gate_30",0,FALSE,FALSE
3796474,"gate_30",15,FALSE,FALSE
3796507,"gate_30",12,TRUE,FALSE
3796611,"gate_40",16,FALSE,FALSE
3796687,"gate_40",31,FALSE,TRUE
3796991,"gate_40",7,TRUE,FALSE
3797094,"gate_40",33,FALSE,FALSE
3797104,"gate_30",6,FALSE,FALSE
3797236,"gate_30",16,FALSE,FALSE
3797273,"gate_30",42,TRUE,FALSE
3797327,"gate_30",20,FALSE,FALSE
3797359,"gate_40",5,TRUE,FALSE
3797411,"gate_40",30,FALSE,FALSE
3797482,"gate_40",13,FALSE,FALSE
3797496,"gate_30",22,TRUE,FALSE
3797525,"gate_30",7,FALSE,FALSE
3797912,"gate_30",37,FALSE,FALSE
3797921,"gate_30",18,FALSE,FALSE
3798020,"gate_30",298,TRUE,TRUE
3798159,"gate_30",285,TRUE,TRUE
3798249,"gate_40",14,FALSE,FALSE
3798424,"gate_40",54,FALSE,TRUE
3798468,"gate_30",157,TRUE,TRUE
3798497,"gate_30",18,FALSE,FALSE
3798567,"gate_40",71,TRUE,TRUE
3798604,"gate_40",9,FALSE,FALSE
3798643,"gate_30",35,TRUE,FALSE
3798687,"gate_40",132,TRUE,TRUE
3798823,"gate_30",15,TRUE,FALSE
3798870,"gate_40",193,TRUE,TRUE
3799019,"gate_40",7,FALSE,FALSE
3799024,"gate_30",29,TRUE,FALSE
3799091,"gate_40",26,TRUE,FALSE
3799130,"gate_40",3,FALSE,FALSE
3799166,"gate_40",8,FALSE,FALSE
3799454,"gate_40",32,TRUE,FALSE
3799457,"gate_30",17,TRUE,FALSE
3799533,"gate_30",5,FALSE,FALSE
3799573,"gate_30",43,FALSE,FALSE
3799688,"gate_40",19,FALSE,FALSE
3799817,"gate_40",1,FALSE,FALSE
3799885,"gate_30",16,FALSE,FALSE
3799901,"gate_30",100,TRUE,TRUE
3800006,"gate_30",4,TRUE,FALSE
3800458,"gate_30",7,FALSE,FALSE
3800493,"gate_40",160,TRUE,FALSE
3800501,"gate_40",8,FALSE,FALSE
3800513,"gate_40",7,TRUE,FALSE
3800517,"gate_30",0,FALSE,FALSE
3800739,"gate_40",1,FALSE,FALSE
3800899,"gate_30",7,FALSE,FALSE
3800980,"gate_40",244,TRUE,TRUE
3801013,"gate_40",97,TRUE,TRUE
3801025,"gate_30",0,FALSE,FALSE
3801084,"gate_30",44,FALSE,TRUE
3801342,"gate_30",76,TRUE,FALSE
3801428,"gate_40",218,TRUE,TRUE
3801435,"gate_40",12,TRUE,FALSE
3801439,"gate_30",15,TRUE,FALSE
3801751,"gate_30",60,FALSE,FALSE
3801822,"gate_40",8,TRUE,FALSE
3801823,"gate_40",11,TRUE,FALSE
3802112,"gate_40",259,TRUE,FALSE
3802227,"gate_40",80,TRUE,FALSE
3802241,"gate_40",101,FALSE,FALSE
3802301,"gate_40",110,TRUE,TRUE
3802318,"gate_40",8,FALSE,FALSE
3802367,"gate_30",17,FALSE,FALSE
3802478,"gate_40",89,TRUE,FALSE
3802597,"gate_40",32,TRUE,FALSE
3802815,"gate_30",2,FALSE,FALSE
3802844,"gate_30",24,FALSE,FALSE
3802954,"gate_40",7,FALSE,FALSE
3802964,"gate_30",11,FALSE,FALSE
3803502,"gate_40",75,TRUE,TRUE
3803512,"gate_30",223,TRUE,TRUE
3803513,"gate_40",29,FALSE,FALSE
3803525,"gate_30",2,FALSE,FALSE
3803682,"gate_30",1,FALSE,FALSE
3803701,"gate_30",2,FALSE,FALSE
3803705,"gate_40",3,TRUE,FALSE
3803746,"gate_40",1,FALSE,FALSE
3803842,"gate_30",71,FALSE,FALSE
3803951,"gate_30",13,FALSE,FALSE
3804061,"gate_40",28,TRUE,TRUE
3804272,"gate_40",1,FALSE,FALSE
3804388,"gate_40",1,FALSE,FALSE
3804410,"gate_30",4,FALSE,FALSE
3804526,"gate_30",0,FALSE,FALSE
3804675,"gate_30",82,TRUE,FALSE
3804707,"gate_30",2,FALSE,FALSE
3805076,"gate_40",12,FALSE,FALSE
3805156,"gate_40",43,FALSE,FALSE
3805689,"gate_30",144,TRUE,TRUE
3805707,"gate_40",11,TRUE,FALSE
3805730,"gate_30",34,TRUE,FALSE
3806107,"gate_40",16,TRUE,FALSE
3806499,"gate_40",55,TRUE,FALSE
3806678,"gate_30",1,FALSE,FALSE
3806719,"gate_30",2,FALSE,FALSE
3806779,"gate_40",93,TRUE,FALSE
3806819,"gate_40",3,FALSE,FALSE
3806820,"gate_30",28,TRUE,TRUE
3806850,"gate_30",115,TRUE,FALSE
3807155,"gate_40",1,FALSE,FALSE
3807252,"gate_40",89,TRUE,FALSE
3807462,"gate_30",16,FALSE,FALSE
3807548,"gate_40",54,FALSE,TRUE
3807689,"gate_30",9,TRUE,FALSE
3807747,"gate_40",11,FALSE,FALSE
3807782,"gate_30",39,FALSE,FALSE
3807895,"gate_40",3,FALSE,FALSE
3808015,"gate_40",42,TRUE,FALSE
3808251,"gate_30",14,FALSE,TRUE
3808282,"gate_30",6,FALSE,FALSE
3808321,"gate_30",0,FALSE,FALSE
3808345,"gate_40",109,TRUE,TRUE
3808395,"gate_30",178,TRUE,TRUE
3808626,"gate_30",14,FALSE,FALSE
3808629,"gate_40",17,FALSE,FALSE
3808640,"gate_30",8,FALSE,FALSE
3809043,"gate_40",11,FALSE,FALSE
3809087,"gate_30",3,FALSE,FALSE
3809090,"gate_40",10,FALSE,FALSE
3809368,"gate_30",4,FALSE,FALSE
3809403,"gate_30",51,TRUE,TRUE
3809518,"gate_40",37,TRUE,FALSE
3809559,"gate_40",121,FALSE,TRUE
3809863,"gate_40",19,FALSE,FALSE
3809908,"gate_40",37,TRUE,FALSE
3809920,"gate_40",23,FALSE,FALSE
3809924,"gate_30",1,FALSE,FALSE
3810036,"gate_40",6,TRUE,FALSE
3810064,"gate_30",9,TRUE,FALSE
3810190,"gate_30",1,FALSE,FALSE
3810240,"gate_30",60,TRUE,TRUE
3810300,"gate_40",3,FALSE,FALSE
3810418,"gate_40",1,FALSE,FALSE
3810459,"gate_30",115,TRUE,TRUE
3810576,"gate_30",7,FALSE,FALSE
3810696,"gate_40",13,TRUE,FALSE
3810816,"gate_30",15,FALSE,FALSE
3810949,"gate_40",20,FALSE,FALSE
3810976,"gate_30",3,FALSE,FALSE
3811015,"gate_30",3,FALSE,FALSE
3811019,"gate_30",6,FALSE,FALSE
3811166,"gate_40",13,TRUE,FALSE
3811240,"gate_30",13,FALSE,FALSE
3811291,"gate_30",6,TRUE,FALSE
3811390,"gate_30",35,TRUE,FALSE
3811408,"gate_40",4,FALSE,FALSE
3811421,"gate_40",6,FALSE,FALSE
3811563,"gate_30",1,FALSE,FALSE
3811598,"gate_40",89,TRUE,FALSE
3811610,"gate_40",5,FALSE,FALSE
3811666,"gate_30",6,FALSE,FALSE
3811782,"gate_40",8,FALSE,FALSE
3811810,"gate_30",18,FALSE,FALSE
3811829,"gate_30",152,TRUE,FALSE
3811864,"gate_40",4,TRUE,FALSE
3811986,"gate_30",19,FALSE,FALSE
3812165,"gate_30",0,FALSE,FALSE
3812409,"gate_30",51,FALSE,FALSE
3812505,"gate_40",26,FALSE,FALSE
3812759,"gate_30",59,TRUE,FALSE
3812819,"gate_40",1,FALSE,FALSE
3813366,"gate_30",196,TRUE,FALSE
3813671,"gate_40",70,FALSE,FALSE
3813927,"gate_30",16,FALSE,FALSE
3814045,"gate_30",1,FALSE,FALSE
3814108,"gate_40",24,TRUE,FALSE
3814170,"gate_30",28,TRUE,FALSE
3814401,"gate_40",7,FALSE,FALSE
3814449,"gate_40",3,FALSE,FALSE
3814556,"gate_30",523,TRUE,TRUE
3814706,"gate_30",29,FALSE,TRUE
3814725,"gate_30",26,FALSE,TRUE
3814792,"gate_30",10,FALSE,FALSE
3814793,"gate_30",14,TRUE,FALSE
3814845,"gate_30",11,FALSE,FALSE
3815015,"gate_40",43,TRUE,FALSE
3815120,"gate_40",0,FALSE,FALSE
3815129,"gate_30",98,TRUE,TRUE
3815403,"gate_30",57,TRUE,FALSE
3815471,"gate_40",14,FALSE,FALSE
3815791,"gate_30",13,FALSE,FALSE
3815834,"gate_40",0,FALSE,FALSE
3816043,"gate_40",33,TRUE,FALSE
3816197,"gate_30",122,TRUE,TRUE
3816525,"gate_40",16,TRUE,TRUE
3816547,"gate_30",12,FALSE,TRUE
3816649,"gate_40",14,TRUE,FALSE
3816809,"gate_40",38,TRUE,FALSE
3816879,"gate_40",43,TRUE,FALSE
3816926,"gate_30",11,FALSE,TRUE
3816987,"gate_30",4,FALSE,FALSE
3817055,"gate_40",3,FALSE,FALSE
3817115,"gate_40",45,FALSE,FALSE
3817281,"gate_40",63,TRUE,FALSE
3817297,"gate_30",0,FALSE,FALSE
3817302,"gate_30",50,TRUE,TRUE
3817384,"gate_30",61,TRUE,FALSE
3817423,"gate_40",39,TRUE,FALSE
3817454,"gate_30",0,FALSE,FALSE
3817592,"gate_40",10,FALSE,FALSE
3817597,"gate_30",36,TRUE,FALSE
3817692,"gate_30",12,FALSE,FALSE
3817820,"gate_40",5,FALSE,FALSE
3817934,"gate_40",3,TRUE,FALSE
3818005,"gate_40",10,FALSE,FALSE
3818120,"gate_30",6,FALSE,FALSE
3818548,"gate_30",0,FALSE,FALSE
3818711,"gate_40",0,FALSE,FALSE
3818768,"gate_40",14,FALSE,FALSE
3818833,"gate_30",11,TRUE,FALSE
3818930,"gate_30",4,FALSE,TRUE
3818931,"gate_40",89,FALSE,FALSE
3819190,"gate_30",403,TRUE,TRUE
3819251,"gate_30",1,FALSE,FALSE
3819424,"gate_40",62,TRUE,FALSE
3819440,"gate_30",129,TRUE,TRUE
3819616,"gate_40",2,FALSE,FALSE
3819837,"gate_30",147,TRUE,FALSE
3820148,"gate_30",122,TRUE,FALSE
3820196,"gate_40",3,TRUE,FALSE
3820230,"gate_30",19,FALSE,TRUE
3820246,"gate_30",1,FALSE,FALSE
3820352,"gate_30",1,FALSE,FALSE
3820374,"gate_30",20,FALSE,FALSE
3820472,"gate_40",99,TRUE,TRUE
3820505,"gate_30",1,FALSE,FALSE
3820658,"gate_30",3,FALSE,FALSE
3820724,"gate_40",2,FALSE,FALSE
3820738,"gate_40",98,TRUE,TRUE
3820743,"gate_40",1,FALSE,FALSE
3820770,"gate_40",19,TRUE,FALSE
3820913,"gate_30",542,TRUE,TRUE
3821139,"gate_30",1,FALSE,FALSE
3821183,"gate_40",8,FALSE,FALSE
3821274,"gate_30",1,FALSE,FALSE
3821467,"gate_40",939,TRUE,TRUE
3821500,"gate_40",28,TRUE,FALSE
3821572,"gate_40",2,FALSE,FALSE
3821585,"gate_30",1,FALSE,FALSE
3821699,"gate_40",46,FALSE,FALSE
3822012,"gate_30",0,FALSE,FALSE
3822221,"gate_30",26,TRUE,FALSE
3822261,"gate_30",14,TRUE,FALSE
3822658,"gate_30",7,FALSE,FALSE
3822971,"gate_40",34,TRUE,FALSE
3823027,"gate_30",46,FALSE,FALSE
3823116,"gate_30",1,FALSE,FALSE
3823132,"gate_30",3,FALSE,FALSE
3823160,"gate_30",4,FALSE,FALSE
3823290,"gate_30",171,TRUE,TRUE
3823579,"gate_40",109,TRUE,FALSE
3823639,"gate_40",49,TRUE,TRUE
3823676,"gate_30",46,FALSE,TRUE
3823900,"gate_40",26,FALSE,FALSE
3823943,"gate_40",1,FALSE,FALSE
3823959,"gate_30",69,TRUE,FALSE
3824043,"gate_40",110,TRUE,FALSE
3824146,"gate_30",5,FALSE,FALSE
3824202,"gate_30",11,FALSE,FALSE
3824274,"gate_30",3,FALSE,FALSE
3824294,"gate_40",67,TRUE,TRUE
3824301,"gate_30",436,TRUE,TRUE
3824334,"gate_40",210,TRUE,FALSE
3824504,"gate_30",5,FALSE,FALSE
3824600,"gate_30",13,FALSE,FALSE
3824711,"gate_40",9,FALSE,FALSE
3824723,"gate_30",3,FALSE,FALSE
3824746,"gate_40",45,FALSE,FALSE
3824751,"gate_30",2,FALSE,FALSE
3824848,"gate_40",27,TRUE,FALSE
3825011,"gate_40",58,TRUE,FALSE
3825023,"gate_40",21,TRUE,TRUE
3825079,"gate_30",11,FALSE,FALSE
3825258,"gate_40",69,TRUE,FALSE
3825331,"gate_40",4,FALSE,FALSE
3825569,"gate_30",15,FALSE,FALSE
3825675,"gate_40",64,TRUE,FALSE
3825783,"gate_30",3,FALSE,FALSE
3825913,"gate_30",38,TRUE,FALSE
3826259,"gate_30",9,FALSE,FALSE
3826406,"gate_40",32,TRUE,FALSE
3826507,"gate_30",76,TRUE,TRUE
3826559,"gate_40",2,FALSE,FALSE
3826639,"gate_30",5,FALSE,FALSE
3826674,"gate_30",8,FALSE,FALSE
3826779,"gate_40",69,FALSE,FALSE
3826987,"gate_30",1,FALSE,FALSE
3827211,"gate_40",43,FALSE,FALSE
3827212,"gate_30",9,FALSE,FALSE
3827283,"gate_40",2,FALSE,FALSE
3827404,"gate_30",33,FALSE,FALSE
3827407,"gate_40",1,FALSE,FALSE
3827446,"gate_30",2,FALSE,FALSE
3827509,"gate_30",146,TRUE,FALSE
3827609,"gate_40",10,FALSE,FALSE
3827657,"gate_30",33,FALSE,FALSE
3827734,"gate_30",15,FALSE,FALSE
3827793,"gate_40",1,FALSE,FALSE
3827909,"gate_40",18,FALSE,FALSE
3827945,"gate_30",4,FALSE,FALSE
3827963,"gate_30",2,FALSE,FALSE
3828240,"gate_30",96,TRUE,FALSE
3828294,"gate_30",59,TRUE,FALSE
3828416,"gate_30",6,FALSE,FALSE
3828422,"gate_40",43,TRUE,FALSE
3828486,"gate_30",8,TRUE,FALSE
3828597,"gate_40",7,FALSE,FALSE
3828786,"gate_30",2,FALSE,FALSE
3828812,"gate_30",71,TRUE,FALSE
3828847,"gate_30",34,TRUE,FALSE
3828996,"gate_30",1,FALSE,FALSE
3829094,"gate_40",5,FALSE,FALSE
3829150,"gate_40",6,TRUE,FALSE
3829158,"gate_30",42,FALSE,FALSE
3829294,"gate_40",5,TRUE,FALSE
3829343,"gate_30",87,TRUE,FALSE
3829394,"gate_40",7,FALSE,FALSE
3829625,"gate_30",120,TRUE,FALSE
3829723,"gate_30",26,TRUE,FALSE
3829973,"gate_30",38,FALSE,FALSE
3830142,"gate_40",161,TRUE,FALSE
3830372,"gate_40",193,TRUE,TRUE
3830433,"gate_40",2,FALSE,FALSE
3830862,"gate_30",108,TRUE,FALSE
3830949,"gate_40",76,TRUE,TRUE
3831105,"gate_30",40,TRUE,FALSE
3831278,"gate_40",230,TRUE,TRUE
3831314,"gate_40",37,FALSE,FALSE
3831494,"gate_40",13,FALSE,FALSE
3831693,"gate_30",35,TRUE,FALSE
3831745,"gate_40",6,FALSE,FALSE
3831931,"gate_30",28,FALSE,FALSE
3831981,"gate_30",187,TRUE,FALSE
3832019,"gate_30",7,FALSE,FALSE
3832172,"gate_30",126,TRUE,TRUE
3832321,"gate_30",19,TRUE,FALSE
3832498,"gate_40",16,FALSE,FALSE
3832640,"gate_30",100,TRUE,TRUE
3832686,"gate_30",9,FALSE,FALSE
3832700,"gate_30",120,TRUE,TRUE
3832865,"gate_40",1,FALSE,FALSE
3832905,"gate_40",0,FALSE,FALSE
3832978,"gate_30",66,TRUE,FALSE
3833154,"gate_30",135,TRUE,FALSE
3833180,"gate_40",10,FALSE,FALSE
3833207,"gate_30",23,TRUE,FALSE
3833276,"gate_40",70,FALSE,TRUE
3833295,"gate_30",239,TRUE,TRUE
3833395,"gate_40",1,FALSE,FALSE
3833585,"gate_30",11,TRUE,FALSE
3833612,"gate_30",22,TRUE,FALSE
3833645,"gate_30",4,FALSE,FALSE
3833669,"gate_30",39,FALSE,FALSE
3833739,"gate_40",150,FALSE,TRUE
3833808,"gate_40",49,TRUE,TRUE
3833830,"gate_40",17,FALSE,FALSE
3833975,"gate_40",119,TRUE,TRUE
3834055,"gate_40",174,FALSE,FALSE
3834071,"gate_40",14,FALSE,FALSE
3834140,"gate_30",6,FALSE,FALSE
3834172,"gate_30",153,FALSE,FALSE
3834291,"gate_30",37,TRUE,FALSE
3834323,"gate_30",1,FALSE,FALSE
3834410,"gate_30",4,FALSE,FALSE
3834578,"gate_40",17,FALSE,FALSE
3834594,"gate_30",43,TRUE,FALSE
3834708,"gate_30",54,TRUE,FALSE
3834711,"gate_30",80,TRUE,TRUE
3834931,"gate_30",0,FALSE,FALSE
3835057,"gate_30",4,FALSE,FALSE
3835228,"gate_40",32,TRUE,FALSE
3835563,"gate_30",15,FALSE,FALSE
3835713,"gate_30",7,FALSE,FALSE
3835862,"gate_40",94,TRUE,FALSE
3835893,"gate_40",7,FALSE,FALSE
3836148,"gate_30",24,TRUE,FALSE
3836232,"gate_40",4,FALSE,FALSE
3836251,"gate_40",51,TRUE,FALSE
3836442,"gate_40",18,FALSE,FALSE
3836504,"gate_40",5,FALSE,FALSE
3836541,"gate_30",5,FALSE,TRUE
3836580,"gate_30",4,FALSE,FALSE
3836600,"gate_40",5,FALSE,FALSE
3836611,"gate_40",19,FALSE,FALSE
3836638,"gate_30",5,FALSE,FALSE
3836810,"gate_30",37,TRUE,FALSE
3837197,"gate_40",147,TRUE,TRUE
3837454,"gate_40",2,FALSE,FALSE
3837539,"gate_40",6,FALSE,FALSE
3837619,"gate_40",1,FALSE,FALSE
3837687,"gate_30",7,FALSE,FALSE
3837758,"gate_30",1,FALSE,FALSE
3837805,"gate_40",9,FALSE,FALSE
3837853,"gate_40",57,TRUE,FALSE
3837867,"gate_30",15,FALSE,FALSE
3837956,"gate_40",42,TRUE,TRUE
3837980,"gate_40",147,TRUE,TRUE
3838044,"gate_30",4,FALSE,FALSE
3838231,"gate_40",10,FALSE,FALSE
3838341,"gate_30",4,FALSE,FALSE
3838453,"gate_40",29,TRUE,FALSE
3838464,"gate_30",21,TRUE,FALSE
3838520,"gate_30",7,FALSE,FALSE
3838653,"gate_40",1,FALSE,FALSE
3838693,"gate_30",2,FALSE,FALSE
3839005,"gate_30",26,TRUE,FALSE
3839050,"gate_40",4,FALSE,FALSE
3839122,"gate_30",3,TRUE,FALSE
3839195,"gate_30",32,TRUE,FALSE
3839224,"gate_40",55,TRUE,TRUE
3839430,"gate_40",11,TRUE,FALSE
3839448,"gate_40",0,FALSE,FALSE
3839537,"gate_30",11,FALSE,FALSE
3839870,"gate_30",64,TRUE,TRUE
3839897,"gate_30",22,FALSE,FALSE
3839946,"gate_30",23,FALSE,TRUE
3840325,"gate_30",100,TRUE,FALSE
3840452,"gate_40",14,FALSE,FALSE
3840638,"gate_30",9,TRUE,FALSE
3840888,"gate_30",0,FALSE,FALSE
3840918,"gate_30",4,FALSE,FALSE
3840930,"gate_30",9,TRUE,FALSE
3841081,"gate_30",100,TRUE,TRUE
3841402,"gate_30",66,TRUE,TRUE
3841509,"gate_40",78,TRUE,FALSE
3841603,"gate_40",1,FALSE,FALSE
3841608,"gate_40",75,TRUE,FALSE
3841642,"gate_40",4,FALSE,FALSE
3841661,"gate_30",122,TRUE,TRUE
3841700,"gate_30",11,TRUE,FALSE
3841750,"gate_30",6,FALSE,TRUE
3841831,"gate_40",7,FALSE,FALSE
3841894,"gate_30",77,TRUE,TRUE
3841900,"gate_40",23,TRUE,FALSE
3842159,"gate_40",3,FALSE,FALSE
3842167,"gate_30",90,TRUE,FALSE
3842310,"gate_40",381,TRUE,TRUE
3842372,"gate_40",21,TRUE,FALSE
3842404,"gate_40",16,FALSE,FALSE
3842533,"gate_30",149,TRUE,FALSE
3842654,"gate_30",33,FALSE,TRUE
3842704,"gate_30",12,TRUE,FALSE
3842762,"gate_40",347,TRUE,FALSE
3843049,"gate_30",17,TRUE,FALSE
3843297,"gate_40",32,FALSE,TRUE
3843481,"gate_30",400,TRUE,TRUE
3843699,"gate_30",43,TRUE,FALSE
3843777,"gate_30",79,TRUE,TRUE
3843856,"gate_30",5,FALSE,FALSE
3843924,"gate_40",221,TRUE,TRUE
3844046,"gate_30",1,FALSE,FALSE
3844164,"gate_30",28,TRUE,FALSE
3844363,"gate_30",5,FALSE,FALSE
3844492,"gate_30",30,TRUE,FALSE
3844675,"gate_40",0,TRUE,FALSE
3844688,"gate_40",32,FALSE,FALSE
3844701,"gate_40",324,TRUE,TRUE
3844780,"gate_40",56,TRUE,TRUE
3844788,"gate_40",11,FALSE,FALSE
3844804,"gate_30",63,TRUE,TRUE
3844808,"gate_40",569,TRUE,TRUE
3844861,"gate_30",17,TRUE,FALSE
3844963,"gate_30",30,TRUE,FALSE
3844974,"gate_30",51,TRUE,FALSE
3845003,"gate_40",3,FALSE,FALSE
3845209,"gate_30",15,FALSE,FALSE
3845317,"gate_30",37,TRUE,FALSE
3845400,"gate_30",9,FALSE,FALSE
3845438,"gate_40",211,TRUE,TRUE
3845547,"gate_30",4,FALSE,FALSE
3845688,"gate_40",3,FALSE,FALSE
3845868,"gate_30",74,TRUE,TRUE
3845912,"gate_30",33,TRUE,FALSE
3846253,"gate_40",8,FALSE,FALSE
3846368,"gate_40",1,FALSE,FALSE
3846387,"gate_30",109,TRUE,TRUE
3846488,"gate_30",3,FALSE,FALSE
3846561,"gate_30",15,TRUE,FALSE
3846913,"gate_40",100,TRUE,TRUE
3847068,"gate_30",158,TRUE,FALSE
3847218,"gate_30",46,TRUE,TRUE
3847247,"gate_40",4,FALSE,FALSE
3847265,"gate_40",43,TRUE,FALSE
3847386,"gate_40",2,FALSE,FALSE
3847494,"gate_30",36,FALSE,FALSE
3847738,"gate_30",12,FALSE,FALSE
3847957,"gate_40",1,FALSE,FALSE
3848021,"gate_40",26,FALSE,FALSE
3848049,"gate_30",16,FALSE,FALSE
3848060,"gate_30",1,FALSE,FALSE
3848350,"gate_40",1,FALSE,FALSE
3848359,"gate_40",348,TRUE,TRUE
3848665,"gate_40",4,FALSE,FALSE
3848840,"gate_40",55,FALSE,TRUE
3849070,"gate_40",0,FALSE,FALSE
3849353,"gate_30",3,FALSE,FALSE
3849556,"gate_40",8,FALSE,FALSE
3849674,"gate_40",91,FALSE,TRUE
3849846,"gate_30",310,TRUE,TRUE
3849907,"gate_40",53,FALSE,TRUE
3849964,"gate_30",0,FALSE,FALSE
3850064,"gate_30",101,TRUE,FALSE
3850111,"gate_30",17,FALSE,FALSE
3850121,"gate_40",4,FALSE,FALSE
3850126,"gate_40",0,FALSE,FALSE
3850240,"gate_30",6,FALSE,FALSE
3850268,"gate_40",6,FALSE,FALSE
3850415,"gate_40",1,FALSE,FALSE
3850709,"gate_30",85,TRUE,TRUE
3850791,"gate_40",42,FALSE,FALSE
3850817,"gate_40",0,FALSE,FALSE
3851070,"gate_40",6,TRUE,FALSE
3851104,"gate_40",15,FALSE,FALSE
3851133,"gate_30",5,FALSE,FALSE
3851170,"gate_30",4,FALSE,FALSE
3851335,"gate_40",16,FALSE,FALSE
3851646,"gate_40",1,FALSE,FALSE
3851717,"gate_30",6,FALSE,FALSE
3851723,"gate_30",63,FALSE,TRUE
3851799,"gate_30",54,TRUE,TRUE
3852183,"gate_30",49,TRUE,FALSE
3852418,"gate_30",17,FALSE,FALSE
3852447,"gate_40",231,TRUE,TRUE
3852509,"gate_30",190,TRUE,TRUE
3852577,"gate_40",65,FALSE,TRUE
3852581,"gate_40",38,TRUE,FALSE
3852639,"gate_40",24,TRUE,FALSE
3852672,"gate_30",11,FALSE,FALSE
3852698,"gate_40",11,FALSE,FALSE
3852781,"gate_30",52,TRUE,FALSE
3852787,"gate_30",0,FALSE,FALSE
3852863,"gate_40",30,FALSE,FALSE
3853157,"gate_40",60,TRUE,FALSE
3853165,"gate_30",33,TRUE,FALSE
3853277,"gate_30",63,FALSE,TRUE
3853567,"gate_40",411,TRUE,TRUE
3853586,"gate_30",47,FALSE,FALSE
3853622,"gate_40",4,FALSE,FALSE
3853652,"gate_40",66,FALSE,TRUE
3853819,"gate_30",21,TRUE,FALSE
3853827,"gate_30",13,FALSE,FALSE
3853866,"gate_30",3,FALSE,FALSE
3854188,"gate_30",5,FALSE,FALSE
3854359,"gate_30",63,TRUE,FALSE
3854448,"gate_40",5,FALSE,FALSE
3854454,"gate_40",1,FALSE,FALSE
3854530,"gate_40",90,TRUE,FALSE
3854641,"gate_30",89,TRUE,FALSE
3854694,"gate_40",31,TRUE,TRUE
3854732,"gate_40",1,FALSE,FALSE
3854872,"gate_30",15,TRUE,FALSE
3855162,"gate_40",115,TRUE,TRUE
3855177,"gate_40",2,FALSE,FALSE
3855259,"gate_40",24,FALSE,FALSE
3855578,"gate_30",0,FALSE,FALSE
3855601,"gate_40",7,FALSE,FALSE
3855674,"gate_40",1,FALSE,FALSE
3855786,"gate_40",2,FALSE,FALSE
3855934,"gate_30",40,FALSE,TRUE
3856115,"gate_40",8,FALSE,FALSE
3856187,"gate_40",1,FALSE,FALSE
3856254,"gate_40",30,TRUE,TRUE
3856337,"gate_40",33,FALSE,FALSE
3856395,"gate_30",2,FALSE,FALSE
3856410,"gate_30",75,TRUE,FALSE
3856558,"gate_30",6,FALSE,FALSE
3856636,"gate_40",8,FALSE,FALSE
3856702,"gate_30",2,FALSE,FALSE
3856935,"gate_30",3,FALSE,FALSE
3857188,"gate_30",49,TRUE,FALSE
3857388,"gate_30",69,TRUE,FALSE
3857652,"gate_30",100,TRUE,TRUE
3857791,"gate_30",11,FALSE,FALSE
3858111,"gate_40",26,FALSE,FALSE
3858141,"gate_30",34,TRUE,FALSE
3858202,"gate_30",7,FALSE,FALSE
3858249,"gate_40",2,FALSE,FALSE
3858358,"gate_40",11,FALSE,FALSE
3858446,"gate_40",1,FALSE,FALSE
3858484,"gate_30",2,FALSE,FALSE
3858569,"gate_40",165,TRUE,TRUE
3858589,"gate_30",3,FALSE,FALSE
3858938,"gate_30",17,TRUE,FALSE
3858952,"gate_40",84,TRUE,TRUE
3859056,"gate_30",16,FALSE,FALSE
3859102,"gate_40",6,FALSE,FALSE
3859197,"gate_40",20,TRUE,FALSE
3859201,"gate_30",5,FALSE,FALSE
3859217,"gate_30",3,FALSE,FALSE
3859363,"gate_30",28,TRUE,FALSE
3859440,"gate_30",24,TRUE,FALSE
3859467,"gate_40",46,FALSE,FALSE
3859821,"gate_30",6,TRUE,FALSE
3859847,"gate_40",22,TRUE,FALSE
3859926,"gate_40",0,FALSE,FALSE
3859955,"gate_30",1,FALSE,FALSE
3859980,"gate_40",2,FALSE,FALSE
3859993,"gate_40",207,TRUE,FALSE
3860036,"gate_30",39,FALSE,FALSE
3860078,"gate_30",0,FALSE,FALSE
3860097,"gate_30",7,FALSE,FALSE
3860198,"gate_30",10,TRUE,FALSE
3860369,"gate_40",20,FALSE,FALSE
3860496,"gate_30",45,TRUE,FALSE
3860528,"gate_30",7,FALSE,FALSE
3860543,"gate_30",8,FALSE,FALSE
3860736,"gate_30",10,FALSE,FALSE
3860904,"gate_40",0,TRUE,FALSE
3861026,"gate_30",61,TRUE,TRUE
3861320,"gate_30",273,TRUE,TRUE
3861351,"gate_30",4,FALSE,FALSE
3861376,"gate_40",47,TRUE,TRUE
3861598,"gate_30",416,TRUE,TRUE
3861642,"gate_40",11,TRUE,FALSE
3861693,"gate_30",201,TRUE,TRUE
3861851,"gate_30",29,TRUE,FALSE
3861861,"gate_40",38,TRUE,FALSE
3862096,"gate_30",17,FALSE,FALSE
3862235,"gate_30",14,TRUE,FALSE
3862420,"gate_30",1,FALSE,FALSE
3862535,"gate_30",5,FALSE,FALSE
3862642,"gate_40",3,FALSE,FALSE
3862741,"gate_40",0,FALSE,FALSE
3862785,"gate_40",367,TRUE,TRUE
3862973,"gate_30",15,FALSE,TRUE
3863174,"gate_40",119,TRUE,FALSE
3863188,"gate_30",6,FALSE,FALSE
3863192,"gate_40",4,FALSE,FALSE
3863357,"gate_40",19,TRUE,FALSE
3863424,"gate_30",7,FALSE,FALSE
3863599,"gate_40",4,FALSE,FALSE
3863619,"gate_40",198,FALSE,FALSE
3863695,"gate_40",23,FALSE,FALSE
3863721,"gate_30",4,FALSE,FALSE
3863986,"gate_40",7,FALSE,FALSE
3864027,"gate_40",111,TRUE,TRUE
3864181,"gate_40",26,FALSE,FALSE
3864185,"gate_30",80,TRUE,FALSE
3864346,"gate_40",13,TRUE,FALSE
3864424,"gate_40",27,TRUE,FALSE
3864558,"gate_30",18,FALSE,FALSE
3864578,"gate_30",38,FALSE,FALSE
3864751,"gate_30",1,FALSE,FALSE
3864830,"gate_40",115,TRUE,TRUE
3865299,"gate_40",329,TRUE,TRUE
3865433,"gate_40",9,FALSE,FALSE
3865515,"gate_30",17,FALSE,FALSE
3865539,"gate_30",29,FALSE,FALSE
3865608,"gate_40",3,TRUE,FALSE
3865635,"gate_40",47,TRUE,FALSE
3865840,"gate_30",14,FALSE,FALSE
3865887,"gate_40",0,FALSE,FALSE
3865971,"gate_40",45,FALSE,FALSE
3866011,"gate_30",1,FALSE,FALSE
3866014,"gate_40",11,FALSE,FALSE
3866100,"gate_30",1,FALSE,FALSE
3866106,"gate_30",33,TRUE,FALSE
3866121,"gate_30",78,TRUE,TRUE
3866155,"gate_40",1,FALSE,FALSE
3866180,"gate_40",25,TRUE,FALSE
3866221,"gate_30",67,TRUE,TRUE
3866243,"gate_30",55,TRUE,FALSE
3866262,"gate_40",4,FALSE,FALSE
3866357,"gate_40",6,FALSE,FALSE
3866591,"gate_40",61,TRUE,FALSE
3866622,"gate_30",47,FALSE,FALSE
3866715,"gate_40",160,TRUE,TRUE
3866751,"gate_30",2,FALSE,FALSE
3867042,"gate_30",8,FALSE,FALSE
3867073,"gate_40",15,TRUE,FALSE
3867455,"gate_30",73,FALSE,TRUE
3867536,"gate_30",52,TRUE,FALSE
3867674,"gate_40",27,TRUE,FALSE
3867706,"gate_40",4,FALSE,FALSE
3867762,"gate_40",105,TRUE,TRUE
3867824,"gate_40",57,TRUE,FALSE
3867902,"gate_40",135,TRUE,FALSE
3868011,"gate_30",13,FALSE,FALSE
3868130,"gate_40",33,FALSE,FALSE
3868217,"gate_30",55,TRUE,FALSE
3868246,"gate_30",359,TRUE,TRUE
3868324,"gate_40",75,TRUE,FALSE
3868338,"gate_30",2,TRUE,FALSE
3868391,"gate_40",46,TRUE,FALSE
3868421,"gate_40",17,TRUE,FALSE
3868510,"gate_30",10,FALSE,FALSE
3868668,"gate_30",56,TRUE,TRUE
3868711,"gate_40",16,TRUE,TRUE
3868913,"gate_40",2,TRUE,FALSE
3868919,"gate_40",20,TRUE,FALSE
3869063,"gate_40",4,FALSE,FALSE
3869654,"gate_40",19,TRUE,FALSE
3869728,"gate_40",3,FALSE,FALSE
3869740,"gate_30",4,FALSE,FALSE
3869927,"gate_30",2,FALSE,FALSE
3869957,"gate_30",145,FALSE,FALSE
3869998,"gate_30",29,FALSE,FALSE
3870066,"gate_30",27,TRUE,TRUE
3870223,"gate_30",198,TRUE,TRUE
3870418,"gate_40",8,FALSE,FALSE
3870449,"gate_40",2,FALSE,FALSE
3870575,"gate_30",6,FALSE,FALSE
3870754,"gate_30",33,FALSE,TRUE
3870940,"gate_30",19,TRUE,TRUE
3871336,"gate_30",103,TRUE,TRUE
3871418,"gate_30",0,FALSE,FALSE
3871466,"gate_30",127,TRUE,FALSE
3871531,"gate_30",79,TRUE,TRUE
3871762,"gate_30",30,FALSE,FALSE
3871823,"gate_40",2,FALSE,FALSE
3871865,"gate_40",5,FALSE,FALSE
3872251,"gate_40",70,TRUE,FALSE
3872329,"gate_40",121,TRUE,TRUE
3872562,"gate_40",1,FALSE,FALSE
3872628,"gate_40",1,FALSE,FALSE
3873032,"gate_40",3,TRUE,FALSE
3873052,"gate_40",2,FALSE,FALSE
3873087,"gate_30",2,FALSE,FALSE
3873190,"gate_30",1,FALSE,FALSE
3873393,"gate_30",2,FALSE,FALSE
3873436,"gate_40",14,FALSE,FALSE
3873472,"gate_40",37,TRUE,FALSE
3873783,"gate_30",61,FALSE,FALSE
3873937,"gate_30",18,TRUE,FALSE
3874030,"gate_40",8,FALSE,FALSE
3874063,"gate_30",33,FALSE,FALSE
3874456,"gate_30",64,TRUE,FALSE
3874817,"gate_30",12,FALSE,FALSE
3874940,"gate_40",93,TRUE,TRUE
3874967,"gate_40",13,FALSE,FALSE
3875082,"gate_30",1,FALSE,FALSE
3875092,"gate_30",59,FALSE,FALSE
3875114,"gate_40",7,FALSE,FALSE
3875348,"gate_30",1,FALSE,FALSE
3875480,"gate_30",1,FALSE,FALSE
3875777,"gate_40",13,FALSE,FALSE
3875847,"gate_30",1,FALSE,FALSE
3876120,"gate_30",85,TRUE,FALSE
3876122,"gate_40",45,TRUE,FALSE
3876413,"gate_30",9,FALSE,FALSE
3876532,"gate_40",166,TRUE,TRUE
3876540,"gate_40",20,FALSE,FALSE
3876597,"gate_30",0,FALSE,FALSE
3876911,"gate_40",2,FALSE,FALSE
3876962,"gate_40",17,TRUE,FALSE
3877017,"gate_30",1,FALSE,FALSE
3877427,"gate_40",41,TRUE,FALSE
3877486,"gate_30",52,FALSE,TRUE
3877540,"gate_40",7,FALSE,FALSE
3877628,"gate_30",6,FALSE,FALSE
3877671,"gate_40",73,TRUE,TRUE
3877689,"gate_30",77,TRUE,FALSE
3877695,"gate_30",50,TRUE,FALSE
3877696,"gate_40",20,FALSE,FALSE
3877702,"gate_30",30,TRUE,FALSE
3877843,"gate_40",13,TRUE,FALSE
3877996,"gate_40",33,TRUE,FALSE
3878138,"gate_30",71,TRUE,FALSE
3878571,"gate_40",827,TRUE,TRUE
3878643,"gate_30",29,TRUE,FALSE
3878721,"gate_40",75,TRUE,TRUE
3878739,"gate_40",20,FALSE,FALSE
3878771,"gate_30",39,TRUE,FALSE
3878870,"gate_30",8,TRUE,FALSE
3878898,"gate_40",42,TRUE,FALSE
3879051,"gate_40",2,FALSE,FALSE
3879073,"gate_30",335,TRUE,TRUE
3879132,"gate_40",7,FALSE,FALSE
3879252,"gate_40",7,FALSE,FALSE
3879267,"gate_30",62,TRUE,FALSE
3879365,"gate_40",97,TRUE,FALSE
3879397,"gate_30",54,TRUE,FALSE
3879404,"gate_30",121,TRUE,TRUE
3879427,"gate_40",27,FALSE,FALSE
3879491,"gate_30",112,TRUE,FALSE
3879635,"gate_30",8,TRUE,TRUE
3879648,"gate_30",243,TRUE,TRUE
3879822,"gate_30",4,FALSE,FALSE
3879855,"gate_40",7,FALSE,FALSE
3880114,"gate_30",27,TRUE,FALSE
3880121,"gate_40",19,TRUE,FALSE
3880201,"gate_40",40,TRUE,FALSE
3880302,"gate_30",30,FALSE,FALSE
3880326,"gate_30",43,TRUE,FALSE
3880394,"gate_30",10,FALSE,FALSE
3880410,"gate_40",24,FALSE,FALSE
3880513,"gate_30",10,FALSE,FALSE
3880606,"gate_30",41,FALSE,FALSE
3880760,"gate_40",4,FALSE,FALSE
3880858,"gate_40",12,FALSE,FALSE
3880884,"gate_30",13,TRUE,FALSE
3880892,"gate_40",16,TRUE,FALSE
3880913,"gate_30",20,TRUE,FALSE
3880989,"gate_40",4,FALSE,FALSE
3881034,"gate_40",92,TRUE,FALSE
3881166,"gate_30",17,FALSE,FALSE
3881250,"gate_40",16,FALSE,FALSE
3881450,"gate_40",0,FALSE,FALSE
3881453,"gate_30",13,FALSE,FALSE
3881463,"gate_40",5,TRUE,FALSE
3881501,"gate_40",15,TRUE,FALSE
3881617,"gate_40",3,FALSE,FALSE
3881765,"gate_40",302,TRUE,TRUE
3881769,"gate_30",0,FALSE,FALSE
3881887,"gate_30",1,FALSE,FALSE
3882100,"gate_40",1,TRUE,FALSE
3882253,"gate_30",28,TRUE,FALSE
3882257,"gate_30",3,FALSE,FALSE
3882402,"gate_40",45,TRUE,FALSE
3882544,"gate_30",8,TRUE,FALSE
3882583,"gate_40",7,TRUE,FALSE
3882722,"gate_30",19,FALSE,FALSE
3882822,"gate_40",49,TRUE,TRUE
3882828,"gate_40",128,TRUE,TRUE
3882893,"gate_40",2,FALSE,FALSE
3883079,"gate_40",8,TRUE,FALSE
3883171,"gate_40",32,FALSE,FALSE
3883279,"gate_40",232,TRUE,FALSE
3883293,"gate_30",27,TRUE,FALSE
3883330,"gate_30",1049,TRUE,TRUE
3883362,"gate_40",45,TRUE,FALSE
3883427,"gate_30",21,TRUE,FALSE
3883627,"gate_40",4,FALSE,FALSE
3883870,"gate_30",64,TRUE,TRUE
3884017,"gate_40",120,FALSE,FALSE
3884161,"gate_40",3,FALSE,FALSE
3884175,"gate_40",1,FALSE,FALSE
3884477,"gate_30",9,FALSE,FALSE
3884642,"gate_40",17,FALSE,FALSE
3884654,"gate_30",99,TRUE,FALSE
3884660,"gate_40",11,FALSE,FALSE
3884738,"gate_40",13,FALSE,FALSE
3884759,"gate_40",57,TRUE,FALSE
3884868,"gate_30",3,FALSE,FALSE
3884928,"gate_40",1,FALSE,FALSE
3885013,"gate_30",5,FALSE,FALSE
3885142,"gate_40",16,FALSE,TRUE
3885157,"gate_40",290,TRUE,TRUE
3885260,"gate_40",8,TRUE,FALSE
3885373,"gate_30",39,TRUE,FALSE
3885392,"gate_40",24,TRUE,FALSE
3885656,"gate_30",6,TRUE,FALSE
3885719,"gate_40",14,FALSE,FALSE
3885878,"gate_40",109,TRUE,TRUE
3886063,"gate_30",45,TRUE,TRUE
3886209,"gate_40",586,TRUE,FALSE
3886246,"gate_30",0,FALSE,FALSE
3886253,"gate_40",1,FALSE,FALSE
3886368,"gate_30",11,FALSE,FALSE
3886453,"gate_40",6,FALSE,FALSE
3886457,"gate_30",5,FALSE,FALSE
3886848,"gate_30",34,TRUE,FALSE
3886858,"gate_40",96,FALSE,FALSE
3886954,"gate_30",1,FALSE,FALSE
3887482,"gate_40",336,TRUE,TRUE
3887764,"gate_40",5,TRUE,FALSE
3887896,"gate_40",179,TRUE,FALSE
3888052,"gate_40",26,FALSE,FALSE
3888078,"gate_40",8,FALSE,FALSE
3888766,"gate_40",0,FALSE,FALSE
3888846,"gate_30",1,FALSE,FALSE
3888863,"gate_40",4,FALSE,FALSE
3889025,"gate_40",12,FALSE,FALSE
3889167,"gate_40",278,TRUE,TRUE
3889295,"gate_40",6,FALSE,FALSE
3889340,"gate_30",127,TRUE,FALSE
3889360,"gate_40",783,TRUE,TRUE
3889572,"gate_40",2,FALSE,TRUE
3889600,"gate_40",3,FALSE,FALSE
3889645,"gate_40",43,TRUE,FALSE
3889735,"gate_40",11,FALSE,FALSE
3889904,"gate_40",73,TRUE,FALSE
3889919,"gate_40",0,FALSE,FALSE
3889940,"gate_30",3,FALSE,FALSE
3889976,"gate_30",16,FALSE,FALSE
3890027,"gate_40",0,FALSE,FALSE
3890103,"gate_30",2,FALSE,FALSE
3890481,"gate_40",12,FALSE,FALSE
3890503,"gate_30",21,TRUE,FALSE
3890533,"gate_40",51,TRUE,FALSE
3890871,"gate_40",19,FALSE,TRUE
3891101,"gate_40",9,FALSE,FALSE
3891131,"gate_30",125,TRUE,FALSE
3891271,"gate_30",161,TRUE,TRUE
3891333,"gate_30",138,FALSE,TRUE
3891357,"gate_30",21,FALSE,FALSE
3891409,"gate_40",262,TRUE,TRUE
3891830,"gate_30",0,FALSE,FALSE
3891885,"gate_30",8,TRUE,FALSE
3891978,"gate_40",9,FALSE,FALSE
3892057,"gate_30",307,TRUE,TRUE
3892116,"gate_40",0,FALSE,FALSE
3892130,"gate_40",71,TRUE,TRUE
3892541,"gate_40",13,FALSE,FALSE
3893006,"gate_30",656,TRUE,TRUE
3893209,"gate_40",7,FALSE,FALSE
3893317,"gate_40",39,TRUE,FALSE
3893502,"gate_30",82,TRUE,TRUE
3893588,"gate_40",44,TRUE,FALSE
3893638,"gate_40",144,TRUE,FALSE
3894145,"gate_40",30,FALSE,FALSE
3894298,"gate_40",221,TRUE,TRUE
3894353,"gate_40",32,TRUE,FALSE
3894385,"gate_30",37,TRUE,FALSE
3894507,"gate_30",19,TRUE,FALSE
3894557,"gate_30",3,FALSE,FALSE
3894749,"gate_40",1,FALSE,FALSE
3894781,"gate_30",23,FALSE,FALSE
3894858,"gate_30",6,FALSE,FALSE
3894996,"gate_40",24,FALSE,FALSE
3895092,"gate_40",1,FALSE,FALSE
3895114,"gate_30",11,FALSE,FALSE
3895183,"gate_30",115,TRUE,TRUE
3895195,"gate_30",31,TRUE,FALSE
3895451,"gate_30",6,FALSE,FALSE
3895664,"gate_40",37,TRUE,FALSE
3895762,"gate_30",60,TRUE,FALSE
3895772,"gate_40",38,TRUE,TRUE
3895996,"gate_40",451,TRUE,TRUE
3895999,"gate_40",0,FALSE,FALSE
3896114,"gate_30",7,FALSE,FALSE
3896129,"gate_40",68,TRUE,FALSE
3896186,"gate_40",91,TRUE,FALSE
3896265,"gate_40",2,FALSE,FALSE
3896406,"gate_40",24,TRUE,FALSE
3896895,"gate_40",13,TRUE,FALSE
3896948,"gate_30",310,TRUE,TRUE
3896967,"gate_40",44,FALSE,FALSE
3897417,"gate_40",5,FALSE,FALSE
3897618,"gate_30",21,FALSE,FALSE
3897629,"gate_30",17,TRUE,FALSE
3897656,"gate_30",3,FALSE,FALSE
3897692,"gate_40",3,FALSE,FALSE
3897718,"gate_30",0,FALSE,FALSE
3897736,"gate_30",5,FALSE,FALSE
3898078,"gate_30",40,FALSE,FALSE
3898155,"gate_30",0,FALSE,FALSE
3898254,"gate_40",21,TRUE,FALSE
3898268,"gate_40",34,FALSE,FALSE
3898605,"gate_30",2,FALSE,FALSE
3898797,"gate_40",42,FALSE,FALSE
3898801,"gate_30",6,FALSE,FALSE
3898858,"gate_30",17,FALSE,FALSE
3898889,"gate_40",48,FALSE,FALSE
3899036,"gate_40",4,FALSE,FALSE
3899062,"gate_30",244,TRUE,TRUE
3899073,"gate_30",32,TRUE,FALSE
3899445,"gate_40",20,TRUE,FALSE
3899550,"gate_30",61,TRUE,TRUE
3899606,"gate_40",104,FALSE,TRUE
3899768,"gate_30",62,FALSE,FALSE
3899798,"gate_30",26,FALSE,FALSE
3899856,"gate_40",134,FALSE,TRUE
3899931,"gate_30",2,FALSE,FALSE
3900018,"gate_30",3,FALSE,FALSE
3900155,"gate_30",11,FALSE,FALSE
3900163,"gate_30",35,TRUE,FALSE
3900243,"gate_40",0,FALSE,FALSE
3900266,"gate_40",33,FALSE,FALSE
3900363,"gate_40",36,FALSE,FALSE
3900591,"gate_40",169,TRUE,TRUE
3900620,"gate_30",92,TRUE,FALSE
3900712,"gate_30",16,FALSE,FALSE
3900776,"gate_30",94,TRUE,TRUE
3900802,"gate_40",28,FALSE,FALSE
3900807,"gate_40",13,FALSE,FALSE
3900986,"gate_40",0,FALSE,FALSE
3901060,"gate_30",60,TRUE,TRUE
3901087,"gate_40",12,FALSE,FALSE
3901371,"gate_30",7,TRUE,FALSE
3901679,"gate_30",4,FALSE,FALSE
3901680,"gate_40",36,TRUE,FALSE
3902081,"gate_30",154,TRUE,TRUE
3902095,"gate_40",9,FALSE,FALSE
3902295,"gate_40",101,TRUE,TRUE
3902331,"gate_40",4,FALSE,FALSE
3902513,"gate_40",244,TRUE,TRUE
3902530,"gate_40",6,FALSE,FALSE
3902537,"gate_40",3,FALSE,FALSE
3902581,"gate_40",0,FALSE,FALSE
3902583,"gate_30",30,TRUE,FALSE
3902637,"gate_30",21,FALSE,FALSE
3902679,"gate_40",6,FALSE,FALSE
3902732,"gate_40",26,FALSE,FALSE
3902895,"gate_40",18,FALSE,FALSE
3903109,"gate_30",1,FALSE,FALSE
3903114,"gate_30",2,FALSE,FALSE
3903117,"gate_40",16,TRUE,FALSE
3903128,"gate_30",67,TRUE,FALSE
3903184,"gate_30",110,TRUE,TRUE
3903317,"gate_40",32,FALSE,FALSE
3903334,"gate_30",4,FALSE,FALSE
3903399,"gate_40",4,FALSE,FALSE
3903504,"gate_30",46,TRUE,FALSE
3903553,"gate_40",152,TRUE,FALSE
3903706,"gate_40",196,TRUE,TRUE
3903970,"gate_30",4,FALSE,FALSE
3904068,"gate_40",6,FALSE,FALSE
3904083,"gate_30",155,TRUE,FALSE
3904141,"gate_40",10,FALSE,FALSE
3904359,"gate_40",5,FALSE,FALSE
3904457,"gate_40",4,TRUE,FALSE
3904518,"gate_30",114,TRUE,TRUE
3904710,"gate_30",4,FALSE,FALSE
3904765,"gate_40",6,FALSE,FALSE
3904787,"gate_30",7,FALSE,TRUE
3905099,"gate_40",325,TRUE,TRUE
3905139,"gate_30",65,FALSE,FALSE
3905230,"gate_30",58,TRUE,FALSE
3905494,"gate_40",34,TRUE,FALSE
3905699,"gate_40",496,TRUE,TRUE
3905730,"gate_30",12,FALSE,TRUE
3906128,"gate_40",15,TRUE,FALSE
3906428,"gate_30",6,TRUE,FALSE
3906710,"gate_40",7,FALSE,FALSE
3906724,"gate_30",36,FALSE,FALSE
3906787,"gate_40",1,FALSE,FALSE
3906821,"gate_30",15,FALSE,FALSE
3906901,"gate_30",50,TRUE,FALSE
3906921,"gate_40",8,FALSE,FALSE
3906937,"gate_40",31,TRUE,FALSE
3906979,"gate_30",65,FALSE,FALSE
3907491,"gate_30",48,FALSE,TRUE
3907747,"gate_40",0,FALSE,FALSE
3907765,"gate_40",7,FALSE,FALSE
3907767,"gate_40",143,TRUE,FALSE
3907852,"gate_40",49,TRUE,FALSE
3908036,"gate_30",183,TRUE,TRUE
3908221,"gate_40",4,FALSE,FALSE
3908389,"gate_40",42,FALSE,FALSE
3908396,"gate_30",4,FALSE,FALSE
3908854,"gate_40",34,TRUE,FALSE
3908949,"gate_30",12,FALSE,FALSE
3908971,"gate_40",17,TRUE,FALSE
3909054,"gate_30",29,TRUE,FALSE
3909151,"gate_40",4,FALSE,FALSE
3909452,"gate_40",25,TRUE,FALSE
3909508,"gate_40",73,TRUE,TRUE
3909566,"gate_40",425,FALSE,FALSE
3909639,"gate_30",42,TRUE,FALSE
3909706,"gate_30",17,FALSE,FALSE
3909741,"gate_30",8,FALSE,FALSE
3909770,"gate_30",469,TRUE,TRUE
3909886,"gate_40",3,FALSE,FALSE
3909938,"gate_40",30,TRUE,FALSE
3909946,"gate_30",7,FALSE,FALSE
3910088,"gate_40",75,TRUE,FALSE
3910129,"gate_40",11,FALSE,FALSE
3910259,"gate_40",64,TRUE,FALSE
3910263,"gate_30",25,FALSE,FALSE
3910293,"gate_30",75,TRUE,FALSE
3910320,"gate_40",8,TRUE,FALSE
3910393,"gate_30",7,FALSE,FALSE
3910618,"gate_30",5,FALSE,FALSE
3910790,"gate_40",1,FALSE,FALSE
3910823,"gate_40",2,FALSE,FALSE
3910838,"gate_40",1,FALSE,FALSE
3910937,"gate_40",48,TRUE,TRUE
3910990,"gate_30",14,FALSE,FALSE
3911092,"gate_30",3,FALSE,FALSE
3911124,"gate_40",2,FALSE,FALSE
3911156,"gate_40",0,FALSE,FALSE
3911190,"gate_40",6,FALSE,FALSE
3911191,"gate_40",22,FALSE,FALSE
3911212,"gate_30",49,TRUE,TRUE
3911234,"gate_40",24,TRUE,FALSE
3911257,"gate_30",435,TRUE,FALSE
3911517,"gate_30",20,TRUE,FALSE
3911656,"gate_30",43,TRUE,FALSE
3911814,"gate_30",11,FALSE,FALSE
3911985,"gate_40",206,TRUE,TRUE
3912077,"gate_40",7,FALSE,FALSE
3912354,"gate_40",11,TRUE,FALSE
3912642,"gate_30",11,TRUE,FALSE
3912835,"gate_40",6,FALSE,FALSE
3912936,"gate_30",0,FALSE,FALSE
3913129,"gate_40",176,TRUE,TRUE
3913174,"gate_30",7,TRUE,FALSE
3913206,"gate_30",182,TRUE,FALSE
3913509,"gate_30",43,TRUE,FALSE
3913597,"gate_40",8,FALSE,TRUE
3913827,"gate_30",53,FALSE,TRUE
3913899,"gate_40",24,FALSE,FALSE
3913902,"gate_40",2,FALSE,FALSE
3914121,"gate_40",7,FALSE,FALSE
3914183,"gate_30",51,TRUE,TRUE
3915061,"gate_40",11,FALSE,TRUE
3915220,"gate_30",62,TRUE,FALSE
3915267,"gate_40",6,FALSE,FALSE
3915268,"gate_30",53,TRUE,FALSE
3915426,"gate_40",27,FALSE,FALSE
3915443,"gate_30",8,TRUE,FALSE
3915613,"gate_30",628,TRUE,TRUE
3915757,"gate_40",1,FALSE,FALSE
3915833,"gate_30",4,FALSE,FALSE
3915984,"gate_30",191,TRUE,TRUE
3916317,"gate_40",5,FALSE,FALSE
3916383,"gate_40",4,FALSE,FALSE
3916754,"gate_30",43,TRUE,FALSE
3916827,"gate_30",34,TRUE,FALSE
3916970,"gate_30",2,FALSE,FALSE
3916995,"gate_40",11,TRUE,FALSE
3917327,"gate_30",10,FALSE,FALSE
3917423,"gate_40",7,FALSE,FALSE
3917528,"gate_40",134,TRUE,TRUE
3917554,"gate_40",947,TRUE,TRUE
3917562,"gate_30",9,FALSE,FALSE
3917619,"gate_40",10,TRUE,FALSE
3917686,"gate_40",4,FALSE,FALSE
3917699,"gate_30",1,FALSE,FALSE
3917753,"gate_40",2,FALSE,FALSE
3917953,"gate_30",16,FALSE,FALSE
3918091,"gate_40",16,FALSE,FALSE
3918116,"gate_30",13,TRUE,FALSE
3918194,"gate_40",14,FALSE,FALSE
3918557,"gate_40",10,FALSE,FALSE
3918640,"gate_30",23,FALSE,FALSE
3918918,"gate_40",2,FALSE,FALSE
3918946,"gate_30",0,FALSE,FALSE
3919071,"gate_40",85,TRUE,TRUE
3919125,"gate_30",22,TRUE,FALSE
3919148,"gate_30",4,FALSE,FALSE
3919294,"gate_40",8,FALSE,FALSE
3919299,"gate_40",24,TRUE,TRUE
3919343,"gate_30",1,FALSE,FALSE
3919377,"gate_40",74,TRUE,FALSE
3919426,"gate_40",90,TRUE,TRUE
3919729,"gate_40",2,FALSE,FALSE
3919830,"gate_30",0,FALSE,FALSE
3919912,"gate_30",117,TRUE,FALSE
3920245,"gate_40",11,FALSE,FALSE
3920407,"gate_30",21,TRUE,TRUE
3920409,"gate_30",7,FALSE,FALSE
3920615,"gate_40",0,TRUE,FALSE
3920626,"gate_30",9,TRUE,FALSE
3920658,"gate_30",0,FALSE,FALSE
3920687,"gate_40",7,FALSE,FALSE
3920749,"gate_30",14,TRUE,FALSE
3920852,"gate_40",177,TRUE,FALSE
3920913,"gate_40",8,FALSE,FALSE
3921068,"gate_40",0,FALSE,FALSE
3921097,"gate_30",663,TRUE,TRUE
3921188,"gate_40",82,TRUE,TRUE
3921268,"gate_30",9,FALSE,FALSE
3921359,"gate_40",48,TRUE,TRUE
3921457,"gate_40",253,TRUE,TRUE
3921532,"gate_40",72,FALSE,FALSE
3921730,"gate_40",107,FALSE,FALSE
3921828,"gate_40",31,TRUE,FALSE
3921961,"gate_30",8,FALSE,FALSE
3921971,"gate_30",18,TRUE,FALSE
3922088,"gate_30",19,FALSE,FALSE
3922257,"gate_40",11,FALSE,FALSE
3922286,"gate_30",0,FALSE,FALSE
3922339,"gate_40",1,FALSE,FALSE
3922354,"gate_30",14,TRUE,FALSE
3922381,"gate_40",15,FALSE,FALSE
3922623,"gate_40",4,FALSE,FALSE
3922799,"gate_30",3,FALSE,TRUE
3923343,"gate_30",6,TRUE,FALSE
3923398,"gate_40",8,TRUE,FALSE
3923448,"gate_30",9,FALSE,FALSE
3923563,"gate_40",20,TRUE,FALSE
3923682,"gate_30",43,TRUE,FALSE
3923765,"gate_30",1,FALSE,FALSE
3923831,"gate_30",2,TRUE,FALSE
3923893,"gate_40",2,FALSE,FALSE
3924086,"gate_30",341,FALSE,TRUE
3924200,"gate_30",6,FALSE,FALSE
3924226,"gate_30",32,FALSE,FALSE
3924243,"gate_40",34,FALSE,FALSE
3924275,"gate_40",9,FALSE,FALSE
3924373,"gate_30",18,TRUE,FALSE
3924430,"gate_40",53,TRUE,FALSE
3924529,"gate_30",24,TRUE,FALSE
3924638,"gate_40",20,TRUE,FALSE
3924647,"gate_40",1,FALSE,FALSE
3924941,"gate_30",6,TRUE,FALSE
3924997,"gate_30",5,FALSE,FALSE
3925008,"gate_40",5,TRUE,FALSE
3925012,"gate_30",173,TRUE,FALSE
3925060,"gate_30",46,FALSE,TRUE
3925096,"gate_30",34,TRUE,FALSE
3925138,"gate_30",63,TRUE,TRUE
3925270,"gate_40",267,TRUE,TRUE
3925401,"gate_30",23,TRUE,FALSE
3925504,"gate_40",57,TRUE,FALSE
3925653,"gate_30",0,FALSE,FALSE
3925949,"gate_30",9,FALSE,FALSE
3926001,"gate_30",148,TRUE,TRUE
3926351,"gate_30",1,FALSE,FALSE
3926382,"gate_30",40,TRUE,FALSE
3926415,"gate_40",51,FALSE,TRUE
3926457,"gate_40",0,FALSE,FALSE
3926625,"gate_30",9,FALSE,FALSE
3926641,"gate_40",13,FALSE,FALSE
3926687,"gate_30",66,TRUE,TRUE
3926746,"gate_30",3,FALSE,FALSE
3926850,"gate_30",34,FALSE,FALSE
3926925,"gate_40",307,TRUE,FALSE
3927136,"gate_30",147,TRUE,TRUE
3927144,"gate_30",233,FALSE,TRUE
3927183,"gate_30",7,FALSE,FALSE
3927521,"gate_40",7,FALSE,FALSE
3927737,"gate_30",0,FALSE,FALSE
3927831,"gate_40",56,TRUE,FALSE
3927970,"gate_30",10,FALSE,FALSE
3928003,"gate_40",137,TRUE,FALSE
3928121,"gate_30",3,FALSE,FALSE
3928293,"gate_30",11,TRUE,FALSE
3928410,"gate_30",3,FALSE,FALSE
3928819,"gate_40",5,FALSE,FALSE
3928883,"gate_30",22,FALSE,FALSE
3928936,"gate_40",208,TRUE,TRUE
3928987,"gate_30",73,TRUE,FALSE
3929127,"gate_40",46,TRUE,TRUE
3929162,"gate_40",112,TRUE,FALSE
3929253,"gate_40",3,FALSE,FALSE
3929799,"gate_30",14,TRUE,FALSE
3929921,"gate_30",42,TRUE,FALSE
3929922,"gate_30",41,TRUE,FALSE
3930019,"gate_40",1,FALSE,FALSE
3930021,"gate_30",7,FALSE,FALSE
3930329,"gate_40",0,FALSE,FALSE
3930391,"gate_30",0,FALSE,FALSE
3930462,"gate_40",71,TRUE,FALSE
3930569,"gate_30",72,FALSE,TRUE
3930709,"gate_40",1,FALSE,FALSE
3930723,"gate_30",3,FALSE,FALSE
3930767,"gate_40",100,TRUE,FALSE
3930959,"gate_30",3,FALSE,FALSE
3931046,"gate_40",8,FALSE,FALSE
3931502,"gate_40",2,TRUE,FALSE
3931721,"gate_40",8,FALSE,FALSE
3932322,"gate_40",19,FALSE,FALSE
3932401,"gate_40",45,TRUE,FALSE
3932416,"gate_30",8,FALSE,FALSE
3932702,"gate_40",47,TRUE,FALSE
3932703,"gate_30",3,FALSE,FALSE
3932729,"gate_30",2,FALSE,FALSE
3932867,"gate_40",81,FALSE,TRUE
3932878,"gate_40",35,TRUE,FALSE
3932943,"gate_30",0,FALSE,FALSE
3932995,"gate_30",8,FALSE,FALSE
3933102,"gate_40",16,FALSE,TRUE
3933186,"gate_40",254,TRUE,TRUE
3933222,"gate_40",51,FALSE,FALSE
3933290,"gate_30",1,FALSE,FALSE
3933294,"gate_40",24,FALSE,FALSE
3933503,"gate_30",7,FALSE,FALSE
3933524,"gate_40",4,FALSE,FALSE
3933626,"gate_40",4,FALSE,FALSE
3933759,"gate_40",145,TRUE,FALSE
3933965,"gate_30",317,TRUE,FALSE
3933990,"gate_30",1,FALSE,FALSE
3934024,"gate_40",94,FALSE,FALSE
3934039,"gate_30",87,TRUE,FALSE
3934351,"gate_30",13,FALSE,FALSE
3934447,"gate_30",3,FALSE,FALSE
3934522,"gate_40",2,FALSE,FALSE
3934545,"gate_40",1,FALSE,FALSE
3934697,"gate_40",119,TRUE,FALSE
3934717,"gate_30",4,TRUE,FALSE
3934749,"gate_40",26,TRUE,FALSE
3934984,"gate_40",165,TRUE,TRUE
3935030,"gate_30",8,FALSE,FALSE
3935100,"gate_40",41,TRUE,FALSE
3935133,"gate_30",12,FALSE,FALSE
3935228,"gate_40",40,FALSE,FALSE
3935284,"gate_40",6,FALSE,FALSE
3935290,"gate_40",12,FALSE,FALSE
3935295,"gate_40",504,TRUE,FALSE
3935299,"gate_30",17,FALSE,FALSE
3935374,"gate_40",8,FALSE,FALSE
3935462,"gate_30",2,FALSE,TRUE
3935637,"gate_30",79,TRUE,TRUE
3935925,"gate_30",8,FALSE,FALSE
3936020,"gate_30",5,FALSE,FALSE
3936059,"gate_30",89,TRUE,TRUE
3936071,"gate_40",46,TRUE,FALSE
3936132,"gate_30",132,TRUE,FALSE
3936168,"gate_30",3,FALSE,FALSE
3936249,"gate_40",36,TRUE,TRUE
3936400,"gate_30",361,TRUE,TRUE
3936413,"gate_30",248,TRUE,TRUE
3936487,"gate_30",0,FALSE,FALSE
3936493,"gate_30",73,TRUE,FALSE
3936589,"gate_40",2,FALSE,FALSE
3936645,"gate_40",3,FALSE,FALSE
3936750,"gate_40",7,FALSE,FALSE
3937273,"gate_40",2,FALSE,FALSE
3937380,"gate_40",32,FALSE,FALSE
3937424,"gate_30",107,FALSE,TRUE
3937498,"gate_30",1,FALSE,FALSE
3937597,"gate_40",1,FALSE,FALSE
3937667,"gate_30",185,TRUE,TRUE
3937719,"gate_30",47,TRUE,FALSE
3938051,"gate_30",157,FALSE,FALSE
3938241,"gate_40",7,FALSE,FALSE
3938810,"gate_30",139,TRUE,TRUE
3938812,"gate_30",674,TRUE,TRUE
3938839,"gate_30",8,FALSE,FALSE
3938870,"gate_30",14,TRUE,FALSE
3939131,"gate_40",8,FALSE,FALSE
3939215,"gate_40",6,FALSE,FALSE
3939230,"gate_40",13,TRUE,FALSE
3939322,"gate_40",10,TRUE,FALSE
3939351,"gate_30",61,TRUE,TRUE
3939622,"gate_40",42,TRUE,FALSE
3939747,"gate_30",593,TRUE,TRUE
3939806,"gate_40",13,FALSE,FALSE
3939879,"gate_30",1,FALSE,FALSE
3940099,"gate_30",5,FALSE,FALSE
3940159,"gate_30",2,FALSE,FALSE
3940186,"gate_40",29,TRUE,FALSE
3940217,"gate_40",8,FALSE,FALSE
3940238,"gate_40",9,TRUE,TRUE
3940257,"gate_40",5,TRUE,FALSE
3940519,"gate_30",6,FALSE,FALSE
3940600,"gate_40",9,FALSE,FALSE
3940751,"gate_40",4,FALSE,FALSE
3940770,"gate_30",29,TRUE,FALSE
3940949,"gate_40",470,FALSE,TRUE
3941109,"gate_40",4,TRUE,FALSE
3941200,"gate_40",1,FALSE,FALSE
3941204,"gate_40",130,FALSE,FALSE
3941331,"gate_30",5,FALSE,TRUE
3941527,"gate_40",0,FALSE,FALSE
3941591,"gate_30",0,FALSE,FALSE
3941823,"gate_40",36,TRUE,FALSE
3941938,"gate_40",96,TRUE,FALSE
3941970,"gate_30",28,FALSE,FALSE
3942059,"gate_30",88,TRUE,TRUE
3942066,"gate_30",10,FALSE,FALSE
3942526,"gate_40",168,FALSE,TRUE
3942738,"gate_30",0,FALSE,FALSE
3942826,"gate_40",10,TRUE,FALSE
3942916,"gate_30",141,TRUE,FALSE
3942936,"gate_40",4,FALSE,TRUE
3942938,"gate_30",33,TRUE,TRUE
3942960,"gate_40",10,FALSE,FALSE
3943077,"gate_40",47,TRUE,FALSE
3943107,"gate_30",72,TRUE,FALSE
3943122,"gate_30",14,FALSE,FALSE
3943173,"gate_40",0,FALSE,FALSE
3943357,"gate_40",217,TRUE,FALSE
3943485,"gate_40",18,TRUE,TRUE
3943577,"gate_40",18,TRUE,FALSE
3943706,"gate_40",33,FALSE,FALSE
3943849,"gate_40",30,TRUE,FALSE
3943924,"gate_40",1,FALSE,FALSE
3943934,"gate_30",20,FALSE,FALSE
3944029,"gate_30",381,FALSE,TRUE
3944096,"gate_40",1,FALSE,FALSE
3944502,"gate_30",5,FALSE,FALSE
3944638,"gate_40",27,TRUE,FALSE
3944698,"gate_30",32,TRUE,FALSE
3944734,"gate_40",1,FALSE,FALSE
3944926,"gate_30",160,TRUE,TRUE
3945174,"gate_40",6,FALSE,FALSE
3945190,"gate_40",1,FALSE,FALSE
3945227,"gate_40",134,TRUE,FALSE
3945373,"gate_30",137,TRUE,TRUE
3945468,"gate_30",7,TRUE,FALSE
3945487,"gate_40",2,FALSE,TRUE
3945562,"gate_40",14,TRUE,FALSE
3945919,"gate_30",2,FALSE,FALSE
3945972,"gate_30",11,FALSE,FALSE
3946066,"gate_40",5,FALSE,FALSE
3946219,"gate_40",7,FALSE,FALSE
3946256,"gate_30",0,FALSE,FALSE
3946356,"gate_40",3,FALSE,FALSE
3946374,"gate_40",5,FALSE,FALSE
3946444,"gate_30",0,FALSE,FALSE
3946503,"gate_40",127,TRUE,FALSE
3946511,"gate_30",15,FALSE,FALSE
3946705,"gate_30",4,FALSE,FALSE
3946729,"gate_30",28,TRUE,FALSE
3946760,"gate_40",2,TRUE,FALSE
3946890,"gate_30",338,TRUE,TRUE
3947122,"gate_40",24,TRUE,FALSE
3947123,"gate_30",2,FALSE,FALSE
3947274,"gate_40",5,TRUE,FALSE
3947308,"gate_40",24,TRUE,TRUE
3947569,"gate_40",24,TRUE,FALSE
3947777,"gate_30",160,FALSE,FALSE
3947856,"gate_30",4,FALSE,FALSE
3947902,"gate_30",150,TRUE,TRUE
3947933,"gate_30",60,TRUE,FALSE
3948185,"gate_30",6,FALSE,FALSE
3948428,"gate_40",1,FALSE,FALSE
3948472,"gate_40",9,FALSE,FALSE
3948509,"gate_30",55,TRUE,FALSE
3948612,"gate_30",228,FALSE,TRUE
3948782,"gate_40",224,TRUE,TRUE
3948842,"gate_30",34,TRUE,FALSE
3948921,"gate_30",5,FALSE,FALSE
3949013,"gate_30",8,FALSE,FALSE
3949081,"gate_40",79,FALSE,FALSE
3949297,"gate_40",56,TRUE,TRUE
3949312,"gate_30",25,TRUE,TRUE
3949594,"gate_40",15,TRUE,FALSE
3949649,"gate_30",36,FALSE,FALSE
3949677,"gate_40",45,TRUE,FALSE
3949723,"gate_40",4,FALSE,FALSE
3949736,"gate_30",52,TRUE,TRUE
3949825,"gate_40",57,TRUE,FALSE
3950097,"gate_40",3,FALSE,FALSE
3950142,"gate_40",111,FALSE,FALSE
3950247,"gate_40",59,TRUE,FALSE
3950263,"gate_40",216,TRUE,TRUE
3950658,"gate_30",121,TRUE,TRUE
3950690,"gate_30",4,FALSE,FALSE
3950904,"gate_40",24,TRUE,FALSE
3950959,"gate_30",9,FALSE,FALSE
3950967,"gate_30",15,FALSE,FALSE
3950973,"gate_30",76,TRUE,FALSE
3951172,"gate_40",65,TRUE,FALSE
3951284,"gate_30",42,TRUE,FALSE
3951308,"gate_30",81,TRUE,FALSE
3951309,"gate_40",16,TRUE,FALSE
3951480,"gate_40",63,FALSE,FALSE
3951649,"gate_30",9,FALSE,FALSE
3951823,"gate_30",66,TRUE,TRUE
3951894,"gate_40",16,TRUE,FALSE
3952017,"gate_40",37,TRUE,FALSE
3952020,"gate_30",26,FALSE,TRUE
3952022,"gate_30",3,FALSE,FALSE
3952062,"gate_30",46,FALSE,FALSE
3952102,"gate_40",136,TRUE,TRUE
3952257,"gate_30",1,FALSE,FALSE
3952295,"gate_40",175,TRUE,TRUE
3952387,"gate_40",18,TRUE,FALSE
3952393,"gate_40",1,FALSE,FALSE
3952417,"gate_30",302,TRUE,TRUE
3952803,"gate_40",7,FALSE,FALSE
3952886,"gate_30",2,FALSE,FALSE
3953119,"gate_40",2,FALSE,FALSE
3953254,"gate_30",8,TRUE,FALSE
3953628,"gate_40",2,FALSE,FALSE
3953768,"gate_30",53,TRUE,FALSE
3953783,"gate_40",899,TRUE,TRUE
3953958,"gate_30",46,TRUE,FALSE
3953961,"gate_30",3,FALSE,FALSE
3953998,"gate_30",17,FALSE,FALSE
3954067,"gate_40",6,FALSE,FALSE
3954206,"gate_40",2,FALSE,FALSE
3954314,"gate_30",64,TRUE,FALSE
3954379,"gate_30",12,TRUE,FALSE
3954391,"gate_30",18,FALSE,FALSE
3954554,"gate_30",300,TRUE,TRUE
3954556,"gate_40",89,TRUE,TRUE
3954606,"gate_40",100,TRUE,FALSE
3954750,"gate_30",31,TRUE,FALSE
3954889,"gate_40",95,FALSE,FALSE
3954945,"gate_40",7,FALSE,FALSE
3955113,"gate_30",15,FALSE,FALSE
3955162,"gate_40",1303,TRUE,TRUE
3955174,"gate_40",6,FALSE,FALSE
3955216,"gate_30",53,TRUE,TRUE
3955368,"gate_30",1,FALSE,FALSE
3955397,"gate_30",6,TRUE,FALSE
3955590,"gate_40",8,TRUE,FALSE
3955628,"gate_40",72,TRUE,FALSE
3955630,"gate_40",4,FALSE,FALSE
3955887,"gate_30",336,TRUE,TRUE
3956139,"gate_40",3,FALSE,FALSE
3956146,"gate_40",5,FALSE,FALSE
3956262,"gate_40",22,FALSE,FALSE
3956483,"gate_40",3,FALSE,FALSE
3956505,"gate_40",86,TRUE,TRUE
3956556,"gate_40",104,TRUE,TRUE
3956649,"gate_40",9,FALSE,FALSE
3956695,"gate_30",4,FALSE,FALSE
3956742,"gate_30",5,FALSE,FALSE
3956930,"gate_40",29,TRUE,TRUE
3956949,"gate_30",210,TRUE,TRUE
3956957,"gate_30",30,TRUE,FALSE
3956975,"gate_40",2,FALSE,FALSE
3957017,"gate_40",27,FALSE,FALSE
3957029,"gate_40",1,FALSE,FALSE
3957127,"gate_30",56,FALSE,TRUE
3957152,"gate_40",32,TRUE,FALSE
3957255,"gate_30",4,TRUE,FALSE
3957257,"gate_30",10,TRUE,FALSE
3957266,"gate_30",24,TRUE,TRUE
3957314,"gate_30",32,TRUE,FALSE
3957481,"gate_40",14,TRUE,FALSE
3957554,"gate_40",2,FALSE,FALSE
3957681,"gate_40",3,FALSE,FALSE
3957772,"gate_30",53,TRUE,FALSE
3958020,"gate_30",3,FALSE,FALSE
3958037,"gate_40",3,FALSE,FALSE
3958351,"gate_30",5,TRUE,FALSE
3958372,"gate_30",69,TRUE,TRUE
3958520,"gate_30",0,FALSE,FALSE
3958595,"gate_40",3,FALSE,FALSE
3958686,"gate_40",1,FALSE,FALSE
3959079,"gate_30",10,TRUE,FALSE
3959108,"gate_30",329,TRUE,TRUE
3959249,"gate_40",7,FALSE,FALSE
3959513,"gate_30",279,TRUE,TRUE
3959595,"gate_30",111,TRUE,FALSE
3959600,"gate_40",22,FALSE,FALSE
3959645,"gate_40",28,FALSE,FALSE
3959684,"gate_40",41,TRUE,FALSE
3959732,"gate_40",5,TRUE,FALSE
3959813,"gate_30",203,TRUE,TRUE
3959972,"gate_30",31,TRUE,FALSE
3960199,"gate_40",150,TRUE,FALSE
3960239,"gate_40",4,FALSE,FALSE
3960754,"gate_30",74,TRUE,FALSE
3960924,"gate_30",66,TRUE,TRUE
3960937,"gate_40",18,FALSE,FALSE
3961315,"gate_30",86,TRUE,FALSE
3961331,"gate_30",269,TRUE,TRUE
3961442,"gate_30",46,TRUE,FALSE
3961473,"gate_30",15,TRUE,FALSE
3961531,"gate_30",0,FALSE,FALSE
3961653,"gate_30",68,TRUE,FALSE
3961663,"gate_40",3,FALSE,FALSE
3961913,"gate_30",190,TRUE,TRUE
3962078,"gate_30",8,FALSE,FALSE
3962380,"gate_30",46,TRUE,FALSE
3962384,"gate_40",28,FALSE,FALSE
3962400,"gate_30",1,FALSE,FALSE
3962706,"gate_40",18,TRUE,FALSE
3962846,"gate_40",4,FALSE,FALSE
3962940,"gate_40",7,FALSE,FALSE
3963276,"gate_30",219,TRUE,TRUE
3963764,"gate_40",1,FALSE,FALSE
3963836,"gate_40",648,TRUE,TRUE
3963862,"gate_40",28,FALSE,FALSE
3964129,"gate_30",6,FALSE,FALSE
3964164,"gate_40",78,TRUE,FALSE
3964530,"gate_30",4,TRUE,FALSE
3964538,"gate_30",18,TRUE,FALSE
3964561,"gate_30",3,FALSE,FALSE
3964718,"gate_30",24,TRUE,FALSE
3964758,"gate_30",113,TRUE,TRUE
3964817,"gate_40",6,FALSE,FALSE
3964900,"gate_40",1,TRUE,FALSE
3964921,"gate_40",57,TRUE,FALSE
3965028,"gate_30",25,TRUE,FALSE
3965181,"gate_30",4,TRUE,FALSE
3965370,"gate_30",72,TRUE,TRUE
3965451,"gate_40",16,FALSE,FALSE
3965477,"gate_30",39,FALSE,FALSE
3965538,"gate_30",400,TRUE,TRUE
3965545,"gate_30",37,FALSE,FALSE
3965562,"gate_30",12,FALSE,FALSE
3965593,"gate_30",57,TRUE,FALSE
3965699,"gate_40",0,FALSE,FALSE
3965820,"gate_40",36,TRUE,FALSE
3965828,"gate_40",4,FALSE,FALSE
3965895,"gate_40",3,FALSE,FALSE
3965991,"gate_30",3,FALSE,FALSE
3966019,"gate_40",7,FALSE,FALSE
3966155,"gate_30",66,TRUE,TRUE
3966275,"gate_30",4,FALSE,FALSE
3966316,"gate_40",9,FALSE,FALSE
3966409,"gate_40",3,FALSE,FALSE
3966444,"gate_40",197,TRUE,TRUE
3966534,"gate_40",2,FALSE,FALSE
3966537,"gate_30",33,FALSE,FALSE
3966780,"gate_30",29,TRUE,FALSE
3966856,"gate_30",13,TRUE,FALSE
3967039,"gate_40",14,TRUE,FALSE
3967193,"gate_40",196,TRUE,FALSE
3967203,"gate_30",4,FALSE,FALSE
3967232,"gate_30",3,TRUE,FALSE
3967396,"gate_30",3,FALSE,FALSE
3968000,"gate_40",148,TRUE,TRUE
3968059,"gate_30",15,FALSE,FALSE
3968074,"gate_40",40,TRUE,FALSE
3968117,"gate_40",18,FALSE,FALSE
3968469,"gate_30",44,TRUE,TRUE
3968535,"gate_30",120,TRUE,TRUE
3968627,"gate_30",47,TRUE,FALSE
3968865,"gate_30",8,FALSE,FALSE
3968988,"gate_40",54,TRUE,FALSE
3969261,"gate_30",6,FALSE,FALSE
3969400,"gate_30",58,TRUE,FALSE
3969512,"gate_40",8,FALSE,FALSE
3969655,"gate_40",21,TRUE,FALSE
3969697,"gate_40",146,FALSE,FALSE
3969784,"gate_40",10,FALSE,FALSE
3969874,"gate_40",2,FALSE,FALSE
3969950,"gate_30",14,FALSE,TRUE
3970198,"gate_30",6,TRUE,FALSE
3970221,"gate_40",30,FALSE,FALSE
3970273,"gate_30",18,TRUE,FALSE
3970300,"gate_30",8,FALSE,FALSE
3970515,"gate_30",3,FALSE,FALSE
3970854,"gate_40",9,FALSE,FALSE
3971142,"gate_30",7,FALSE,FALSE
3971253,"gate_40",21,FALSE,TRUE
3971334,"gate_30",114,TRUE,FALSE
3971382,"gate_40",38,TRUE,FALSE
3971508,"gate_30",55,TRUE,TRUE
3971766,"gate_30",54,TRUE,TRUE
3971815,"gate_40",12,FALSE,FALSE
3971967,"gate_40",19,FALSE,TRUE
3971980,"gate_40",0,FALSE,FALSE
3971982,"gate_30",85,TRUE,FALSE
3972026,"gate_30",25,TRUE,FALSE
3972121,"gate_30",73,TRUE,FALSE
3972338,"gate_40",68,TRUE,FALSE
3972434,"gate_30",84,TRUE,TRUE
3972641,"gate_30",90,TRUE,TRUE
3972840,"gate_30",228,FALSE,TRUE
3973040,"gate_40",9,FALSE,FALSE
3973157,"gate_30",18,TRUE,FALSE
3973364,"gate_30",1,FALSE,FALSE
3973475,"gate_40",12,FALSE,FALSE
3973601,"gate_30",24,FALSE,FALSE
3973715,"gate_30",35,TRUE,FALSE
3973814,"gate_30",3,FALSE,FALSE
3973919,"gate_40",7,FALSE,FALSE
3973975,"gate_40",0,FALSE,FALSE
3974178,"gate_40",34,FALSE,FALSE
3974192,"gate_30",9,FALSE,FALSE
3974283,"gate_30",4,FALSE,FALSE
3974298,"gate_40",4,FALSE,FALSE
3974361,"gate_40",25,FALSE,FALSE
3974393,"gate_40",19,TRUE,FALSE
3974397,"gate_30",11,FALSE,FALSE
3974606,"gate_30",1,FALSE,FALSE
3974736,"gate_40",408,TRUE,TRUE
3974863,"gate_30",36,FALSE,FALSE
3974924,"gate_30",1,FALSE,FALSE
3974969,"gate_40",416,TRUE,TRUE
3975280,"gate_30",5,FALSE,FALSE
3975342,"gate_30",35,FALSE,FALSE
3975387,"gate_30",30,TRUE,FALSE
3975585,"gate_40",77,TRUE,TRUE
3975634,"gate_40",9,FALSE,FALSE
3975844,"gate_40",1,FALSE,FALSE
3975868,"gate_40",29,FALSE,FALSE
3975879,"gate_30",123,TRUE,TRUE
3976138,"gate_40",254,TRUE,TRUE
3976201,"gate_30",151,TRUE,FALSE
3976215,"gate_30",3,FALSE,FALSE
3976330,"gate_30",106,FALSE,TRUE
3976693,"gate_40",8,FALSE,FALSE
3976700,"gate_40",46,TRUE,FALSE
3976721,"gate_30",2,FALSE,TRUE
3976723,"gate_30",3,FALSE,FALSE
3976949,"gate_40",10,TRUE,FALSE
3976958,"gate_30",69,TRUE,TRUE
3977030,"gate_40",4,FALSE,FALSE
3977187,"gate_30",113,TRUE,FALSE
3977216,"gate_40",150,TRUE,TRUE
3977248,"gate_40",15,FALSE,FALSE
3977452,"gate_30",2,FALSE,TRUE
3977472,"gate_40",3,FALSE,FALSE
3977557,"gate_40",9,TRUE,FALSE
3977560,"gate_40",34,FALSE,FALSE
3977666,"gate_40",10,TRUE,FALSE
3977943,"gate_40",124,FALSE,FALSE
3978016,"gate_30",40,TRUE,FALSE
3978061,"gate_30",15,FALSE,FALSE
3978178,"gate_30",0,FALSE,FALSE
3978246,"gate_40",67,TRUE,FALSE
3978272,"gate_30",272,TRUE,FALSE
3978290,"gate_30",4,TRUE,FALSE
3978521,"gate_40",12,FALSE,FALSE
3978598,"gate_40",33,FALSE,FALSE
3978681,"gate_30",5,FALSE,FALSE
3978736,"gate_40",4,TRUE,FALSE
3978831,"gate_30",3,FALSE,FALSE
3978953,"gate_40",2,FALSE,FALSE
3979016,"gate_40",18,FALSE,FALSE
3979077,"gate_40",6,FALSE,FALSE
3979308,"gate_40",30,TRUE,FALSE
3979399,"gate_30",2,FALSE,FALSE
3979505,"gate_30",5,FALSE,FALSE
3979677,"gate_40",15,TRUE,FALSE
3979802,"gate_30",3,FALSE,FALSE
3979841,"gate_30",110,TRUE,TRUE
3979917,"gate_40",0,FALSE,FALSE
3979938,"gate_40",21,FALSE,TRUE
3980056,"gate_40",108,TRUE,FALSE
3980396,"gate_40",15,FALSE,FALSE
3980746,"gate_30",6,TRUE,FALSE
3980797,"gate_30",42,TRUE,FALSE
3980920,"gate_40",21,TRUE,FALSE
3981024,"gate_30",3,FALSE,FALSE
3981162,"gate_40",45,TRUE,TRUE
3981323,"gate_40",2,FALSE,FALSE
3981413,"gate_30",2,FALSE,FALSE
3981592,"gate_40",3,FALSE,FALSE
3981765,"gate_40",77,TRUE,TRUE
3981975,"gate_30",293,FALSE,TRUE
3982098,"gate_30",166,TRUE,TRUE
3982246,"gate_30",7,FALSE,FALSE
3982321,"gate_30",25,TRUE,FALSE
3982623,"gate_40",33,TRUE,FALSE
3982884,"gate_30",4,FALSE,FALSE
3982990,"gate_30",10,FALSE,FALSE
3983050,"gate_30",7,FALSE,FALSE
3983084,"gate_40",30,FALSE,FALSE
3983121,"gate_30",12,FALSE,FALSE
3983302,"gate_30",38,FALSE,FALSE
3983463,"gate_30",0,FALSE,FALSE
3983776,"gate_40",17,FALSE,FALSE
3983816,"gate_30",23,TRUE,TRUE
3983996,"gate_40",53,TRUE,FALSE
3984086,"gate_30",15,FALSE,FALSE
3984383,"gate_40",33,TRUE,FALSE
3984553,"gate_40",56,TRUE,TRUE
3984599,"gate_40",11,FALSE,FALSE
3984624,"gate_30",73,TRUE,FALSE
3984647,"gate_40",39,FALSE,FALSE
3984811,"gate_30",0,FALSE,FALSE
3984932,"gate_40",1,FALSE,FALSE
3985051,"gate_30",354,TRUE,TRUE
3985132,"gate_40",16,FALSE,FALSE
3985175,"gate_40",0,FALSE,FALSE
3985328,"gate_30",19,FALSE,FALSE
3985387,"gate_30",130,TRUE,FALSE
3985448,"gate_30",72,TRUE,FALSE
3985465,"gate_30",16,FALSE,FALSE
3985586,"gate_30",0,FALSE,FALSE
3985711,"gate_30",78,FALSE,FALSE
3985760,"gate_30",0,FALSE,FALSE
3985872,"gate_30",54,TRUE,TRUE
3986214,"gate_30",7,FALSE,FALSE
3986358,"gate_30",43,FALSE,TRUE
3986429,"gate_30",16,FALSE,FALSE
3986685,"gate_30",318,TRUE,TRUE
3986753,"gate_30",3,FALSE,FALSE
3986809,"gate_30",11,FALSE,FALSE
3986867,"gate_40",77,TRUE,FALSE
3987013,"gate_40",8,FALSE,FALSE
3987088,"gate_40",21,FALSE,FALSE
3987237,"gate_30",98,TRUE,FALSE
3987288,"gate_30",0,FALSE,FALSE
3987931,"gate_30",9,FALSE,FALSE
3987942,"gate_30",176,TRUE,TRUE
3988020,"gate_30",257,TRUE,FALSE
3988132,"gate_40",3,FALSE,FALSE
3988292,"gate_30",13,TRUE,FALSE
3988384,"gate_30",33,FALSE,FALSE
3988413,"gate_40",46,TRUE,FALSE
3988418,"gate_30",2,FALSE,FALSE
3988475,"gate_30",5,FALSE,FALSE
3988502,"gate_40",0,FALSE,FALSE
3988857,"gate_30",102,TRUE,FALSE
3989159,"gate_40",6,FALSE,FALSE
3989346,"gate_40",325,TRUE,TRUE
3989385,"gate_40",3,FALSE,FALSE
3989401,"gate_30",28,FALSE,FALSE
3989429,"gate_40",42,TRUE,FALSE
3989732,"gate_30",107,TRUE,TRUE
3989856,"gate_40",100,FALSE,FALSE
3989972,"gate_30",110,TRUE,TRUE
3990199,"gate_40",9,FALSE,FALSE
3990222,"gate_40",4,FALSE,FALSE
3990290,"gate_40",52,TRUE,FALSE
3990423,"gate_40",25,TRUE,FALSE
3990449,"gate_40",1,FALSE,FALSE
3990652,"gate_30",11,FALSE,FALSE
3990680,"gate_40",7,FALSE,FALSE
3990856,"gate_40",15,FALSE,FALSE
3991014,"gate_40",19,FALSE,FALSE
3991015,"gate_30",42,TRUE,FALSE
3991070,"gate_40",168,TRUE,TRUE
3991271,"gate_40",1,FALSE,FALSE
3991306,"gate_30",34,TRUE,TRUE
3991512,"gate_30",25,TRUE,TRUE
3991657,"gate_40",11,FALSE,FALSE
3991739,"gate_30",6,FALSE,FALSE
3991874,"gate_40",57,TRUE,FALSE
3992188,"gate_30",23,FALSE,FALSE
3992237,"gate_40",20,TRUE,FALSE
3992321,"gate_30",14,TRUE,FALSE
3992335,"gate_40",21,TRUE,FALSE
3992355,"gate_30",1,FALSE,FALSE
3992371,"gate_40",2,FALSE,FALSE
3992490,"gate_30",4,FALSE,FALSE
3992531,"gate_40",49,TRUE,FALSE
3992744,"gate_30",45,TRUE,FALSE
3992751,"gate_40",20,FALSE,FALSE
3992807,"gate_40",4,FALSE,FALSE
3992816,"gate_30",20,FALSE,FALSE
3992857,"gate_40",12,TRUE,FALSE
3992915,"gate_30",3,TRUE,FALSE
3992945,"gate_40",46,TRUE,TRUE
3993013,"gate_30",1,FALSE,FALSE
3993607,"gate_40",28,TRUE,TRUE
3993768,"gate_30",21,TRUE,FALSE
3993775,"gate_40",51,FALSE,FALSE
3993828,"gate_30",11,TRUE,FALSE
3994335,"gate_40",74,FALSE,FALSE
3994337,"gate_40",22,FALSE,TRUE
3994359,"gate_30",4,FALSE,FALSE
3994535,"gate_30",6,FALSE,FALSE
3994764,"gate_40",76,FALSE,FALSE
3994803,"gate_40",3,FALSE,FALSE
3994834,"gate_40",14,TRUE,FALSE
3994919,"gate_40",6,FALSE,FALSE
3994931,"gate_30",11,TRUE,FALSE
3994952,"gate_30",210,TRUE,FALSE
3994988,"gate_40",26,FALSE,FALSE
3995029,"gate_40",216,FALSE,TRUE
3995047,"gate_40",60,TRUE,FALSE
3995077,"gate_30",81,TRUE,FALSE
3995097,"gate_40",161,TRUE,TRUE
3995118,"gate_40",115,TRUE,FALSE
3995271,"gate_30",4,FALSE,FALSE
3995274,"gate_30",80,FALSE,TRUE
3995279,"gate_30",13,FALSE,FALSE
3995348,"gate_30",12,FALSE,FALSE
3995368,"gate_40",34,TRUE,FALSE
3995421,"gate_40",1,FALSE,FALSE
3995500,"gate_40",281,TRUE,TRUE
3995526,"gate_30",60,TRUE,FALSE
3995565,"gate_30",9,FALSE,FALSE
3995667,"gate_40",9,FALSE,FALSE
3995743,"gate_30",89,TRUE,FALSE
3995886,"gate_40",9,TRUE,FALSE
3995964,"gate_30",39,TRUE,FALSE
3996120,"gate_40",40,TRUE,FALSE
3996165,"gate_40",4,FALSE,FALSE
3996280,"gate_30",35,FALSE,FALSE
3996336,"gate_30",28,FALSE,TRUE
3996445,"gate_30",6,FALSE,FALSE
3996450,"gate_40",12,FALSE,FALSE
3996524,"gate_30",4,TRUE,FALSE
3996551,"gate_40",2,FALSE,FALSE
3996606,"gate_40",2,FALSE,FALSE
3996643,"gate_30",125,TRUE,TRUE
3996660,"gate_40",22,FALSE,FALSE
3996805,"gate_30",54,TRUE,TRUE
3996851,"gate_30",18,TRUE,FALSE
3996854,"gate_40",1,FALSE,FALSE
3996896,"gate_40",16,TRUE,FALSE
3996913,"gate_40",6,TRUE,FALSE
3996940,"gate_40",31,TRUE,FALSE
3997024,"gate_40",2,FALSE,FALSE
3997026,"gate_30",240,TRUE,TRUE
3997030,"gate_30",476,TRUE,TRUE
3997098,"gate_30",47,TRUE,FALSE
3997360,"gate_40",29,TRUE,FALSE
3997651,"gate_30",12,FALSE,FALSE
3997775,"gate_30",16,FALSE,FALSE
3998178,"gate_40",219,TRUE,TRUE
3998475,"gate_40",69,FALSE,FALSE
3998739,"gate_40",126,FALSE,TRUE
3998782,"gate_40",7,FALSE,FALSE
3998973,"gate_30",20,FALSE,TRUE
3999172,"gate_30",5,FALSE,FALSE
3999425,"gate_40",15,FALSE,FALSE
3999460,"gate_30",9,FALSE,FALSE
3999463,"gate_30",8,FALSE,FALSE
3999555,"gate_30",4,FALSE,FALSE
3999654,"gate_30",1,FALSE,FALSE
3999717,"gate_40",10,FALSE,FALSE
3999798,"gate_30",35,TRUE,FALSE
3999916,"gate_40",44,TRUE,TRUE
4000021,"gate_40",1,FALSE,FALSE
4000049,"gate_30",1,FALSE,FALSE
4000106,"gate_30",2,FALSE,FALSE
4000140,"gate_30",41,TRUE,FALSE
4000291,"gate_30",1,FALSE,FALSE
4000329,"gate_40",8,TRUE,FALSE
4000335,"gate_40",14,TRUE,FALSE
4000375,"gate_30",151,TRUE,FALSE
4000617,"gate_40",10,FALSE,FALSE
4000631,"gate_30",353,TRUE,TRUE
4000656,"gate_40",87,TRUE,FALSE
4000699,"gate_30",39,FALSE,FALSE
4000733,"gate_40",2,FALSE,FALSE
4000744,"gate_30",37,TRUE,FALSE
4000862,"gate_30",357,TRUE,TRUE
4000943,"gate_40",246,TRUE,TRUE
4000994,"gate_40",286,TRUE,TRUE
4001071,"gate_40",11,TRUE,FALSE
4001230,"gate_40",108,TRUE,TRUE
4001258,"gate_30",38,FALSE,FALSE
4001276,"gate_30",46,FALSE,FALSE
4001345,"gate_40",8,FALSE,FALSE
4001532,"gate_40",9,FALSE,FALSE
4001764,"gate_40",15,FALSE,FALSE
4001873,"gate_40",122,FALSE,TRUE
4002050,"gate_40",16,FALSE,FALSE
4002325,"gate_40",1,FALSE,FALSE
4002660,"gate_30",2,FALSE,FALSE
4002700,"gate_40",148,TRUE,FALSE
4002822,"gate_40",0,FALSE,FALSE
4003159,"gate_30",3,FALSE,FALSE
4003294,"gate_40",13,FALSE,FALSE
4003448,"gate_30",25,TRUE,FALSE
4003491,"gate_40",7,FALSE,FALSE
4003501,"gate_40",10,FALSE,FALSE
4003722,"gate_40",53,FALSE,TRUE
4003743,"gate_30",22,FALSE,FALSE
4003754,"gate_30",6,FALSE,FALSE
4003804,"gate_40",0,FALSE,FALSE
4003820,"gate_40",15,TRUE,FALSE
4004079,"gate_40",6,FALSE,FALSE
4004377,"gate_30",18,TRUE,TRUE
4004455,"gate_30",8,FALSE,FALSE
4004475,"gate_30",13,FALSE,FALSE
4004487,"gate_40",8,FALSE,FALSE
4004528,"gate_40",21,FALSE,FALSE
4004656,"gate_30",26,FALSE,FALSE
4004984,"gate_40",36,FALSE,FALSE
4005125,"gate_30",20,FALSE,FALSE
4005148,"gate_40",41,TRUE,TRUE
4005227,"gate_40",0,FALSE,FALSE
4005243,"gate_30",0,FALSE,FALSE
4005418,"gate_30",9,FALSE,FALSE
4005496,"gate_30",0,FALSE,FALSE
4005648,"gate_40",8,FALSE,FALSE
4005740,"gate_40",11,TRUE,FALSE
4005748,"gate_40",48,TRUE,FALSE
4005779,"gate_40",3,FALSE,FALSE
4005791,"gate_40",3,FALSE,FALSE
4005833,"gate_30",9,FALSE,FALSE
4005904,"gate_40",18,FALSE,FALSE
4005933,"gate_30",1,FALSE,FALSE
4006015,"gate_30",7,FALSE,FALSE
4006523,"gate_40",300,TRUE,TRUE
4006553,"gate_40",4,FALSE,FALSE
4006581,"gate_30",2,FALSE,FALSE
4007063,"gate_30",79,TRUE,TRUE
4007131,"gate_30",1,FALSE,FALSE
4007225,"gate_30",8,TRUE,FALSE
4007319,"gate_30",1,FALSE,FALSE
4007459,"gate_30",220,TRUE,TRUE
4007506,"gate_40",4,FALSE,FALSE
4007511,"gate_30",3,FALSE,FALSE
4007759,"gate_30",15,FALSE,FALSE
4007810,"gate_30",21,FALSE,FALSE
4008004,"gate_30",5,FALSE,FALSE
4008111,"gate_30",73,TRUE,FALSE
4008145,"gate_30",52,TRUE,FALSE
4008247,"gate_30",28,FALSE,FALSE
4008314,"gate_30",88,TRUE,TRUE
4008444,"gate_40",6,FALSE,FALSE
4008550,"gate_30",0,TRUE,FALSE
4008631,"gate_30",5,FALSE,FALSE
4008711,"gate_30",10,FALSE,FALSE
4008718,"gate_30",39,TRUE,FALSE
4008839,"gate_30",8,FALSE,FALSE
4008948,"gate_40",6,FALSE,FALSE
4009111,"gate_30",88,TRUE,TRUE
4009167,"gate_40",47,TRUE,FALSE
4009200,"gate_30",22,FALSE,FALSE
4009540,"gate_40",50,TRUE,FALSE
4009558,"gate_40",8,FALSE,FALSE
4009693,"gate_30",29,FALSE,FALSE
4009711,"gate_40",47,TRUE,FALSE
4009963,"gate_30",10,FALSE,FALSE
4010054,"gate_30",16,FALSE,FALSE
4010154,"gate_40",18,FALSE,TRUE
4010201,"gate_40",5,FALSE,FALSE
4010618,"gate_30",1,FALSE,FALSE
4010859,"gate_40",31,TRUE,FALSE
4010906,"gate_40",1,FALSE,FALSE
4011682,"gate_40",3,FALSE,FALSE
4011705,"gate_30",1,FALSE,FALSE
4012018,"gate_30",5,FALSE,FALSE
4012145,"gate_40",24,TRUE,FALSE
4012148,"gate_30",19,FALSE,FALSE
4012193,"gate_30",53,FALSE,FALSE
4012260,"gate_30",74,TRUE,FALSE
4012420,"gate_40",0,TRUE,FALSE
4012437,"gate_40",20,TRUE,FALSE
4012556,"gate_40",11,TRUE,FALSE
4012795,"gate_40",4,FALSE,FALSE
4012907,"gate_30",3,TRUE,FALSE
4012916,"gate_30",1,FALSE,FALSE
4012918,"gate_40",16,TRUE,FALSE
4013151,"gate_30",4,FALSE,FALSE
4013298,"gate_40",0,FALSE,FALSE
4013473,"gate_40",8,FALSE,FALSE
4013787,"gate_40",13,TRUE,FALSE
4013846,"gate_30",0,FALSE,FALSE
4013934,"gate_40",12,FALSE,FALSE
4014010,"gate_40",75,TRUE,TRUE
4014046,"gate_30",42,TRUE,FALSE
4014337,"gate_30",134,TRUE,FALSE
4014373,"gate_40",55,FALSE,FALSE
4014495,"gate_30",18,TRUE,FALSE
4014631,"gate_40",64,FALSE,TRUE
4014738,"gate_40",374,TRUE,TRUE
4014739,"gate_40",3,FALSE,FALSE
4014820,"gate_40",6,TRUE,TRUE
4014905,"gate_30",7,FALSE,FALSE
4015026,"gate_40",116,TRUE,FALSE
4015036,"gate_40",5,TRUE,FALSE
4015089,"gate_40",135,TRUE,TRUE
4015156,"gate_30",10,FALSE,FALSE
4015166,"gate_40",15,FALSE,FALSE
4015359,"gate_30",73,TRUE,FALSE
4015549,"gate_30",50,TRUE,TRUE
4015574,"gate_40",41,FALSE,FALSE
4015687,"gate_40",18,FALSE,FALSE
4015796,"gate_30",6,FALSE,FALSE
4016099,"gate_40",28,TRUE,FALSE
4016222,"gate_30",0,FALSE,FALSE
4016239,"gate_40",82,TRUE,FALSE
4016306,"gate_30",0,FALSE,FALSE
4016312,"gate_40",2,FALSE,FALSE
4016431,"gate_30",11,FALSE,FALSE
4016587,"gate_40",225,TRUE,TRUE
4016789,"gate_40",1,FALSE,FALSE
4016898,"gate_30",27,FALSE,FALSE
4016953,"gate_40",1,FALSE,FALSE
4016964,"gate_40",35,TRUE,FALSE
4017155,"gate_40",175,TRUE,TRUE
4017231,"gate_40",2,FALSE,FALSE
4017302,"gate_40",49,TRUE,TRUE
4017331,"gate_30",4,FALSE,FALSE
4017353,"gate_30",9,FALSE,FALSE
4017823,"gate_40",246,TRUE,TRUE
4017853,"gate_30",1,FALSE,FALSE
4017888,"gate_40",16,TRUE,FALSE
4017907,"gate_40",1,FALSE,FALSE
4018213,"gate_30",5,FALSE,FALSE
4018288,"gate_40",17,TRUE,FALSE
4018373,"gate_30",99,TRUE,TRUE
4018557,"gate_30",138,TRUE,FALSE
4018611,"gate_30",97,TRUE,TRUE
4018625,"gate_30",15,FALSE,FALSE
4018629,"gate_30",26,FALSE,TRUE
4018632,"gate_40",29,TRUE,FALSE
4018760,"gate_40",5,FALSE,FALSE
4018778,"gate_30",8,FALSE,FALSE
4018864,"gate_40",62,TRUE,TRUE
4018867,"gate_40",9,TRUE,FALSE
4018875,"gate_40",139,TRUE,TRUE
4018904,"gate_30",13,TRUE,FALSE
4018913,"gate_30",47,FALSE,FALSE
4019041,"gate_30",1,FALSE,FALSE
4019092,"gate_30",87,TRUE,FALSE
4019182,"gate_30",41,TRUE,FALSE
4019289,"gate_30",15,TRUE,FALSE
4019363,"gate_40",1,FALSE,FALSE
4019531,"gate_30",70,TRUE,FALSE
4019547,"gate_40",1,FALSE,FALSE
4019572,"gate_40",25,TRUE,FALSE
4019717,"gate_30",52,TRUE,TRUE
4019774,"gate_40",20,FALSE,FALSE
4019882,"gate_40",1,TRUE,FALSE
4019924,"gate_30",97,TRUE,FALSE
4020009,"gate_30",15,FALSE,FALSE
4020169,"gate_30",10,FALSE,FALSE
4020224,"gate_40",272,TRUE,TRUE
4020310,"gate_30",6,FALSE,FALSE
4020393,"gate_30",362,FALSE,TRUE
4020406,"gate_30",8,FALSE,FALSE
4020411,"gate_30",12,FALSE,FALSE
4020509,"gate_30",6,FALSE,FALSE
4020536,"gate_40",16,TRUE,FALSE
4020799,"gate_40",0,FALSE,FALSE
4020870,"gate_30",30,TRUE,FALSE
4020945,"gate_40",1,FALSE,FALSE
4020981,"gate_40",203,TRUE,TRUE
4021003,"gate_40",116,TRUE,TRUE
4021262,"gate_30",13,FALSE,FALSE
4021468,"gate_40",0,FALSE,FALSE
4021720,"gate_40",178,TRUE,TRUE
4021770,"gate_40",334,TRUE,TRUE
4021869,"gate_30",70,TRUE,FALSE
4021918,"gate_40",29,FALSE,FALSE
4022207,"gate_40",5,FALSE,FALSE
4022328,"gate_40",5,TRUE,FALSE
4022361,"gate_30",82,TRUE,FALSE
4022384,"gate_30",127,TRUE,TRUE
4022515,"gate_40",13,FALSE,FALSE
4022535,"gate_30",126,TRUE,TRUE
4022568,"gate_30",2,FALSE,FALSE
4022570,"gate_30",10,FALSE,FALSE
4022818,"gate_30",17,FALSE,FALSE
4023010,"gate_40",17,FALSE,FALSE
4023041,"gate_30",2,FALSE,FALSE
4023076,"gate_30",0,FALSE,FALSE
4023143,"gate_30",6,FALSE,FALSE
4023170,"gate_40",3,FALSE,FALSE
4023215,"gate_30",59,TRUE,FALSE
4023245,"gate_30",136,TRUE,TRUE
4023268,"gate_40",141,TRUE,TRUE
4023455,"gate_40",3,FALSE,FALSE
4023529,"gate_40",1,FALSE,FALSE
4023626,"gate_30",62,TRUE,FALSE
4023815,"gate_30",47,TRUE,FALSE
4023866,"gate_40",233,TRUE,TRUE
4023908,"gate_30",39,TRUE,FALSE
4024057,"gate_40",154,TRUE,TRUE
4024156,"gate_40",3,FALSE,FALSE
4024412,"gate_40",9,FALSE,FALSE
4024623,"gate_30",4,FALSE,FALSE
4024730,"gate_40",236,TRUE,TRUE
4024757,"gate_30",9,FALSE,FALSE
4024810,"gate_30",45,FALSE,TRUE
4024824,"gate_40",195,TRUE,TRUE
4024892,"gate_40",6,FALSE,FALSE
4024981,"gate_40",1,TRUE,FALSE
4025047,"gate_30",5,FALSE,FALSE
4025241,"gate_30",2,FALSE,FALSE
4025439,"gate_30",50,TRUE,FALSE
4025580,"gate_30",30,FALSE,FALSE
4025966,"gate_30",16,FALSE,FALSE
4026043,"gate_30",63,TRUE,FALSE
4026148,"gate_40",23,FALSE,FALSE
4026327,"gate_40",60,TRUE,FALSE
4026330,"gate_40",7,TRUE,FALSE
4026435,"gate_40",2,FALSE,FALSE
4026555,"gate_40",15,TRUE,FALSE
4026660,"gate_40",0,FALSE,FALSE
4026786,"gate_30",3,FALSE,FALSE
4026799,"gate_40",19,TRUE,FALSE
4026921,"gate_40",36,TRUE,FALSE
4027026,"gate_30",5,FALSE,FALSE
4027330,"gate_30",62,TRUE,TRUE
4027378,"gate_40",1,FALSE,FALSE
4027661,"gate_30",0,FALSE,FALSE
4027790,"gate_30",21,FALSE,FALSE
4027803,"gate_30",2,FALSE,FALSE
4027808,"gate_30",225,TRUE,FALSE
4027955,"gate_40",0,FALSE,FALSE
4028027,"gate_30",2,FALSE,FALSE
4028303,"gate_40",29,TRUE,FALSE
4028349,"gate_30",328,TRUE,FALSE
4028873,"gate_30",0,FALSE,FALSE
4029126,"gate_40",0,FALSE,FALSE
4029136,"gate_40",525,TRUE,TRUE
4029320,"gate_40",101,TRUE,TRUE
4029540,"gate_30",13,FALSE,FALSE
4029546,"gate_30",72,TRUE,FALSE
4029622,"gate_40",22,FALSE,FALSE
4029703,"gate_30",5,FALSE,FALSE
4029709,"gate_30",4,FALSE,FALSE
4029911,"gate_30",46,TRUE,FALSE
4030005,"gate_40",4,TRUE,FALSE
4030113,"gate_30",11,TRUE,FALSE
4030338,"gate_40",51,TRUE,FALSE
4030378,"gate_40",7,TRUE,FALSE
4030407,"gate_40",6,FALSE,FALSE
4030633,"gate_30",35,FALSE,FALSE
4030679,"gate_30",224,TRUE,TRUE
4030687,"gate_40",288,TRUE,FALSE
4030732,"gate_30",3,FALSE,FALSE
4030911,"gate_30",0,FALSE,FALSE
4031146,"gate_30",17,FALSE,FALSE
4031160,"gate_30",4,FALSE,FALSE
4031302,"gate_30",13,FALSE,FALSE
4031391,"gate_40",37,FALSE,FALSE
4031486,"gate_40",14,FALSE,FALSE
4031497,"gate_40",6,FALSE,FALSE
4031525,"gate_40",6,FALSE,FALSE
4031581,"gate_30",3,FALSE,FALSE
4031753,"gate_30",11,FALSE,FALSE
4031855,"gate_30",8,TRUE,TRUE
4031873,"gate_40",3,TRUE,FALSE
4031934,"gate_30",51,TRUE,FALSE
4032085,"gate_40",29,TRUE,FALSE
4032113,"gate_40",5,FALSE,FALSE
4032135,"gate_40",1,FALSE,FALSE
4032199,"gate_30",35,FALSE,FALSE
4032387,"gate_30",54,TRUE,FALSE
4032389,"gate_40",30,FALSE,FALSE
4032493,"gate_40",8,FALSE,FALSE
4032631,"gate_30",31,TRUE,FALSE
4032641,"gate_30",26,FALSE,FALSE
4032646,"gate_30",7,FALSE,FALSE
4032753,"gate_30",26,TRUE,FALSE
4032782,"gate_30",27,TRUE,TRUE
4032815,"gate_30",54,TRUE,TRUE
4032914,"gate_40",24,FALSE,FALSE
4032920,"gate_40",1,FALSE,FALSE
4032943,"gate_30",6,FALSE,FALSE
4033209,"gate_40",166,TRUE,TRUE
4033417,"gate_40",56,TRUE,FALSE
4033856,"gate_40",15,FALSE,FALSE
4034039,"gate_30",73,FALSE,TRUE
4034066,"gate_40",2,FALSE,FALSE
4034137,"gate_30",2,FALSE,FALSE
4034169,"gate_40",4,FALSE,FALSE
4034178,"gate_40",121,TRUE,TRUE
4034352,"gate_40",8,FALSE,FALSE
4034422,"gate_30",8,TRUE,FALSE
4034492,"gate_30",4,FALSE,FALSE
4034545,"gate_30",42,FALSE,FALSE
4034793,"gate_40",2,FALSE,FALSE
4034802,"gate_40",0,FALSE,FALSE
4034969,"gate_40",2,FALSE,FALSE
4035008,"gate_30",5,FALSE,FALSE
4035303,"gate_40",3,FALSE,FALSE
4035356,"gate_30",1,FALSE,FALSE
4035409,"gate_40",23,TRUE,TRUE
4035439,"gate_30",16,TRUE,FALSE
4035632,"gate_40",19,FALSE,FALSE
4035642,"gate_40",5,FALSE,FALSE
4035751,"gate_40",24,FALSE,TRUE
4036208,"gate_30",5,FALSE,FALSE
4036302,"gate_40",23,FALSE,TRUE
4036473,"gate_30",37,FALSE,FALSE
4036506,"gate_30",73,TRUE,TRUE
4036916,"gate_30",69,FALSE,FALSE
4037089,"gate_40",8,TRUE,FALSE
4037122,"gate_40",16,FALSE,FALSE
4037262,"gate_30",57,TRUE,TRUE
4037379,"gate_40",5,FALSE,FALSE
4037565,"gate_40",133,FALSE,FALSE
4037836,"gate_40",2,FALSE,FALSE
4038105,"gate_30",2,FALSE,FALSE
4038278,"gate_40",6,FALSE,FALSE
4038387,"gate_40",102,TRUE,TRUE
4038411,"gate_40",9,TRUE,FALSE
4038577,"gate_40",15,TRUE,FALSE
4038648,"gate_30",6,FALSE,FALSE
4039047,"gate_40",25,TRUE,FALSE
4039056,"gate_40",6,TRUE,FALSE
4039114,"gate_30",69,TRUE,TRUE
4039251,"gate_40",2,FALSE,FALSE
4039549,"gate_40",18,FALSE,FALSE
4039666,"gate_30",27,FALSE,FALSE
4039690,"gate_30",24,FALSE,FALSE
4039844,"gate_30",15,FALSE,FALSE
4040149,"gate_40",3,FALSE,FALSE
4040190,"gate_40",0,FALSE,FALSE
4040600,"gate_40",407,TRUE,TRUE
4040743,"gate_40",43,TRUE,FALSE
4040799,"gate_30",65,TRUE,FALSE
4040861,"gate_30",28,TRUE,FALSE
4040984,"gate_30",47,TRUE,FALSE
4041115,"gate_30",5,FALSE,FALSE
4041118,"gate_30",3,FALSE,FALSE
4041306,"gate_30",0,FALSE,FALSE
4041309,"gate_30",276,TRUE,FALSE
4041379,"gate_40",77,TRUE,FALSE
4041518,"gate_30",20,TRUE,FALSE
4042086,"gate_30",1,FALSE,FALSE
4042401,"gate_40",94,TRUE,TRUE
4042474,"gate_30",21,FALSE,FALSE
4042788,"gate_40",15,FALSE,FALSE
4043162,"gate_40",1,FALSE,FALSE
4043177,"gate_40",19,TRUE,FALSE
4043300,"gate_40",3,FALSE,FALSE
4043314,"gate_40",0,FALSE,FALSE
4043333,"gate_30",39,TRUE,FALSE
4043492,"gate_30",63,TRUE,FALSE
4043493,"gate_40",5,FALSE,FALSE
4043510,"gate_40",67,TRUE,FALSE
4043585,"gate_30",2,FALSE,FALSE
4043586,"gate_40",111,TRUE,TRUE
4043854,"gate_40",47,FALSE,FALSE
4043873,"gate_30",13,FALSE,FALSE
4043879,"gate_40",196,TRUE,TRUE
4044284,"gate_30",0,FALSE,FALSE
4044450,"gate_40",81,TRUE,FALSE
4044720,"gate_30",62,FALSE,FALSE
4044857,"gate_30",7,FALSE,FALSE
4045053,"gate_40",51,FALSE,TRUE
4045197,"gate_40",28,TRUE,FALSE
4045359,"gate_30",1,FALSE,FALSE
4045421,"gate_30",11,TRUE,FALSE
4045840,"gate_40",287,FALSE,TRUE
4045890,"gate_40",0,FALSE,FALSE
4045970,"gate_40",12,FALSE,FALSE
4046196,"gate_40",4,FALSE,FALSE
4046220,"gate_30",74,TRUE,FALSE
4046235,"gate_40",25,FALSE,FALSE
4046354,"gate_30",46,TRUE,TRUE
4046512,"gate_40",49,TRUE,TRUE
4046586,"gate_30",549,TRUE,FALSE
4046771,"gate_40",116,FALSE,TRUE
4046781,"gate_30",60,TRUE,FALSE
4047009,"gate_40",71,TRUE,TRUE
4047058,"gate_40",58,TRUE,FALSE
4047081,"gate_30",94,TRUE,FALSE
4047161,"gate_30",1,FALSE,FALSE
4047186,"gate_30",37,FALSE,FALSE
4047412,"gate_30",41,TRUE,FALSE
4047583,"gate_40",42,FALSE,FALSE
4047823,"gate_30",59,TRUE,FALSE
4047828,"gate_30",96,TRUE,FALSE
4047852,"gate_40",22,TRUE,FALSE
4047950,"gate_40",6,FALSE,FALSE
4048053,"gate_30",2,FALSE,FALSE
4048105,"gate_30",65,TRUE,FALSE
4048113,"gate_40",3,TRUE,FALSE
4048150,"gate_30",3,FALSE,FALSE
4048203,"gate_30",57,TRUE,FALSE
4048540,"gate_40",9,FALSE,FALSE
4048720,"gate_40",104,TRUE,FALSE
4048759,"gate_30",3,FALSE,FALSE
4048833,"gate_30",74,TRUE,FALSE
4048838,"gate_30",2,FALSE,FALSE
4048934,"gate_30",66,TRUE,TRUE
4049039,"gate_40",87,FALSE,FALSE
4049190,"gate_40",46,TRUE,FALSE
4049315,"gate_40",9,FALSE,FALSE
4049431,"gate_40",37,TRUE,FALSE
4049504,"gate_30",22,TRUE,FALSE
4049575,"gate_30",283,TRUE,TRUE
4049739,"gate_40",35,FALSE,TRUE
4050120,"gate_40",1,FALSE,FALSE
4050128,"gate_40",13,TRUE,FALSE
4050155,"gate_40",9,FALSE,FALSE
4050308,"gate_30",10,TRUE,FALSE
4050397,"gate_30",20,FALSE,FALSE
4050501,"gate_30",14,TRUE,FALSE
4050692,"gate_30",22,FALSE,FALSE
4050698,"gate_30",1,FALSE,FALSE
4050744,"gate_30",24,FALSE,FALSE
4050815,"gate_40",10,FALSE,FALSE
4050909,"gate_40",113,TRUE,TRUE
4051083,"gate_40",4,FALSE,FALSE
4051171,"gate_30",438,TRUE,TRUE
4051226,"gate_40",8,TRUE,FALSE
4051240,"gate_30",203,TRUE,FALSE
4051780,"gate_30",80,FALSE,FALSE
4051870,"gate_40",109,TRUE,FALSE
4052128,"gate_30",43,TRUE,FALSE
4052163,"gate_40",5,FALSE,FALSE
4052185,"gate_40",48,FALSE,TRUE
4052249,"gate_30",6,FALSE,FALSE
4052496,"gate_30",4,FALSE,FALSE
4052681,"gate_40",5,FALSE,FALSE
4052855,"gate_30",1,FALSE,FALSE
4052870,"gate_30",31,TRUE,FALSE
4053074,"gate_40",3,TRUE,FALSE
4053171,"gate_40",114,FALSE,FALSE
4053336,"gate_30",7,FALSE,FALSE
4053380,"gate_30",2,FALSE,FALSE
4053397,"gate_30",31,FALSE,TRUE
4053463,"gate_30",11,FALSE,FALSE
4053516,"gate_30",387,TRUE,TRUE
4053619,"gate_40",7,FALSE,FALSE
4053823,"gate_40",85,TRUE,FALSE
4053831,"gate_40",173,TRUE,FALSE
4054129,"gate_30",74,TRUE,FALSE
4054188,"gate_30",0,TRUE,FALSE
4054231,"gate_40",9,FALSE,FALSE
4054254,"gate_30",326,FALSE,TRUE
4054382,"gate_30",5,FALSE,FALSE
4054403,"gate_40",72,TRUE,FALSE
4054575,"gate_40",2,FALSE,FALSE
4054622,"gate_40",0,FALSE,FALSE
4054686,"gate_30",39,TRUE,TRUE
4054713,"gate_40",21,TRUE,FALSE
4054748,"gate_40",0,FALSE,FALSE
4054950,"gate_30",75,TRUE,FALSE
4055063,"gate_30",17,FALSE,FALSE
4055231,"gate_40",5,FALSE,FALSE
4055299,"gate_30",1,FALSE,FALSE
4055541,"gate_30",25,TRUE,FALSE
4055630,"gate_40",22,FALSE,FALSE
4055903,"gate_40",52,FALSE,FALSE
4055980,"gate_30",33,FALSE,FALSE
4056003,"gate_30",12,TRUE,FALSE
4056048,"gate_30",11,FALSE,FALSE
4056269,"gate_30",2,FALSE,FALSE
4056308,"gate_30",5,FALSE,FALSE
4056465,"gate_40",89,TRUE,FALSE
4056475,"gate_30",28,FALSE,FALSE
4056804,"gate_40",3,FALSE,FALSE
4057188,"gate_40",1,FALSE,FALSE
4057243,"gate_30",42,FALSE,FALSE
4057359,"gate_40",14,FALSE,FALSE
4057376,"gate_40",0,FALSE,FALSE
4057437,"gate_40",2,FALSE,FALSE
4057530,"gate_40",42,TRUE,TRUE
4057593,"gate_40",112,TRUE,FALSE
4057705,"gate_30",27,TRUE,FALSE
4057785,"gate_40",17,FALSE,FALSE
4058032,"gate_40",75,TRUE,FALSE
4058058,"gate_40",366,TRUE,TRUE
4058284,"gate_40",14,TRUE,FALSE
4058373,"gate_30",40,TRUE,TRUE
4058384,"gate_40",0,FALSE,FALSE
4058470,"gate_30",1,FALSE,FALSE
4058566,"gate_40",24,TRUE,FALSE
4058669,"gate_30",22,TRUE,FALSE
4058762,"gate_30",25,FALSE,FALSE
4058933,"gate_40",2,FALSE,FALSE
4058938,"gate_40",27,FALSE,FALSE
4058953,"gate_30",37,FALSE,FALSE
4059121,"gate_30",80,FALSE,TRUE
4059430,"gate_30",7,FALSE,FALSE
4059462,"gate_30",20,TRUE,FALSE
4059470,"gate_40",13,FALSE,FALSE
4059601,"gate_30",38,TRUE,FALSE
4059727,"gate_40",145,TRUE,TRUE
4060079,"gate_40",386,TRUE,TRUE
4060148,"gate_40",1,FALSE,FALSE
4060174,"gate_40",142,TRUE,TRUE
4060175,"gate_30",9,FALSE,FALSE
4060304,"gate_40",65,TRUE,FALSE
4060344,"gate_30",2,FALSE,FALSE
4060398,"gate_40",4,FALSE,FALSE
4060575,"gate_40",30,TRUE,FALSE
4060615,"gate_40",16,TRUE,FALSE
4060655,"gate_30",1,FALSE,FALSE
4060713,"gate_40",27,TRUE,FALSE
4060802,"gate_40",57,TRUE,FALSE
4060901,"gate_30",23,FALSE,FALSE
4060929,"gate_30",57,FALSE,FALSE
4061198,"gate_30",4,TRUE,FALSE
4061413,"gate_30",45,TRUE,FALSE
4061489,"gate_40",97,TRUE,FALSE
4061606,"gate_30",16,FALSE,FALSE
4061886,"gate_30",1,FALSE,FALSE
4061912,"gate_30",6,FALSE,FALSE
4061990,"gate_40",108,TRUE,FALSE
4062162,"gate_30",44,TRUE,FALSE
4062331,"gate_40",24,TRUE,FALSE
4062390,"gate_40",42,TRUE,FALSE
4062475,"gate_30",4,FALSE,FALSE
4062522,"gate_30",65,FALSE,FALSE
4062577,"gate_40",282,TRUE,TRUE
4062831,"gate_40",8,FALSE,FALSE
4062846,"gate_40",17,FALSE,FALSE
4062894,"gate_40",8,FALSE,FALSE
4062923,"gate_30",39,TRUE,FALSE
4063051,"gate_30",28,TRUE,FALSE
4063219,"gate_40",6,TRUE,FALSE
4063473,"gate_40",32,TRUE,FALSE
4063609,"gate_30",15,TRUE,FALSE
4063618,"gate_30",2,FALSE,FALSE
4063754,"gate_40",34,TRUE,FALSE
4064040,"gate_30",12,TRUE,FALSE
4064195,"gate_40",0,FALSE,FALSE
4064249,"gate_30",39,FALSE,FALSE
4064327,"gate_40",142,TRUE,TRUE
4064407,"gate_30",3,FALSE,FALSE
4064485,"gate_40",111,TRUE,FALSE
4064605,"gate_30",26,TRUE,FALSE
4064618,"gate_40",1,FALSE,FALSE
4064622,"gate_40",1,FALSE,FALSE
4064783,"gate_30",1,FALSE,FALSE
4064901,"gate_30",30,FALSE,FALSE
4064925,"gate_30",41,TRUE,FALSE
4065030,"gate_30",1,FALSE,FALSE
4065075,"gate_40",14,FALSE,FALSE
4065081,"gate_40",3,FALSE,FALSE
4065137,"gate_40",11,FALSE,FALSE
4065156,"gate_30",315,TRUE,TRUE
4065178,"gate_40",167,FALSE,FALSE
4065289,"gate_40",337,TRUE,TRUE
4065365,"gate_30",3,FALSE,FALSE
4065370,"gate_40",52,TRUE,FALSE
4065397,"gate_30",16,FALSE,TRUE
4065575,"gate_40",4,FALSE,FALSE
4065643,"gate_30",90,TRUE,TRUE
4065654,"gate_30",4,FALSE,FALSE
4065710,"gate_30",9,TRUE,FALSE
4065750,"gate_40",0,FALSE,FALSE
4065857,"gate_40",38,FALSE,FALSE
4065859,"gate_40",9,FALSE,FALSE
4066040,"gate_30",17,TRUE,FALSE
4066085,"gate_30",0,FALSE,FALSE
4066096,"gate_40",33,FALSE,FALSE
4066169,"gate_40",16,FALSE,FALSE
4066289,"gate_40",10,TRUE,FALSE
4066492,"gate_40",14,FALSE,FALSE
4066495,"gate_30",319,TRUE,TRUE
4066620,"gate_30",2,FALSE,FALSE
4066707,"gate_30",2,FALSE,FALSE
4067145,"gate_40",6,FALSE,FALSE
4067147,"gate_40",12,TRUE,FALSE
4067245,"gate_40",276,TRUE,TRUE
4067251,"gate_40",281,TRUE,TRUE
4067409,"gate_30",1,FALSE,FALSE
4067414,"gate_40",33,FALSE,FALSE
4067576,"gate_30",26,FALSE,FALSE
4067584,"gate_40",24,FALSE,FALSE
4067652,"gate_30",9,FALSE,FALSE
4067701,"gate_30",6,FALSE,FALSE
4068006,"gate_30",5,FALSE,FALSE
4068059,"gate_40",31,FALSE,TRUE
4068070,"gate_30",5,FALSE,TRUE
4068076,"gate_40",26,TRUE,FALSE
4068260,"gate_30",41,FALSE,FALSE
4068385,"gate_30",85,TRUE,FALSE
4068406,"gate_40",38,TRUE,FALSE
4068538,"gate_40",80,TRUE,TRUE
4068564,"gate_30",16,FALSE,FALSE
4068620,"gate_30",129,TRUE,FALSE
4068657,"gate_30",4,FALSE,TRUE
4068660,"gate_40",8,FALSE,TRUE
4068692,"gate_30",7,FALSE,FALSE
4068698,"gate_30",15,TRUE,FALSE
4068711,"gate_40",152,TRUE,FALSE
4068781,"gate_30",143,TRUE,TRUE
4068821,"gate_40",5,FALSE,FALSE
4068950,"gate_40",1,FALSE,FALSE
4069212,"gate_30",4,TRUE,FALSE
4069449,"gate_30",2,FALSE,FALSE
4069551,"gate_40",6,FALSE,FALSE
4069765,"gate_40",19,FALSE,FALSE
4070231,"gate_30",0,FALSE,FALSE
4070377,"gate_40",186,TRUE,TRUE
4070848,"gate_30",1,FALSE,FALSE
4070921,"gate_40",27,FALSE,FALSE
4071032,"gate_40",0,FALSE,FALSE
4071083,"gate_30",8,TRUE,FALSE
4071354,"gate_30",4,TRUE,FALSE
4071369,"gate_30",88,TRUE,FALSE
4071398,"gate_30",21,FALSE,FALSE
4071404,"gate_30",5,FALSE,FALSE
4071423,"gate_30",3,FALSE,FALSE
4071626,"gate_30",71,TRUE,FALSE
4071628,"gate_30",144,TRUE,TRUE
4071705,"gate_30",122,TRUE,FALSE
4071935,"gate_40",7,FALSE,FALSE
4072089,"gate_40",4,FALSE,FALSE
4072120,"gate_40",9,TRUE,FALSE
4072187,"gate_30",41,FALSE,FALSE
4072645,"gate_40",2,FALSE,FALSE
4072697,"gate_30",14,FALSE,FALSE
4072790,"gate_30",27,TRUE,FALSE
4072834,"gate_30",8,FALSE,FALSE
4072860,"gate_30",11,FALSE,FALSE
4072953,"gate_40",35,TRUE,FALSE
4073010,"gate_30",92,TRUE,TRUE
4073096,"gate_40",79,TRUE,FALSE
4073106,"gate_40",38,FALSE,TRUE
4073340,"gate_40",0,FALSE,FALSE
4073368,"gate_30",46,TRUE,FALSE
4073382,"gate_40",13,TRUE,FALSE
4073681,"gate_40",31,TRUE,TRUE
4073695,"gate_30",12,TRUE,FALSE
4073773,"gate_30",4,FALSE,FALSE
4073857,"gate_40",8,FALSE,FALSE
4074082,"gate_30",18,TRUE,FALSE
4074195,"gate_30",3,FALSE,FALSE
4074460,"gate_40",5,TRUE,FALSE
4074650,"gate_40",8,FALSE,FALSE
4074682,"gate_30",389,FALSE,TRUE
4074703,"gate_30",9,FALSE,FALSE
4074730,"gate_40",31,TRUE,FALSE
4074760,"gate_30",25,TRUE,FALSE
4074774,"gate_40",158,TRUE,TRUE
4074836,"gate_40",18,TRUE,FALSE
4075044,"gate_40",254,TRUE,TRUE
4075243,"gate_30",161,TRUE,TRUE
4075283,"gate_30",147,TRUE,TRUE
4075306,"gate_40",19,TRUE,FALSE
4075333,"gate_30",6,FALSE,FALSE
4075559,"gate_40",3,FALSE,FALSE
4075659,"gate_40",23,TRUE,FALSE
4075821,"gate_40",0,FALSE,FALSE
4075841,"gate_30",0,FALSE,FALSE
4075888,"gate_40",62,TRUE,FALSE
4075930,"gate_40",12,TRUE,FALSE
4076052,"gate_40",13,FALSE,FALSE
4076241,"gate_30",4,FALSE,TRUE
4076629,"gate_40",17,TRUE,FALSE
4076674,"gate_40",4,FALSE,FALSE
4076729,"gate_30",3,FALSE,FALSE
4076814,"gate_30",41,FALSE,FALSE
4076924,"gate_30",0,FALSE,FALSE
4076936,"gate_30",7,FALSE,FALSE
4076946,"gate_30",17,TRUE,FALSE
4077070,"gate_40",124,TRUE,FALSE
4077089,"gate_40",17,FALSE,FALSE
4077105,"gate_30",49,TRUE,FALSE
4077166,"gate_40",4,FALSE,FALSE
4077227,"gate_40",1,FALSE,FALSE
4077445,"gate_40",4,FALSE,FALSE
4077499,"gate_30",2,FALSE,FALSE
4077687,"gate_30",108,TRUE,TRUE
4077886,"gate_30",15,FALSE,FALSE
4078121,"gate_30",7,FALSE,FALSE
4078319,"gate_40",50,TRUE,FALSE
4078331,"gate_40",17,FALSE,FALSE
4078451,"gate_40",12,FALSE,FALSE
4078566,"gate_30",1,FALSE,FALSE
4078580,"gate_30",43,TRUE,FALSE
4078608,"gate_40",12,FALSE,FALSE
4078621,"gate_30",43,TRUE,FALSE
4078840,"gate_30",27,TRUE,FALSE
4078909,"gate_30",4,FALSE,FALSE
4079133,"gate_30",30,FALSE,FALSE
4079202,"gate_40",16,FALSE,FALSE
4079252,"gate_40",50,TRUE,TRUE
4079456,"gate_30",43,FALSE,FALSE
4079511,"gate_30",21,TRUE,FALSE
4079655,"gate_40",1,FALSE,FALSE
4079666,"gate_30",10,TRUE,FALSE
4080018,"gate_40",18,FALSE,FALSE
4080040,"gate_30",75,FALSE,TRUE
4080086,"gate_30",18,FALSE,FALSE
4080131,"gate_40",8,FALSE,FALSE
4080150,"gate_40",11,TRUE,FALSE
4080327,"gate_40",9,FALSE,FALSE
4080340,"gate_30",6,FALSE,FALSE
4080728,"gate_30",25,FALSE,FALSE
4080761,"gate_40",200,TRUE,TRUE
4081031,"gate_40",875,TRUE,TRUE
4081209,"gate_30",10,FALSE,FALSE
4081214,"gate_30",7,FALSE,FALSE
4081600,"gate_30",58,TRUE,FALSE
4081619,"gate_40",19,FALSE,FALSE
4081632,"gate_30",6,FALSE,FALSE
4081655,"gate_40",9,TRUE,FALSE
4081823,"gate_30",28,TRUE,FALSE
4082020,"gate_30",40,TRUE,FALSE
4082318,"gate_40",1,FALSE,FALSE
4082369,"gate_30",2,FALSE,FALSE
4082463,"gate_40",12,FALSE,TRUE
4082486,"gate_30",74,TRUE,FALSE
4082711,"gate_40",2,FALSE,FALSE
4082763,"gate_40",8,FALSE,FALSE
4082800,"gate_30",23,FALSE,TRUE
4082865,"gate_40",3,FALSE,FALSE
4083388,"gate_30",5,FALSE,FALSE
4083412,"gate_40",13,FALSE,FALSE
4083458,"gate_40",4,TRUE,FALSE
4083519,"gate_40",77,TRUE,TRUE
4083853,"gate_30",11,FALSE,FALSE
4084263,"gate_40",2,FALSE,FALSE
4084290,"gate_40",109,TRUE,TRUE
4084453,"gate_30",16,FALSE,FALSE
4084510,"gate_40",6,TRUE,FALSE
4084685,"gate_30",40,TRUE,FALSE
4085031,"gate_40",5,FALSE,FALSE
4085048,"gate_40",256,TRUE,TRUE
4085089,"gate_30",157,TRUE,FALSE
4085133,"gate_30",128,TRUE,TRUE
4085147,"gate_40",26,TRUE,FALSE
4085167,"gate_30",106,TRUE,TRUE
4085309,"gate_40",0,FALSE,FALSE
4085383,"gate_30",2,FALSE,FALSE
4085385,"gate_30",140,TRUE,TRUE
4085495,"gate_30",33,FALSE,FALSE
4086249,"gate_30",57,FALSE,FALSE
4086315,"gate_40",20,TRUE,FALSE
4086334,"gate_40",33,FALSE,FALSE
4086368,"gate_40",8,FALSE,FALSE
4086536,"gate_30",254,TRUE,FALSE
4086934,"gate_30",320,TRUE,TRUE
4087012,"gate_30",10,TRUE,FALSE
4087155,"gate_30",19,FALSE,TRUE
4087157,"gate_40",10,FALSE,FALSE
4087216,"gate_40",22,FALSE,FALSE
4087320,"gate_40",17,TRUE,FALSE
4087564,"gate_30",44,FALSE,FALSE
4087647,"gate_40",2,FALSE,FALSE
4087674,"gate_30",201,TRUE,FALSE
4087699,"gate_30",1,FALSE,FALSE
4087744,"gate_30",6,FALSE,FALSE
4087782,"gate_30",5,FALSE,FALSE
4088052,"gate_40",44,TRUE,FALSE
4088080,"gate_40",140,TRUE,FALSE
4088198,"gate_40",37,FALSE,FALSE
4088233,"gate_40",92,TRUE,FALSE
4088337,"gate_40",80,TRUE,FALSE
4088368,"gate_30",203,TRUE,TRUE
4088480,"gate_30",1,FALSE,FALSE
4088725,"gate_40",245,TRUE,TRUE
4088753,"gate_30",17,TRUE,FALSE
4088759,"gate_30",134,TRUE,TRUE
4088927,"gate_40",4,FALSE,FALSE
4089010,"gate_40",7,FALSE,FALSE
4089079,"gate_40",87,TRUE,TRUE
4089126,"gate_40",8,FALSE,FALSE
4089189,"gate_30",7,TRUE,FALSE
4089231,"gate_30",96,TRUE,TRUE
4089251,"gate_30",26,TRUE,FALSE
4089587,"gate_40",19,TRUE,FALSE
4089676,"gate_30",106,TRUE,FALSE
4089901,"gate_30",1,FALSE,FALSE
4090016,"gate_40",78,TRUE,FALSE
4090139,"gate_30",33,TRUE,FALSE
4090246,"gate_40",2124,TRUE,TRUE
4090296,"gate_40",607,TRUE,TRUE
4090440,"gate_40",6,FALSE,FALSE
4090480,"gate_40",1,FALSE,FALSE
4090589,"gate_40",4,FALSE,FALSE
4090609,"gate_40",5,FALSE,FALSE
4090612,"gate_40",3,FALSE,FALSE
4091051,"gate_30",42,TRUE,FALSE
4091068,"gate_40",3,FALSE,FALSE
4091225,"gate_40",29,TRUE,FALSE
4091322,"gate_40",165,TRUE,TRUE
4091414,"gate_30",3,FALSE,FALSE
4091493,"gate_30",23,FALSE,FALSE
4091604,"gate_40",5,FALSE,FALSE
4091620,"gate_30",0,FALSE,FALSE
4091634,"gate_40",5,FALSE,FALSE
4091638,"gate_30",11,FALSE,FALSE
4091687,"gate_30",2,FALSE,FALSE
4092015,"gate_30",52,TRUE,TRUE
4092128,"gate_30",1,FALSE,FALSE
4092162,"gate_40",18,FALSE,FALSE
4092304,"gate_40",33,TRUE,FALSE
4092306,"gate_30",33,TRUE,FALSE
4092398,"gate_30",0,FALSE,FALSE
4092444,"gate_30",27,TRUE,FALSE
4092583,"gate_30",3,FALSE,FALSE
4092835,"gate_30",23,FALSE,FALSE
4092932,"gate_30",13,TRUE,FALSE
4092962,"gate_30",40,TRUE,FALSE
4093021,"gate_40",20,FALSE,FALSE
4093207,"gate_40",21,FALSE,FALSE
4093284,"gate_40",0,FALSE,FALSE
4093390,"gate_30",172,TRUE,TRUE
4093448,"gate_40",30,FALSE,FALSE
4093729,"gate_40",4,FALSE,FALSE
4093966,"gate_40",1,FALSE,FALSE
4093994,"gate_30",11,FALSE,TRUE
4093998,"gate_40",0,FALSE,FALSE
4094008,"gate_40",10,TRUE,FALSE
4094441,"gate_40",3,FALSE,FALSE
4094457,"gate_30",8,FALSE,FALSE
4094471,"gate_30",0,FALSE,FALSE
4094552,"gate_30",10,FALSE,FALSE
4094793,"gate_40",19,FALSE,FALSE
4094831,"gate_30",11,TRUE,FALSE
4094876,"gate_30",119,FALSE,TRUE
4094882,"gate_30",25,TRUE,FALSE
4095131,"gate_30",30,TRUE,FALSE
4095166,"gate_30",26,FALSE,FALSE
4095187,"gate_40",17,TRUE,FALSE
4095313,"gate_40",38,FALSE,FALSE
4095317,"gate_30",6,FALSE,FALSE
4095399,"gate_40",1,FALSE,FALSE
4095547,"gate_40",5,FALSE,FALSE
4095661,"gate_30",67,TRUE,FALSE
4095667,"gate_30",14,TRUE,FALSE
4095698,"gate_30",71,TRUE,TRUE
4095855,"gate_30",4,FALSE,FALSE
4095927,"gate_40",87,TRUE,FALSE
4095966,"gate_30",3,FALSE,FALSE
4096084,"gate_40",11,FALSE,FALSE
4096192,"gate_30",14,TRUE,FALSE
4096341,"gate_30",21,TRUE,FALSE
4096780,"gate_40",14,FALSE,FALSE
4096789,"gate_30",2,FALSE,FALSE
4097198,"gate_40",1,FALSE,FALSE
4097203,"gate_40",3,FALSE,FALSE
4097327,"gate_40",17,FALSE,FALSE
4097329,"gate_30",12,FALSE,FALSE
4097386,"gate_40",1,FALSE,FALSE
4097387,"gate_30",1,FALSE,FALSE
4097528,"gate_40",11,TRUE,FALSE
4097896,"gate_40",14,TRUE,TRUE
4097956,"gate_30",13,FALSE,FALSE
4098126,"gate_30",0,FALSE,FALSE
4098348,"gate_30",2,FALSE,FALSE
4098378,"gate_40",41,FALSE,FALSE
4098456,"gate_40",20,FALSE,FALSE
4098501,"gate_30",29,TRUE,FALSE
4098570,"gate_40",1,FALSE,FALSE
4098625,"gate_30",3,FALSE,FALSE
4098668,"gate_40",525,TRUE,TRUE
4099074,"gate_40",44,TRUE,FALSE
4099244,"gate_40",59,TRUE,FALSE
4099258,"gate_30",1,FALSE,FALSE
4099392,"gate_40",74,FALSE,FALSE
4099437,"gate_30",1,FALSE,FALSE
4099456,"gate_30",47,FALSE,FALSE
4099509,"gate_40",15,TRUE,FALSE
4099711,"gate_40",17,TRUE,TRUE
4099741,"gate_40",10,TRUE,FALSE
4099792,"gate_40",37,TRUE,FALSE
4100433,"gate_30",84,TRUE,FALSE
4100704,"gate_40",95,TRUE,TRUE
4100843,"gate_40",4,TRUE,FALSE
4100868,"gate_30",10,TRUE,FALSE
4100900,"gate_40",139,TRUE,FALSE
4100944,"gate_40",2,FALSE,FALSE
4100958,"gate_30",40,TRUE,FALSE
4101312,"gate_30",27,TRUE,FALSE
4101389,"gate_40",4,FALSE,FALSE
4101472,"gate_40",3,TRUE,TRUE
4101593,"gate_40",20,TRUE,FALSE
4101624,"gate_30",88,TRUE,FALSE
4101717,"gate_30",15,FALSE,FALSE
4101861,"gate_40",74,TRUE,TRUE
4101889,"gate_40",7,TRUE,FALSE
4101979,"gate_30",166,TRUE,TRUE
4102016,"gate_40",20,TRUE,FALSE
4102248,"gate_30",76,TRUE,FALSE
4102350,"gate_40",51,TRUE,FALSE
4102425,"gate_40",28,FALSE,FALSE
4102512,"gate_30",24,FALSE,TRUE
4102514,"gate_40",18,FALSE,FALSE
4102649,"gate_30",8,TRUE,FALSE
4102701,"gate_40",52,TRUE,FALSE
4102873,"gate_30",7,FALSE,FALSE
4102896,"gate_40",2,FALSE,FALSE
4102930,"gate_40",801,TRUE,TRUE
4102953,"gate_40",4,FALSE,FALSE
4103073,"gate_30",137,TRUE,TRUE
4103154,"gate_30",39,TRUE,FALSE
4103323,"gate_40",16,FALSE,FALSE
4103678,"gate_40",186,TRUE,TRUE
4103692,"gate_40",10,TRUE,FALSE
4103701,"gate_30",6,TRUE,TRUE
4103742,"gate_30",74,TRUE,TRUE
4103904,"gate_30",126,TRUE,FALSE
4104003,"gate_30",17,FALSE,FALSE
4104102,"gate_30",8,FALSE,FALSE
4104110,"gate_40",331,TRUE,TRUE
4104135,"gate_30",63,FALSE,TRUE
4104413,"gate_30",1,FALSE,FALSE
4104508,"gate_40",86,FALSE,FALSE
4104569,"gate_40",2,FALSE,FALSE
4104616,"gate_40",48,TRUE,FALSE
4104695,"gate_30",17,FALSE,FALSE
4104809,"gate_30",62,TRUE,FALSE
4104901,"gate_30",4,FALSE,FALSE
4104977,"gate_30",13,FALSE,FALSE
4105027,"gate_40",4,FALSE,FALSE
4105110,"gate_40",227,TRUE,TRUE
4105207,"gate_40",46,TRUE,FALSE
4105288,"gate_40",0,FALSE,FALSE
4105296,"gate_40",37,TRUE,FALSE
4105308,"gate_30",127,TRUE,TRUE
4105339,"gate_30",26,FALSE,FALSE
4105635,"gate_30",0,FALSE,FALSE
4105641,"gate_40",5,FALSE,FALSE
4105649,"gate_40",4,FALSE,FALSE
4105683,"gate_40",17,FALSE,FALSE
4105755,"gate_40",8,FALSE,FALSE
4105897,"gate_30",5,FALSE,FALSE
4105905,"gate_40",1,FALSE,FALSE
4105949,"gate_30",34,FALSE,FALSE
4106044,"gate_40",103,TRUE,FALSE
4106141,"gate_40",157,TRUE,TRUE
4106158,"gate_30",2,FALSE,FALSE
4106505,"gate_40",1,FALSE,FALSE
4106663,"gate_40",40,TRUE,FALSE
4106693,"gate_30",3,TRUE,FALSE
4106745,"gate_30",2,FALSE,FALSE
4106790,"gate_40",5,FALSE,FALSE
4107038,"gate_30",31,TRUE,FALSE
4107146,"gate_30",85,TRUE,FALSE
4107191,"gate_40",21,TRUE,FALSE
4107329,"gate_40",6,FALSE,FALSE
4107344,"gate_30",2,FALSE,FALSE
4107389,"gate_40",40,TRUE,FALSE
4107625,"gate_30",49,TRUE,FALSE
4107699,"gate_30",1,FALSE,FALSE
4107756,"gate_30",92,FALSE,FALSE
4107763,"gate_40",19,TRUE,FALSE
4107782,"gate_40",35,TRUE,TRUE
4107815,"gate_30",4,FALSE,FALSE
4108123,"gate_40",60,TRUE,TRUE
4108330,"gate_30",3,FALSE,FALSE
4108400,"gate_40",7,FALSE,FALSE
4108574,"gate_30",1,FALSE,FALSE
4108616,"gate_30",18,TRUE,FALSE
4108628,"gate_30",51,TRUE,FALSE
4108685,"gate_40",7,FALSE,FALSE
4108687,"gate_40",3,FALSE,FALSE
4108752,"gate_40",2,FALSE,FALSE
4108767,"gate_30",31,FALSE,FALSE
4108846,"gate_30",6,FALSE,FALSE
4109035,"gate_30",21,TRUE,TRUE
4109054,"gate_30",7,FALSE,FALSE
4109284,"gate_40",4,FALSE,FALSE
4109341,"gate_30",35,FALSE,FALSE
4109536,"gate_30",22,TRUE,FALSE
4109625,"gate_30",1,FALSE,FALSE
4109712,"gate_40",2,FALSE,FALSE
4109754,"gate_30",2,FALSE,FALSE
4110295,"gate_40",1,FALSE,FALSE
4110300,"gate_30",22,TRUE,FALSE
4110420,"gate_30",15,FALSE,FALSE
4110668,"gate_40",1,FALSE,FALSE
4110890,"gate_30",0,FALSE,FALSE
4110910,"gate_30",1,FALSE,FALSE
4110970,"gate_30",63,FALSE,TRUE
4111127,"gate_40",29,FALSE,FALSE
4111141,"gate_30",22,FALSE,FALSE
4111320,"gate_40",42,TRUE,FALSE
4111331,"gate_40",20,TRUE,FALSE
4111344,"gate_40",101,TRUE,FALSE
4111412,"gate_40",77,FALSE,TRUE
4111523,"gate_40",3,FALSE,FALSE
4111962,"gate_40",19,TRUE,FALSE
4112079,"gate_40",15,TRUE,FALSE
4112275,"gate_40",52,FALSE,FALSE
4112384,"gate_40",3,FALSE,FALSE
4112437,"gate_30",0,FALSE,FALSE
4112511,"gate_40",10,FALSE,FALSE
4112594,"gate_40",2,FALSE,FALSE
4112626,"gate_40",12,TRUE,FALSE
4112686,"gate_30",99,TRUE,FALSE
4112748,"gate_30",60,TRUE,TRUE
4112798,"gate_40",3,FALSE,FALSE
4112845,"gate_30",4,FALSE,FALSE
4112886,"gate_40",15,TRUE,FALSE
4112910,"gate_40",2,FALSE,FALSE
4113120,"gate_40",42,TRUE,FALSE
4113216,"gate_40",0,FALSE,FALSE
4113225,"gate_40",2,FALSE,FALSE
4113295,"gate_30",17,TRUE,FALSE
4113380,"gate_30",14,TRUE,FALSE
4113435,"gate_30",13,FALSE,FALSE
4113490,"gate_40",31,TRUE,FALSE
4113599,"gate_40",43,FALSE,FALSE
4113608,"gate_30",12,FALSE,TRUE
4113663,"gate_30",1,FALSE,FALSE
4113783,"gate_40",16,TRUE,FALSE
4113795,"gate_30",21,FALSE,FALSE
4113875,"gate_40",48,TRUE,FALSE
4113982,"gate_30",29,FALSE,FALSE
4114013,"gate_40",342,TRUE,TRUE
4114624,"gate_40",0,FALSE,FALSE
4114631,"gate_40",59,TRUE,TRUE
4114656,"gate_30",4,FALSE,FALSE
4114745,"gate_40",12,FALSE,FALSE
4114830,"gate_40",2,FALSE,FALSE
4114837,"gate_40",52,TRUE,FALSE
4114855,"gate_40",56,TRUE,FALSE
4114886,"gate_30",10,FALSE,FALSE
4115049,"gate_40",26,TRUE,FALSE
4115239,"gate_30",6,FALSE,FALSE
4115296,"gate_30",12,FALSE,FALSE
4115349,"gate_30",16,TRUE,FALSE
4115427,"gate_40",23,TRUE,FALSE
4115622,"gate_30",5,TRUE,TRUE
4115644,"gate_40",1,FALSE,FALSE
4115772,"gate_30",23,FALSE,FALSE
4115862,"gate_40",37,TRUE,FALSE
4115994,"gate_30",3,FALSE,FALSE
4116247,"gate_30",177,TRUE,TRUE
4116263,"gate_30",15,TRUE,FALSE
4116303,"gate_40",2,FALSE,FALSE
4116397,"gate_30",24,TRUE,TRUE
4116399,"gate_30",2,FALSE,FALSE
4116464,"gate_40",2,FALSE,FALSE
4116580,"gate_40",21,TRUE,FALSE
4116794,"gate_30",36,TRUE,FALSE
4117187,"gate_40",19,TRUE,FALSE
4117304,"gate_30",4,FALSE,FALSE
4117334,"gate_30",78,TRUE,TRUE
4117459,"gate_40",85,TRUE,FALSE
4117484,"gate_40",10,TRUE,FALSE
4117486,"gate_40",0,FALSE,FALSE
4117537,"gate_30",6,FALSE,TRUE
4117557,"gate_30",1,FALSE,FALSE
4117576,"gate_40",8,TRUE,FALSE
4117634,"gate_30",25,TRUE,FALSE
4117656,"gate_40",16,TRUE,FALSE
4117768,"gate_40",42,TRUE,FALSE
4117840,"gate_40",4,FALSE,FALSE
4117864,"gate_40",219,TRUE,FALSE
4118159,"gate_30",20,TRUE,FALSE
4118199,"gate_40",324,FALSE,TRUE
4118277,"gate_40",46,FALSE,FALSE
4118316,"gate_30",55,TRUE,FALSE
4118353,"gate_30",16,FALSE,FALSE
4118372,"gate_30",13,FALSE,FALSE
4118601,"gate_30",2,FALSE,FALSE
4118618,"gate_40",194,TRUE,TRUE
4118668,"gate_40",48,TRUE,FALSE
4118941,"gate_30",5,FALSE,FALSE
4119062,"gate_30",18,TRUE,FALSE
4119073,"gate_40",1,FALSE,FALSE
4119121,"gate_30",251,TRUE,TRUE
4119425,"gate_40",50,TRUE,FALSE
4119605,"gate_40",2,FALSE,FALSE
4119818,"gate_40",3,FALSE,FALSE
4119824,"gate_40",63,TRUE,FALSE
4120097,"gate_40",18,FALSE,FALSE
4120260,"gate_40",5,FALSE,FALSE
4120311,"gate_40",75,TRUE,FALSE
4120681,"gate_40",10,TRUE,FALSE
4120832,"gate_40",0,FALSE,FALSE
4120966,"gate_40",0,FALSE,FALSE
4121372,"gate_30",12,TRUE,FALSE
4121429,"gate_30",2,FALSE,FALSE
4121481,"gate_30",88,TRUE,FALSE
4121680,"gate_40",37,FALSE,FALSE
4121716,"gate_30",15,FALSE,FALSE
4121720,"gate_30",25,TRUE,FALSE
4121863,"gate_40",31,TRUE,FALSE
4121965,"gate_30",65,TRUE,FALSE
4121979,"gate_40",87,FALSE,TRUE
4122064,"gate_40",27,FALSE,FALSE
4122123,"gate_40",2,FALSE,FALSE
4122214,"gate_30",4,FALSE,FALSE
4122330,"gate_30",0,FALSE,FALSE
4122353,"gate_40",19,FALSE,TRUE
4122508,"gate_30",8,FALSE,FALSE
4122786,"gate_30",17,FALSE,FALSE
4122839,"gate_40",7,FALSE,FALSE
4123348,"gate_30",5,FALSE,FALSE
4123675,"gate_40",9,FALSE,FALSE
4123828,"gate_40",0,FALSE,FALSE
4123906,"gate_40",1,FALSE,FALSE
4123913,"gate_30",43,TRUE,TRUE
4124082,"gate_30",160,TRUE,FALSE
4124135,"gate_30",208,TRUE,TRUE
4124172,"gate_40",46,TRUE,FALSE
4124327,"gate_30",1,FALSE,FALSE
4124361,"gate_40",29,TRUE,TRUE
4124482,"gate_30",341,TRUE,TRUE
4124660,"gate_30",24,TRUE,FALSE
4124817,"gate_30",14,FALSE,FALSE
4125232,"gate_30",68,TRUE,TRUE
4125313,"gate_30",113,TRUE,TRUE
4125396,"gate_40",38,TRUE,FALSE
4125502,"gate_30",13,FALSE,FALSE
4125668,"gate_40",31,FALSE,FALSE
4126021,"gate_40",0,FALSE,FALSE
4126032,"gate_40",2,FALSE,FALSE
4126167,"gate_30",41,TRUE,FALSE
4126316,"gate_40",46,TRUE,FALSE
4126410,"gate_40",470,TRUE,TRUE
4126458,"gate_40",13,FALSE,FALSE
4126583,"gate_40",7,FALSE,FALSE
4126595,"gate_40",19,FALSE,TRUE
4126799,"gate_30",1,FALSE,FALSE
4126930,"gate_40",0,FALSE,FALSE
4126948,"gate_40",4,FALSE,FALSE
4126966,"gate_30",37,TRUE,FALSE
4127022,"gate_30",6,FALSE,FALSE
4127104,"gate_30",30,TRUE,FALSE
4127356,"gate_30",4,TRUE,FALSE
4127405,"gate_40",933,TRUE,TRUE
4127517,"gate_40",156,TRUE,FALSE
4127599,"gate_30",61,TRUE,FALSE
4127619,"gate_40",5,FALSE,FALSE
4128038,"gate_30",14,TRUE,FALSE
4128083,"gate_40",28,TRUE,FALSE
4128496,"gate_30",16,FALSE,FALSE
4128572,"gate_40",8,TRUE,FALSE
4128728,"gate_40",1,FALSE,FALSE
4128835,"gate_40",103,TRUE,TRUE
4128839,"gate_30",50,TRUE,FALSE
4128844,"gate_30",12,TRUE,FALSE
4128957,"gate_30",14,FALSE,FALSE
4129014,"gate_40",15,FALSE,TRUE
4129084,"gate_30",0,FALSE,FALSE
4129106,"gate_30",1,FALSE,FALSE
4129208,"gate_30",4,FALSE,FALSE
4129273,"gate_40",3,FALSE,FALSE
4129428,"gate_40",13,FALSE,FALSE
4129463,"gate_30",46,TRUE,FALSE
4129466,"gate_40",54,FALSE,FALSE
4129492,"gate_30",6,TRUE,FALSE
4129561,"gate_40",7,FALSE,FALSE
4129578,"gate_40",7,TRUE,FALSE
4129697,"gate_30",11,FALSE,FALSE
4129745,"gate_30",12,FALSE,FALSE
4129853,"gate_30",30,TRUE,FALSE
4130091,"gate_40",20,FALSE,FALSE
4130092,"gate_30",19,FALSE,FALSE
4130166,"gate_40",855,TRUE,TRUE
4130219,"gate_30",7,FALSE,FALSE
4130270,"gate_40",53,TRUE,FALSE
4130340,"gate_40",11,FALSE,FALSE
4130415,"gate_30",19,FALSE,FALSE
4130508,"gate_40",5,FALSE,FALSE
4130810,"gate_40",9,FALSE,FALSE
4130980,"gate_30",1,FALSE,FALSE
4131002,"gate_30",72,TRUE,FALSE
4131256,"gate_30",5,FALSE,FALSE
4131372,"gate_30",4,FALSE,FALSE
4131395,"gate_40",445,TRUE,TRUE
4131721,"gate_40",66,TRUE,FALSE
4131749,"gate_40",182,TRUE,TRUE
4131794,"gate_40",1,FALSE,FALSE
4131805,"gate_40",64,TRUE,FALSE
4132018,"gate_40",21,TRUE,FALSE
4132134,"gate_40",1,FALSE,FALSE
4132210,"gate_40",37,FALSE,FALSE
4132228,"gate_30",455,FALSE,FALSE
4132238,"gate_40",0,FALSE,FALSE
4132249,"gate_30",50,FALSE,FALSE
4132309,"gate_40",21,TRUE,FALSE
4132370,"gate_30",8,FALSE,FALSE
4132512,"gate_30",24,FALSE,FALSE
4132565,"gate_40",12,TRUE,FALSE
4132663,"gate_30",69,TRUE,TRUE
4132682,"gate_30",26,TRUE,FALSE
4132687,"gate_40",28,TRUE,FALSE
4132817,"gate_30",59,TRUE,TRUE
4133070,"gate_40",226,TRUE,TRUE
4133182,"gate_40",6,FALSE,FALSE
4133476,"gate_30",2,FALSE,FALSE
4133515,"gate_40",0,FALSE,FALSE
4133527,"gate_40",33,TRUE,FALSE
4133707,"gate_40",2,FALSE,FALSE
4133759,"gate_40",85,TRUE,FALSE
4133856,"gate_40",6,FALSE,FALSE
4133959,"gate_30",9,FALSE,FALSE
4133992,"gate_30",1,FALSE,FALSE
4134144,"gate_30",36,FALSE,TRUE
4134213,"gate_30",2,FALSE,FALSE
4134416,"gate_40",12,FALSE,FALSE
4134592,"gate_40",13,FALSE,FALSE
4134656,"gate_30",1,FALSE,FALSE
4134850,"gate_30",32,TRUE,FALSE
4134904,"gate_40",82,FALSE,FALSE
4134907,"gate_40",5,FALSE,FALSE
4135188,"gate_40",21,FALSE,FALSE
4135318,"gate_40",1,FALSE,FALSE
4135419,"gate_30",1,FALSE,FALSE
4135447,"gate_30",18,FALSE,FALSE
4135509,"gate_30",19,FALSE,FALSE
4135543,"gate_30",1,FALSE,FALSE
4135776,"gate_30",8,TRUE,FALSE
4135904,"gate_40",5,FALSE,FALSE
4136619,"gate_40",287,TRUE,TRUE
4136822,"gate_30",9,TRUE,FALSE
4136867,"gate_40",353,TRUE,FALSE
4136974,"gate_40",7,FALSE,FALSE
4137057,"gate_30",144,TRUE,FALSE
4137122,"gate_30",7,FALSE,FALSE
4137146,"gate_30",173,TRUE,TRUE
4137298,"gate_30",4,FALSE,FALSE
4137788,"gate_30",10,FALSE,FALSE
4137884,"gate_40",31,FALSE,TRUE
4138031,"gate_30",2,FALSE,FALSE
4138249,"gate_30",71,TRUE,FALSE
4138421,"gate_40",1,FALSE,FALSE
4138506,"gate_40",3,FALSE,FALSE
4138590,"gate_40",0,FALSE,FALSE
4138707,"gate_30",0,FALSE,FALSE
4138715,"gate_30",12,FALSE,FALSE
4138878,"gate_40",4,FALSE,FALSE
4138970,"gate_40",20,TRUE,FALSE
4138994,"gate_40",24,FALSE,FALSE
4139126,"gate_40",14,FALSE,FALSE
4139193,"gate_30",28,TRUE,FALSE
4139384,"gate_40",2,FALSE,FALSE
4139629,"gate_40",33,FALSE,FALSE
4139634,"gate_30",2,FALSE,FALSE
4139927,"gate_40",51,TRUE,FALSE
4140046,"gate_30",4,TRUE,FALSE
4140094,"gate_30",24,TRUE,FALSE
4140157,"gate_40",17,FALSE,FALSE
4140235,"gate_40",1,FALSE,FALSE
4140246,"gate_30",1,FALSE,FALSE
4140435,"gate_40",14,FALSE,FALSE
4140484,"gate_40",14,TRUE,FALSE
4140642,"gate_40",104,TRUE,FALSE
4140761,"gate_40",0,FALSE,FALSE
4140915,"gate_40",5,FALSE,FALSE
4141081,"gate_30",641,TRUE,TRUE
4141114,"gate_40",37,TRUE,TRUE
4141124,"gate_40",248,TRUE,FALSE
4141132,"gate_40",14,FALSE,FALSE
4141183,"gate_30",18,FALSE,FALSE
4141195,"gate_40",1,FALSE,FALSE
4141359,"gate_30",42,TRUE,FALSE
4141437,"gate_30",29,TRUE,FALSE
4141496,"gate_40",19,FALSE,FALSE
4141720,"gate_40",3,FALSE,TRUE
4141783,"gate_30",10,TRUE,FALSE
4141947,"gate_40",42,TRUE,TRUE
4142219,"gate_30",11,FALSE,TRUE
4142347,"gate_30",47,TRUE,FALSE
4142396,"gate_30",4,FALSE,FALSE
4142409,"gate_40",73,TRUE,FALSE
4142440,"gate_30",1,FALSE,FALSE
4142471,"gate_30",1,FALSE,FALSE
4142726,"gate_40",42,FALSE,TRUE
4142806,"gate_40",5,TRUE,FALSE
4142947,"gate_40",229,TRUE,FALSE
4143228,"gate_30",41,FALSE,TRUE
4143320,"gate_30",0,FALSE,FALSE
4143330,"gate_40",61,FALSE,FALSE
4143447,"gate_40",53,TRUE,FALSE
4143475,"gate_40",1,FALSE,FALSE
4143652,"gate_30",147,TRUE,TRUE
4143836,"gate_40",17,FALSE,FALSE
4143895,"gate_40",3,FALSE,FALSE
4144057,"gate_40",12,TRUE,FALSE
4144105,"gate_40",45,TRUE,FALSE
4144156,"gate_40",89,FALSE,TRUE
4144342,"gate_30",254,TRUE,FALSE
4144440,"gate_30",28,FALSE,FALSE
4144538,"gate_40",5,FALSE,FALSE
4144708,"gate_30",100,TRUE,TRUE
4145117,"gate_40",0,FALSE,FALSE
4145212,"gate_40",6,FALSE,FALSE
4145249,"gate_30",38,TRUE,FALSE
4145332,"gate_40",30,TRUE,FALSE
4145432,"gate_40",8,FALSE,FALSE
4145757,"gate_30",139,FALSE,TRUE
4145786,"gate_40",307,TRUE,TRUE
4145917,"gate_40",14,FALSE,FALSE
4146020,"gate_40",37,TRUE,FALSE
4146167,"gate_40",69,TRUE,TRUE
4146598,"gate_30",25,FALSE,FALSE
4146613,"gate_40",14,TRUE,FALSE
4146743,"gate_40",15,FALSE,FALSE
4146994,"gate_30",28,TRUE,TRUE
4147149,"gate_30",178,TRUE,TRUE
4147219,"gate_30",35,TRUE,FALSE
4147249,"gate_30",214,TRUE,TRUE
4147432,"gate_30",56,TRUE,FALSE
4147574,"gate_40",10,FALSE,FALSE
4147763,"gate_30",37,FALSE,FALSE
4147857,"gate_30",9,FALSE,FALSE
4148001,"gate_40",412,TRUE,TRUE
4148148,"gate_30",5,FALSE,FALSE
4148220,"gate_40",52,TRUE,TRUE
4148248,"gate_30",0,FALSE,FALSE
4148256,"gate_40",40,TRUE,FALSE
4148276,"gate_40",50,TRUE,TRUE
4148321,"gate_40",0,FALSE,FALSE
4148413,"gate_40",1,FALSE,FALSE
4148475,"gate_30",4,FALSE,FALSE
4148677,"gate_30",1,FALSE,FALSE
4148801,"gate_40",0,FALSE,FALSE
4148899,"gate_30",46,TRUE,TRUE
4149101,"gate_30",4,FALSE,FALSE
4149226,"gate_30",5,FALSE,FALSE
4149432,"gate_30",66,TRUE,FALSE
4149631,"gate_30",4,FALSE,FALSE
4149635,"gate_40",20,TRUE,FALSE
4149711,"gate_30",4,TRUE,FALSE
4149870,"gate_40",0,FALSE,FALSE
4149942,"gate_30",41,TRUE,TRUE
4149965,"gate_40",12,FALSE,FALSE
4150207,"gate_30",12,FALSE,TRUE
4150282,"gate_40",34,FALSE,FALSE
4150310,"gate_30",50,TRUE,FALSE
4150429,"gate_40",19,TRUE,FALSE
4150490,"gate_40",3,FALSE,FALSE
4150569,"gate_40",12,FALSE,FALSE
4150653,"gate_40",3,FALSE,FALSE
4150739,"gate_40",3,FALSE,FALSE
4150800,"gate_30",50,TRUE,FALSE
4150822,"gate_40",78,TRUE,FALSE
4150919,"gate_40",10,FALSE,FALSE
4151144,"gate_30",214,TRUE,TRUE
4151614,"gate_40",54,TRUE,FALSE
4151687,"gate_40",67,TRUE,FALSE
4151867,"gate_40",30,FALSE,FALSE
4151871,"gate_40",49,FALSE,FALSE
4151899,"gate_40",246,FALSE,TRUE
4151999,"gate_30",20,TRUE,FALSE
4152006,"gate_30",183,TRUE,FALSE
4152120,"gate_30",53,TRUE,FALSE
4152178,"gate_30",0,FALSE,FALSE
4152223,"gate_40",8,FALSE,FALSE
4152261,"gate_40",54,FALSE,TRUE
4152286,"gate_40",344,TRUE,FALSE
4152290,"gate_40",3,FALSE,FALSE
4152525,"gate_30",15,FALSE,FALSE
4152590,"gate_40",89,TRUE,FALSE
4152682,"gate_30",40,TRUE,FALSE
4152864,"gate_40",32,FALSE,FALSE
4152941,"gate_30",60,TRUE,FALSE
4153013,"gate_40",624,TRUE,TRUE
4153070,"gate_30",16,TRUE,FALSE
4153114,"gate_40",6,FALSE,FALSE
4153141,"gate_30",17,FALSE,FALSE
4153174,"gate_40",82,TRUE,FALSE
4153215,"gate_40",5,FALSE,FALSE
4153261,"gate_30",5,FALSE,FALSE
4153286,"gate_30",11,FALSE,FALSE
4153321,"gate_40",19,FALSE,TRUE
4153359,"gate_40",6,FALSE,FALSE
4153398,"gate_30",35,FALSE,FALSE
4153499,"gate_30",39,TRUE,FALSE
4153878,"gate_40",17,FALSE,FALSE
4154018,"gate_40",149,TRUE,FALSE
4154034,"gate_30",203,TRUE,TRUE
4154270,"gate_30",30,TRUE,FALSE
4154337,"gate_40",0,FALSE,FALSE
4154785,"gate_40",13,FALSE,FALSE
4155222,"gate_40",1,FALSE,FALSE
4155319,"gate_40",33,TRUE,FALSE
4155446,"gate_30",4,FALSE,FALSE
4155861,"gate_30",6,FALSE,FALSE
4155898,"gate_40",7,TRUE,FALSE
4155900,"gate_30",5,FALSE,FALSE
4156013,"gate_30",5,FALSE,FALSE
4156032,"gate_30",115,TRUE,FALSE
4156102,"gate_30",5,FALSE,FALSE
4156272,"gate_40",26,FALSE,FALSE
4156289,"gate_40",6,FALSE,FALSE
4156292,"gate_30",111,TRUE,TRUE
4156534,"gate_30",130,FALSE,TRUE
4156626,"gate_40",4,FALSE,FALSE
4156627,"gate_30",49,FALSE,FALSE
4156698,"gate_30",55,FALSE,FALSE
4156821,"gate_40",68,TRUE,FALSE
4156905,"gate_30",1,FALSE,FALSE
4156918,"gate_30",5,FALSE,FALSE
4156960,"gate_30",14,TRUE,FALSE
4157132,"gate_30",38,TRUE,FALSE
4157137,"gate_40",3,FALSE,FALSE
4157343,"gate_30",3,FALSE,FALSE
4157383,"gate_40",5,FALSE,FALSE
4157403,"gate_30",14,FALSE,FALSE
4157520,"gate_40",0,FALSE,FALSE
4157626,"gate_40",10,FALSE,FALSE
4157779,"gate_40",8,FALSE,FALSE
4157800,"gate_40",18,TRUE,FALSE
4157886,"gate_40",15,FALSE,FALSE
4157968,"gate_40",45,TRUE,FALSE
4157979,"gate_30",1,FALSE,FALSE
4158042,"gate_40",24,TRUE,FALSE
4158122,"gate_30",23,TRUE,TRUE
4158163,"gate_40",184,TRUE,TRUE
4158330,"gate_30",24,FALSE,FALSE
4158361,"gate_40",109,TRUE,FALSE
4158369,"gate_40",112,TRUE,FALSE
4158462,"gate_40",35,FALSE,FALSE
4158549,"gate_40",15,FALSE,FALSE
4158771,"gate_30",6,FALSE,FALSE
4158963,"gate_30",7,FALSE,FALSE
4159066,"gate_40",36,TRUE,TRUE
4159164,"gate_30",51,TRUE,FALSE
4159165,"gate_40",23,TRUE,TRUE
4159329,"gate_30",19,FALSE,FALSE
4159420,"gate_30",8,FALSE,FALSE
4159429,"gate_30",101,TRUE,FALSE
4159463,"gate_40",35,TRUE,FALSE
4159530,"gate_40",54,TRUE,FALSE
4159537,"gate_30",13,FALSE,FALSE
4159599,"gate_30",77,TRUE,TRUE
4159876,"gate_30",3,FALSE,FALSE
4159913,"gate_40",1,FALSE,FALSE
4159933,"gate_40",12,TRUE,FALSE
4159977,"gate_30",29,TRUE,FALSE
4160188,"gate_30",1,FALSE,FALSE
4160232,"gate_30",1,FALSE,FALSE
4160285,"gate_30",261,TRUE,TRUE
4160350,"gate_30",13,FALSE,FALSE
4160365,"gate_40",7,FALSE,FALSE
4160505,"gate_30",200,TRUE,TRUE
4160560,"gate_40",23,FALSE,FALSE
4160702,"gate_40",372,TRUE,TRUE
4160790,"gate_40",55,TRUE,FALSE
4161016,"gate_30",10,TRUE,FALSE
4161022,"gate_30",65,FALSE,FALSE
4161054,"gate_30",21,TRUE,FALSE
4161057,"gate_30",9,FALSE,FALSE
4161137,"gate_30",380,TRUE,FALSE
4161157,"gate_40",3,FALSE,TRUE
4161281,"gate_30",55,TRUE,FALSE
4161328,"gate_30",34,TRUE,FALSE
4161496,"gate_40",125,TRUE,FALSE
4161500,"gate_40",16,TRUE,FALSE
4161519,"gate_40",490,TRUE,TRUE
4161611,"gate_40",144,TRUE,FALSE
4161784,"gate_40",6,FALSE,FALSE
4161990,"gate_30",2,FALSE,FALSE
4162040,"gate_40",2,FALSE,FALSE
4162187,"gate_30",51,FALSE,FALSE
4162318,"gate_30",7,TRUE,FALSE
4162389,"gate_40",0,FALSE,FALSE
4162512,"gate_40",438,TRUE,TRUE
4162614,"gate_30",19,FALSE,FALSE
4162683,"gate_30",27,TRUE,FALSE
4162781,"gate_40",53,TRUE,FALSE
4162808,"gate_40",19,TRUE,FALSE
4162884,"gate_40",5,FALSE,FALSE
4163116,"gate_30",2,FALSE,FALSE
4163181,"gate_40",56,FALSE,TRUE
4163237,"gate_40",4,FALSE,FALSE
4163250,"gate_30",46,FALSE,TRUE
4163274,"gate_30",3,FALSE,FALSE
4163299,"gate_30",5,FALSE,FALSE
4163432,"gate_30",11,TRUE,FALSE
4163532,"gate_30",15,FALSE,FALSE
4163641,"gate_30",103,TRUE,FALSE
4163746,"gate_40",12,FALSE,FALSE
4163880,"gate_30",106,TRUE,TRUE
4163950,"gate_40",8,FALSE,FALSE
4164134,"gate_40",34,FALSE,FALSE
4164144,"gate_30",6,FALSE,FALSE
4164228,"gate_30",69,TRUE,FALSE
4164487,"gate_40",0,FALSE,FALSE
4164499,"gate_30",94,TRUE,TRUE
4164728,"gate_40",11,TRUE,FALSE
4164763,"gate_40",4,FALSE,FALSE
4164897,"gate_40",9,FALSE,FALSE
4164905,"gate_40",217,TRUE,TRUE
4164992,"gate_30",259,TRUE,TRUE
4165228,"gate_40",13,FALSE,FALSE
4165284,"gate_40",0,FALSE,FALSE
4165515,"gate_30",3,FALSE,FALSE
4165872,"gate_40",1,FALSE,FALSE
4165936,"gate_40",31,TRUE,FALSE
4165945,"gate_40",8,TRUE,FALSE
4166123,"gate_30",182,TRUE,TRUE
4166282,"gate_40",11,FALSE,FALSE
4166293,"gate_30",99,TRUE,FALSE
4166400,"gate_40",70,TRUE,FALSE
4166408,"gate_40",51,TRUE,FALSE
4166453,"gate_30",259,TRUE,TRUE
4166569,"gate_40",42,TRUE,FALSE
4166691,"gate_40",1,FALSE,FALSE
4166796,"gate_40",69,TRUE,FALSE
4166935,"gate_30",4,FALSE,FALSE
4166941,"gate_40",12,TRUE,FALSE
4166950,"gate_30",122,FALSE,TRUE
4167135,"gate_40",6,FALSE,FALSE
4167262,"gate_40",6,FALSE,FALSE
4167339,"gate_30",0,FALSE,FALSE
4167491,"gate_30",55,TRUE,FALSE
4167534,"gate_30",1,FALSE,FALSE
4167810,"gate_30",11,FALSE,FALSE
4167945,"gate_30",0,FALSE,FALSE
4168025,"gate_40",21,FALSE,FALSE
4168106,"gate_40",6,TRUE,FALSE
4168153,"gate_30",174,TRUE,TRUE
4168251,"gate_30",60,TRUE,TRUE
4168273,"gate_30",1,FALSE,FALSE
4168425,"gate_30",15,FALSE,FALSE
4168477,"gate_40",75,FALSE,TRUE
4168499,"gate_40",66,FALSE,FALSE
4168812,"gate_30",617,TRUE,TRUE
4169206,"gate_30",8,TRUE,FALSE
4169317,"gate_30",11,FALSE,FALSE
4169318,"gate_30",37,TRUE,FALSE
4169377,"gate_40",3,FALSE,FALSE
4169384,"gate_30",27,TRUE,FALSE
4169823,"gate_30",49,TRUE,FALSE
4169834,"gate_30",38,FALSE,TRUE
4169987,"gate_30",95,TRUE,TRUE
4170009,"gate_30",3,FALSE,FALSE
4170057,"gate_40",18,FALSE,TRUE
4170063,"gate_30",44,TRUE,TRUE
4170446,"gate_40",19,FALSE,TRUE
4170456,"gate_30",112,TRUE,TRUE
4170634,"gate_30",260,TRUE,TRUE
4170760,"gate_40",14,FALSE,FALSE
4170797,"gate_40",2,FALSE,FALSE
4171120,"gate_30",123,TRUE,FALSE
4171186,"gate_40",6,FALSE,FALSE
4171446,"gate_40",89,TRUE,FALSE
4171479,"gate_30",14,TRUE,FALSE
4171705,"gate_40",24,FALSE,FALSE
4171832,"gate_30",0,FALSE,FALSE
4171898,"gate_30",3,FALSE,FALSE
4171901,"gate_30",200,TRUE,FALSE
4172111,"gate_30",22,FALSE,FALSE
4172154,"gate_40",87,TRUE,FALSE
4172306,"gate_40",19,TRUE,FALSE
4172434,"gate_40",83,FALSE,FALSE
4172475,"gate_30",513,TRUE,TRUE
4172602,"gate_40",12,FALSE,FALSE
4172673,"gate_30",15,FALSE,FALSE
4172819,"gate_40",76,TRUE,FALSE
4172849,"gate_40",0,FALSE,FALSE
4172881,"gate_30",2,FALSE,FALSE
4173161,"gate_40",139,TRUE,FALSE
4173240,"gate_30",7,FALSE,FALSE
4173402,"gate_30",4,FALSE,FALSE
4173510,"gate_40",22,TRUE,FALSE
4173573,"gate_30",418,TRUE,TRUE
4173691,"gate_40",51,FALSE,FALSE
4173725,"gate_30",17,TRUE,TRUE
4173859,"gate_40",7,TRUE,FALSE
4173966,"gate_30",1,FALSE,FALSE
4173989,"gate_40",80,TRUE,FALSE
4174127,"gate_40",34,FALSE,FALSE
4174165,"gate_40",88,FALSE,TRUE
4174249,"gate_30",22,FALSE,FALSE
4174411,"gate_30",21,TRUE,FALSE
4174580,"gate_40",263,TRUE,TRUE
4174645,"gate_30",36,TRUE,FALSE
4174669,"gate_30",4,FALSE,FALSE
4175374,"gate_40",5,FALSE,FALSE
4175436,"gate_40",8,FALSE,FALSE
4175576,"gate_30",33,TRUE,FALSE
4175669,"gate_30",1,FALSE,FALSE
4175728,"gate_40",198,FALSE,FALSE
4175810,"gate_40",6,FALSE,FALSE
4175812,"gate_30",60,TRUE,FALSE
4175904,"gate_30",19,TRUE,FALSE
4176062,"gate_40",29,TRUE,FALSE
4176281,"gate_30",89,TRUE,FALSE
4176293,"gate_30",33,FALSE,FALSE
4176376,"gate_30",355,TRUE,TRUE
4176489,"gate_30",5,FALSE,FALSE
4176613,"gate_30",105,TRUE,FALSE
4176747,"gate_40",10,TRUE,FALSE
4176764,"gate_30",25,FALSE,TRUE
4176832,"gate_30",22,FALSE,FALSE
4176893,"gate_40",0,FALSE,FALSE
4176981,"gate_30",128,TRUE,FALSE
4177058,"gate_30",67,TRUE,FALSE
4177364,"gate_30",25,TRUE,TRUE
4177414,"gate_30",142,TRUE,TRUE
4177539,"gate_40",86,TRUE,TRUE
4178019,"gate_40",74,TRUE,FALSE
4178029,"gate_40",2,FALSE,FALSE
4178032,"gate_40",206,TRUE,FALSE
4178205,"gate_30",89,FALSE,TRUE
4178346,"gate_30",605,TRUE,TRUE
4178461,"gate_30",158,TRUE,FALSE
4178553,"gate_40",523,TRUE,TRUE
4178572,"gate_30",33,FALSE,FALSE
4178627,"gate_30",61,TRUE,FALSE
4178692,"gate_40",61,FALSE,FALSE
4178826,"gate_30",5,FALSE,FALSE
4178854,"gate_30",16,FALSE,FALSE
4178861,"gate_40",43,FALSE,FALSE
4178868,"gate_40",103,TRUE,FALSE
4178909,"gate_40",21,TRUE,FALSE
4179074,"gate_30",222,TRUE,FALSE
4179130,"gate_40",20,FALSE,FALSE
4179175,"gate_40",95,TRUE,TRUE
4179200,"gate_40",1,FALSE,FALSE
4179215,"gate_30",7,FALSE,FALSE
4179292,"gate_40",188,TRUE,FALSE
4179328,"gate_30",1,FALSE,FALSE
4179462,"gate_30",2,FALSE,FALSE
4179506,"gate_30",143,FALSE,TRUE
4179615,"gate_30",9,FALSE,FALSE
4179729,"gate_40",244,TRUE,TRUE
4179856,"gate_30",116,TRUE,TRUE
4179947,"gate_30",4,FALSE,FALSE
4179980,"gate_40",440,TRUE,TRUE
4180011,"gate_30",25,FALSE,FALSE
4180070,"gate_40",45,FALSE,TRUE
4180190,"gate_40",4,FALSE,FALSE
4180221,"gate_40",2,FALSE,FALSE
4180300,"gate_30",8,FALSE,FALSE
4180414,"gate_30",1,FALSE,FALSE
4180522,"gate_40",0,FALSE,FALSE
4180684,"gate_40",11,TRUE,FALSE
4180998,"gate_30",0,FALSE,FALSE
4181166,"gate_40",369,TRUE,TRUE
4181191,"gate_30",21,FALSE,FALSE
4181383,"gate_40",3,FALSE,FALSE
4181498,"gate_40",6,FALSE,FALSE
4181572,"gate_30",109,TRUE,FALSE
4181958,"gate_40",8,FALSE,FALSE
4182094,"gate_30",238,TRUE,TRUE
4182153,"gate_30",22,FALSE,FALSE
4182175,"gate_40",9,TRUE,FALSE
4182311,"gate_40",14,TRUE,FALSE
4182626,"gate_30",24,FALSE,FALSE
4182649,"gate_40",44,TRUE,FALSE
4182684,"gate_40",14,TRUE,FALSE
4182700,"gate_40",54,TRUE,FALSE
4182737,"gate_40",23,TRUE,FALSE
4182815,"gate_30",53,TRUE,FALSE
4182896,"gate_40",1,FALSE,FALSE
4183081,"gate_30",76,TRUE,TRUE
4183228,"gate_30",37,TRUE,FALSE
4183292,"gate_30",37,TRUE,TRUE
4183382,"gate_40",2,FALSE,FALSE
4183413,"gate_40",1,FALSE,FALSE
4183443,"gate_40",43,TRUE,TRUE
4183908,"gate_40",5,FALSE,FALSE
4184190,"gate_40",148,TRUE,TRUE
4184324,"gate_40",348,TRUE,TRUE
4184341,"gate_40",9,FALSE,FALSE
4184363,"gate_30",62,TRUE,FALSE
4184404,"gate_30",4,FALSE,FALSE
4184476,"gate_30",81,TRUE,FALSE
4184553,"gate_40",34,TRUE,FALSE
4184610,"gate_40",8,FALSE,FALSE
4184679,"gate_40",475,TRUE,TRUE
4184785,"gate_40",17,TRUE,FALSE
4184789,"gate_40",210,TRUE,TRUE
4184879,"gate_40",2,FALSE,FALSE
4184887,"gate_40",1,FALSE,FALSE
4184908,"gate_30",431,TRUE,TRUE
4185138,"gate_30",4,FALSE,FALSE
4185278,"gate_30",28,TRUE,FALSE
4185448,"gate_40",39,TRUE,FALSE
4185817,"gate_40",8,FALSE,FALSE
4185892,"gate_30",17,FALSE,FALSE
4185933,"gate_40",13,FALSE,FALSE
4185958,"gate_40",9,FALSE,FALSE
4185999,"gate_30",24,TRUE,FALSE
4186081,"gate_40",0,FALSE,FALSE
4186142,"gate_30",13,TRUE,TRUE
4186186,"gate_40",22,TRUE,FALSE
4186232,"gate_40",23,FALSE,FALSE
4186426,"gate_40",2,FALSE,FALSE
4186545,"gate_40",7,TRUE,FALSE
4186743,"gate_30",42,TRUE,FALSE
4186746,"gate_30",25,FALSE,FALSE
4187020,"gate_30",13,TRUE,FALSE
4187080,"gate_30",6,FALSE,FALSE
4187411,"gate_40",1,FALSE,FALSE
4187484,"gate_30",18,FALSE,FALSE
4187572,"gate_40",3,FALSE,FALSE
4187672,"gate_30",1,FALSE,FALSE
4187779,"gate_40",11,TRUE,FALSE
4187950,"gate_40",20,FALSE,TRUE
4188286,"gate_40",23,FALSE,FALSE
4188480,"gate_30",1,FALSE,FALSE
4188543,"gate_30",9,FALSE,FALSE
4188687,"gate_40",27,FALSE,FALSE
4188813,"gate_30",103,TRUE,FALSE
4189201,"gate_40",2,FALSE,FALSE
4189349,"gate_40",26,FALSE,FALSE
4189497,"gate_30",13,FALSE,FALSE
4189640,"gate_40",6,FALSE,FALSE
4189657,"gate_30",142,TRUE,TRUE
4189820,"gate_40",1,FALSE,FALSE
4189834,"gate_30",4,FALSE,FALSE
4190027,"gate_40",6,FALSE,FALSE
4190056,"gate_30",12,TRUE,FALSE
4190134,"gate_40",24,FALSE,FALSE
4190522,"gate_40",7,FALSE,FALSE
4190562,"gate_30",6,TRUE,TRUE
4190617,"gate_40",16,TRUE,FALSE
4190768,"gate_30",14,FALSE,TRUE
4190855,"gate_30",14,FALSE,FALSE
4190929,"gate_30",1,FALSE,FALSE
4190937,"gate_40",51,TRUE,FALSE
4191270,"gate_30",25,FALSE,TRUE
4191421,"gate_30",47,FALSE,FALSE
4191771,"gate_40",14,TRUE,FALSE
4191903,"gate_30",30,TRUE,FALSE
4192021,"gate_30",32,TRUE,FALSE
4192094,"gate_40",499,TRUE,TRUE
4192173,"gate_30",21,FALSE,FALSE
4192306,"gate_30",17,TRUE,FALSE
4192477,"gate_40",6,FALSE,FALSE
4192492,"gate_40",96,TRUE,FALSE
4192558,"gate_40",5,TRUE,TRUE
4192578,"gate_30",176,TRUE,FALSE
4192708,"gate_30",0,FALSE,FALSE
4192825,"gate_40",75,TRUE,TRUE
4192974,"gate_30",11,TRUE,FALSE
4192986,"gate_40",1,FALSE,FALSE
4193097,"gate_40",20,FALSE,FALSE
4193140,"gate_40",0,FALSE,FALSE
4193207,"gate_40",61,TRUE,TRUE
4193584,"gate_40",66,FALSE,FALSE
4193610,"gate_40",5,FALSE,FALSE
4193617,"gate_30",4,FALSE,FALSE
4193793,"gate_30",14,FALSE,FALSE
4194271,"gate_30",9,FALSE,FALSE
4194436,"gate_30",6,TRUE,FALSE
4194474,"gate_40",8,TRUE,FALSE
4194478,"gate_30",55,TRUE,TRUE
4194651,"gate_30",2,FALSE,FALSE
4194722,"gate_40",1,FALSE,FALSE
4194794,"gate_40",68,TRUE,FALSE
4194841,"gate_40",90,TRUE,TRUE
4194870,"gate_30",35,TRUE,TRUE
4194928,"gate_40",17,FALSE,FALSE
4195032,"gate_40",17,TRUE,FALSE
4195140,"gate_30",7,FALSE,FALSE
4195161,"gate_40",1,FALSE,FALSE
4195244,"gate_30",394,TRUE,TRUE
4195306,"gate_40",41,TRUE,FALSE
4195335,"gate_40",3,FALSE,FALSE
4195580,"gate_30",16,TRUE,FALSE
4195664,"gate_40",7,FALSE,FALSE
4195957,"gate_40",2,FALSE,FALSE
4195963,"gate_30",13,FALSE,FALSE
4195990,"gate_30",2,FALSE,FALSE
4196110,"gate_40",20,FALSE,FALSE
4196228,"gate_40",96,TRUE,FALSE
4196315,"gate_30",71,TRUE,FALSE
4196525,"gate_30",0,FALSE,FALSE
4196630,"gate_40",94,TRUE,FALSE
4196689,"gate_40",4,FALSE,FALSE
4196901,"gate_30",0,FALSE,FALSE
4196913,"gate_30",22,TRUE,FALSE
4196961,"gate_30",14,FALSE,FALSE
4197078,"gate_40",25,TRUE,FALSE
4197123,"gate_40",69,TRUE,FALSE
4197394,"gate_40",78,TRUE,FALSE
4197513,"gate_40",3,FALSE,FALSE
4197737,"gate_40",1,FALSE,FALSE
4197854,"gate_40",1,FALSE,FALSE
4198111,"gate_40",250,FALSE,FALSE
4198237,"gate_40",4,FALSE,FALSE
4198298,"gate_30",72,TRUE,TRUE
4198486,"gate_40",13,FALSE,FALSE
4198499,"gate_30",31,FALSE,FALSE
4198604,"gate_40",26,FALSE,FALSE
4198627,"gate_30",1,FALSE,FALSE
4198821,"gate_30",17,TRUE,FALSE
4198962,"gate_30",114,TRUE,TRUE
4199012,"gate_30",56,TRUE,FALSE
4199026,"gate_40",68,TRUE,FALSE
4199035,"gate_30",4,TRUE,FALSE
4199231,"gate_30",120,FALSE,FALSE
4199496,"gate_40",7,FALSE,FALSE
4199504,"gate_40",1,FALSE,FALSE
4199510,"gate_30",1,FALSE,FALSE
4199678,"gate_30",11,FALSE,FALSE
4199853,"gate_40",6,FALSE,FALSE
4199866,"gate_30",124,TRUE,FALSE
4199968,"gate_30",4,FALSE,FALSE
4200032,"gate_30",3,FALSE,FALSE
4200219,"gate_30",71,TRUE,FALSE
4200309,"gate_40",1,FALSE,FALSE
4200317,"gate_40",13,FALSE,FALSE
4200841,"gate_40",15,FALSE,FALSE
4200856,"gate_30",226,TRUE,FALSE
4200893,"gate_40",59,TRUE,FALSE
4200897,"gate_40",4,FALSE,FALSE
4201056,"gate_30",44,FALSE,FALSE
4201152,"gate_40",27,TRUE,FALSE
4201177,"gate_30",10,TRUE,FALSE
4201291,"gate_30",0,FALSE,FALSE
4201390,"gate_40",6,FALSE,FALSE
4201496,"gate_40",5,FALSE,FALSE
4201628,"gate_30",49,TRUE,TRUE
4201668,"gate_30",148,FALSE,FALSE
4201794,"gate_40",1,FALSE,FALSE
4201922,"gate_40",43,TRUE,FALSE
4201934,"gate_40",13,TRUE,FALSE
4201940,"gate_30",17,FALSE,FALSE
4201962,"gate_40",2,FALSE,FALSE
4202028,"gate_30",14,TRUE,FALSE
4202184,"gate_30",150,TRUE,TRUE
4202538,"gate_30",19,FALSE,FALSE
4202566,"gate_40",62,FALSE,TRUE
4202691,"gate_30",139,TRUE,FALSE
4202758,"gate_30",76,FALSE,FALSE
4202910,"gate_40",55,TRUE,TRUE
4203002,"gate_40",0,FALSE,FALSE
4203204,"gate_40",12,FALSE,FALSE
4203292,"gate_40",10,FALSE,FALSE
4203882,"gate_40",2,FALSE,FALSE
4203999,"gate_30",26,TRUE,TRUE
4204003,"gate_30",10,TRUE,FALSE
4204219,"gate_40",116,TRUE,FALSE
4204369,"gate_30",4,FALSE,FALSE
4204440,"gate_40",79,TRUE,TRUE
4204457,"gate_40",181,TRUE,TRUE
4204459,"gate_40",1,FALSE,FALSE
4204701,"gate_40",5,FALSE,FALSE
4204734,"gate_40",0,FALSE,FALSE
4204748,"gate_40",63,TRUE,FALSE
4204852,"gate_40",15,FALSE,FALSE
4204855,"gate_30",268,TRUE,FALSE
4204866,"gate_30",10,TRUE,FALSE
4204894,"gate_30",1,FALSE,FALSE
4204925,"gate_40",2,FALSE,FALSE
4204954,"gate_40",52,TRUE,FALSE
4204989,"gate_40",2,FALSE,FALSE
4205150,"gate_40",86,TRUE,TRUE
4205290,"gate_30",309,TRUE,TRUE
4205307,"gate_40",44,TRUE,TRUE
4205326,"gate_40",3,TRUE,FALSE
4205580,"gate_30",7,FALSE,FALSE
4205638,"gate_30",0,FALSE,FALSE
4205809,"gate_30",185,TRUE,FALSE
4205850,"gate_30",114,TRUE,FALSE
4206144,"gate_30",18,FALSE,FALSE
4206235,"gate_40",3,FALSE,FALSE
4206311,"gate_40",109,TRUE,TRUE
4206464,"gate_30",163,FALSE,TRUE
4206662,"gate_30",13,FALSE,FALSE
4206844,"gate_30",6,FALSE,FALSE
4207124,"gate_40",0,FALSE,FALSE
4207144,"gate_30",4,FALSE,FALSE
4207169,"gate_30",29,TRUE,FALSE
4207174,"gate_30",30,FALSE,FALSE
4207213,"gate_30",152,TRUE,TRUE
4207270,"gate_40",110,TRUE,FALSE
4207391,"gate_40",1,FALSE,FALSE
4207523,"gate_30",11,FALSE,FALSE
4207596,"gate_30",346,TRUE,TRUE
4207633,"gate_40",67,TRUE,TRUE
4207701,"gate_40",61,TRUE,FALSE
4207827,"gate_40",40,FALSE,FALSE
4207835,"gate_40",51,TRUE,TRUE
4208050,"gate_40",14,FALSE,FALSE
4208337,"gate_30",43,FALSE,FALSE
4208448,"gate_30",126,TRUE,FALSE
4208544,"gate_30",12,TRUE,FALSE
4208558,"gate_40",14,TRUE,FALSE
4208788,"gate_40",106,TRUE,FALSE
4208819,"gate_40",45,TRUE,FALSE
4208873,"gate_40",23,FALSE,FALSE
4209174,"gate_40",1,FALSE,FALSE
4209195,"gate_30",29,TRUE,FALSE
4209213,"gate_40",11,FALSE,FALSE
4209366,"gate_30",24,TRUE,FALSE
4209401,"gate_40",2,FALSE,FALSE
4209447,"gate_30",27,TRUE,FALSE
4209584,"gate_30",38,TRUE,FALSE
4209667,"gate_40",15,FALSE,FALSE
4209677,"gate_40",0,FALSE,FALSE
4209753,"gate_40",8,FALSE,FALSE
4209760,"gate_30",77,TRUE,TRUE
4209793,"gate_30",5,FALSE,FALSE
4209983,"gate_30",1,FALSE,FALSE
4210019,"gate_40",3,FALSE,FALSE
4210219,"gate_40",37,FALSE,FALSE
4210306,"gate_40",223,FALSE,TRUE
4210344,"gate_40",27,TRUE,FALSE
4210447,"gate_40",3,FALSE,FALSE
4210498,"gate_40",20,TRUE,FALSE
4210540,"gate_40",4,FALSE,FALSE
4210737,"gate_40",8,TRUE,FALSE
4210745,"gate_30",49,TRUE,FALSE
4210827,"gate_40",32,TRUE,FALSE
4210863,"gate_40",36,TRUE,FALSE
4211141,"gate_40",45,TRUE,FALSE
4211197,"gate_30",135,TRUE,TRUE
4211236,"gate_40",28,TRUE,FALSE
4211411,"gate_30",12,FALSE,FALSE
4211884,"gate_30",169,TRUE,TRUE
4211977,"gate_30",39,TRUE,FALSE
4212128,"gate_40",493,TRUE,TRUE
4212232,"gate_40",10,FALSE,FALSE
4212377,"gate_30",196,TRUE,FALSE
4212383,"gate_30",0,FALSE,FALSE
4212385,"gate_30",122,TRUE,FALSE
4212419,"gate_40",268,TRUE,TRUE
4212763,"gate_30",24,TRUE,FALSE
4212835,"gate_40",25,FALSE,FALSE
4212858,"gate_40",9,FALSE,FALSE
4213228,"gate_30",3,FALSE,FALSE
4213410,"gate_30",24,TRUE,FALSE
4213548,"gate_30",13,FALSE,FALSE
4213656,"gate_30",179,TRUE,FALSE
4213683,"gate_40",6,FALSE,FALSE
4213751,"gate_30",11,FALSE,FALSE
4213794,"gate_40",13,FALSE,FALSE
4213909,"gate_40",15,FALSE,FALSE
4213923,"gate_40",17,FALSE,FALSE
4213938,"gate_40",271,TRUE,TRUE
4214011,"gate_40",0,FALSE,FALSE
4214013,"gate_40",2,FALSE,FALSE
4214182,"gate_40",40,TRUE,FALSE
4214259,"gate_40",223,TRUE,TRUE
4214306,"gate_30",16,TRUE,FALSE
4214369,"gate_40",5,FALSE,FALSE
4214398,"gate_30",3,FALSE,FALSE
4214481,"gate_40",160,TRUE,FALSE
4214482,"gate_30",14,FALSE,FALSE
4214572,"gate_40",6,FALSE,FALSE
4214589,"gate_30",9,FALSE,FALSE
4214726,"gate_40",6,FALSE,FALSE
4215082,"gate_40",31,FALSE,FALSE
4215113,"gate_40",14,TRUE,FALSE
4215405,"gate_40",258,TRUE,TRUE
4215694,"gate_30",5,FALSE,FALSE
4215723,"gate_40",0,FALSE,FALSE
4215736,"gate_30",5,FALSE,FALSE
4215928,"gate_30",87,TRUE,FALSE
4215976,"gate_40",17,TRUE,FALSE
4216096,"gate_40",21,TRUE,FALSE
4216207,"gate_40",165,TRUE,FALSE
4216341,"gate_40",1,FALSE,FALSE
4216392,"gate_40",1,FALSE,FALSE
4216502,"gate_30",294,TRUE,TRUE
4216560,"gate_40",6,FALSE,FALSE
4217124,"gate_40",8,FALSE,FALSE
4217141,"gate_30",6,FALSE,FALSE
4217152,"gate_40",159,FALSE,TRUE
4217608,"gate_40",14,FALSE,FALSE
4217615,"gate_40",5,FALSE,FALSE
4217925,"gate_30",1,FALSE,FALSE
4217929,"gate_40",7,FALSE,FALSE
4218123,"gate_30",17,TRUE,FALSE
4218259,"gate_30",37,TRUE,FALSE
4218296,"gate_30",39,TRUE,FALSE
4218496,"gate_40",83,TRUE,TRUE
4218581,"gate_40",47,FALSE,FALSE
4218675,"gate_30",255,TRUE,TRUE
4218735,"gate_30",4,FALSE,FALSE
4218745,"gate_30",4,FALSE,FALSE
4219058,"gate_40",0,FALSE,FALSE
4219219,"gate_30",91,TRUE,FALSE
4219313,"gate_40",4,FALSE,FALSE
4219407,"gate_40",13,FALSE,FALSE
4219556,"gate_40",1,FALSE,FALSE
4220032,"gate_30",9,FALSE,FALSE
4220054,"gate_30",48,TRUE,TRUE
4220309,"gate_40",43,FALSE,FALSE
4220558,"gate_40",13,FALSE,FALSE
4220878,"gate_30",172,TRUE,FALSE
4221162,"gate_30",0,FALSE,FALSE
4221206,"gate_30",21,FALSE,FALSE
4221328,"gate_40",196,TRUE,TRUE
4221600,"gate_30",0,FALSE,FALSE
4221711,"gate_40",14,TRUE,FALSE
4221729,"gate_30",7,FALSE,FALSE
4221865,"gate_40",72,TRUE,FALSE
4221966,"gate_40",12,FALSE,FALSE
4222152,"gate_40",23,TRUE,TRUE
4222179,"gate_40",11,FALSE,TRUE
4222326,"gate_30",2,FALSE,FALSE
4222561,"gate_30",38,FALSE,TRUE
4222935,"gate_30",51,FALSE,TRUE
4222994,"gate_40",29,TRUE,TRUE
4223178,"gate_30",21,TRUE,FALSE
4223191,"gate_30",15,TRUE,FALSE
4223256,"gate_40",26,FALSE,FALSE
4223287,"gate_40",203,TRUE,FALSE
4223404,"gate_30",3,FALSE,FALSE
4223666,"gate_40",29,FALSE,FALSE
4223673,"gate_30",293,TRUE,TRUE
4223770,"gate_30",1,FALSE,FALSE
4223851,"gate_40",0,FALSE,FALSE
4224162,"gate_40",1,FALSE,FALSE
4224390,"gate_30",114,TRUE,FALSE
4224413,"gate_40",48,TRUE,FALSE
4224422,"gate_40",29,FALSE,FALSE
4224513,"gate_40",8,FALSE,FALSE
4224551,"gate_40",26,TRUE,FALSE
4224720,"gate_30",14,TRUE,FALSE
4224933,"gate_30",44,TRUE,FALSE
4225058,"gate_30",1,FALSE,FALSE
4225190,"gate_30",196,TRUE,FALSE
4225264,"gate_40",176,TRUE,FALSE
4225299,"gate_40",46,FALSE,FALSE
4225311,"gate_30",18,FALSE,FALSE
4225395,"gate_30",65,TRUE,TRUE
4225470,"gate_40",18,TRUE,FALSE
4225497,"gate_30",6,TRUE,FALSE
4225549,"gate_40",10,TRUE,FALSE
4225630,"gate_40",19,FALSE,FALSE
4225633,"gate_30",333,TRUE,TRUE
4225634,"gate_40",4,FALSE,FALSE
4225710,"gate_30",19,FALSE,FALSE
4225744,"gate_40",30,FALSE,TRUE
4225869,"gate_30",2,FALSE,FALSE
4225971,"gate_30",13,TRUE,FALSE
4226024,"gate_40",4,FALSE,FALSE
4226198,"gate_40",26,TRUE,FALSE
4226291,"gate_30",1,FALSE,FALSE
4226380,"gate_30",15,FALSE,FALSE
4226454,"gate_40",9,FALSE,FALSE
4226481,"gate_30",33,TRUE,FALSE
4226491,"gate_30",4,FALSE,FALSE
4226600,"gate_30",44,FALSE,FALSE
4226663,"gate_40",5,FALSE,FALSE
4227010,"gate_30",22,FALSE,FALSE
4227088,"gate_40",138,TRUE,TRUE
4227331,"gate_30",2,FALSE,FALSE
4227437,"gate_40",7,FALSE,FALSE
4227451,"gate_30",1,FALSE,FALSE
4227555,"gate_30",141,TRUE,TRUE
4227900,"gate_30",349,TRUE,TRUE
4228208,"gate_40",288,TRUE,FALSE
4228247,"gate_30",5,FALSE,FALSE
4228383,"gate_40",29,FALSE,FALSE
4228595,"gate_40",10,TRUE,FALSE
4228706,"gate_40",4,FALSE,FALSE
4228786,"gate_30",76,TRUE,FALSE
4228814,"gate_30",17,TRUE,FALSE
4228963,"gate_30",171,TRUE,FALSE
4229205,"gate_40",13,TRUE,FALSE
4229246,"gate_30",29,TRUE,FALSE
4229305,"gate_40",67,FALSE,FALSE
4229512,"gate_30",5,FALSE,FALSE
4229539,"gate_30",164,TRUE,TRUE
4229575,"gate_40",2,FALSE,FALSE
4229733,"gate_40",4,FALSE,FALSE
4229918,"gate_30",34,FALSE,FALSE
4230312,"gate_40",8,TRUE,FALSE
4230435,"gate_40",11,TRUE,FALSE
4230788,"gate_40",20,FALSE,FALSE
4230827,"gate_40",23,FALSE,FALSE
4230852,"gate_40",53,TRUE,TRUE
4230953,"gate_30",48,TRUE,FALSE
4231019,"gate_30",76,TRUE,TRUE
4231146,"gate_40",213,TRUE,FALSE
4231157,"gate_40",2,FALSE,FALSE
4231313,"gate_40",94,TRUE,TRUE
4231472,"gate_30",61,FALSE,TRUE
4231753,"gate_30",118,TRUE,TRUE
4231827,"gate_40",17,TRUE,TRUE
4231860,"gate_30",54,TRUE,FALSE
4231906,"gate_30",3,FALSE,FALSE
4231991,"gate_40",8,FALSE,FALSE
4232240,"gate_40",9,FALSE,FALSE
4232262,"gate_40",160,TRUE,TRUE
4232573,"gate_30",100,TRUE,FALSE
4232684,"gate_40",2,FALSE,TRUE
4232773,"gate_40",10,TRUE,FALSE
4232840,"gate_30",12,TRUE,FALSE
4232950,"gate_40",26,TRUE,FALSE
4232973,"gate_30",70,FALSE,TRUE
4233017,"gate_30",27,TRUE,FALSE
4233071,"gate_30",3,FALSE,FALSE
4233101,"gate_30",5,FALSE,FALSE
4233152,"gate_40",95,TRUE,TRUE
4233180,"gate_30",6,FALSE,FALSE
4233181,"gate_30",11,FALSE,FALSE
4233193,"gate_30",22,TRUE,FALSE
4233232,"gate_40",59,TRUE,FALSE
4233273,"gate_40",15,FALSE,FALSE
4233280,"gate_40",2,FALSE,FALSE
4233299,"gate_30",36,TRUE,FALSE
4233308,"gate_40",2,FALSE,FALSE
4233318,"gate_30",346,TRUE,TRUE
4233837,"gate_30",141,TRUE,TRUE
4233919,"gate_40",114,TRUE,FALSE
4233978,"gate_40",20,FALSE,FALSE
4234034,"gate_30",23,FALSE,FALSE
4234159,"gate_40",53,TRUE,FALSE
4234247,"gate_40",0,FALSE,FALSE
4234287,"gate_40",222,TRUE,FALSE
4234442,"gate_40",18,TRUE,FALSE
4234498,"gate_40",10,FALSE,FALSE
4234510,"gate_30",247,TRUE,TRUE
4234530,"gate_30",22,TRUE,TRUE
4234563,"gate_40",18,TRUE,FALSE
4234591,"gate_40",241,TRUE,TRUE
4234686,"gate_40",143,TRUE,TRUE
4234692,"gate_40",26,TRUE,FALSE
4234703,"gate_40",1,FALSE,FALSE
4235007,"gate_30",14,FALSE,FALSE
4235245,"gate_40",16,FALSE,FALSE
4235391,"gate_30",26,FALSE,FALSE
4235556,"gate_40",2,FALSE,TRUE
4235608,"gate_40",3,FALSE,FALSE
4235725,"gate_30",44,TRUE,FALSE
4235872,"gate_30",144,TRUE,TRUE
4236053,"gate_30",12,FALSE,FALSE
4236721,"gate_30",5,FALSE,FALSE
4236763,"gate_40",12,FALSE,FALSE
4236899,"gate_30",91,TRUE,TRUE
4236902,"gate_30",58,TRUE,FALSE
4236913,"gate_40",1,FALSE,FALSE
4237104,"gate_30",11,FALSE,FALSE
4237181,"gate_30",48,FALSE,FALSE
4237342,"gate_30",13,FALSE,FALSE
4237386,"gate_40",19,FALSE,FALSE
4237453,"gate_30",33,TRUE,FALSE
4237810,"gate_40",78,TRUE,FALSE
4237929,"gate_40",10,FALSE,FALSE
4237979,"gate_30",68,TRUE,TRUE
4238000,"gate_40",183,TRUE,FALSE
4238003,"gate_40",19,FALSE,FALSE
4238099,"gate_40",4,FALSE,FALSE
4238200,"gate_40",29,FALSE,FALSE
4238327,"gate_30",2,FALSE,FALSE
4238492,"gate_40",4,FALSE,FALSE
4238618,"gate_30",1,FALSE,FALSE
4238722,"gate_40",6,FALSE,FALSE
4238749,"gate_30",7,FALSE,FALSE
4238862,"gate_30",1,FALSE,FALSE
4238909,"gate_40",63,TRUE,FALSE
4238960,"gate_40",27,TRUE,FALSE
4239233,"gate_40",52,FALSE,FALSE
4239331,"gate_40",10,FALSE,FALSE
4239502,"gate_40",2,FALSE,FALSE
4240113,"gate_30",5,FALSE,FALSE
4240117,"gate_30",4,FALSE,FALSE
4240188,"gate_40",80,TRUE,FALSE
4240366,"gate_30",6,FALSE,FALSE
4240661,"gate_40",18,FALSE,FALSE
4240662,"gate_30",60,TRUE,FALSE
4240812,"gate_40",4,FALSE,FALSE
4240817,"gate_40",10,FALSE,TRUE
4240824,"gate_30",9,FALSE,FALSE
4240997,"gate_40",16,FALSE,FALSE
4241210,"gate_40",79,TRUE,TRUE
4241297,"gate_40",27,FALSE,FALSE
4241376,"gate_30",67,TRUE,TRUE
4241404,"gate_30",2,FALSE,FALSE
4241641,"gate_30",39,TRUE,FALSE
4241656,"gate_30",33,FALSE,FALSE
4241808,"gate_40",2,FALSE,FALSE
4241839,"gate_40",21,TRUE,FALSE
4241891,"gate_30",19,TRUE,FALSE
4242533,"gate_40",13,TRUE,FALSE
4242650,"gate_40",36,TRUE,TRUE
4242660,"gate_30",0,FALSE,FALSE
4242703,"gate_30",16,FALSE,FALSE
4242749,"gate_30",18,FALSE,FALSE
4242834,"gate_40",21,FALSE,FALSE
4242863,"gate_40",228,TRUE,FALSE
4242961,"gate_40",67,FALSE,FALSE
4242963,"gate_40",5,FALSE,FALSE
4243170,"gate_40",0,FALSE,FALSE
4243179,"gate_30",54,FALSE,TRUE
4243255,"gate_30",604,TRUE,TRUE
4243361,"gate_40",88,TRUE,TRUE
4243392,"gate_40",22,TRUE,FALSE
4243427,"gate_30",40,FALSE,FALSE
4243436,"gate_40",109,TRUE,FALSE
4243712,"gate_30",9,TRUE,FALSE
4243730,"gate_30",6,FALSE,FALSE
4243760,"gate_30",135,TRUE,FALSE
4243861,"gate_30",0,FALSE,FALSE
4244019,"gate_30",2,FALSE,FALSE
4244021,"gate_40",45,TRUE,FALSE
4244100,"gate_30",381,TRUE,TRUE
4244281,"gate_30",17,FALSE,FALSE
4244346,"gate_30",5,FALSE,FALSE
4244550,"gate_30",61,TRUE,FALSE
4244610,"gate_40",4,FALSE,FALSE
4244614,"gate_40",198,TRUE,TRUE
4244615,"gate_30",81,TRUE,TRUE
4244699,"gate_40",106,TRUE,TRUE
4244794,"gate_30",245,TRUE,TRUE
4245023,"gate_30",343,TRUE,TRUE
4245114,"gate_40",30,TRUE,FALSE
4245116,"gate_40",15,FALSE,FALSE
4245136,"gate_40",505,TRUE,TRUE
4245217,"gate_40",2,FALSE,FALSE
4245236,"gate_40",244,TRUE,TRUE
4245348,"gate_30",10,FALSE,FALSE
4245645,"gate_30",213,TRUE,TRUE
4245746,"gate_40",18,TRUE,FALSE
4245954,"gate_30",102,FALSE,FALSE
4246019,"gate_30",58,TRUE,FALSE
4246064,"gate_40",173,TRUE,FALSE
4246102,"gate_40",121,TRUE,FALSE
4246106,"gate_40",6,TRUE,FALSE
4246112,"gate_30",123,FALSE,TRUE
4246166,"gate_40",13,FALSE,FALSE
4246219,"gate_40",32,TRUE,FALSE
4246226,"gate_40",45,TRUE,FALSE
4246322,"gate_30",138,TRUE,TRUE
4246430,"gate_30",27,TRUE,FALSE
4246496,"gate_40",7,FALSE,FALSE
4246883,"gate_30",2,FALSE,FALSE
4247091,"gate_30",12,TRUE,FALSE
4247335,"gate_30",3,FALSE,FALSE
4247584,"gate_40",12,FALSE,FALSE
4247688,"gate_30",56,FALSE,FALSE
4247785,"gate_30",30,TRUE,FALSE
4247831,"gate_40",1,FALSE,FALSE
4247851,"gate_40",3,FALSE,FALSE
4248048,"gate_30",170,TRUE,TRUE
4248181,"gate_30",0,FALSE,FALSE
4248337,"gate_30",4,TRUE,FALSE
4248362,"gate_40",3,FALSE,FALSE
4248516,"gate_30",4,TRUE,FALSE
4248527,"gate_30",26,TRUE,FALSE
4248812,"gate_30",12,FALSE,FALSE
4248848,"gate_40",55,FALSE,FALSE
4249072,"gate_40",4,FALSE,FALSE
4249244,"gate_40",2,FALSE,FALSE
4249359,"gate_40",118,TRUE,FALSE
4249656,"gate_30",21,FALSE,FALSE
4249884,"gate_40",17,FALSE,FALSE
4249939,"gate_30",65,FALSE,FALSE
4250153,"gate_30",32,FALSE,FALSE
4250155,"gate_30",1,FALSE,FALSE
4250242,"gate_40",39,TRUE,FALSE
4250286,"gate_40",1,FALSE,FALSE
4250531,"gate_40",18,FALSE,FALSE
4250634,"gate_30",42,TRUE,FALSE
4250968,"gate_40",322,TRUE,TRUE
4250982,"gate_40",64,TRUE,FALSE
4251057,"gate_40",11,TRUE,FALSE
4251186,"gate_30",15,TRUE,FALSE
4251241,"gate_30",1,FALSE,FALSE
4251264,"gate_30",12,FALSE,FALSE
4251414,"gate_30",13,FALSE,FALSE
4251527,"gate_30",28,FALSE,FALSE
4251594,"gate_30",2,FALSE,FALSE
4251670,"gate_30",9,FALSE,FALSE
4251756,"gate_30",1,FALSE,FALSE
4251908,"gate_40",26,FALSE,FALSE
4251916,"gate_40",4,FALSE,FALSE
4251929,"gate_30",58,TRUE,TRUE
4251969,"gate_30",16,FALSE,FALSE
4252129,"gate_30",5,FALSE,FALSE
4252196,"gate_40",123,TRUE,TRUE
4252247,"gate_40",6,FALSE,FALSE
4252381,"gate_40",41,TRUE,FALSE
4252501,"gate_30",3,FALSE,FALSE
4252709,"gate_40",31,TRUE,TRUE
4252732,"gate_30",68,TRUE,TRUE
4252734,"gate_40",0,FALSE,FALSE
4252758,"gate_40",1,FALSE,FALSE
4252877,"gate_30",1,FALSE,FALSE
4252938,"gate_40",47,TRUE,FALSE
4253152,"gate_40",2,FALSE,FALSE
4253154,"gate_30",358,TRUE,TRUE
4253177,"gate_30",9,TRUE,FALSE
4253194,"gate_40",86,TRUE,FALSE
4253235,"gate_30",19,FALSE,FALSE
4253494,"gate_40",51,TRUE,TRUE
4253768,"gate_30",49,TRUE,TRUE
4253870,"gate_30",5,FALSE,FALSE
4253972,"gate_30",6,FALSE,FALSE
4254036,"gate_40",47,TRUE,FALSE
4254074,"gate_40",0,FALSE,FALSE
4254155,"gate_30",22,FALSE,FALSE
4254540,"gate_40",334,TRUE,TRUE
4254730,"gate_30",3,FALSE,FALSE
4254842,"gate_40",2,FALSE,FALSE
4255009,"gate_40",70,FALSE,TRUE
4255094,"gate_40",18,TRUE,FALSE
4255098,"gate_30",29,FALSE,TRUE
4255110,"gate_30",19,FALSE,FALSE
4255376,"gate_30",15,TRUE,FALSE
4255401,"gate_40",20,FALSE,TRUE
4255404,"gate_40",7,FALSE,FALSE
4255571,"gate_30",0,FALSE,FALSE
4255674,"gate_30",34,TRUE,FALSE
4255974,"gate_30",4,FALSE,FALSE
4256132,"gate_30",9,TRUE,FALSE
4256358,"gate_30",31,FALSE,FALSE
4256466,"gate_30",3,FALSE,FALSE
4256512,"gate_40",72,FALSE,FALSE
4256632,"gate_40",57,TRUE,FALSE
4256750,"gate_30",37,FALSE,TRUE
4257029,"gate_40",2,FALSE,FALSE
4257110,"gate_30",15,TRUE,FALSE
4257237,"gate_40",8,FALSE,FALSE
4257675,"gate_30",21,TRUE,FALSE
4257683,"gate_30",0,FALSE,FALSE
4257699,"gate_40",39,TRUE,FALSE
4257837,"gate_40",3,FALSE,FALSE
4257954,"gate_30",391,TRUE,TRUE
4258037,"gate_40",16,TRUE,FALSE
4258196,"gate_30",9,FALSE,FALSE
4258207,"gate_40",75,FALSE,FALSE
4258273,"gate_30",2,FALSE,FALSE
4258388,"gate_40",178,TRUE,TRUE
4258616,"gate_40",111,TRUE,FALSE
4258939,"gate_30",5,TRUE,FALSE
4259036,"gate_40",140,TRUE,TRUE
4259387,"gate_40",4,FALSE,FALSE
4259392,"gate_40",17,FALSE,TRUE
4259493,"gate_40",57,TRUE,FALSE
4259518,"gate_30",0,FALSE,FALSE
4259655,"gate_40",310,TRUE,TRUE
4259978,"gate_40",23,TRUE,FALSE
4260525,"gate_30",13,FALSE,FALSE
4260654,"gate_30",220,TRUE,FALSE
4260809,"gate_40",56,TRUE,FALSE
4260856,"gate_30",41,TRUE,TRUE
4260921,"gate_40",10,TRUE,FALSE
4260933,"gate_40",5,FALSE,FALSE
4260976,"gate_40",22,TRUE,FALSE
4261051,"gate_40",34,TRUE,FALSE
4261099,"gate_40",6,TRUE,FALSE
4261358,"gate_40",37,FALSE,FALSE
4261372,"gate_30",40,TRUE,FALSE
4261400,"gate_30",185,TRUE,TRUE
4261751,"gate_30",21,FALSE,FALSE
4261911,"gate_40",8,FALSE,FALSE
4262019,"gate_40",5,FALSE,FALSE
4262252,"gate_40",50,TRUE,FALSE
4262548,"gate_40",381,TRUE,TRUE
4262615,"gate_40",6,FALSE,FALSE
4262673,"gate_30",97,TRUE,FALSE
4262769,"gate_30",2,FALSE,FALSE
4262793,"gate_30",10,FALSE,FALSE
4262901,"gate_30",99,TRUE,FALSE
4262988,"gate_30",6,FALSE,FALSE
4263217,"gate_40",78,TRUE,FALSE
4263219,"gate_40",21,TRUE,FALSE
4263585,"gate_30",16,FALSE,FALSE
4263657,"gate_30",2,FALSE,FALSE
4263698,"gate_40",18,TRUE,FALSE
4263739,"gate_30",6,FALSE,FALSE
4263836,"gate_40",87,TRUE,FALSE
4263898,"gate_40",1,FALSE,FALSE
4263910,"gate_40",2,FALSE,TRUE
4263993,"gate_30",194,TRUE,TRUE
4264036,"gate_30",10,TRUE,FALSE
4264041,"gate_30",55,FALSE,TRUE
4264110,"gate_30",12,FALSE,FALSE
4264140,"gate_40",5,FALSE,FALSE
4264142,"gate_40",422,TRUE,TRUE
4264298,"gate_30",77,TRUE,TRUE
4264312,"gate_40",9,FALSE,FALSE
4264326,"gate_40",0,FALSE,FALSE
4264723,"gate_30",2,FALSE,FALSE
4265250,"gate_30",8,FALSE,FALSE
4265458,"gate_40",13,FALSE,FALSE
4265853,"gate_30",18,FALSE,FALSE
4266107,"gate_30",1,FALSE,FALSE
4266649,"gate_40",125,TRUE,TRUE
4266956,"gate_40",66,FALSE,TRUE
4266971,"gate_40",48,TRUE,FALSE
4267008,"gate_40",13,FALSE,FALSE
4267021,"gate_40",18,TRUE,FALSE
4267053,"gate_30",11,FALSE,FALSE
4267078,"gate_30",17,TRUE,FALSE
4267100,"gate_40",67,TRUE,FALSE
4267297,"gate_30",4,FALSE,FALSE
4267417,"gate_40",2,FALSE,FALSE
4267500,"gate_40",14,TRUE,FALSE
4267828,"gate_30",721,TRUE,TRUE
4267845,"gate_40",3,FALSE,FALSE
4267922,"gate_40",31,FALSE,FALSE
4267998,"gate_30",148,TRUE,TRUE
4268006,"gate_30",85,FALSE,TRUE
4268127,"gate_40",0,FALSE,FALSE
4268384,"gate_30",61,TRUE,TRUE
4268511,"gate_40",4,FALSE,FALSE
4268565,"gate_30",22,TRUE,FALSE
4268725,"gate_40",2,FALSE,FALSE
4268896,"gate_30",18,FALSE,FALSE
4268918,"gate_40",12,FALSE,FALSE
4269013,"gate_30",12,FALSE,FALSE
4269111,"gate_30",2,FALSE,FALSE
4269300,"gate_40",20,TRUE,FALSE
4269354,"gate_30",13,FALSE,FALSE
4269984,"gate_30",149,TRUE,TRUE
4270190,"gate_40",75,TRUE,TRUE
4270264,"gate_40",62,FALSE,FALSE
4270625,"gate_30",3,FALSE,FALSE
4270707,"gate_40",34,TRUE,TRUE
4270847,"gate_40",7,FALSE,FALSE
4271011,"gate_40",13,FALSE,FALSE
4271034,"gate_40",1,FALSE,FALSE
4271040,"gate_30",336,TRUE,TRUE
4271113,"gate_40",337,TRUE,TRUE
4271224,"gate_30",3,FALSE,FALSE
4271238,"gate_30",8,FALSE,FALSE
4271245,"gate_40",17,TRUE,FALSE
4271324,"gate_30",0,FALSE,FALSE
4271438,"gate_30",94,TRUE,FALSE
4271523,"gate_40",54,FALSE,FALSE
4271574,"gate_40",0,FALSE,FALSE
4271829,"gate_30",9,FALSE,FALSE
4271849,"gate_30",5,FALSE,FALSE
4271946,"gate_30",6,FALSE,FALSE
4272272,"gate_40",3,FALSE,FALSE
4272292,"gate_30",42,TRUE,TRUE
4272300,"gate_40",4,FALSE,FALSE
4272468,"gate_40",285,TRUE,TRUE
4272757,"gate_40",8,FALSE,FALSE
4272837,"gate_40",1,FALSE,TRUE
4272937,"gate_40",187,TRUE,TRUE
4272955,"gate_40",2,FALSE,FALSE
4273065,"gate_40",0,FALSE,FALSE
4273078,"gate_30",5,TRUE,FALSE
4273314,"gate_30",2,FALSE,FALSE
4273320,"gate_30",67,TRUE,TRUE
4273420,"gate_40",83,TRUE,TRUE
4273457,"gate_40",8,FALSE,FALSE
4273512,"gate_30",149,TRUE,TRUE
4273569,"gate_40",18,FALSE,FALSE
4273646,"gate_30",16,FALSE,TRUE
4273766,"gate_40",1,TRUE,FALSE
4273817,"gate_30",82,TRUE,TRUE
4274028,"gate_40",18,TRUE,FALSE
4274106,"gate_30",21,FALSE,FALSE
4274153,"gate_40",3,FALSE,FALSE
4274345,"gate_30",182,TRUE,TRUE
4274649,"gate_30",8,TRUE,FALSE
4274739,"gate_30",54,TRUE,FALSE
4274745,"gate_30",38,FALSE,FALSE
4274857,"gate_30",2,FALSE,FALSE
4274996,"gate_30",0,FALSE,FALSE
4275392,"gate_40",69,FALSE,TRUE
4275427,"gate_40",4,FALSE,FALSE
4275542,"gate_30",150,TRUE,FALSE
4275586,"gate_30",58,FALSE,FALSE
4275587,"gate_30",1,FALSE,FALSE
4275742,"gate_40",7,FALSE,TRUE
4275840,"gate_40",189,TRUE,TRUE
4276002,"gate_30",1,FALSE,FALSE
4276054,"gate_40",6,FALSE,FALSE
4276096,"gate_30",27,TRUE,FALSE
4276128,"gate_30",2,FALSE,FALSE
4276206,"gate_30",87,TRUE,FALSE
4276215,"gate_40",22,FALSE,FALSE
4276339,"gate_30",4,FALSE,FALSE
4276390,"gate_30",2,FALSE,FALSE
4276452,"gate_30",6,FALSE,FALSE
4276453,"gate_30",19,TRUE,TRUE
4276501,"gate_40",84,TRUE,FALSE
4276797,"gate_40",3,FALSE,FALSE
4276883,"gate_30",14,TRUE,FALSE
4277047,"gate_40",14,FALSE,FALSE
4277070,"gate_40",12,FALSE,FALSE
4277084,"gate_30",3,FALSE,FALSE
4277134,"gate_40",9,FALSE,FALSE
4277238,"gate_30",10,TRUE,FALSE
4277272,"gate_30",24,FALSE,FALSE
4277323,"gate_40",62,TRUE,FALSE
4277418,"gate_40",8,TRUE,FALSE
4277446,"gate_30",14,TRUE,FALSE
4277512,"gate_30",163,TRUE,TRUE
4277671,"gate_30",0,FALSE,FALSE
4277852,"gate_40",37,FALSE,FALSE
4277875,"gate_30",468,TRUE,TRUE
4277899,"gate_40",38,TRUE,FALSE
4278008,"gate_40",221,TRUE,TRUE
4278294,"gate_40",9,FALSE,FALSE
4278626,"gate_30",263,TRUE,TRUE
4278652,"gate_40",449,TRUE,TRUE
4278799,"gate_40",50,FALSE,FALSE
4278981,"gate_30",160,TRUE,TRUE
4279013,"gate_30",83,TRUE,FALSE
4279216,"gate_30",0,FALSE,FALSE
4279368,"gate_40",614,TRUE,TRUE
4279379,"gate_40",20,FALSE,FALSE
4279474,"gate_40",10,FALSE,FALSE
4279597,"gate_40",21,FALSE,FALSE
4279712,"gate_30",94,TRUE,TRUE
4280046,"gate_30",164,TRUE,TRUE
4280606,"gate_40",13,FALSE,FALSE
4280620,"gate_30",5,FALSE,FALSE
4280756,"gate_40",94,TRUE,FALSE
4280828,"gate_40",23,TRUE,TRUE
4280900,"gate_30",34,TRUE,FALSE
4280931,"gate_30",211,TRUE,TRUE
4281199,"gate_40",19,TRUE,FALSE
4281334,"gate_40",12,FALSE,FALSE
4281400,"gate_40",19,TRUE,TRUE
4281574,"gate_30",263,FALSE,TRUE
4281675,"gate_30",33,TRUE,FALSE
4281677,"gate_40",11,FALSE,FALSE
4282156,"gate_40",40,TRUE,FALSE
4282281,"gate_30",1,FALSE,FALSE
4282293,"gate_40",1,FALSE,FALSE
4282641,"gate_30",25,FALSE,FALSE
4282951,"gate_30",7,FALSE,FALSE
4283019,"gate_30",30,TRUE,FALSE
4283111,"gate_30",78,FALSE,FALSE
4283142,"gate_40",2,FALSE,FALSE
4283226,"gate_40",0,FALSE,FALSE
4283520,"gate_40",112,TRUE,TRUE
4283528,"gate_40",8,FALSE,FALSE
4283736,"gate_30",19,FALSE,FALSE
4283884,"gate_30",98,TRUE,FALSE
4283894,"gate_30",53,FALSE,FALSE
4284008,"gate_30",16,TRUE,FALSE
4284107,"gate_30",48,TRUE,FALSE
4284155,"gate_30",37,TRUE,FALSE
4284206,"gate_30",0,TRUE,FALSE
4284235,"gate_40",0,FALSE,FALSE
4284312,"gate_30",4,FALSE,FALSE
4284360,"gate_30",1,FALSE,FALSE
4284456,"gate_30",40,TRUE,FALSE
4284529,"gate_40",64,TRUE,TRUE
4284948,"gate_40",3,FALSE,FALSE
4284983,"gate_30",4,TRUE,FALSE
4285043,"gate_30",3,FALSE,FALSE
4285210,"gate_30",91,TRUE,TRUE
4285451,"gate_40",4,FALSE,FALSE
4285452,"gate_30",1,FALSE,FALSE
4285624,"gate_40",43,FALSE,FALSE
4285663,"gate_30",1,FALSE,FALSE
4285947,"gate_30",35,TRUE,FALSE
4286102,"gate_40",2,FALSE,FALSE
4286142,"gate_40",3,FALSE,FALSE
4286158,"gate_40",18,TRUE,FALSE
4286220,"gate_30",201,TRUE,TRUE
4286910,"gate_40",7,FALSE,FALSE
4286922,"gate_40",245,TRUE,FALSE
4287021,"gate_40",5,FALSE,FALSE
4287093,"gate_40",30,TRUE,FALSE
4287182,"gate_40",8,FALSE,FALSE
4287342,"gate_40",9,FALSE,FALSE
4287413,"gate_40",3,FALSE,FALSE
4287447,"gate_30",158,TRUE,TRUE
4287483,"gate_40",31,FALSE,FALSE
4287553,"gate_40",141,TRUE,FALSE
4287663,"gate_30",1,FALSE,FALSE
4287902,"gate_40",30,FALSE,FALSE
4287995,"gate_40",15,FALSE,FALSE
4288028,"gate_40",7,FALSE,FALSE
4288329,"gate_40",44,TRUE,FALSE
4288572,"gate_40",197,TRUE,FALSE
4288580,"gate_30",59,TRUE,FALSE
4288672,"gate_40",1462,TRUE,TRUE
4288986,"gate_40",1,FALSE,FALSE
4289038,"gate_40",51,FALSE,FALSE
4289225,"gate_30",7,FALSE,FALSE
4289240,"gate_30",6,FALSE,FALSE
4289250,"gate_40",38,FALSE,FALSE
4289468,"gate_30",50,TRUE,FALSE
4289471,"gate_30",1,FALSE,FALSE
4289527,"gate_30",273,TRUE,TRUE
4289880,"gate_40",3,FALSE,FALSE
4289956,"gate_30",23,FALSE,FALSE
4290048,"gate_30",405,TRUE,TRUE
4290204,"gate_40",3,FALSE,FALSE
4290212,"gate_30",27,TRUE,FALSE
4290289,"gate_40",47,TRUE,FALSE
4290455,"gate_30",150,TRUE,TRUE
4290546,"gate_30",2,FALSE,FALSE
4290654,"gate_30",8,FALSE,FALSE
4290835,"gate_30",97,TRUE,FALSE
4290856,"gate_40",98,FALSE,TRUE
4291060,"gate_40",29,FALSE,FALSE
4291177,"gate_30",17,FALSE,FALSE
4291315,"gate_40",24,FALSE,FALSE
4291398,"gate_40",196,TRUE,TRUE
4291525,"gate_40",286,TRUE,TRUE
4291585,"gate_30",3,TRUE,FALSE
4291626,"gate_40",74,TRUE,TRUE
4291685,"gate_40",6,FALSE,FALSE
4291715,"gate_40",4,FALSE,FALSE
4291780,"gate_30",0,FALSE,FALSE
4291787,"gate_40",5,FALSE,FALSE
4291923,"gate_30",7,FALSE,TRUE
4292180,"gate_40",47,FALSE,FALSE
4292251,"gate_30",49,TRUE,TRUE
4292641,"gate_40",61,TRUE,FALSE
4292654,"gate_40",13,FALSE,FALSE
4292662,"gate_30",28,TRUE,FALSE
4292843,"gate_30",25,TRUE,FALSE
4292879,"gate_30",2,FALSE,FALSE
4292947,"gate_40",117,TRUE,TRUE
4292986,"gate_40",13,TRUE,FALSE
4293213,"gate_40",95,TRUE,FALSE
4293234,"gate_30",0,FALSE,TRUE
4293509,"gate_30",16,FALSE,FALSE
4293568,"gate_30",47,FALSE,FALSE
4293605,"gate_30",14,TRUE,FALSE
4293702,"gate_30",14,FALSE,FALSE
4293758,"gate_30",5,FALSE,FALSE
4293841,"gate_30",4,FALSE,FALSE
4293943,"gate_40",42,TRUE,FALSE
4294025,"gate_40",0,FALSE,FALSE
4294046,"gate_40",1,FALSE,FALSE
4294146,"gate_30",60,FALSE,FALSE
4294152,"gate_40",3,FALSE,FALSE
4294237,"gate_30",8,TRUE,FALSE
4294253,"gate_30",29,TRUE,FALSE
4294431,"gate_30",23,FALSE,FALSE
4294479,"gate_40",8,FALSE,FALSE
4294625,"gate_40",38,TRUE,FALSE
4294637,"gate_40",0,FALSE,FALSE
4294747,"gate_40",0,FALSE,FALSE
4294753,"gate_30",9,TRUE,FALSE
4295230,"gate_40",192,TRUE,TRUE
4295250,"gate_40",77,FALSE,TRUE
4295262,"gate_30",6,TRUE,FALSE
4295278,"gate_30",2,FALSE,FALSE
4295313,"gate_40",3,FALSE,FALSE
4295492,"gate_40",94,TRUE,FALSE
4295645,"gate_40",3,FALSE,FALSE
4295780,"gate_30",56,FALSE,FALSE
4295787,"gate_40",4,FALSE,FALSE
4295854,"gate_30",37,FALSE,TRUE
4295860,"gate_40",2,FALSE,FALSE
4296211,"gate_30",13,FALSE,TRUE
4296262,"gate_30",14,FALSE,FALSE
4296274,"gate_30",162,TRUE,TRUE
4296278,"gate_30",5,FALSE,FALSE
4296332,"gate_30",8,FALSE,FALSE
4296425,"gate_40",22,TRUE,FALSE
4296463,"gate_40",39,TRUE,FALSE
4296646,"gate_30",5,FALSE,FALSE
4296649,"gate_40",12,FALSE,FALSE
4296781,"gate_30",136,TRUE,TRUE
4296849,"gate_30",30,FALSE,FALSE
4297115,"gate_30",44,FALSE,FALSE
4297389,"gate_30",25,FALSE,FALSE
4297401,"gate_40",16,TRUE,FALSE
4297403,"gate_40",1,FALSE,FALSE
4297572,"gate_30",24,TRUE,FALSE
4297629,"gate_30",3,FALSE,FALSE
4297707,"gate_40",14,FALSE,FALSE
4297778,"gate_40",0,FALSE,FALSE
4297877,"gate_40",524,TRUE,TRUE
4297887,"gate_40",2,FALSE,FALSE
4297896,"gate_40",0,FALSE,FALSE
4297929,"gate_40",13,FALSE,FALSE
4297967,"gate_30",5,FALSE,FALSE
4298050,"gate_40",45,TRUE,FALSE
4298118,"gate_40",19,FALSE,FALSE
4298181,"gate_30",1,FALSE,FALSE
4298296,"gate_30",1,FALSE,FALSE
4298389,"gate_40",2,FALSE,FALSE
4298692,"gate_30",48,TRUE,FALSE
4298763,"gate_40",62,TRUE,FALSE
4298769,"gate_40",34,TRUE,TRUE
4298800,"gate_30",0,FALSE,FALSE
4298848,"gate_30",17,TRUE,FALSE
4299128,"gate_40",537,TRUE,TRUE
4299146,"gate_30",18,FALSE,FALSE
4299161,"gate_40",7,FALSE,FALSE
4299231,"gate_40",158,TRUE,TRUE
4299247,"gate_40",11,FALSE,FALSE
4299331,"gate_40",249,TRUE,TRUE
4299565,"gate_30",31,TRUE,FALSE
4299792,"gate_30",42,TRUE,TRUE
4299900,"gate_40",34,TRUE,FALSE
4299918,"gate_30",2,FALSE,FALSE
4299991,"gate_30",0,FALSE,FALSE
4300004,"gate_30",183,TRUE,FALSE
4300110,"gate_30",4,FALSE,FALSE
4300114,"gate_30",0,FALSE,FALSE
4300172,"gate_40",226,TRUE,TRUE
4300333,"gate_40",71,FALSE,FALSE
4300620,"gate_30",16,TRUE,FALSE
4300757,"gate_40",0,FALSE,FALSE
4300811,"gate_30",120,TRUE,TRUE
4301067,"gate_40",4,FALSE,FALSE
4301071,"gate_40",6,FALSE,FALSE
4301185,"gate_40",1,FALSE,FALSE
4301198,"gate_30",6,TRUE,FALSE
4301211,"gate_30",100,TRUE,FALSE
4301233,"gate_40",29,FALSE,FALSE
4301668,"gate_40",7,FALSE,FALSE
4301855,"gate_40",1,FALSE,FALSE
4301929,"gate_30",23,TRUE,TRUE
4302142,"gate_30",1,FALSE,FALSE
4302287,"gate_30",63,TRUE,TRUE
4302379,"gate_40",35,TRUE,TRUE
4302445,"gate_30",4,FALSE,FALSE
4302504,"gate_40",0,FALSE,FALSE
4302508,"gate_40",21,TRUE,TRUE
4302595,"gate_40",120,FALSE,FALSE
4302882,"gate_40",16,FALSE,FALSE
4303226,"gate_40",1,FALSE,FALSE
4303267,"gate_30",83,TRUE,FALSE
4303291,"gate_40",42,TRUE,TRUE
4303312,"gate_30",41,TRUE,FALSE
4303613,"gate_40",282,TRUE,TRUE
4303815,"gate_30",304,TRUE,TRUE
4303928,"gate_30",113,TRUE,FALSE
4303995,"gate_40",5,FALSE,FALSE
4304039,"gate_40",86,TRUE,TRUE
4304090,"gate_30",2,FALSE,FALSE
4304142,"gate_40",22,FALSE,FALSE
4304432,"gate_30",8,TRUE,FALSE
4304459,"gate_30",216,TRUE,TRUE
4304728,"gate_30",2,FALSE,FALSE
4304843,"gate_30",4,FALSE,FALSE
4305126,"gate_40",6,FALSE,FALSE
4305213,"gate_30",114,TRUE,FALSE
4305502,"gate_30",217,TRUE,TRUE
4305550,"gate_40",11,FALSE,FALSE
4305651,"gate_40",3,FALSE,FALSE
4306107,"gate_30",230,TRUE,TRUE
4306203,"gate_40",28,FALSE,FALSE
4306322,"gate_40",70,FALSE,FALSE
4306390,"gate_30",2,FALSE,FALSE
4306446,"gate_30",109,TRUE,FALSE
4306513,"gate_30",23,TRUE,FALSE
4306585,"gate_30",4,FALSE,FALSE
4306668,"gate_40",82,TRUE,FALSE
4306754,"gate_40",2,FALSE,FALSE
4306780,"gate_40",46,FALSE,TRUE
4306792,"gate_40",10,FALSE,FALSE
4306830,"gate_40",64,TRUE,FALSE
4306952,"gate_30",3,FALSE,FALSE
4306965,"gate_40",9,FALSE,FALSE
4307088,"gate_40",4,FALSE,FALSE
4307099,"gate_30",11,TRUE,FALSE
4307121,"gate_30",8,TRUE,FALSE
4307163,"gate_30",4,FALSE,FALSE
4307164,"gate_40",4,FALSE,FALSE
4307292,"gate_30",5,FALSE,FALSE
4307384,"gate_40",5,TRUE,FALSE
4307442,"gate_30",95,TRUE,FALSE
4307485,"gate_40",15,FALSE,FALSE
4307625,"gate_30",176,TRUE,TRUE
4307812,"gate_40",9,FALSE,FALSE
4308080,"gate_40",7,TRUE,FALSE
4308135,"gate_40",2,FALSE,FALSE
4308159,"gate_40",234,TRUE,TRUE
4308312,"gate_30",9,TRUE,TRUE
4308356,"gate_30",196,TRUE,TRUE
4308368,"gate_30",1,FALSE,FALSE
4308467,"gate_40",6,FALSE,FALSE
4308745,"gate_30",29,TRUE,FALSE
4308766,"gate_40",2,FALSE,FALSE
4308945,"gate_30",9,FALSE,FALSE
4308986,"gate_40",15,TRUE,FALSE
4309011,"gate_40",19,TRUE,FALSE
4309183,"gate_30",6,FALSE,FALSE
4309296,"gate_30",116,TRUE,FALSE
4309504,"gate_30",5,FALSE,FALSE
4309602,"gate_40",88,TRUE,TRUE
4309653,"gate_40",0,FALSE,FALSE
4309745,"gate_40",15,FALSE,TRUE
4309759,"gate_40",3,FALSE,FALSE
4310233,"gate_30",20,TRUE,FALSE
4310237,"gate_40",36,TRUE,FALSE
4310265,"gate_40",3,FALSE,FALSE
4310312,"gate_30",5,FALSE,FALSE
4310561,"gate_30",71,TRUE,TRUE
4310673,"gate_40",123,TRUE,TRUE
4310880,"gate_40",23,TRUE,FALSE
4311099,"gate_30",136,FALSE,TRUE
4311151,"gate_40",173,TRUE,TRUE
4311447,"gate_30",1,FALSE,FALSE
4311545,"gate_40",360,TRUE,TRUE
4311546,"gate_30",29,FALSE,FALSE
4311726,"gate_40",3,FALSE,FALSE
4311886,"gate_40",36,TRUE,FALSE
4312027,"gate_30",50,FALSE,FALSE
4312249,"gate_30",4,TRUE,FALSE
4312301,"gate_30",1,FALSE,FALSE
4312466,"gate_40",370,TRUE,FALSE
4312545,"gate_40",3,FALSE,FALSE
4312663,"gate_40",1,FALSE,FALSE
4312780,"gate_30",242,TRUE,TRUE
4312878,"gate_40",10,FALSE,FALSE
4312982,"gate_30",18,FALSE,FALSE
4313098,"gate_40",41,TRUE,FALSE
4313137,"gate_40",4,TRUE,FALSE
4313435,"gate_40",67,TRUE,TRUE
4313526,"gate_30",5,FALSE,FALSE
4313625,"gate_40",4,FALSE,FALSE
4313743,"gate_40",8,FALSE,FALSE
4313786,"gate_40",28,TRUE,FALSE
4313995,"gate_40",1,FALSE,FALSE
4313996,"gate_30",18,FALSE,FALSE
4314015,"gate_40",1,FALSE,FALSE
4314211,"gate_40",15,TRUE,TRUE
4314267,"gate_40",20,FALSE,FALSE
4314331,"gate_40",27,FALSE,FALSE
4314345,"gate_40",11,FALSE,FALSE
4314425,"gate_30",56,TRUE,TRUE
4314538,"gate_30",67,FALSE,TRUE
4314729,"gate_40",9,FALSE,FALSE
4314751,"gate_30",17,FALSE,FALSE
4314812,"gate_40",60,FALSE,FALSE
4315003,"gate_40",40,TRUE,FALSE
4315127,"gate_40",8,FALSE,TRUE
4315416,"gate_30",4,FALSE,FALSE
4315456,"gate_30",20,TRUE,FALSE
4315465,"gate_40",48,TRUE,FALSE
4315612,"gate_40",5,FALSE,FALSE
4315687,"gate_40",453,TRUE,TRUE
4315737,"gate_30",9,FALSE,FALSE
4315834,"gate_40",25,TRUE,FALSE
4315934,"gate_30",152,TRUE,TRUE
4316080,"gate_30",152,TRUE,TRUE
4316105,"gate_40",2,FALSE,FALSE
4316155,"gate_40",123,TRUE,TRUE
4316234,"gate_30",10,TRUE,TRUE
4316240,"gate_40",74,FALSE,TRUE
4316454,"gate_30",637,TRUE,FALSE
4316587,"gate_40",260,TRUE,TRUE
4316702,"gate_30",3,TRUE,FALSE
4316761,"gate_40",7,FALSE,FALSE
4316825,"gate_30",40,TRUE,TRUE
4316969,"gate_30",50,TRUE,FALSE
4316971,"gate_40",31,TRUE,FALSE
4317265,"gate_30",1,FALSE,FALSE
4317371,"gate_30",124,TRUE,FALSE
4317373,"gate_30",79,TRUE,TRUE
4317486,"gate_30",4,FALSE,FALSE
4317696,"gate_40",11,FALSE,FALSE
4317706,"gate_40",76,TRUE,FALSE
4317755,"gate_30",6,FALSE,FALSE
4317834,"gate_30",32,TRUE,FALSE
4318103,"gate_40",38,TRUE,FALSE
4318111,"gate_30",6,FALSE,FALSE
4318161,"gate_40",0,FALSE,FALSE
4318285,"gate_30",44,TRUE,TRUE
4318494,"gate_30",178,TRUE,FALSE
4318761,"gate_40",57,TRUE,FALSE
4319002,"gate_30",114,TRUE,FALSE
4319042,"gate_40",4,FALSE,FALSE
4319221,"gate_40",11,FALSE,FALSE
4319287,"gate_30",0,FALSE,FALSE
4319476,"gate_30",311,TRUE,TRUE
4319519,"gate_40",19,TRUE,FALSE
4319657,"gate_30",2,FALSE,FALSE
4320002,"gate_40",12,TRUE,FALSE
4320003,"gate_40",5,FALSE,FALSE
4320055,"gate_30",8,FALSE,FALSE
4320059,"gate_30",297,TRUE,TRUE
4320222,"gate_30",0,FALSE,FALSE
4320342,"gate_40",26,FALSE,FALSE
4320423,"gate_30",9,FALSE,FALSE
4320565,"gate_30",64,TRUE,TRUE
4320778,"gate_30",48,TRUE,FALSE
4320859,"gate_40",2,TRUE,FALSE
4320929,"gate_30",355,TRUE,TRUE
4321003,"gate_40",78,FALSE,FALSE
4321085,"gate_30",10,FALSE,FALSE
4321223,"gate_40",2,FALSE,FALSE
4321291,"gate_40",22,FALSE,FALSE
4321376,"gate_30",339,TRUE,TRUE
4321426,"gate_30",29,FALSE,FALSE
4321683,"gate_30",0,FALSE,FALSE
4321778,"gate_40",45,TRUE,FALSE
4321824,"gate_40",16,FALSE,FALSE
4321969,"gate_40",150,TRUE,TRUE
4322041,"gate_30",34,TRUE,FALSE
4322089,"gate_40",7,FALSE,FALSE
4322354,"gate_30",22,FALSE,FALSE
4322475,"gate_30",6,TRUE,FALSE
4322483,"gate_30",34,FALSE,FALSE
4322504,"gate_40",14,FALSE,FALSE
4322517,"gate_40",34,TRUE,TRUE
4322523,"gate_30",15,TRUE,FALSE
4322549,"gate_40",6,FALSE,FALSE
4322656,"gate_40",23,FALSE,FALSE
4322956,"gate_30",15,TRUE,FALSE
4323144,"gate_40",58,TRUE,FALSE
4323428,"gate_30",21,TRUE,FALSE
4323651,"gate_30",32,FALSE,FALSE
4323654,"gate_30",104,TRUE,FALSE
4323730,"gate_30",43,FALSE,FALSE
4323855,"gate_40",43,TRUE,FALSE
4323865,"gate_40",164,TRUE,TRUE
4323932,"gate_40",9,FALSE,FALSE
4323969,"gate_40",201,FALSE,TRUE
4323978,"gate_30",6,FALSE,FALSE
4324108,"gate_40",4,FALSE,FALSE
4324295,"gate_30",0,FALSE,FALSE
4324316,"gate_40",49,TRUE,FALSE
4324449,"gate_30",12,FALSE,TRUE
4324458,"gate_40",12,TRUE,FALSE
4324532,"gate_40",23,TRUE,FALSE
4324540,"gate_40",69,TRUE,FALSE
4324571,"gate_30",86,FALSE,TRUE
4324672,"gate_40",175,TRUE,TRUE
4324778,"gate_40",58,TRUE,TRUE
4324785,"gate_30",13,FALSE,FALSE
4324835,"gate_30",5,FALSE,FALSE
4324838,"gate_30",0,FALSE,FALSE
4324845,"gate_40",15,FALSE,FALSE
4324970,"gate_40",4,FALSE,FALSE
4324972,"gate_40",132,TRUE,FALSE
4325108,"gate_40",4,TRUE,FALSE
4325166,"gate_40",63,TRUE,FALSE
4325502,"gate_40",40,TRUE,FALSE
4325547,"gate_30",39,FALSE,TRUE
4325610,"gate_30",24,TRUE,FALSE
4325682,"gate_30",5,FALSE,FALSE
4325836,"gate_30",4,FALSE,FALSE
4325932,"gate_30",6,FALSE,FALSE
4325944,"gate_30",9,TRUE,FALSE
4326111,"gate_40",7,TRUE,FALSE
4326158,"gate_40",8,FALSE,FALSE
4326323,"gate_30",1,FALSE,FALSE
4326459,"gate_40",51,FALSE,TRUE
4326974,"gate_30",10,FALSE,FALSE
4326980,"gate_40",7,TRUE,FALSE
4327084,"gate_30",78,FALSE,FALSE
4327153,"gate_30",84,TRUE,TRUE
4327170,"gate_30",19,FALSE,FALSE
4327243,"gate_40",14,FALSE,TRUE
4327266,"gate_40",13,FALSE,FALSE
4327329,"gate_30",47,FALSE,FALSE
4327449,"gate_40",3,FALSE,FALSE
4327483,"gate_30",430,TRUE,TRUE
4327530,"gate_40",35,TRUE,TRUE
4327683,"gate_30",2,FALSE,FALSE
4327713,"gate_30",3,FALSE,FALSE
4327843,"gate_40",15,FALSE,FALSE
4328105,"gate_40",5,FALSE,FALSE
4328564,"gate_30",4,FALSE,FALSE
4328622,"gate_30",5,FALSE,FALSE
4329116,"gate_40",10,FALSE,FALSE
4329254,"gate_40",2,FALSE,FALSE
4329284,"gate_40",14,TRUE,FALSE
4329474,"gate_30",95,TRUE,TRUE
4329584,"gate_40",4,TRUE,FALSE
4329650,"gate_30",0,FALSE,FALSE
4329686,"gate_40",35,TRUE,FALSE
4329808,"gate_30",2,FALSE,FALSE
4329910,"gate_30",86,TRUE,FALSE
4330244,"gate_30",1,FALSE,FALSE
4330293,"gate_40",6,FALSE,FALSE
4330311,"gate_30",290,TRUE,TRUE
4330357,"gate_40",0,FALSE,FALSE
4330359,"gate_30",40,TRUE,FALSE
4330577,"gate_40",24,FALSE,FALSE
4330640,"gate_40",2,FALSE,FALSE
4330831,"gate_40",11,TRUE,FALSE
4330960,"gate_40",439,TRUE,TRUE
4331229,"gate_30",34,TRUE,FALSE
4331325,"gate_40",5,FALSE,FALSE
4331344,"gate_40",380,TRUE,TRUE
4331427,"gate_40",66,TRUE,TRUE
4331560,"gate_40",323,TRUE,TRUE
4331706,"gate_40",19,FALSE,FALSE
4331756,"gate_30",7,FALSE,FALSE
4331768,"gate_40",36,TRUE,TRUE
4331836,"gate_30",49,FALSE,FALSE
4331838,"gate_30",0,FALSE,FALSE
4331940,"gate_30",32,TRUE,FALSE
4332188,"gate_40",12,FALSE,FALSE
4332278,"gate_30",16,TRUE,FALSE
4332775,"gate_40",18,FALSE,FALSE
4332915,"gate_40",15,TRUE,FALSE
4333277,"gate_30",107,FALSE,FALSE
4333292,"gate_30",38,TRUE,FALSE
4333386,"gate_40",55,TRUE,TRUE
4333481,"gate_40",2,FALSE,FALSE
4333620,"gate_40",34,TRUE,FALSE
4333741,"gate_40",0,FALSE,FALSE
4333747,"gate_30",0,FALSE,FALSE
4334285,"gate_40",46,TRUE,FALSE
4334293,"gate_40",148,TRUE,TRUE
4334499,"gate_30",12,FALSE,FALSE
4334535,"gate_40",34,TRUE,FALSE
4334641,"gate_40",133,TRUE,TRUE
4334775,"gate_30",4,FALSE,FALSE
4334785,"gate_40",33,TRUE,FALSE
4334931,"gate_30",7,FALSE,FALSE
4335030,"gate_30",34,TRUE,FALSE
4335058,"gate_30",50,TRUE,TRUE
4335080,"gate_40",0,FALSE,FALSE
4335243,"gate_30",21,TRUE,FALSE
4335420,"gate_30",34,TRUE,TRUE
4335543,"gate_30",6,FALSE,FALSE
4335572,"gate_30",21,FALSE,FALSE
4335659,"gate_40",229,TRUE,TRUE
4335732,"gate_30",0,FALSE,FALSE
4335854,"gate_40",7,FALSE,FALSE
4335897,"gate_30",9,TRUE,FALSE
4336221,"gate_40",167,FALSE,FALSE
4336222,"gate_30",63,TRUE,FALSE
4336352,"gate_40",26,FALSE,FALSE
4336807,"gate_30",51,TRUE,FALSE
4336841,"gate_30",2,FALSE,FALSE
4336983,"gate_40",146,FALSE,FALSE
4337084,"gate_30",108,TRUE,TRUE
4337312,"gate_30",26,TRUE,TRUE
4337317,"gate_40",18,FALSE,FALSE
4337444,"gate_40",10,TRUE,FALSE
4337674,"gate_40",0,FALSE,FALSE
4338015,"gate_40",0,TRUE,FALSE
4338021,"gate_40",53,FALSE,TRUE
4338137,"gate_30",7,TRUE,FALSE
4338164,"gate_40",11,FALSE,FALSE
4338177,"gate_30",70,TRUE,FALSE
4338368,"gate_30",107,TRUE,TRUE
4338487,"gate_40",195,TRUE,TRUE
4338562,"gate_40",58,FALSE,FALSE
4338752,"gate_40",427,TRUE,TRUE
4339050,"gate_40",43,TRUE,FALSE
4339117,"gate_40",16,TRUE,FALSE
4339128,"gate_40",355,TRUE,TRUE
4339204,"gate_40",0,TRUE,FALSE
4339242,"gate_40",146,TRUE,TRUE
4339371,"gate_30",54,TRUE,FALSE
4339526,"gate_30",18,TRUE,TRUE
4339550,"gate_40",3,FALSE,FALSE
4339885,"gate_40",9,FALSE,FALSE
4340001,"gate_40",3,FALSE,FALSE
4340288,"gate_40",23,TRUE,FALSE
4340373,"gate_40",27,TRUE,FALSE
4340418,"gate_40",86,TRUE,FALSE
4340438,"gate_40",34,TRUE,FALSE
4340439,"gate_30",1,FALSE,FALSE
4340649,"gate_40",0,FALSE,FALSE
4340760,"gate_30",27,TRUE,FALSE
4340943,"gate_40",30,TRUE,FALSE
4341026,"gate_30",23,FALSE,FALSE
4341066,"gate_30",2,FALSE,FALSE
4341081,"gate_40",108,TRUE,FALSE
4341174,"gate_30",37,TRUE,TRUE
4341480,"gate_30",2,FALSE,FALSE
4341496,"gate_30",68,TRUE,TRUE
4341507,"gate_30",15,TRUE,FALSE
4341668,"gate_40",40,FALSE,FALSE
4341745,"gate_30",40,TRUE,FALSE
4341871,"gate_40",6,FALSE,FALSE
4341968,"gate_30",22,TRUE,FALSE
4342026,"gate_30",7,FALSE,FALSE
4342065,"gate_30",22,TRUE,FALSE
4342157,"gate_40",35,TRUE,TRUE
4342461,"gate_40",202,TRUE,FALSE
4342536,"gate_30",8,TRUE,FALSE
4342922,"gate_30",0,FALSE,FALSE
4343221,"gate_40",0,FALSE,FALSE
4343253,"gate_30",4,FALSE,FALSE
4343370,"gate_40",35,TRUE,FALSE
4343392,"gate_40",15,FALSE,FALSE
4343427,"gate_30",5,FALSE,FALSE
4343540,"gate_40",21,TRUE,FALSE
4343591,"gate_30",7,TRUE,FALSE
4343669,"gate_40",93,FALSE,FALSE
4343701,"gate_40",3,FALSE,FALSE
4343843,"gate_30",11,TRUE,FALSE
4343913,"gate_40",16,FALSE,FALSE
4344355,"gate_30",13,FALSE,FALSE
4344407,"gate_30",4,FALSE,FALSE
4344423,"gate_30",15,TRUE,FALSE
4344505,"gate_30",30,TRUE,FALSE
4344707,"gate_40",10,TRUE,FALSE
4344881,"gate_30",0,FALSE,FALSE
4344924,"gate_40",259,TRUE,TRUE
4344927,"gate_40",19,FALSE,FALSE
4345040,"gate_40",38,TRUE,FALSE
4345152,"gate_40",65,TRUE,TRUE
4345454,"gate_40",17,TRUE,FALSE
4345466,"gate_30",22,TRUE,TRUE
4345485,"gate_30",38,FALSE,FALSE
4345489,"gate_40",3,FALSE,FALSE
4345538,"gate_30",88,TRUE,FALSE
4345581,"gate_30",3,FALSE,FALSE
4345606,"gate_40",17,FALSE,FALSE
4345643,"gate_30",13,TRUE,FALSE
4345649,"gate_40",9,FALSE,FALSE
4345735,"gate_30",25,FALSE,TRUE
4345769,"gate_40",201,FALSE,TRUE
4345810,"gate_40",8,FALSE,FALSE
4345953,"gate_30",119,TRUE,TRUE
4346082,"gate_40",6,FALSE,FALSE
4346432,"gate_40",0,FALSE,FALSE
4346598,"gate_30",4,FALSE,FALSE
4346599,"gate_40",224,TRUE,TRUE
4346712,"gate_30",7,FALSE,FALSE
4346778,"gate_30",19,FALSE,FALSE
4347042,"gate_40",162,TRUE,TRUE
4347359,"gate_40",2,FALSE,FALSE
4347425,"gate_30",57,TRUE,FALSE
4347598,"gate_30",9,TRUE,FALSE
4347779,"gate_30",7,TRUE,FALSE
4347817,"gate_40",5,TRUE,FALSE
4347835,"gate_30",11,FALSE,FALSE
4347872,"gate_30",5,FALSE,FALSE
4348268,"gate_40",72,FALSE,FALSE
4348405,"gate_40",4,FALSE,FALSE
4348478,"gate_30",55,TRUE,TRUE
4348736,"gate_30",12,FALSE,FALSE
4348846,"gate_40",29,TRUE,FALSE
4348944,"gate_40",35,TRUE,FALSE
4349215,"gate_30",15,FALSE,FALSE
4349299,"gate_40",12,FALSE,FALSE
4349410,"gate_40",123,FALSE,FALSE
4349445,"gate_40",156,TRUE,TRUE
4349611,"gate_30",21,FALSE,TRUE
4349680,"gate_40",42,FALSE,TRUE
4349804,"gate_40",15,FALSE,FALSE
4349867,"gate_40",430,TRUE,FALSE
4349912,"gate_30",6,FALSE,FALSE
4350107,"gate_40",0,FALSE,FALSE
4350127,"gate_30",8,FALSE,FALSE
4350153,"gate_30",98,TRUE,TRUE
4350345,"gate_40",14,TRUE,FALSE
4350387,"gate_30",2,FALSE,FALSE
4350459,"gate_40",19,TRUE,FALSE
4350690,"gate_30",58,TRUE,FALSE
4350792,"gate_40",22,FALSE,FALSE
4350823,"gate_30",65,TRUE,TRUE
4350902,"gate_40",47,FALSE,FALSE
4351248,"gate_30",1,FALSE,FALSE
4351322,"gate_30",12,FALSE,FALSE
4351774,"gate_40",38,TRUE,FALSE
4351909,"gate_30",70,FALSE,TRUE
4352172,"gate_40",3,FALSE,FALSE
4352238,"gate_40",22,TRUE,FALSE
4352273,"gate_40",60,TRUE,TRUE
4352542,"gate_40",79,TRUE,FALSE
4352643,"gate_40",33,TRUE,FALSE
4352780,"gate_30",4,FALSE,FALSE
4352819,"gate_30",101,FALSE,FALSE
4352944,"gate_40",16,TRUE,FALSE
4352964,"gate_30",27,TRUE,FALSE
4352971,"gate_40",1,FALSE,FALSE
4353261,"gate_40",2,FALSE,FALSE
4353798,"gate_40",2,FALSE,FALSE
4353942,"gate_30",1,FALSE,FALSE
4354153,"gate_40",30,FALSE,FALSE
4354170,"gate_30",3,FALSE,FALSE
4354222,"gate_40",2,FALSE,FALSE
4354238,"gate_40",22,TRUE,FALSE
4354239,"gate_30",1,TRUE,FALSE
4354452,"gate_40",16,TRUE,FALSE
4354568,"gate_30",17,FALSE,FALSE
4354569,"gate_30",170,TRUE,FALSE
4354571,"gate_30",0,FALSE,FALSE
4354574,"gate_40",49,FALSE,FALSE
4354699,"gate_40",46,FALSE,FALSE
4354796,"gate_40",2,FALSE,FALSE
4354812,"gate_30",5,FALSE,FALSE
4354838,"gate_30",25,TRUE,FALSE
4355296,"gate_30",2,FALSE,FALSE
4355496,"gate_30",95,TRUE,FALSE
4355886,"gate_30",9,TRUE,FALSE
4356047,"gate_40",0,FALSE,FALSE
4356208,"gate_40",122,TRUE,FALSE
4356372,"gate_30",1,FALSE,FALSE
4356609,"gate_40",17,TRUE,FALSE
4356612,"gate_30",90,TRUE,FALSE
4356748,"gate_30",15,TRUE,TRUE
4356834,"gate_30",182,FALSE,TRUE
4356924,"gate_40",1,FALSE,FALSE
4356927,"gate_30",20,TRUE,FALSE
4357136,"gate_40",21,FALSE,FALSE
4357281,"gate_30",74,FALSE,TRUE
4357354,"gate_30",0,FALSE,FALSE
4357456,"gate_30",104,FALSE,FALSE
4357461,"gate_30",52,FALSE,TRUE
4357529,"gate_30",16,FALSE,FALSE
4357556,"gate_30",14,FALSE,FALSE
4357569,"gate_40",5,TRUE,FALSE
4357593,"gate_30",135,TRUE,TRUE
4357701,"gate_40",68,TRUE,FALSE
4357719,"gate_30",109,TRUE,TRUE
4357813,"gate_30",15,FALSE,FALSE
4358048,"gate_40",7,FALSE,FALSE
4358162,"gate_30",154,TRUE,TRUE
4358348,"gate_40",28,FALSE,FALSE
4358376,"gate_30",146,TRUE,TRUE
4358479,"gate_30",12,TRUE,FALSE
4358484,"gate_40",3,FALSE,FALSE
4358562,"gate_30",0,FALSE,FALSE
4358607,"gate_40",19,TRUE,FALSE
4358630,"gate_30",7,TRUE,FALSE
4358682,"gate_30",1,TRUE,FALSE
4359150,"gate_30",7,FALSE,FALSE
4359188,"gate_40",469,TRUE,TRUE
4359265,"gate_40",2,FALSE,FALSE
4359373,"gate_40",6,FALSE,FALSE
4359528,"gate_40",561,TRUE,TRUE
4359536,"gate_30",22,TRUE,TRUE
4359701,"gate_40",26,TRUE,FALSE
4359703,"gate_40",3,FALSE,FALSE
4359843,"gate_40",1,TRUE,FALSE
4359990,"gate_40",36,TRUE,FALSE
4360099,"gate_30",3,FALSE,FALSE
4360396,"gate_40",3,FALSE,FALSE
4360421,"gate_40",14,TRUE,FALSE
4360469,"gate_40",156,TRUE,FALSE
4360600,"gate_30",1,FALSE,FALSE
4360631,"gate_30",15,TRUE,FALSE
4360829,"gate_30",8,FALSE,TRUE
4361035,"gate_30",20,FALSE,TRUE
4361076,"gate_40",1,FALSE,FALSE
4361333,"gate_30",123,TRUE,FALSE
4361465,"gate_30",13,FALSE,FALSE
4361574,"gate_30",107,FALSE,FALSE
4361734,"gate_40",4,FALSE,FALSE
4361820,"gate_30",4,FALSE,FALSE
4361983,"gate_40",289,TRUE,TRUE
4362204,"gate_40",17,FALSE,FALSE
4362247,"gate_40",1,FALSE,FALSE
4362280,"gate_40",28,TRUE,FALSE
4362333,"gate_40",384,TRUE,TRUE
4362362,"gate_30",77,TRUE,FALSE
4362476,"gate_30",0,FALSE,FALSE
4362539,"gate_30",204,TRUE,TRUE
4362650,"gate_40",7,TRUE,FALSE
4362707,"gate_30",3,FALSE,FALSE
4362721,"gate_30",127,TRUE,TRUE
4362827,"gate_40",1,FALSE,FALSE
4362865,"gate_30",29,FALSE,TRUE
4363065,"gate_30",100,TRUE,TRUE
4363245,"gate_30",2,FALSE,FALSE
4363268,"gate_40",92,TRUE,FALSE
4363337,"gate_30",2,FALSE,FALSE
4363436,"gate_30",4,FALSE,FALSE
4363524,"gate_30",22,TRUE,FALSE
4363844,"gate_30",68,FALSE,TRUE
4364155,"gate_40",15,FALSE,FALSE
4364161,"gate_40",2,FALSE,FALSE
4364286,"gate_30",59,TRUE,FALSE
4364669,"gate_40",3,FALSE,FALSE
4364691,"gate_40",20,FALSE,FALSE
4364719,"gate_40",25,FALSE,FALSE
4364725,"gate_40",316,TRUE,TRUE
4364975,"gate_30",23,FALSE,FALSE
4365048,"gate_40",7,FALSE,FALSE
4365163,"gate_40",10,TRUE,FALSE
4365174,"gate_40",9,FALSE,FALSE
4365506,"gate_40",20,FALSE,FALSE
4365621,"gate_30",5,FALSE,FALSE
4365905,"gate_30",7,FALSE,FALSE
4366037,"gate_40",13,FALSE,FALSE
4366054,"gate_30",35,TRUE,FALSE
4366081,"gate_30",32,TRUE,FALSE
4366205,"gate_40",29,FALSE,FALSE
4366301,"gate_40",132,FALSE,TRUE
4366332,"gate_30",12,FALSE,FALSE
4366396,"gate_40",35,TRUE,FALSE
4366441,"gate_40",5,TRUE,FALSE
4366496,"gate_30",28,FALSE,FALSE
4366570,"gate_40",8,TRUE,FALSE
4366578,"gate_40",183,TRUE,TRUE
4366589,"gate_40",4,FALSE,FALSE
4366596,"gate_40",40,TRUE,FALSE
4366647,"gate_30",55,FALSE,FALSE
4366683,"gate_40",31,TRUE,FALSE
4366742,"gate_40",33,FALSE,TRUE
4367074,"gate_40",4,FALSE,FALSE
4367097,"gate_40",17,TRUE,FALSE
4367157,"gate_40",388,TRUE,TRUE
4367214,"gate_40",11,FALSE,FALSE
4367373,"gate_40",4,FALSE,FALSE
4367383,"gate_40",4,FALSE,FALSE
4367423,"gate_40",98,TRUE,TRUE
4367424,"gate_30",64,TRUE,FALSE
4367442,"gate_40",40,TRUE,FALSE
4367492,"gate_40",7,TRUE,FALSE
4367520,"gate_30",160,TRUE,TRUE
4367596,"gate_40",1,FALSE,FALSE
4367679,"gate_30",0,FALSE,FALSE
4367972,"gate_40",0,FALSE,FALSE
4368029,"gate_40",1,FALSE,FALSE
4368172,"gate_30",34,FALSE,FALSE
4368442,"gate_40",303,TRUE,TRUE
4368588,"gate_40",1,FALSE,FALSE
4368709,"gate_40",0,FALSE,FALSE
4368721,"gate_30",166,TRUE,TRUE
4368815,"gate_30",66,TRUE,FALSE
4369082,"gate_40",672,TRUE,TRUE
4369311,"gate_30",18,TRUE,FALSE
4369378,"gate_30",120,TRUE,TRUE
4369434,"gate_40",18,TRUE,FALSE
4369458,"gate_40",7,TRUE,FALSE
4369734,"gate_30",14,FALSE,FALSE
4369843,"gate_40",6,TRUE,FALSE
4369982,"gate_40",74,TRUE,TRUE
4370229,"gate_40",199,TRUE,FALSE
4370267,"gate_40",6,FALSE,FALSE
4370357,"gate_40",6,FALSE,FALSE
4370509,"gate_40",44,TRUE,FALSE
4370880,"gate_40",90,TRUE,FALSE
4371074,"gate_40",120,TRUE,TRUE
4371110,"gate_40",7,TRUE,FALSE
4371221,"gate_40",55,FALSE,FALSE
4371334,"gate_40",38,TRUE,FALSE
4371364,"gate_40",8,FALSE,FALSE
4371439,"gate_30",2,FALSE,FALSE
4371508,"gate_30",153,TRUE,FALSE
4371596,"gate_40",11,FALSE,FALSE
4371649,"gate_40",0,FALSE,FALSE
4371745,"gate_40",3,FALSE,FALSE
4371753,"gate_30",17,FALSE,FALSE
4371784,"gate_30",18,FALSE,FALSE
4371811,"gate_30",10,FALSE,FALSE
4371832,"gate_30",321,TRUE,TRUE
4371938,"gate_40",4,FALSE,FALSE
4372034,"gate_40",80,TRUE,FALSE
4372037,"gate_40",7,FALSE,FALSE
4372194,"gate_40",152,TRUE,FALSE
4372267,"gate_30",0,FALSE,FALSE
4372322,"gate_30",35,TRUE,FALSE
4372333,"gate_30",15,FALSE,FALSE
4372454,"gate_30",3,FALSE,FALSE
4372527,"gate_30",12,TRUE,FALSE
4372597,"gate_40",22,TRUE,FALSE
4372624,"gate_40",308,TRUE,TRUE
4372864,"gate_30",1,FALSE,FALSE
4372873,"gate_30",1,FALSE,FALSE
4373029,"gate_30",0,FALSE,FALSE
4373200,"gate_30",48,TRUE,FALSE
4373255,"gate_30",2,FALSE,FALSE
4373383,"gate_30",39,TRUE,FALSE
4373601,"gate_30",24,TRUE,FALSE
4373698,"gate_40",7,FALSE,FALSE
4373807,"gate_30",3,FALSE,FALSE
4373812,"gate_40",34,TRUE,TRUE
4373896,"gate_30",17,TRUE,FALSE
4373942,"gate_30",5,TRUE,FALSE
4374042,"gate_40",88,FALSE,TRUE
4374075,"gate_30",6,TRUE,FALSE
4374185,"gate_30",137,TRUE,FALSE
4374307,"gate_40",37,TRUE,TRUE
4374397,"gate_30",2,FALSE,FALSE
4374440,"gate_40",8,FALSE,FALSE
4374488,"gate_40",10,FALSE,FALSE
4374842,"gate_40",38,FALSE,TRUE
4374871,"gate_40",8,FALSE,FALSE
4374993,"gate_40",350,FALSE,FALSE
4375131,"gate_30",161,FALSE,TRUE
4375138,"gate_40",5,FALSE,FALSE
4375323,"gate_40",0,FALSE,FALSE
4375470,"gate_40",3,TRUE,FALSE
4375546,"gate_40",161,TRUE,TRUE
4375598,"gate_30",0,FALSE,FALSE
4375906,"gate_40",0,FALSE,FALSE
4375919,"gate_30",9,FALSE,FALSE
4376196,"gate_30",12,FALSE,FALSE
4376275,"gate_30",12,FALSE,FALSE
4376321,"gate_30",1,FALSE,FALSE
4376376,"gate_40",28,TRUE,FALSE
4376754,"gate_40",2,FALSE,FALSE
4376851,"gate_40",173,TRUE,TRUE
4376896,"gate_30",12,FALSE,FALSE
4376950,"gate_30",151,FALSE,TRUE
4377121,"gate_40",2,FALSE,FALSE
4377206,"gate_40",1,FALSE,FALSE
4377607,"gate_40",32,FALSE,FALSE
4377658,"gate_40",29,TRUE,FALSE
4377807,"gate_40",58,FALSE,FALSE
4377958,"gate_40",6,FALSE,FALSE
4377970,"gate_30",8,FALSE,FALSE
4378277,"gate_40",26,FALSE,FALSE
4378306,"gate_30",41,FALSE,FALSE
4378430,"gate_30",1,FALSE,FALSE
4378520,"gate_30",28,TRUE,FALSE
4378884,"gate_30",42,TRUE,TRUE
4378915,"gate_30",109,TRUE,FALSE
4378962,"gate_40",9,FALSE,FALSE
4379060,"gate_30",4,TRUE,FALSE
4379129,"gate_40",0,FALSE,FALSE
4379181,"gate_30",11,FALSE,FALSE
4379275,"gate_40",5,FALSE,FALSE
4379477,"gate_40",5,FALSE,FALSE
4379737,"gate_30",578,TRUE,TRUE
4379778,"gate_30",32,FALSE,FALSE
4379877,"gate_30",52,TRUE,TRUE
4379949,"gate_40",116,TRUE,FALSE
4380044,"gate_30",58,TRUE,TRUE
4380138,"gate_30",2,FALSE,FALSE
4380252,"gate_30",23,TRUE,FALSE
4380292,"gate_40",31,FALSE,FALSE
4380332,"gate_30",1,FALSE,FALSE
4380389,"gate_30",6,TRUE,FALSE
4380439,"gate_40",16,FALSE,FALSE
4380568,"gate_40",113,TRUE,FALSE
4380619,"gate_30",15,FALSE,FALSE
4380658,"gate_30",15,FALSE,TRUE
4380764,"gate_30",33,TRUE,FALSE
4380917,"gate_30",7,FALSE,FALSE
4380965,"gate_40",21,TRUE,FALSE
4381389,"gate_30",4,TRUE,FALSE
4381458,"gate_40",4,FALSE,FALSE
4381520,"gate_40",48,FALSE,TRUE
4381639,"gate_40",8,FALSE,FALSE
4381805,"gate_40",5,FALSE,FALSE
4381854,"gate_40",17,FALSE,TRUE
4381916,"gate_30",29,TRUE,FALSE
4381947,"gate_30",3,FALSE,FALSE
4382050,"gate_30",19,TRUE,FALSE
4382120,"gate_40",10,FALSE,FALSE
4382190,"gate_40",9,FALSE,FALSE
4382334,"gate_40",39,FALSE,FALSE
4382407,"gate_30",21,FALSE,FALSE
4382642,"gate_30",8,FALSE,FALSE
4382723,"gate_40",103,TRUE,FALSE
4382976,"gate_30",10,FALSE,FALSE
4383120,"gate_30",50,FALSE,FALSE
4383150,"gate_40",172,TRUE,TRUE
4383162,"gate_30",23,TRUE,FALSE
4383242,"gate_40",3,FALSE,FALSE
4383388,"gate_30",6,TRUE,FALSE
4383443,"gate_30",58,TRUE,FALSE
4383518,"gate_30",4,FALSE,FALSE
4383537,"gate_40",6,FALSE,FALSE
4383618,"gate_30",29,FALSE,FALSE
4383636,"gate_40",269,TRUE,TRUE
4383919,"gate_40",2,FALSE,FALSE
4383978,"gate_40",1,FALSE,FALSE
4384030,"gate_30",37,TRUE,FALSE
4384105,"gate_40",154,TRUE,TRUE
4384163,"gate_40",53,FALSE,FALSE
4384567,"gate_30",0,FALSE,FALSE
4384605,"gate_30",2,FALSE,FALSE
4384754,"gate_40",50,TRUE,FALSE
4384827,"gate_40",6,FALSE,FALSE
4384854,"gate_30",40,TRUE,TRUE
4385096,"gate_40",50,TRUE,FALSE
4385196,"gate_30",135,TRUE,FALSE
4385217,"gate_30",1,FALSE,FALSE
4385343,"gate_40",24,FALSE,FALSE
4385490,"gate_40",2,FALSE,FALSE
4385585,"gate_40",2,FALSE,FALSE
4385662,"gate_30",4,FALSE,FALSE
4385719,"gate_40",8,FALSE,FALSE
4385738,"gate_30",188,TRUE,TRUE
4385905,"gate_30",59,FALSE,FALSE
4385921,"gate_40",105,FALSE,FALSE
4385974,"gate_30",2,FALSE,FALSE
4386057,"gate_30",10,FALSE,FALSE
4386130,"gate_30",80,TRUE,TRUE
4386203,"gate_30",25,TRUE,FALSE
4386206,"gate_40",20,TRUE,FALSE
4386322,"gate_30",147,TRUE,FALSE
4386335,"gate_40",5,TRUE,FALSE
4386341,"gate_30",11,FALSE,FALSE
4386372,"gate_30",155,TRUE,TRUE
4386378,"gate_40",2,FALSE,FALSE
4386660,"gate_30",2,FALSE,FALSE
4386711,"gate_40",0,FALSE,FALSE
4386882,"gate_40",50,FALSE,FALSE
4387185,"gate_30",51,TRUE,FALSE
4387245,"gate_40",7,FALSE,FALSE
4387341,"gate_30",4,FALSE,FALSE
4387426,"gate_30",15,FALSE,FALSE
4387532,"gate_30",7,FALSE,FALSE
4387579,"gate_40",25,TRUE,FALSE
4387631,"gate_30",0,FALSE,FALSE
4387785,"gate_30",10,TRUE,TRUE
4387822,"gate_40",11,FALSE,FALSE
4387974,"gate_30",0,FALSE,FALSE
4388126,"gate_40",11,TRUE,FALSE
4388306,"gate_30",159,TRUE,TRUE
4388322,"gate_30",6,FALSE,FALSE
4388494,"gate_40",17,FALSE,FALSE
4388501,"gate_30",12,TRUE,FALSE
4388574,"gate_40",7,FALSE,TRUE
4388613,"gate_40",18,TRUE,FALSE
4389086,"gate_30",172,FALSE,TRUE
4389302,"gate_40",19,FALSE,FALSE
4389391,"gate_40",167,TRUE,FALSE
4389395,"gate_30",5,FALSE,FALSE
4389407,"gate_30",106,FALSE,FALSE
4389501,"gate_30",0,FALSE,FALSE
4389626,"gate_40",2,FALSE,FALSE
4389759,"gate_30",6,TRUE,FALSE
4389921,"gate_30",4,TRUE,FALSE
4389966,"gate_30",6,TRUE,FALSE
4389967,"gate_30",7,FALSE,FALSE
4390011,"gate_40",23,FALSE,FALSE
4390164,"gate_40",50,FALSE,FALSE
4390297,"gate_40",7,FALSE,FALSE
4390352,"gate_30",10,FALSE,FALSE
4390366,"gate_40",17,TRUE,FALSE
4390448,"gate_40",48,TRUE,FALSE
4390550,"gate_40",12,FALSE,FALSE
4390598,"gate_30",75,FALSE,FALSE
4390679,"gate_40",143,TRUE,TRUE
4390794,"gate_30",14,TRUE,FALSE
4390903,"gate_30",95,TRUE,TRUE
4391023,"gate_40",12,FALSE,FALSE
4391077,"gate_30",129,TRUE,TRUE
4391098,"gate_40",10,TRUE,FALSE
4391148,"gate_30",119,TRUE,TRUE
4391191,"gate_40",190,TRUE,TRUE
4391741,"gate_40",11,FALSE,FALSE
4392061,"gate_30",32,TRUE,FALSE
4392163,"gate_40",4,FALSE,FALSE
4392308,"gate_30",167,TRUE,TRUE
4392352,"gate_40",14,FALSE,FALSE
4392441,"gate_40",2,FALSE,FALSE
4392602,"gate_40",14,TRUE,FALSE
4392706,"gate_40",33,TRUE,FALSE
4392754,"gate_30",3,FALSE,FALSE
4392793,"gate_40",2,FALSE,FALSE
4392816,"gate_40",19,TRUE,FALSE
4392833,"gate_40",81,TRUE,FALSE
4392887,"gate_30",3,FALSE,FALSE
4393143,"gate_30",34,TRUE,FALSE
4393238,"gate_40",7,FALSE,FALSE
4393553,"gate_40",37,TRUE,TRUE
4393885,"gate_40",0,FALSE,FALSE
4393909,"gate_40",24,TRUE,FALSE
4393967,"gate_40",2,FALSE,FALSE
4394016,"gate_40",128,FALSE,TRUE
4394019,"gate_40",1,FALSE,FALSE
4394232,"gate_30",4,TRUE,FALSE
4394273,"gate_40",19,TRUE,FALSE
4394417,"gate_40",12,FALSE,FALSE
4394484,"gate_40",36,TRUE,FALSE
4394525,"gate_40",0,FALSE,FALSE
4394652,"gate_30",63,FALSE,FALSE
4394880,"gate_30",254,TRUE,TRUE
4394930,"gate_40",144,TRUE,TRUE
4395190,"gate_40",24,TRUE,FALSE
4395618,"gate_30",1,FALSE,FALSE
4395625,"gate_40",0,FALSE,FALSE
4395635,"gate_40",0,FALSE,FALSE
4395730,"gate_40",16,TRUE,FALSE
4395841,"gate_40",102,TRUE,TRUE
4395906,"gate_40",92,TRUE,TRUE
4395913,"gate_30",21,TRUE,FALSE
4396079,"gate_30",72,FALSE,FALSE
4396170,"gate_40",101,TRUE,TRUE
4396226,"gate_40",22,TRUE,FALSE
4396272,"gate_40",16,FALSE,FALSE
4396279,"gate_40",4,FALSE,FALSE
4396326,"gate_30",213,FALSE,TRUE
4396439,"gate_40",4,TRUE,FALSE
4396479,"gate_40",30,TRUE,FALSE
4396517,"gate_40",0,FALSE,FALSE
4396559,"gate_30",7,TRUE,FALSE
4397053,"gate_30",26,FALSE,FALSE
4397202,"gate_40",63,TRUE,FALSE
4397335,"gate_30",4,FALSE,FALSE
4397470,"gate_40",24,TRUE,FALSE
4397530,"gate_30",4,TRUE,FALSE
4397535,"gate_30",102,TRUE,TRUE
4397626,"gate_40",0,FALSE,FALSE
4397891,"gate_40",0,FALSE,FALSE
4397898,"gate_40",99,TRUE,FALSE
4397929,"gate_30",39,TRUE,FALSE
4398213,"gate_40",42,TRUE,FALSE
4398788,"gate_40",0,FALSE,FALSE
4398802,"gate_30",0,FALSE,FALSE
4398885,"gate_40",143,TRUE,TRUE
4398939,"gate_40",23,FALSE,FALSE
4399014,"gate_30",5,FALSE,FALSE
4399107,"gate_30",7,FALSE,FALSE
4399122,"gate_30",2,TRUE,FALSE
4399421,"gate_40",13,FALSE,FALSE
4399617,"gate_40",13,FALSE,FALSE
4399880,"gate_40",134,TRUE,FALSE
4399945,"gate_40",11,TRUE,TRUE
4399969,"gate_30",31,FALSE,FALSE
4400071,"gate_40",22,TRUE,FALSE
4400159,"gate_40",17,FALSE,FALSE
4400181,"gate_40",23,TRUE,FALSE
4400326,"gate_30",94,TRUE,FALSE
4400534,"gate_40",2,TRUE,FALSE
4400546,"gate_30",18,FALSE,FALSE
4400617,"gate_40",22,FALSE,FALSE
4400729,"gate_30",7,FALSE,FALSE
4400747,"gate_40",5,FALSE,FALSE
4400867,"gate_30",2,FALSE,FALSE
4400900,"gate_30",45,TRUE,FALSE
4401177,"gate_40",17,FALSE,FALSE
4401287,"gate_30",12,TRUE,FALSE
4401316,"gate_30",136,TRUE,FALSE
4401324,"gate_40",7,FALSE,FALSE
4401531,"gate_40",34,FALSE,FALSE
4401645,"gate_40",509,TRUE,TRUE
4401729,"gate_30",68,FALSE,FALSE
4401958,"gate_40",81,TRUE,FALSE
4402010,"gate_40",0,FALSE,FALSE
4402297,"gate_30",70,TRUE,FALSE
4402321,"gate_40",4,FALSE,FALSE
4402537,"gate_30",3,FALSE,FALSE
4402732,"gate_40",103,TRUE,FALSE
4402759,"gate_40",3,FALSE,FALSE
4402766,"gate_40",33,TRUE,FALSE
4402813,"gate_30",15,FALSE,FALSE
4403029,"gate_30",6,TRUE,FALSE
4403035,"gate_30",12,FALSE,FALSE
4403272,"gate_30",3,FALSE,FALSE
4403300,"gate_40",3,FALSE,FALSE
4403328,"gate_30",2,FALSE,FALSE
4403473,"gate_40",2,FALSE,FALSE
4403565,"gate_40",27,FALSE,FALSE
4403855,"gate_30",38,TRUE,FALSE
4403907,"gate_30",25,TRUE,FALSE
4404087,"gate_30",13,FALSE,FALSE
4404492,"gate_30",25,FALSE,TRUE
4404505,"gate_40",26,FALSE,FALSE
4404588,"gate_40",22,TRUE,FALSE
4404732,"gate_30",63,TRUE,TRUE
4404811,"gate_30",147,TRUE,TRUE
4404853,"gate_40",263,TRUE,FALSE
4405019,"gate_40",7,FALSE,FALSE
4405318,"gate_30",15,TRUE,FALSE
4405562,"gate_30",13,FALSE,FALSE
4405732,"gate_30",262,TRUE,TRUE
4405741,"gate_40",2,FALSE,FALSE
4405838,"gate_30",59,TRUE,FALSE
4405874,"gate_40",24,TRUE,FALSE
4405887,"gate_40",6,FALSE,FALSE
4405918,"gate_30",16,TRUE,FALSE
4406068,"gate_40",37,TRUE,FALSE
4406077,"gate_30",18,FALSE,FALSE
4406157,"gate_30",34,TRUE,FALSE
4406191,"gate_40",47,TRUE,FALSE
4406195,"gate_30",278,TRUE,TRUE
4406436,"gate_30",28,FALSE,FALSE
4406537,"gate_40",320,TRUE,TRUE
4406647,"gate_30",19,FALSE,TRUE
4406693,"gate_40",70,FALSE,FALSE
4406743,"gate_40",18,TRUE,FALSE
4406761,"gate_30",23,TRUE,FALSE
4406846,"gate_30",1,FALSE,FALSE
4407108,"gate_40",210,TRUE,TRUE
4407141,"gate_30",4,FALSE,FALSE
4407158,"gate_40",106,FALSE,TRUE
4407212,"gate_40",19,TRUE,FALSE
4407304,"gate_40",4,FALSE,FALSE
4407383,"gate_40",6,FALSE,FALSE
4407647,"gate_30",19,FALSE,FALSE
4407651,"gate_30",18,FALSE,FALSE
4407681,"gate_30",3,FALSE,FALSE
4407872,"gate_40",10,TRUE,FALSE
4407910,"gate_40",14,FALSE,FALSE
4408042,"gate_30",66,TRUE,FALSE
4408066,"gate_30",0,FALSE,FALSE
4408230,"gate_40",12,FALSE,FALSE
4408232,"gate_30",6,TRUE,FALSE
4408327,"gate_30",25,FALSE,FALSE
4408343,"gate_40",55,TRUE,FALSE
4408836,"gate_30",7,FALSE,FALSE
4408908,"gate_30",18,FALSE,FALSE
4408956,"gate_30",199,TRUE,TRUE
4409231,"gate_30",3,FALSE,FALSE
4409390,"gate_40",28,TRUE,FALSE
4409615,"gate_30",8,FALSE,FALSE
4409680,"gate_30",530,TRUE,FALSE
4409710,"gate_30",30,FALSE,FALSE
4409757,"gate_30",8,FALSE,FALSE
4409800,"gate_40",4,FALSE,FALSE
4409877,"gate_30",11,FALSE,FALSE
4410045,"gate_40",38,FALSE,FALSE
4410051,"gate_30",104,TRUE,TRUE
4410198,"gate_40",263,TRUE,TRUE
4410311,"gate_40",367,TRUE,TRUE
4410515,"gate_40",22,TRUE,FALSE
4410636,"gate_40",42,TRUE,FALSE
4410704,"gate_40",4,FALSE,FALSE
4410772,"gate_40",244,FALSE,TRUE
4410981,"gate_40",28,TRUE,FALSE
4411085,"gate_30",18,FALSE,TRUE
4411133,"gate_40",54,TRUE,FALSE
4411514,"gate_40",39,TRUE,FALSE
4411551,"gate_40",9,FALSE,TRUE
4411602,"gate_40",216,TRUE,TRUE
4411676,"gate_40",45,TRUE,FALSE
4411677,"gate_30",301,TRUE,TRUE
4411716,"gate_40",4,FALSE,FALSE
4411803,"gate_30",22,FALSE,FALSE
4412000,"gate_40",9,FALSE,FALSE
4412142,"gate_40",3,FALSE,FALSE
4412192,"gate_30",4,FALSE,FALSE
4412446,"gate_40",2,FALSE,FALSE
4412519,"gate_40",119,TRUE,TRUE
4412562,"gate_40",3,FALSE,FALSE
4412772,"gate_40",4,FALSE,FALSE
4412816,"gate_40",0,FALSE,FALSE
4412901,"gate_30",1,FALSE,FALSE
4412991,"gate_30",26,TRUE,FALSE
4413029,"gate_40",26,TRUE,FALSE
4413032,"gate_30",55,FALSE,TRUE
4413265,"gate_30",318,TRUE,FALSE
4413460,"gate_30",1,FALSE,FALSE
4413483,"gate_30",15,TRUE,FALSE
4413516,"gate_30",1,FALSE,FALSE
4413517,"gate_30",24,FALSE,FALSE
4413529,"gate_30",32,FALSE,TRUE
4413558,"gate_40",5,FALSE,FALSE
4413659,"gate_40",0,FALSE,FALSE
4413719,"gate_30",3,FALSE,FALSE
4413832,"gate_40",27,TRUE,FALSE
4414001,"gate_30",18,TRUE,FALSE
4414021,"gate_30",19,FALSE,FALSE
4414068,"gate_40",137,TRUE,FALSE
4414118,"gate_40",10,FALSE,FALSE
4414227,"gate_40",27,TRUE,FALSE
4414369,"gate_30",35,TRUE,FALSE
4414428,"gate_30",35,TRUE,FALSE
4414513,"gate_40",16,TRUE,FALSE
4414557,"gate_40",6,FALSE,FALSE
4414603,"gate_40",13,FALSE,FALSE
4414604,"gate_30",0,FALSE,FALSE
4414668,"gate_30",1,FALSE,FALSE
4414676,"gate_30",10,FALSE,FALSE
4414877,"gate_30",16,TRUE,TRUE
4414904,"gate_30",15,TRUE,FALSE
4414910,"gate_40",28,FALSE,FALSE
4415047,"gate_30",1,FALSE,FALSE
4415064,"gate_40",0,FALSE,FALSE
4415176,"gate_30",143,TRUE,FALSE
4415203,"gate_30",2,FALSE,FALSE
4415403,"gate_30",6,FALSE,FALSE
4415435,"gate_40",164,FALSE,TRUE
4415630,"gate_40",1558,TRUE,TRUE
4415634,"gate_40",5,TRUE,FALSE
4415740,"gate_30",54,TRUE,FALSE
4415759,"gate_40",37,TRUE,FALSE
4416079,"gate_30",2,FALSE,FALSE
4416235,"gate_40",6,FALSE,FALSE
4416249,"gate_30",3,FALSE,FALSE
4416296,"gate_30",5,FALSE,FALSE
4416607,"gate_40",2,FALSE,FALSE
4417007,"gate_40",35,FALSE,FALSE
4417124,"gate_30",1,FALSE,FALSE
4417144,"gate_40",2,FALSE,FALSE
4417223,"gate_40",5,FALSE,FALSE
4417520,"gate_40",80,FALSE,FALSE
4417653,"gate_30",10,FALSE,FALSE
4417662,"gate_30",15,TRUE,FALSE
4417676,"gate_30",355,TRUE,TRUE
4417801,"gate_30",66,TRUE,FALSE
4417927,"gate_30",21,TRUE,FALSE
4418138,"gate_40",17,TRUE,FALSE
4418144,"gate_40",15,TRUE,FALSE
4418384,"gate_30",28,TRUE,FALSE
4418568,"gate_30",1,FALSE,FALSE
4418614,"gate_40",13,FALSE,FALSE
4418631,"gate_40",1,FALSE,FALSE
4418734,"gate_40",8,FALSE,FALSE
4418878,"gate_40",6,TRUE,FALSE
4418970,"gate_30",46,FALSE,FALSE
4419034,"gate_40",15,FALSE,FALSE
4419163,"gate_30",32,TRUE,FALSE
4419425,"gate_30",18,TRUE,TRUE
4419432,"gate_40",2,FALSE,FALSE
4419439,"gate_40",0,FALSE,FALSE
4419586,"gate_30",6,FALSE,FALSE
4419622,"gate_40",29,TRUE,FALSE
4419630,"gate_30",48,FALSE,FALSE
4419697,"gate_40",27,FALSE,FALSE
4419805,"gate_30",1,FALSE,FALSE
4419925,"gate_30",59,TRUE,FALSE
4420064,"gate_30",16,FALSE,FALSE
4420076,"gate_30",2,FALSE,FALSE
4420111,"gate_30",4,FALSE,FALSE
4420216,"gate_40",37,FALSE,FALSE
4420268,"gate_40",2,FALSE,FALSE
4420563,"gate_30",12,FALSE,FALSE
4420666,"gate_40",19,FALSE,FALSE
4420682,"gate_30",261,TRUE,TRUE
4420701,"gate_30",4,FALSE,FALSE
4420781,"gate_40",124,TRUE,TRUE
4420862,"gate_40",3,FALSE,FALSE
4420874,"gate_40",1,FALSE,FALSE
4420889,"gate_40",29,TRUE,FALSE
4420969,"gate_30",61,TRUE,FALSE
4421476,"gate_30",4,TRUE,FALSE
4421691,"gate_40",82,TRUE,FALSE
4421968,"gate_40",3,FALSE,FALSE
4422023,"gate_40",46,TRUE,FALSE
4422253,"gate_30",3,FALSE,FALSE
4422257,"gate_40",4,FALSE,FALSE
4422293,"gate_40",4,FALSE,FALSE
4422313,"gate_40",10,FALSE,FALSE
4422354,"gate_40",4,FALSE,FALSE
4422438,"gate_40",6,FALSE,FALSE
4422457,"gate_30",7,FALSE,FALSE
4422713,"gate_40",126,TRUE,FALSE
4422724,"gate_40",95,TRUE,FALSE
4422743,"gate_30",4,FALSE,FALSE
4422761,"gate_30",22,FALSE,FALSE
4422851,"gate_30",14,FALSE,FALSE
4422853,"gate_30",5,FALSE,TRUE
4422998,"gate_40",1,FALSE,FALSE
4423258,"gate_40",0,FALSE,FALSE
4423374,"gate_40",96,FALSE,TRUE
4423558,"gate_30",4,FALSE,FALSE
4423688,"gate_30",3,TRUE,FALSE
4423849,"gate_30",69,TRUE,FALSE
4423864,"gate_40",124,TRUE,TRUE
4424017,"gate_40",2,FALSE,FALSE
4424299,"gate_40",11,FALSE,FALSE
4424319,"gate_30",8,FALSE,FALSE
4424572,"gate_40",272,TRUE,TRUE
4424879,"gate_30",30,FALSE,FALSE
4424885,"gate_40",2,FALSE,FALSE
4424933,"gate_30",3,FALSE,FALSE
4424977,"gate_30",58,TRUE,TRUE
4425155,"gate_30",111,TRUE,TRUE
4425266,"gate_40",1,FALSE,FALSE
4425437,"gate_40",37,FALSE,TRUE
4425441,"gate_30",53,TRUE,FALSE
4425591,"gate_30",92,TRUE,TRUE
4425938,"gate_40",16,TRUE,TRUE
4425950,"gate_30",16,FALSE,FALSE
4426334,"gate_40",163,TRUE,TRUE
4426887,"gate_30",96,TRUE,FALSE
4427003,"gate_30",142,TRUE,FALSE
4427134,"gate_30",651,TRUE,FALSE
4427194,"gate_30",2,FALSE,FALSE
4427350,"gate_30",10,FALSE,FALSE
4427427,"gate_30",16,FALSE,FALSE
4427455,"gate_40",132,TRUE,TRUE
4427509,"gate_40",1,FALSE,FALSE
4427652,"gate_40",60,FALSE,FALSE
4427863,"gate_30",1,FALSE,FALSE
4427877,"gate_40",4,FALSE,FALSE
4427890,"gate_40",8,TRUE,FALSE
4427916,"gate_30",176,TRUE,TRUE
4427965,"gate_40",78,TRUE,FALSE
4427988,"gate_40",67,FALSE,TRUE
4428208,"gate_40",39,TRUE,FALSE
4428249,"gate_30",2,TRUE,FALSE
4428476,"gate_30",47,TRUE,FALSE
4428553,"gate_30",1,FALSE,FALSE
4428632,"gate_30",44,TRUE,FALSE
4428655,"gate_40",50,FALSE,TRUE
4428911,"gate_30",3,FALSE,FALSE
4428952,"gate_30",16,TRUE,FALSE
4429002,"gate_40",27,FALSE,FALSE
4429028,"gate_40",1,FALSE,FALSE
4429031,"gate_30",1,FALSE,FALSE
4429413,"gate_40",1,FALSE,FALSE
4429430,"gate_40",36,TRUE,FALSE
4429515,"gate_40",9,FALSE,FALSE
4429696,"gate_40",15,FALSE,FALSE
4429819,"gate_40",5,FALSE,FALSE
4429961,"gate_40",7,FALSE,FALSE
4430153,"gate_40",29,TRUE,FALSE
4430165,"gate_30",0,FALSE,FALSE
4430169,"gate_30",9,FALSE,FALSE
4430181,"gate_40",18,FALSE,FALSE
4430408,"gate_40",8,FALSE,TRUE
4430421,"gate_40",21,TRUE,FALSE
4430449,"gate_40",17,FALSE,FALSE
4430457,"gate_40",11,FALSE,FALSE
4430513,"gate_40",5,FALSE,FALSE
4430519,"gate_40",32,FALSE,FALSE
4430572,"gate_30",41,TRUE,FALSE
4430690,"gate_40",200,TRUE,TRUE
4430693,"gate_30",135,TRUE,TRUE
4430761,"gate_30",33,TRUE,FALSE
4430850,"gate_40",2,FALSE,FALSE
4430935,"gate_30",323,TRUE,TRUE
4431016,"gate_40",14,FALSE,FALSE
4431142,"gate_30",89,TRUE,FALSE
4431148,"gate_30",86,TRUE,TRUE
4431183,"gate_30",37,FALSE,FALSE
4431378,"gate_30",45,TRUE,FALSE
4431391,"gate_30",53,TRUE,FALSE
4431394,"gate_40",14,TRUE,FALSE
4431574,"gate_40",1142,TRUE,TRUE
4431608,"gate_40",240,TRUE,TRUE
4431803,"gate_30",42,TRUE,FALSE
4431809,"gate_30",3,FALSE,FALSE
4431851,"gate_40",3,FALSE,FALSE
4431868,"gate_40",1,FALSE,FALSE
4431876,"gate_30",19,FALSE,FALSE
4431880,"gate_40",13,FALSE,FALSE
4431991,"gate_30",0,FALSE,FALSE
4432079,"gate_40",28,FALSE,FALSE
4432128,"gate_40",65,TRUE,FALSE
4432160,"gate_30",55,TRUE,TRUE
4432272,"gate_30",8,FALSE,FALSE
4432433,"gate_40",153,TRUE,FALSE
4432473,"gate_40",80,TRUE,TRUE
4432638,"gate_30",1,FALSE,FALSE
4432645,"gate_30",123,TRUE,TRUE
4432759,"gate_30",17,TRUE,FALSE
4432797,"gate_30",38,FALSE,FALSE
4432960,"gate_30",18,FALSE,FALSE
4433154,"gate_30",11,FALSE,FALSE
4433264,"gate_40",10,FALSE,FALSE
4433283,"gate_40",0,FALSE,FALSE
4433312,"gate_30",14,TRUE,FALSE
4433455,"gate_30",2,FALSE,FALSE
4433560,"gate_40",9,FALSE,FALSE
4433851,"gate_40",66,TRUE,FALSE
4433985,"gate_40",156,TRUE,FALSE
4434137,"gate_40",6,FALSE,FALSE
4434182,"gate_30",16,FALSE,FALSE
4434601,"gate_30",17,TRUE,FALSE
4434708,"gate_30",3,FALSE,FALSE
4435074,"gate_40",80,TRUE,TRUE
4435128,"gate_40",61,TRUE,FALSE
4435131,"gate_40",49,TRUE,FALSE
4435385,"gate_40",4,FALSE,FALSE
4435620,"gate_30",11,FALSE,FALSE
4435675,"gate_30",32,FALSE,TRUE
4435676,"gate_40",19,TRUE,FALSE
4435725,"gate_40",223,TRUE,FALSE
4435744,"gate_30",1,FALSE,FALSE
4435904,"gate_40",25,TRUE,FALSE
4435981,"gate_40",58,FALSE,TRUE
4436039,"gate_40",9,FALSE,FALSE
4436167,"gate_40",15,TRUE,FALSE
4436266,"gate_30",409,TRUE,FALSE
4436437,"gate_40",355,TRUE,TRUE
4436455,"gate_40",108,TRUE,TRUE
4436648,"gate_40",34,TRUE,FALSE
4436817,"gate_40",0,FALSE,FALSE
4436862,"gate_30",22,TRUE,FALSE
4436869,"gate_30",20,TRUE,FALSE
4436950,"gate_30",71,TRUE,FALSE
4436983,"gate_30",4,FALSE,FALSE
4437109,"gate_30",0,FALSE,FALSE
4437122,"gate_30",142,TRUE,TRUE
4437166,"gate_30",294,TRUE,TRUE
4437252,"gate_30",80,TRUE,TRUE
4437275,"gate_30",92,TRUE,FALSE
4437297,"gate_30",6,FALSE,FALSE
4437332,"gate_30",284,TRUE,TRUE
4437536,"gate_30",15,TRUE,FALSE
4437622,"gate_30",158,FALSE,FALSE
4437624,"gate_30",44,TRUE,FALSE
4437643,"gate_30",8,FALSE,FALSE
4437926,"gate_30",94,FALSE,FALSE
4438107,"gate_30",23,TRUE,FALSE
4438111,"gate_40",66,TRUE,FALSE
4438119,"gate_40",506,TRUE,TRUE
4438212,"gate_30",140,FALSE,FALSE
4438336,"gate_30",9,FALSE,FALSE
4438602,"gate_30",86,TRUE,FALSE
4438679,"gate_30",48,TRUE,TRUE
4438796,"gate_40",87,TRUE,TRUE
4438906,"gate_40",13,FALSE,FALSE
4438951,"gate_40",25,FALSE,FALSE
4438971,"gate_40",103,TRUE,FALSE
4439021,"gate_40",3,FALSE,FALSE
4439425,"gate_30",10,FALSE,FALSE
4439426,"gate_40",5,FALSE,FALSE
4439428,"gate_40",13,FALSE,FALSE
4439469,"gate_40",289,FALSE,TRUE
4439555,"gate_40",1,FALSE,FALSE
4439583,"gate_30",3,TRUE,FALSE
4439786,"gate_30",0,FALSE,FALSE
4440000,"gate_30",1,FALSE,FALSE
4440035,"gate_40",27,TRUE,FALSE
4440206,"gate_40",110,TRUE,TRUE
4440255,"gate_30",11,FALSE,FALSE
4440262,"gate_30",25,FALSE,FALSE
4440314,"gate_30",17,FALSE,FALSE
4440418,"gate_40",352,TRUE,TRUE
4440452,"gate_40",11,FALSE,FALSE
4440646,"gate_30",16,TRUE,FALSE
4440674,"gate_30",17,TRUE,TRUE
4440771,"gate_30",298,TRUE,TRUE
4440875,"gate_30",90,TRUE,FALSE
4440893,"gate_30",3,FALSE,FALSE
4440903,"gate_40",50,TRUE,FALSE
4440936,"gate_40",57,TRUE,TRUE
4440988,"gate_30",36,TRUE,FALSE
4441895,"gate_40",14,FALSE,FALSE
4442024,"gate_40",25,TRUE,FALSE
4442056,"gate_30",31,TRUE,TRUE
4442060,"gate_30",95,TRUE,FALSE
4442121,"gate_30",6,FALSE,FALSE
4442160,"gate_40",23,FALSE,FALSE
4442401,"gate_40",47,TRUE,FALSE
4442488,"gate_40",23,TRUE,FALSE
4442492,"gate_40",1,FALSE,FALSE
4442595,"gate_40",0,FALSE,FALSE
4443260,"gate_40",0,FALSE,FALSE
4443355,"gate_30",5,FALSE,FALSE
4443546,"gate_40",21,TRUE,TRUE
4443552,"gate_30",3,FALSE,FALSE
4443581,"gate_30",2,FALSE,FALSE
4443691,"gate_30",6,FALSE,FALSE
4443848,"gate_40",10,TRUE,FALSE
4443874,"gate_30",17,FALSE,FALSE
4443884,"gate_40",9,FALSE,TRUE
4443887,"gate_30",7,TRUE,FALSE
4443894,"gate_30",0,FALSE,FALSE
4443895,"gate_30",229,TRUE,TRUE
4444051,"gate_40",233,FALSE,TRUE
4444152,"gate_30",61,TRUE,FALSE
4444158,"gate_30",42,FALSE,FALSE
4444177,"gate_30",7,FALSE,FALSE
4444240,"gate_30",5,FALSE,FALSE
4444271,"gate_40",247,TRUE,TRUE
4444677,"gate_30",14,FALSE,FALSE
4444702,"gate_30",46,TRUE,FALSE
4444704,"gate_30",19,TRUE,FALSE
4444720,"gate_40",27,TRUE,FALSE
4444781,"gate_30",11,FALSE,FALSE
4444960,"gate_40",2,FALSE,FALSE
4445004,"gate_30",8,FALSE,FALSE
4445022,"gate_40",9,FALSE,FALSE
4445068,"gate_40",7,FALSE,FALSE
4445291,"gate_30",9,TRUE,FALSE
4445308,"gate_40",63,TRUE,FALSE
4445341,"gate_30",9,FALSE,FALSE
4445425,"gate_40",1,FALSE,FALSE
4445472,"gate_30",1,FALSE,FALSE
4445482,"gate_30",26,TRUE,TRUE
4445497,"gate_30",293,TRUE,TRUE
4445544,"gate_40",19,TRUE,FALSE
4445908,"gate_30",16,FALSE,FALSE
4446290,"gate_40",300,TRUE,TRUE
4446415,"gate_40",9,FALSE,FALSE
4446516,"gate_40",20,TRUE,TRUE
4446529,"gate_30",6,FALSE,FALSE
4446580,"gate_30",9,FALSE,FALSE
4446656,"gate_30",18,TRUE,TRUE
4446825,"gate_40",2,FALSE,FALSE
4446971,"gate_30",22,TRUE,FALSE
4447225,"gate_30",7,TRUE,FALSE
4447281,"gate_40",15,FALSE,TRUE
4447312,"gate_40",4,FALSE,FALSE
4447335,"gate_40",24,FALSE,FALSE
4447338,"gate_40",0,FALSE,FALSE
4447738,"gate_40",39,FALSE,FALSE
4447862,"gate_30",546,TRUE,TRUE
4447935,"gate_40",0,FALSE,FALSE
4447954,"gate_30",6,TRUE,FALSE
4447962,"gate_40",47,FALSE,TRUE
4448386,"gate_40",54,TRUE,FALSE
4448472,"gate_30",11,TRUE,FALSE
4448544,"gate_40",50,TRUE,FALSE
4448579,"gate_30",21,TRUE,FALSE
4448742,"gate_30",2,FALSE,FALSE
4448768,"gate_30",11,TRUE,FALSE
4448821,"gate_30",0,FALSE,FALSE
4448829,"gate_40",91,FALSE,TRUE
4449159,"gate_40",165,TRUE,TRUE
4449170,"gate_40",2,FALSE,FALSE
4449275,"gate_30",26,TRUE,FALSE
4449480,"gate_30",16,FALSE,FALSE
4449481,"gate_30",51,TRUE,FALSE
4449798,"gate_30",14,FALSE,FALSE
4449872,"gate_30",7,FALSE,FALSE
4449882,"gate_40",300,TRUE,TRUE
4449925,"gate_30",39,TRUE,FALSE
4449933,"gate_40",696,TRUE,TRUE
4450044,"gate_40",21,TRUE,FALSE
4450056,"gate_30",47,TRUE,FALSE
4450080,"gate_30",19,FALSE,FALSE
4450083,"gate_30",1,FALSE,FALSE
4450311,"gate_40",2,FALSE,FALSE
4450606,"gate_30",12,FALSE,FALSE
4450757,"gate_30",2,FALSE,FALSE
4450775,"gate_30",3,FALSE,FALSE
4450810,"gate_40",7,FALSE,FALSE
4451137,"gate_40",1,FALSE,FALSE
4451177,"gate_30",73,FALSE,FALSE
4451181,"gate_30",5,FALSE,FALSE
4451241,"gate_40",54,TRUE,FALSE
4451639,"gate_40",158,TRUE,TRUE
4451693,"gate_30",1,FALSE,FALSE
4451803,"gate_40",36,FALSE,FALSE
4451836,"gate_30",286,TRUE,TRUE
4451964,"gate_30",38,TRUE,FALSE
4451968,"gate_40",0,FALSE,FALSE
4451998,"gate_30",41,TRUE,FALSE
4452084,"gate_30",8,TRUE,FALSE
4452110,"gate_40",27,TRUE,FALSE
4452228,"gate_40",20,FALSE,FALSE
4452330,"gate_40",79,TRUE,FALSE
4452390,"gate_40",129,TRUE,TRUE
4452412,"gate_40",1,FALSE,FALSE
4452415,"gate_30",21,FALSE,FALSE
4452427,"gate_30",17,FALSE,FALSE
4452492,"gate_30",123,TRUE,FALSE
4452508,"gate_30",16,TRUE,FALSE
4452537,"gate_40",23,TRUE,FALSE
4452545,"gate_40",6,FALSE,FALSE
4452560,"gate_30",32,FALSE,FALSE
4452579,"gate_40",35,TRUE,FALSE
4452588,"gate_40",22,FALSE,FALSE
4452724,"gate_30",376,TRUE,FALSE
4452855,"gate_40",13,TRUE,FALSE
4453266,"gate_40",1,FALSE,FALSE
4453269,"gate_40",19,FALSE,TRUE
4453602,"gate_40",94,TRUE,FALSE
4453728,"gate_30",33,FALSE,FALSE
4454024,"gate_30",28,TRUE,FALSE
4454212,"gate_40",289,TRUE,TRUE
4454361,"gate_30",0,FALSE,FALSE
4454400,"gate_30",420,TRUE,TRUE
4454429,"gate_30",5,FALSE,FALSE
4454483,"gate_30",7,FALSE,FALSE
4454547,"gate_30",2,FALSE,FALSE
4454612,"gate_30",78,TRUE,FALSE
4454742,"gate_40",5,FALSE,FALSE
4454794,"gate_40",19,FALSE,FALSE
4454904,"gate_30",134,TRUE,FALSE
4454922,"gate_40",15,TRUE,FALSE
4455230,"gate_30",15,TRUE,FALSE
4455257,"gate_30",8,FALSE,FALSE
4455300,"gate_40",2,TRUE,FALSE
4455352,"gate_30",18,TRUE,FALSE
4455503,"gate_40",11,TRUE,TRUE
4455615,"gate_30",3,FALSE,FALSE
4455925,"gate_40",16,TRUE,FALSE
4455981,"gate_40",49,FALSE,TRUE
4456047,"gate_40",18,FALSE,FALSE
4456074,"gate_30",39,TRUE,FALSE
4456102,"gate_40",149,TRUE,FALSE
4456175,"gate_30",15,FALSE,FALSE
4456209,"gate_40",13,TRUE,FALSE
4456261,"gate_30",168,FALSE,TRUE
4456296,"gate_40",2,FALSE,FALSE
4456455,"gate_30",1,FALSE,FALSE
4456544,"gate_40",1,FALSE,FALSE
4456765,"gate_30",22,TRUE,FALSE
4456840,"gate_30",4,FALSE,FALSE
4456901,"gate_30",70,TRUE,FALSE
4456973,"gate_30",53,TRUE,FALSE
4457055,"gate_30",2,FALSE,FALSE
4457074,"gate_30",28,FALSE,FALSE
4457229,"gate_40",0,FALSE,FALSE
4457539,"gate_40",59,FALSE,FALSE
4457655,"gate_30",7,FALSE,FALSE
4457818,"gate_30",49,TRUE,FALSE
4457846,"gate_30",1,FALSE,FALSE
4457867,"gate_30",14,FALSE,FALSE
4457940,"gate_30",38,TRUE,TRUE
4458020,"gate_40",24,FALSE,TRUE
4458259,"gate_30",45,TRUE,FALSE
4458327,"gate_40",53,TRUE,FALSE
4458398,"gate_30",3,TRUE,TRUE
4458474,"gate_40",8,TRUE,FALSE
4458488,"gate_40",2,FALSE,FALSE
4458547,"gate_30",4,FALSE,FALSE
4458553,"gate_30",4,FALSE,FALSE
4458882,"gate_40",0,FALSE,FALSE
4459055,"gate_30",61,FALSE,FALSE
4459068,"gate_30",5,FALSE,FALSE
4459256,"gate_40",71,TRUE,FALSE
4459321,"gate_30",20,FALSE,FALSE
4459385,"gate_30",2,FALSE,FALSE
4459418,"gate_30",152,TRUE,FALSE
4459656,"gate_30",35,FALSE,FALSE
4459695,"gate_30",19,TRUE,FALSE
4459866,"gate_40",107,TRUE,FALSE
4459885,"gate_30",2,FALSE,FALSE
4460261,"gate_40",8,TRUE,FALSE
4460420,"gate_30",13,FALSE,TRUE
4460485,"gate_30",13,FALSE,FALSE
4460673,"gate_30",0,FALSE,FALSE
4460693,"gate_40",102,TRUE,FALSE
4460717,"gate_30",8,TRUE,FALSE
4460727,"gate_40",12,FALSE,FALSE
4460811,"gate_40",0,FALSE,FALSE
4460832,"gate_30",19,TRUE,FALSE
4460887,"gate_30",227,TRUE,TRUE
4460954,"gate_40",9,FALSE,FALSE
4460962,"gate_30",42,TRUE,FALSE
4461029,"gate_30",15,TRUE,FALSE
4461030,"gate_40",1,FALSE,FALSE
4461039,"gate_30",30,FALSE,FALSE
4461195,"gate_30",22,FALSE,FALSE
4461452,"gate_40",7,FALSE,FALSE
4461483,"gate_40",125,TRUE,TRUE
4461594,"gate_40",305,TRUE,TRUE
4461665,"gate_30",6,FALSE,FALSE
4461679,"gate_40",8,FALSE,TRUE
4461696,"gate_30",10,FALSE,FALSE
4461815,"gate_40",113,TRUE,TRUE
4462033,"gate_30",3,FALSE,FALSE
4462238,"gate_30",5,TRUE,FALSE
4462420,"gate_40",19,FALSE,FALSE
4462689,"gate_30",86,TRUE,FALSE
4462741,"gate_30",5,FALSE,FALSE
4462944,"gate_30",68,TRUE,FALSE
4463140,"gate_30",38,TRUE,FALSE
4463213,"gate_30",12,FALSE,FALSE
4463383,"gate_30",17,FALSE,FALSE
4463554,"gate_40",2,FALSE,FALSE
4463758,"gate_30",2,FALSE,FALSE
4463780,"gate_30",0,FALSE,FALSE
4463841,"gate_40",469,TRUE,TRUE
4464090,"gate_40",55,FALSE,FALSE
4464132,"gate_30",1,FALSE,FALSE
4464169,"gate_40",14,TRUE,FALSE
4464174,"gate_30",97,TRUE,FALSE
4464214,"gate_30",99,TRUE,TRUE
4464249,"gate_40",4,FALSE,FALSE
4464275,"gate_30",28,TRUE,FALSE
4464337,"gate_30",101,TRUE,FALSE
4464341,"gate_30",257,TRUE,TRUE
4464569,"gate_30",1,FALSE,FALSE
4464661,"gate_40",529,FALSE,TRUE
4464700,"gate_40",9,FALSE,FALSE
4464960,"gate_30",2,FALSE,FALSE
4465022,"gate_40",17,TRUE,FALSE
4465495,"gate_30",2,FALSE,FALSE
4465572,"gate_40",22,FALSE,FALSE
4465698,"gate_30",11,FALSE,FALSE
4465794,"gate_30",1,FALSE,FALSE
4465798,"gate_40",12,FALSE,FALSE
4465850,"gate_30",26,FALSE,TRUE
4465944,"gate_30",4,FALSE,FALSE
4466013,"gate_30",57,TRUE,FALSE
4466060,"gate_30",43,TRUE,FALSE
4466400,"gate_40",48,TRUE,FALSE
4466985,"gate_30",35,FALSE,FALSE
4467115,"gate_30",1,FALSE,FALSE
4467161,"gate_40",1,FALSE,FALSE
4467165,"gate_30",44,FALSE,FALSE
4467290,"gate_30",50,TRUE,FALSE
4467420,"gate_40",275,TRUE,TRUE
4467453,"gate_40",13,TRUE,FALSE
4467486,"gate_30",71,TRUE,TRUE
4467535,"gate_30",0,FALSE,FALSE
4467638,"gate_40",1,FALSE,FALSE
4467663,"gate_40",6,FALSE,FALSE
4467817,"gate_40",357,TRUE,TRUE
4468253,"gate_30",73,TRUE,FALSE
4468353,"gate_30",1,FALSE,FALSE
4468568,"gate_40",14,TRUE,FALSE
4468612,"gate_40",25,TRUE,TRUE
4468912,"gate_30",34,FALSE,FALSE
4468955,"gate_30",76,TRUE,TRUE
4469006,"gate_30",77,TRUE,FALSE
4469138,"gate_30",16,FALSE,TRUE
4469179,"gate_40",146,TRUE,FALSE
4469464,"gate_40",8,TRUE,FALSE
4469593,"gate_40",21,TRUE,FALSE
4469856,"gate_40",35,TRUE,FALSE
4470070,"gate_40",105,TRUE,FALSE
4470475,"gate_40",0,FALSE,FALSE
4470709,"gate_30",7,FALSE,FALSE
4470822,"gate_30",5,FALSE,FALSE
4470840,"gate_40",25,TRUE,FALSE
4470875,"gate_40",1,FALSE,FALSE
4471086,"gate_40",11,TRUE,TRUE
4471159,"gate_40",29,TRUE,FALSE
4471465,"gate_40",0,FALSE,FALSE
4471486,"gate_30",1,FALSE,FALSE
4471506,"gate_30",371,TRUE,TRUE
4471521,"gate_40",5,FALSE,FALSE
4471545,"gate_40",31,FALSE,FALSE
4471684,"gate_30",5,FALSE,FALSE
4471841,"gate_40",3,FALSE,FALSE
4471875,"gate_30",257,TRUE,TRUE
4471934,"gate_40",3,FALSE,FALSE
4472088,"gate_30",6,FALSE,FALSE
4472105,"gate_40",15,TRUE,FALSE
4472131,"gate_40",180,TRUE,TRUE
4472265,"gate_30",21,TRUE,FALSE
4472273,"gate_40",9,FALSE,FALSE
4472319,"gate_40",49,FALSE,FALSE
4472383,"gate_30",259,TRUE,TRUE
4472656,"gate_30",534,TRUE,TRUE
4472675,"gate_30",0,TRUE,FALSE
4472694,"gate_40",206,TRUE,FALSE
4472982,"gate_30",49,TRUE,FALSE
4472989,"gate_30",279,TRUE,FALSE
4473036,"gate_30",171,TRUE,TRUE
4473068,"gate_30",12,FALSE,FALSE
4473083,"gate_30",2,FALSE,FALSE
4473236,"gate_40",1,FALSE,FALSE
4473250,"gate_30",41,FALSE,TRUE
4473286,"gate_30",77,TRUE,FALSE
4473337,"gate_30",7,FALSE,FALSE
4473387,"gate_40",3,FALSE,FALSE
4473417,"gate_40",2,FALSE,FALSE
4473443,"gate_40",15,FALSE,FALSE
4473605,"gate_40",46,FALSE,FALSE
4473632,"gate_40",2,FALSE,FALSE
4473764,"gate_40",47,TRUE,TRUE
4473879,"gate_40",12,FALSE,FALSE
4473927,"gate_40",90,TRUE,TRUE
4473966,"gate_40",57,TRUE,FALSE
4474105,"gate_40",4,FALSE,FALSE
4474176,"gate_40",114,TRUE,FALSE
4474220,"gate_30",6,FALSE,FALSE
4474395,"gate_40",6,FALSE,FALSE
4474560,"gate_40",49,TRUE,FALSE
4474571,"gate_30",32,TRUE,FALSE
4474584,"gate_40",396,TRUE,TRUE
4474624,"gate_30",2,FALSE,FALSE
4474694,"gate_40",3,FALSE,FALSE
4474765,"gate_40",36,TRUE,FALSE
4474803,"gate_30",38,FALSE,FALSE
4474833,"gate_30",17,FALSE,FALSE
4475039,"gate_30",34,TRUE,FALSE
4475072,"gate_40",85,TRUE,FALSE
4475080,"gate_30",10,FALSE,FALSE
4475132,"gate_40",1,FALSE,FALSE
4475325,"gate_30",377,TRUE,TRUE
4475379,"gate_40",29,TRUE,FALSE
4475427,"gate_30",36,TRUE,FALSE
4475457,"gate_40",6,FALSE,FALSE
4475787,"gate_40",41,FALSE,FALSE
4475840,"gate_30",8,FALSE,FALSE
4475868,"gate_40",103,TRUE,TRUE
4476009,"gate_30",51,FALSE,TRUE
4476025,"gate_40",37,TRUE,TRUE
4476097,"gate_30",5,FALSE,FALSE
4476508,"gate_40",174,TRUE,TRUE
4476622,"gate_30",18,FALSE,FALSE
4476659,"gate_30",9,FALSE,FALSE
4476806,"gate_40",18,FALSE,FALSE
4476834,"gate_30",656,TRUE,TRUE
4476955,"gate_30",38,FALSE,FALSE
4476968,"gate_40",25,TRUE,FALSE
4477030,"gate_40",0,FALSE,FALSE
4477436,"gate_40",80,TRUE,FALSE
4477754,"gate_40",87,TRUE,TRUE
4477924,"gate_40",19,FALSE,FALSE
4477976,"gate_30",19,TRUE,FALSE
4478142,"gate_40",34,TRUE,TRUE
4478165,"gate_30",29,FALSE,TRUE
4478238,"gate_40",4,FALSE,FALSE
4478378,"gate_30",2,FALSE,FALSE
4479116,"gate_30",12,TRUE,FALSE
4479154,"gate_30",49,TRUE,FALSE
4479403,"gate_30",136,TRUE,FALSE
4479420,"gate_30",2,FALSE,FALSE
4479695,"gate_40",37,TRUE,FALSE
4479874,"gate_40",141,TRUE,FALSE
4480001,"gate_40",18,FALSE,FALSE
4480141,"gate_30",94,TRUE,FALSE
4480159,"gate_30",0,FALSE,FALSE
4480235,"gate_30",42,FALSE,TRUE
4480866,"gate_30",6,TRUE,FALSE
4481219,"gate_40",19,TRUE,FALSE
4481399,"gate_40",6,FALSE,FALSE
4481444,"gate_40",21,TRUE,FALSE
4481585,"gate_30",3,FALSE,FALSE
4481781,"gate_40",0,FALSE,FALSE
4481919,"gate_30",8,FALSE,FALSE
4482015,"gate_30",28,TRUE,FALSE
4482082,"gate_30",34,TRUE,FALSE
4482360,"gate_40",5,FALSE,FALSE
4482383,"gate_30",45,FALSE,TRUE
4482458,"gate_40",3,TRUE,FALSE
4482570,"gate_40",2,FALSE,FALSE
4482706,"gate_30",21,TRUE,FALSE
4482786,"gate_30",18,FALSE,FALSE
4482792,"gate_40",95,TRUE,FALSE
4483012,"gate_30",0,FALSE,FALSE
4483044,"gate_40",87,TRUE,TRUE
4483085,"gate_40",21,FALSE,FALSE
4483225,"gate_40",16,FALSE,FALSE
4483267,"gate_30",5,FALSE,FALSE
4483306,"gate_30",13,FALSE,FALSE
4483450,"gate_40",14,FALSE,FALSE
4483490,"gate_30",8,FALSE,FALSE
4483547,"gate_40",159,TRUE,TRUE
4483635,"gate_30",16,FALSE,FALSE
4483675,"gate_40",18,FALSE,FALSE
4483726,"gate_30",12,FALSE,FALSE
4483727,"gate_30",0,FALSE,FALSE
4483821,"gate_40",2,FALSE,FALSE
4483940,"gate_30",33,FALSE,FALSE
4483941,"gate_30",45,TRUE,FALSE
4483990,"gate_40",26,TRUE,FALSE
4484064,"gate_30",1,FALSE,FALSE
4484263,"gate_30",31,TRUE,FALSE
4484337,"gate_40",16,TRUE,FALSE
4484446,"gate_30",3,FALSE,FALSE
4484474,"gate_30",160,TRUE,FALSE
4484668,"gate_40",1,FALSE,FALSE
4484780,"gate_40",12,TRUE,FALSE
4484909,"gate_40",11,FALSE,FALSE
4484942,"gate_40",14,FALSE,FALSE
4485077,"gate_30",62,FALSE,TRUE
4485156,"gate_30",11,TRUE,FALSE
4485260,"gate_30",13,FALSE,FALSE
4485349,"gate_40",2,FALSE,FALSE
4485684,"gate_40",9,FALSE,FALSE
4485914,"gate_30",19,TRUE,FALSE
4486001,"gate_30",615,TRUE,TRUE
4486045,"gate_40",40,TRUE,FALSE
4486124,"gate_40",9,FALSE,FALSE
4486137,"gate_30",5,FALSE,FALSE
4486138,"gate_30",169,TRUE,TRUE
4486217,"gate_30",44,TRUE,FALSE
4486219,"gate_30",415,TRUE,TRUE
4486380,"gate_30",5,FALSE,FALSE
4486423,"gate_40",162,FALSE,FALSE
4486455,"gate_40",9,FALSE,TRUE
4486485,"gate_40",8,FALSE,FALSE
4486568,"gate_40",1,FALSE,FALSE
4486585,"gate_30",21,FALSE,FALSE
4486756,"gate_40",57,TRUE,FALSE
4486796,"gate_30",182,TRUE,TRUE
4487253,"gate_40",172,TRUE,TRUE
4487293,"gate_40",0,FALSE,FALSE
4487386,"gate_40",59,TRUE,FALSE
4487456,"gate_30",67,TRUE,FALSE
4487602,"gate_40",13,FALSE,FALSE
4487623,"gate_30",8,FALSE,FALSE
4487734,"gate_40",124,TRUE,FALSE
4487769,"gate_40",10,FALSE,FALSE
4488041,"gate_30",51,TRUE,FALSE
4488161,"gate_40",73,TRUE,FALSE
4488324,"gate_40",7,FALSE,FALSE
4488351,"gate_40",107,TRUE,TRUE
4488454,"gate_30",6,FALSE,FALSE
4488562,"gate_40",30,TRUE,FALSE
4488671,"gate_40",18,FALSE,FALSE
4488754,"gate_40",7,FALSE,FALSE
4488852,"gate_30",285,TRUE,TRUE
4488998,"gate_40",5,TRUE,FALSE
4489014,"gate_30",34,FALSE,FALSE
4489112,"gate_40",6,TRUE,FALSE
4489175,"gate_30",66,FALSE,FALSE
4489178,"gate_40",327,TRUE,TRUE
4489209,"gate_40",2,FALSE,FALSE
4489256,"gate_30",71,FALSE,FALSE
4489619,"gate_30",21,TRUE,FALSE
4489736,"gate_30",53,TRUE,FALSE
4489785,"gate_30",1,FALSE,FALSE
4489903,"gate_40",163,TRUE,TRUE
4490108,"gate_30",9,FALSE,FALSE
4490260,"gate_40",9,FALSE,FALSE
4490273,"gate_40",41,TRUE,TRUE
4490857,"gate_40",4,FALSE,FALSE
4490950,"gate_30",8,TRUE,FALSE
4491007,"gate_30",11,FALSE,FALSE
4491035,"gate_40",19,FALSE,FALSE
4491094,"gate_40",39,FALSE,FALSE
4491130,"gate_40",31,TRUE,FALSE
4491139,"gate_30",2,FALSE,FALSE
4491187,"gate_30",15,FALSE,FALSE
4491666,"gate_40",186,TRUE,FALSE
4491690,"gate_30",7,TRUE,FALSE
4491691,"gate_40",7,FALSE,FALSE
4492029,"gate_40",10,FALSE,FALSE
4492145,"gate_40",10,TRUE,FALSE
4492150,"gate_30",33,TRUE,FALSE
4492159,"gate_30",51,TRUE,FALSE
4492387,"gate_40",100,TRUE,FALSE
4492454,"gate_30",8,FALSE,FALSE
4492920,"gate_30",116,FALSE,TRUE
4493034,"gate_30",85,TRUE,TRUE
4493535,"gate_30",36,TRUE,TRUE
4493628,"gate_40",47,FALSE,TRUE
4493657,"gate_40",53,TRUE,FALSE
4493662,"gate_40",2,FALSE,FALSE
4493678,"gate_40",132,FALSE,FALSE
4494007,"gate_40",90,TRUE,TRUE
4494262,"gate_30",15,FALSE,FALSE
4494556,"gate_30",41,TRUE,TRUE
4494662,"gate_40",0,FALSE,FALSE
4494683,"gate_40",2,FALSE,FALSE
4494692,"gate_40",2,FALSE,FALSE
4494705,"gate_30",19,TRUE,FALSE
4494757,"gate_30",12,FALSE,FALSE
4494854,"gate_40",15,TRUE,FALSE
4495065,"gate_30",228,TRUE,TRUE
4495200,"gate_40",15,FALSE,FALSE
4495256,"gate_30",14,FALSE,FALSE
4495326,"gate_40",156,TRUE,TRUE
4495736,"gate_40",9,TRUE,FALSE
4496010,"gate_40",92,FALSE,TRUE
4496177,"gate_30",318,TRUE,TRUE
4496330,"gate_40",12,FALSE,FALSE
4496380,"gate_30",11,TRUE,FALSE
4496413,"gate_30",121,TRUE,FALSE
4496533,"gate_30",251,TRUE,TRUE
4496563,"gate_40",48,TRUE,TRUE
4496578,"gate_40",11,FALSE,FALSE
4496597,"gate_40",287,TRUE,TRUE
4496662,"gate_30",21,TRUE,FALSE
4496692,"gate_40",1,FALSE,FALSE
4496766,"gate_30",4,FALSE,FALSE
4496788,"gate_40",12,FALSE,FALSE
4496866,"gate_40",355,FALSE,TRUE
4496891,"gate_40",2,FALSE,FALSE
4496922,"gate_40",4,FALSE,FALSE
4497047,"gate_30",6,FALSE,FALSE
4497102,"gate_40",26,TRUE,FALSE
4497129,"gate_40",1,FALSE,FALSE
4497222,"gate_40",177,TRUE,TRUE
4497354,"gate_40",94,TRUE,TRUE
4497357,"gate_40",11,FALSE,FALSE
4497498,"gate_40",7,FALSE,FALSE
4497508,"gate_40",21,TRUE,FALSE
4497520,"gate_40",125,TRUE,TRUE
4497608,"gate_40",5,FALSE,FALSE
4497644,"gate_40",145,TRUE,FALSE
4497711,"gate_40",11,FALSE,FALSE
4497887,"gate_30",56,TRUE,FALSE
4497970,"gate_30",219,TRUE,TRUE
4498022,"gate_30",21,FALSE,FALSE
4498051,"gate_40",15,TRUE,FALSE
4498137,"gate_40",37,TRUE,FALSE
4498325,"gate_40",0,FALSE,FALSE
4498436,"gate_40",3,FALSE,FALSE
4498508,"gate_40",17,FALSE,FALSE
4498520,"gate_30",11,FALSE,FALSE
4498522,"gate_40",21,FALSE,TRUE
4498545,"gate_40",4,FALSE,FALSE
4498565,"gate_30",36,FALSE,FALSE
4498627,"gate_30",22,TRUE,FALSE
4498713,"gate_40",80,TRUE,TRUE
4498748,"gate_30",128,TRUE,FALSE
4498839,"gate_40",6,FALSE,FALSE
4498877,"gate_30",24,TRUE,TRUE
4499009,"gate_40",146,TRUE,FALSE
4499248,"gate_40",5,TRUE,FALSE
4499273,"gate_30",15,FALSE,FALSE
4499409,"gate_30",15,FALSE,FALSE
4499445,"gate_30",9,FALSE,FALSE
4499488,"gate_40",18,TRUE,FALSE
4499566,"gate_40",47,TRUE,FALSE
4499777,"gate_40",0,FALSE,FALSE
4499817,"gate_30",15,FALSE,FALSE
4499834,"gate_40",35,TRUE,FALSE
4499864,"gate_30",14,FALSE,FALSE
4500028,"gate_40",87,TRUE,TRUE
4500271,"gate_30",141,TRUE,TRUE
4500422,"gate_40",6,TRUE,FALSE
4501271,"gate_40",1,FALSE,FALSE
4501329,"gate_30",59,TRUE,FALSE
4501346,"gate_30",31,TRUE,FALSE
4501544,"gate_30",3,FALSE,FALSE
4501601,"gate_40",58,TRUE,FALSE
4501608,"gate_40",85,TRUE,TRUE
4502267,"gate_30",434,TRUE,TRUE
4502453,"gate_40",2,FALSE,FALSE
4502513,"gate_40",10,TRUE,FALSE
4502738,"gate_40",39,TRUE,FALSE
4502978,"gate_30",16,FALSE,FALSE
4503001,"gate_30",30,FALSE,FALSE
4503037,"gate_30",303,TRUE,TRUE
4503094,"gate_30",39,TRUE,FALSE
4503236,"gate_30",3,FALSE,FALSE
4503275,"gate_40",21,TRUE,FALSE
4503421,"gate_40",5,FALSE,TRUE
4503597,"gate_40",44,TRUE,FALSE
4503722,"gate_40",5,FALSE,FALSE
4503913,"gate_40",9,FALSE,FALSE
4504099,"gate_30",120,FALSE,TRUE
4504138,"gate_40",17,TRUE,FALSE
4504340,"gate_30",128,FALSE,FALSE
4504462,"gate_40",10,FALSE,FALSE
4504474,"gate_40",4,FALSE,FALSE
4504512,"gate_30",3,FALSE,FALSE
4504571,"gate_30",88,TRUE,FALSE
4504635,"gate_30",24,TRUE,FALSE
4504779,"gate_30",228,TRUE,FALSE
4505133,"gate_30",32,FALSE,TRUE
4505136,"gate_30",37,TRUE,FALSE
4505342,"gate_30",224,TRUE,FALSE
4505495,"gate_40",143,TRUE,TRUE
4505502,"gate_40",97,TRUE,FALSE
4505556,"gate_30",38,TRUE,FALSE
4505591,"gate_40",13,TRUE,FALSE
4505608,"gate_40",3,FALSE,FALSE
4505640,"gate_30",583,TRUE,TRUE
4505658,"gate_30",67,TRUE,TRUE
4505846,"gate_40",2,FALSE,FALSE
4505897,"gate_30",57,TRUE,TRUE
4505941,"gate_30",2,FALSE,FALSE
4506188,"gate_40",146,TRUE,TRUE
4506333,"gate_40",8,FALSE,FALSE
4506469,"gate_40",24,TRUE,FALSE
4506646,"gate_30",21,TRUE,TRUE
4506907,"gate_40",72,TRUE,FALSE
4507015,"gate_40",29,TRUE,FALSE
4507135,"gate_40",77,TRUE,TRUE
4507353,"gate_40",53,TRUE,FALSE
4507366,"gate_40",10,TRUE,FALSE
4507378,"gate_30",24,TRUE,FALSE
4507447,"gate_40",5,TRUE,FALSE
4507609,"gate_40",17,TRUE,FALSE
4507612,"gate_40",2,FALSE,FALSE
4507977,"gate_30",227,TRUE,TRUE
4507983,"gate_40",14,TRUE,FALSE
4508045,"gate_40",6,FALSE,FALSE
4508082,"gate_30",83,FALSE,TRUE
4508162,"gate_30",1,FALSE,FALSE
4508305,"gate_30",29,FALSE,FALSE
4508458,"gate_40",0,FALSE,FALSE
4508477,"gate_40",148,FALSE,FALSE
4508626,"gate_30",0,FALSE,FALSE
4508710,"gate_40",2,FALSE,FALSE
4508788,"gate_40",231,TRUE,TRUE
4509051,"gate_30",190,FALSE,TRUE
4509105,"gate_30",5,FALSE,FALSE
4509243,"gate_40",18,TRUE,FALSE
4509274,"gate_40",63,TRUE,FALSE
4509403,"gate_40",14,FALSE,TRUE
4509535,"gate_40",1,FALSE,FALSE
4509613,"gate_30",46,TRUE,FALSE
4509657,"gate_40",187,TRUE,TRUE
4509665,"gate_30",314,TRUE,TRUE
4509711,"gate_30",29,TRUE,TRUE
4509755,"gate_30",195,TRUE,TRUE
4509869,"gate_40",14,TRUE,FALSE
4509909,"gate_40",13,FALSE,FALSE
4509970,"gate_40",16,TRUE,FALSE
4509979,"gate_40",11,FALSE,FALSE
4510071,"gate_40",45,TRUE,FALSE
4510445,"gate_30",15,FALSE,FALSE
4510498,"gate_40",1,FALSE,FALSE
4510729,"gate_30",39,TRUE,FALSE
4510769,"gate_40",11,FALSE,FALSE
4511038,"gate_30",44,FALSE,FALSE
4511055,"gate_30",165,TRUE,TRUE
4511081,"gate_40",5,FALSE,FALSE
4511120,"gate_30",32,FALSE,FALSE
4511276,"gate_40",20,FALSE,FALSE
4511597,"gate_40",13,TRUE,FALSE
4511659,"gate_30",0,FALSE,FALSE
4511667,"gate_30",26,TRUE,FALSE
4511735,"gate_40",84,TRUE,FALSE
4511829,"gate_40",5,FALSE,FALSE
4511843,"gate_30",11,FALSE,FALSE
4511853,"gate_40",4,FALSE,FALSE
4511873,"gate_40",0,FALSE,FALSE
4511938,"gate_40",7,TRUE,TRUE
4511947,"gate_30",26,TRUE,FALSE
4512223,"gate_40",11,TRUE,FALSE
4512288,"gate_40",1,TRUE,FALSE
4512347,"gate_40",95,TRUE,TRUE
4512407,"gate_40",421,TRUE,TRUE
4512766,"gate_30",36,TRUE,FALSE
4513056,"gate_40",11,FALSE,FALSE
4513263,"gate_30",58,TRUE,FALSE
4513369,"gate_40",45,TRUE,FALSE
4513391,"gate_40",2,FALSE,FALSE
4513767,"gate_40",122,TRUE,TRUE
4513929,"gate_40",1,FALSE,FALSE
4513957,"gate_40",12,TRUE,FALSE
4514055,"gate_30",14,FALSE,FALSE
4514164,"gate_40",73,TRUE,TRUE
4514217,"gate_30",7,FALSE,FALSE
4514233,"gate_30",14,TRUE,FALSE
4514275,"gate_30",116,TRUE,FALSE
4514346,"gate_30",88,TRUE,TRUE
4514531,"gate_40",20,TRUE,FALSE
4514532,"gate_30",9,TRUE,FALSE
4514671,"gate_30",1,FALSE,FALSE
4514688,"gate_40",46,TRUE,FALSE
4514822,"gate_40",3,FALSE,FALSE
4514877,"gate_40",12,TRUE,FALSE
4514894,"gate_30",5,FALSE,FALSE
4514910,"gate_40",40,TRUE,FALSE
4514917,"gate_30",32,TRUE,FALSE
4515171,"gate_40",36,TRUE,FALSE
4515411,"gate_40",94,FALSE,FALSE
4515429,"gate_40",108,TRUE,TRUE
4515501,"gate_40",35,FALSE,FALSE
4515705,"gate_40",0,FALSE,FALSE
4516266,"gate_30",36,TRUE,FALSE
4516330,"gate_40",87,TRUE,FALSE
4516443,"gate_40",70,FALSE,FALSE
4516538,"gate_30",13,FALSE,FALSE
4516574,"gate_30",10,FALSE,FALSE
4516664,"gate_40",19,TRUE,TRUE
4516939,"gate_40",21,TRUE,FALSE
4517060,"gate_40",0,FALSE,FALSE
4517164,"gate_30",9,FALSE,FALSE
4517347,"gate_30",8,FALSE,FALSE
4517375,"gate_40",8,FALSE,FALSE
4517458,"gate_40",14,TRUE,FALSE
4517490,"gate_40",0,FALSE,FALSE
4517652,"gate_30",3,FALSE,FALSE
4518019,"gate_40",0,FALSE,FALSE
4518049,"gate_30",24,FALSE,FALSE
4518189,"gate_40",3,FALSE,FALSE
4518194,"gate_40",4,FALSE,FALSE
4518208,"gate_40",76,TRUE,TRUE
4518264,"gate_40",12,TRUE,FALSE
4518309,"gate_30",38,TRUE,FALSE
4518343,"gate_30",21,TRUE,FALSE
4518525,"gate_30",29,TRUE,FALSE
4518548,"gate_40",5,TRUE,FALSE
4518550,"gate_40",2,FALSE,FALSE
4518631,"gate_40",23,FALSE,FALSE
4518676,"gate_30",51,FALSE,TRUE
4518779,"gate_40",17,FALSE,FALSE
4518791,"gate_30",76,TRUE,FALSE
4519047,"gate_40",37,FALSE,FALSE
4519065,"gate_40",102,TRUE,TRUE
4519273,"gate_30",16,TRUE,FALSE
4519275,"gate_30",35,FALSE,FALSE
4519457,"gate_30",40,TRUE,TRUE
4519501,"gate_40",46,TRUE,TRUE
4519681,"gate_40",1,FALSE,FALSE
4519685,"gate_30",12,FALSE,FALSE
4519686,"gate_40",1,FALSE,FALSE
4519846,"gate_40",6,FALSE,FALSE
4519962,"gate_30",511,TRUE,TRUE
4520054,"gate_30",94,TRUE,FALSE
4520130,"gate_40",0,FALSE,FALSE
4520146,"gate_30",113,TRUE,TRUE
4520172,"gate_40",37,TRUE,FALSE
4520750,"gate_40",35,TRUE,FALSE
4520872,"gate_40",195,FALSE,TRUE
4521163,"gate_40",1,FALSE,FALSE
4521182,"gate_30",13,FALSE,FALSE
4521315,"gate_30",268,TRUE,TRUE
4521658,"gate_30",65,FALSE,FALSE
4521898,"gate_40",10,FALSE,FALSE
4522203,"gate_40",251,TRUE,TRUE
4522297,"gate_30",12,FALSE,FALSE
4522305,"gate_40",43,TRUE,FALSE
4522411,"gate_40",4,FALSE,FALSE
4522562,"gate_40",19,TRUE,FALSE
4522600,"gate_30",155,FALSE,TRUE
4522646,"gate_30",37,FALSE,FALSE
4522696,"gate_40",7,FALSE,FALSE
4522726,"gate_40",58,TRUE,TRUE
4522838,"gate_40",22,TRUE,FALSE
4522871,"gate_40",4,FALSE,FALSE
4522898,"gate_40",9,TRUE,FALSE
4523003,"gate_40",5,FALSE,FALSE
4523176,"gate_40",7,TRUE,FALSE
4523206,"gate_40",1,FALSE,FALSE
4523217,"gate_30",2,FALSE,FALSE
4523293,"gate_30",33,TRUE,FALSE
4523310,"gate_40",1,FALSE,FALSE
4523325,"gate_40",1,FALSE,FALSE
4523498,"gate_30",3,FALSE,FALSE
4523621,"gate_40",167,TRUE,FALSE
4523636,"gate_40",0,FALSE,FALSE
4523676,"gate_40",78,TRUE,TRUE
4523733,"gate_40",10,FALSE,FALSE
4523753,"gate_40",7,FALSE,FALSE
4524114,"gate_40",2,FALSE,FALSE
4524166,"gate_40",1,FALSE,FALSE
4524201,"gate_40",113,TRUE,FALSE
4524241,"gate_30",20,TRUE,FALSE
4524302,"gate_40",17,FALSE,FALSE
4524311,"gate_40",58,TRUE,FALSE
4524424,"gate_30",10,FALSE,FALSE
4524495,"gate_40",11,FALSE,FALSE
4524505,"gate_30",42,TRUE,FALSE
4524652,"gate_40",112,TRUE,TRUE
4524769,"gate_40",3,FALSE,FALSE
4524959,"gate_30",33,TRUE,FALSE
4524974,"gate_30",6,TRUE,FALSE
4524979,"gate_40",1,FALSE,FALSE
4525057,"gate_40",49,TRUE,FALSE
4525463,"gate_40",37,TRUE,FALSE
4525485,"gate_40",66,TRUE,FALSE
4525505,"gate_40",23,FALSE,FALSE
4525624,"gate_40",27,TRUE,FALSE
4525709,"gate_40",45,TRUE,FALSE
4525718,"gate_40",236,TRUE,TRUE
4525758,"gate_30",11,TRUE,FALSE
4526112,"gate_40",26,TRUE,TRUE
4526127,"gate_40",66,TRUE,TRUE
4526138,"gate_30",3,FALSE,FALSE
4526179,"gate_40",35,TRUE,FALSE
4526282,"gate_30",63,FALSE,FALSE
4526400,"gate_40",55,TRUE,FALSE
4526402,"gate_30",126,TRUE,FALSE
4526698,"gate_40",4,TRUE,FALSE
4526751,"gate_30",51,TRUE,FALSE
4526805,"gate_40",16,FALSE,TRUE
4526813,"gate_40",71,TRUE,FALSE
4526876,"gate_30",19,FALSE,FALSE
4526934,"gate_40",1,FALSE,FALSE
4527055,"gate_40",6,FALSE,FALSE
4527092,"gate_30",0,FALSE,FALSE
4527366,"gate_40",6,FALSE,FALSE
4527454,"gate_40",20,FALSE,FALSE
4527725,"gate_30",38,TRUE,FALSE
4527786,"gate_30",66,TRUE,FALSE
4527969,"gate_30",48,TRUE,FALSE
4528021,"gate_30",24,FALSE,TRUE
4528118,"gate_40",7,FALSE,FALSE
4528271,"gate_40",28,FALSE,FALSE
4528356,"gate_30",80,TRUE,TRUE
4528503,"gate_30",3,FALSE,FALSE
4528747,"gate_40",11,TRUE,FALSE
4528821,"gate_40",51,TRUE,FALSE
4528870,"gate_30",54,TRUE,FALSE
4528873,"gate_40",90,TRUE,TRUE
4528966,"gate_30",29,TRUE,FALSE
4529076,"gate_40",7,FALSE,FALSE
4529078,"gate_30",253,FALSE,TRUE
4529084,"gate_40",4,FALSE,FALSE
4529095,"gate_40",115,TRUE,FALSE
4529148,"gate_40",48,TRUE,FALSE
4529308,"gate_30",463,TRUE,TRUE
4529447,"gate_40",152,TRUE,TRUE
4529576,"gate_30",84,TRUE,FALSE
4529607,"gate_40",2,FALSE,FALSE
4530285,"gate_40",30,FALSE,FALSE
4530442,"gate_40",4,TRUE,FALSE
4530556,"gate_40",2,FALSE,FALSE
4530906,"gate_40",6,FALSE,FALSE
4531005,"gate_30",35,TRUE,FALSE
4531454,"gate_30",14,TRUE,FALSE
4531763,"gate_30",3,FALSE,FALSE
4531905,"gate_40",22,FALSE,FALSE
4532282,"gate_30",163,FALSE,FALSE
4532325,"gate_30",7,FALSE,FALSE
4532409,"gate_40",7,TRUE,FALSE
4532560,"gate_30",1,FALSE,FALSE
4532566,"gate_40",16,TRUE,FALSE
4532969,"gate_30",1,FALSE,FALSE
4533121,"gate_30",32,FALSE,FALSE
4533143,"gate_30",21,FALSE,FALSE
4533349,"gate_40",44,TRUE,FALSE
4533461,"gate_30",0,FALSE,FALSE
4533783,"gate_30",8,FALSE,FALSE
4533797,"gate_30",3,FALSE,FALSE
4533928,"gate_40",69,TRUE,FALSE
4534010,"gate_30",1,FALSE,FALSE
4534199,"gate_40",4,TRUE,FALSE
4534351,"gate_30",80,TRUE,TRUE
4534393,"gate_30",4,FALSE,FALSE
4534445,"gate_30",18,TRUE,FALSE
4534453,"gate_30",38,FALSE,FALSE
4534607,"gate_40",45,TRUE,TRUE
4534623,"gate_30",150,FALSE,TRUE
4534800,"gate_40",18,FALSE,FALSE
4534866,"gate_30",36,TRUE,FALSE
4535080,"gate_40",1,FALSE,FALSE
4535110,"gate_40",8,FALSE,FALSE
4535173,"gate_30",13,TRUE,FALSE
4535244,"gate_30",21,TRUE,FALSE
4535354,"gate_40",69,TRUE,FALSE
4535423,"gate_30",117,TRUE,TRUE
4535747,"gate_30",2,FALSE,FALSE
4535760,"gate_30",155,TRUE,FALSE
4535767,"gate_40",1,FALSE,FALSE
4535807,"gate_30",5,FALSE,FALSE
4535864,"gate_40",36,FALSE,FALSE
4535892,"gate_30",16,TRUE,FALSE
4535898,"gate_40",278,TRUE,TRUE
4535957,"gate_40",38,TRUE,FALSE
4536202,"gate_30",115,TRUE,FALSE
4536272,"gate_30",7,FALSE,FALSE
4536404,"gate_30",56,TRUE,FALSE
4536489,"gate_30",59,TRUE,FALSE
4536671,"gate_30",3,FALSE,FALSE
4536900,"gate_30",22,TRUE,FALSE
4537412,"gate_30",96,TRUE,TRUE
4537436,"gate_40",16,TRUE,FALSE
4537541,"gate_30",52,TRUE,TRUE
4537560,"gate_30",6,FALSE,FALSE
4537597,"gate_30",8,FALSE,FALSE
4537663,"gate_40",18,FALSE,FALSE
4537964,"gate_30",28,FALSE,FALSE
4537971,"gate_40",11,TRUE,FALSE
4538023,"gate_40",57,FALSE,FALSE
4538036,"gate_40",54,TRUE,FALSE
4538082,"gate_30",18,TRUE,FALSE
4538328,"gate_40",290,TRUE,FALSE
4538605,"gate_40",17,FALSE,FALSE
4538612,"gate_30",119,TRUE,FALSE
4538713,"gate_30",3,FALSE,FALSE
4538753,"gate_30",21,FALSE,FALSE
4538890,"gate_30",1,FALSE,FALSE
4539003,"gate_30",10,TRUE,FALSE
4539163,"gate_40",48,TRUE,FALSE
4539523,"gate_40",43,TRUE,TRUE
4539614,"gate_40",30,TRUE,FALSE
4539646,"gate_40",5,FALSE,FALSE
4539654,"gate_30",11,FALSE,FALSE
4539692,"gate_40",1,FALSE,FALSE
4539742,"gate_40",191,TRUE,FALSE
4540198,"gate_40",4,FALSE,FALSE
4540317,"gate_40",2,FALSE,FALSE
4540540,"gate_40",2,TRUE,FALSE
4540603,"gate_40",263,TRUE,TRUE
4540756,"gate_40",10,FALSE,FALSE
4540789,"gate_40",25,FALSE,FALSE
4540889,"gate_30",4,FALSE,FALSE
4540910,"gate_40",135,TRUE,TRUE
4540918,"gate_40",0,FALSE,FALSE
4540948,"gate_30",303,TRUE,TRUE
4541083,"gate_30",8,FALSE,FALSE
4541161,"gate_40",20,FALSE,FALSE
4541183,"gate_30",1,FALSE,FALSE
4541353,"gate_40",3,FALSE,FALSE
4541474,"gate_30",1,FALSE,FALSE
4541539,"gate_40",19,TRUE,FALSE
4541680,"gate_30",3,FALSE,FALSE
4541687,"gate_40",1,FALSE,FALSE
4541710,"gate_30",50,TRUE,FALSE
4541830,"gate_40",201,TRUE,TRUE
4542043,"gate_40",28,TRUE,FALSE
4542369,"gate_40",10,FALSE,FALSE
4542404,"gate_30",70,TRUE,TRUE
4542497,"gate_40",121,TRUE,TRUE
4542567,"gate_30",29,TRUE,FALSE
4542746,"gate_30",4,FALSE,FALSE
4542796,"gate_40",15,FALSE,FALSE
4542821,"gate_40",2,FALSE,FALSE
4542844,"gate_40",1,FALSE,FALSE
4542913,"gate_30",15,TRUE,FALSE
4543027,"gate_40",381,TRUE,TRUE
4543270,"gate_30",16,FALSE,FALSE
4543363,"gate_30",185,TRUE,TRUE
4543368,"gate_30",3,TRUE,FALSE
4543593,"gate_40",4,TRUE,FALSE
4543665,"gate_30",31,TRUE,FALSE
4544016,"gate_30",46,TRUE,FALSE
4544060,"gate_30",3,FALSE,FALSE
4544181,"gate_30",62,TRUE,TRUE
4544243,"gate_30",23,TRUE,FALSE
4544282,"gate_40",21,TRUE,FALSE
4544927,"gate_30",12,FALSE,FALSE
4545212,"gate_30",4,FALSE,FALSE
4545233,"gate_30",110,TRUE,TRUE
4545416,"gate_30",36,FALSE,TRUE
4545420,"gate_30",0,FALSE,FALSE
4545445,"gate_40",28,TRUE,FALSE
4545576,"gate_30",1,FALSE,FALSE
4545629,"gate_30",27,TRUE,FALSE
4545657,"gate_30",7,FALSE,FALSE
4545688,"gate_30",21,TRUE,TRUE
4545803,"gate_40",5,FALSE,FALSE
4545835,"gate_40",7,FALSE,FALSE
4546063,"gate_40",50,TRUE,TRUE
4546094,"gate_40",195,TRUE,FALSE
4546454,"gate_30",12,FALSE,FALSE
4546491,"gate_40",1,FALSE,FALSE
4546523,"gate_40",6,FALSE,FALSE
4546532,"gate_40",7,FALSE,FALSE
4546575,"gate_40",23,TRUE,FALSE
4546774,"gate_40",14,TRUE,FALSE
4547061,"gate_40",6,FALSE,TRUE
4547220,"gate_40",5,FALSE,FALSE
4547235,"gate_30",2,FALSE,FALSE
4547238,"gate_40",14,TRUE,FALSE
4547270,"gate_30",1,FALSE,FALSE
4547418,"gate_40",2,FALSE,TRUE
4547431,"gate_30",374,TRUE,TRUE
4547469,"gate_30",39,TRUE,TRUE
4547567,"gate_30",35,FALSE,FALSE
4547752,"gate_30",32,FALSE,FALSE
4548058,"gate_30",6,FALSE,FALSE
4548108,"gate_40",79,TRUE,FALSE
4548177,"gate_40",1,FALSE,FALSE
4548254,"gate_30",2,FALSE,FALSE
4548321,"gate_30",15,FALSE,FALSE
4548474,"gate_30",6,FALSE,FALSE
4548576,"gate_40",169,TRUE,TRUE
4548678,"gate_30",7,FALSE,FALSE
4548763,"gate_30",9,FALSE,FALSE
4548850,"gate_30",44,TRUE,FALSE
4548888,"gate_30",1,FALSE,FALSE
4548987,"gate_30",35,FALSE,TRUE
4549011,"gate_40",160,TRUE,TRUE
4549037,"gate_30",6,FALSE,FALSE
4549130,"gate_40",40,FALSE,FALSE
4549218,"gate_30",58,FALSE,FALSE
4549246,"gate_40",205,TRUE,TRUE
4549407,"gate_40",16,TRUE,FALSE
4549431,"gate_40",60,FALSE,FALSE
4549466,"gate_30",86,TRUE,TRUE
4549643,"gate_30",68,TRUE,FALSE
4550117,"gate_30",276,TRUE,TRUE
4550137,"gate_40",3,FALSE,FALSE
4550411,"gate_40",104,FALSE,TRUE
4550433,"gate_40",38,TRUE,FALSE
4550513,"gate_40",1,FALSE,FALSE
4550700,"gate_40",457,TRUE,TRUE
4550902,"gate_30",132,TRUE,TRUE
4550932,"gate_30",165,TRUE,TRUE
4551095,"gate_40",8,FALSE,FALSE
4551262,"gate_30",5,FALSE,FALSE
4551550,"gate_40",62,TRUE,FALSE
4551712,"gate_30",12,TRUE,FALSE
4551721,"gate_30",83,TRUE,FALSE
4551736,"gate_40",3,FALSE,FALSE
4552007,"gate_30",148,TRUE,TRUE
4552065,"gate_30",3,FALSE,FALSE
4552381,"gate_30",16,TRUE,FALSE
4552395,"gate_40",37,TRUE,FALSE
4552601,"gate_30",150,TRUE,FALSE
4552778,"gate_40",5,FALSE,FALSE
4552936,"gate_40",73,TRUE,FALSE
4553247,"gate_40",22,FALSE,FALSE
4553664,"gate_30",10,FALSE,FALSE
4553681,"gate_30",2,FALSE,FALSE
4553791,"gate_40",1,FALSE,FALSE
4554040,"gate_30",24,TRUE,TRUE
4554086,"gate_30",9,TRUE,TRUE
4554113,"gate_40",3,FALSE,FALSE
4554138,"gate_40",26,FALSE,FALSE
4554151,"gate_30",24,TRUE,FALSE
4554216,"gate_40",37,TRUE,FALSE
4554353,"gate_30",1,FALSE,FALSE
4554442,"gate_40",69,TRUE,TRUE
4554444,"gate_30",10,FALSE,FALSE
4554563,"gate_40",8,FALSE,FALSE
4554704,"gate_40",169,TRUE,TRUE
4554781,"gate_40",2,FALSE,FALSE
4554921,"gate_30",145,TRUE,FALSE
4555014,"gate_40",40,TRUE,FALSE
4555125,"gate_30",5,FALSE,FALSE
4555350,"gate_30",2,FALSE,FALSE
4555872,"gate_40",13,TRUE,FALSE
4555886,"gate_40",62,TRUE,FALSE
4555891,"gate_40",39,TRUE,FALSE
4555896,"gate_40",3,FALSE,FALSE
4556086,"gate_30",37,FALSE,TRUE
4556113,"gate_30",34,TRUE,FALSE
4556167,"gate_40",13,FALSE,FALSE
4556262,"gate_30",33,TRUE,FALSE
4556389,"gate_30",0,FALSE,FALSE
4556461,"gate_40",48,TRUE,FALSE
4556518,"gate_40",4,FALSE,FALSE
4556637,"gate_40",36,TRUE,TRUE
4556666,"gate_30",92,TRUE,TRUE
4556712,"gate_40",37,TRUE,FALSE
4556760,"gate_30",126,TRUE,TRUE
4556770,"gate_40",12,TRUE,FALSE
4556780,"gate_40",3,FALSE,FALSE
4556805,"gate_30",6,FALSE,FALSE
4556875,"gate_30",227,TRUE,TRUE
4557054,"gate_40",80,TRUE,FALSE
4557107,"gate_40",188,TRUE,TRUE
4557136,"gate_40",80,FALSE,TRUE
4557204,"gate_40",18,TRUE,FALSE
4557214,"gate_40",1,FALSE,FALSE
4557237,"gate_30",40,TRUE,TRUE
4557247,"gate_30",29,FALSE,FALSE
4557322,"gate_40",45,TRUE,TRUE
4557333,"gate_30",1,FALSE,FALSE
4557434,"gate_40",17,TRUE,FALSE
4557454,"gate_30",311,TRUE,TRUE
4557526,"gate_30",5,FALSE,FALSE
4557618,"gate_30",5,FALSE,FALSE
4557746,"gate_30",5,FALSE,FALSE
4557963,"gate_30",302,TRUE,TRUE
4558078,"gate_40",2,TRUE,FALSE
4558139,"gate_40",48,TRUE,TRUE
4558387,"gate_40",4,FALSE,FALSE
4558428,"gate_30",3,FALSE,FALSE
4558539,"gate_40",113,TRUE,FALSE
4558691,"gate_30",79,TRUE,FALSE
4558713,"gate_40",11,FALSE,FALSE
4558746,"gate_30",8,FALSE,FALSE
4558925,"gate_30",106,TRUE,TRUE
4559854,"gate_40",85,FALSE,TRUE
4559868,"gate_40",53,TRUE,FALSE
4559956,"gate_40",24,FALSE,FALSE
4560155,"gate_40",1,FALSE,FALSE
4560185,"gate_40",220,TRUE,TRUE
4560638,"gate_30",35,TRUE,TRUE
4560720,"gate_30",0,FALSE,FALSE
4560765,"gate_30",15,TRUE,TRUE
4560812,"gate_30",98,TRUE,FALSE
4560839,"gate_40",60,FALSE,FALSE
4560868,"gate_40",31,FALSE,FALSE
4560877,"gate_40",1,FALSE,FALSE
4560970,"gate_30",48,TRUE,FALSE
4561063,"gate_40",113,TRUE,TRUE
4561130,"gate_40",252,TRUE,TRUE
4561174,"gate_40",3,FALSE,FALSE
4561357,"gate_30",763,TRUE,TRUE
4561382,"gate_30",0,FALSE,FALSE
4561415,"gate_40",655,TRUE,TRUE
4561468,"gate_30",3,TRUE,FALSE
4561560,"gate_40",1,FALSE,FALSE
4561578,"gate_40",39,TRUE,FALSE
4562136,"gate_30",3,FALSE,FALSE
4562389,"gate_30",5,TRUE,FALSE
4562470,"gate_30",9,TRUE,FALSE
4562767,"gate_30",26,FALSE,FALSE
4562808,"gate_40",16,FALSE,FALSE
4562840,"gate_30",30,TRUE,FALSE
4562944,"gate_30",4,FALSE,FALSE
4563012,"gate_40",3,FALSE,FALSE
4563122,"gate_40",10,FALSE,TRUE
4563324,"gate_40",20,FALSE,TRUE
4563919,"gate_30",24,FALSE,FALSE
4564113,"gate_30",7,FALSE,FALSE
4564227,"gate_40",58,TRUE,FALSE
4564273,"gate_30",6,FALSE,FALSE
4564348,"gate_30",139,TRUE,FALSE
4564356,"gate_40",11,FALSE,FALSE
4564467,"gate_30",23,FALSE,FALSE
4564760,"gate_30",9,TRUE,FALSE
4564778,"gate_30",24,TRUE,FALSE
4565051,"gate_30",3,FALSE,FALSE
4565073,"gate_30",32,FALSE,FALSE
4565265,"gate_30",151,TRUE,TRUE
4565319,"gate_30",17,TRUE,FALSE
4565340,"gate_40",7,FALSE,FALSE
4565388,"gate_30",4,FALSE,FALSE
4565403,"gate_40",44,TRUE,FALSE
4565465,"gate_30",8,FALSE,FALSE
4565494,"gate_40",10,FALSE,FALSE
4565649,"gate_30",66,TRUE,FALSE
4565686,"gate_40",84,TRUE,TRUE
4565762,"gate_40",5,FALSE,FALSE
4565804,"gate_30",1,FALSE,FALSE
4565832,"gate_30",186,TRUE,TRUE
4566169,"gate_30",13,FALSE,FALSE
4566198,"gate_40",6,FALSE,FALSE
4566382,"gate_30",4,FALSE,FALSE
4566570,"gate_40",116,FALSE,TRUE
4566607,"gate_40",9,FALSE,FALSE
4566770,"gate_30",2,FALSE,FALSE
4566786,"gate_30",57,TRUE,TRUE
4566812,"gate_40",35,TRUE,FALSE
4566876,"gate_30",0,FALSE,FALSE
4567188,"gate_40",95,TRUE,TRUE
4567369,"gate_30",0,FALSE,FALSE
4567432,"gate_30",100,TRUE,FALSE
4567462,"gate_40",80,TRUE,FALSE
4567476,"gate_40",9,FALSE,FALSE
4567503,"gate_40",75,TRUE,FALSE
4567564,"gate_30",72,TRUE,FALSE
4567611,"gate_30",23,FALSE,FALSE
4567713,"gate_40",21,FALSE,TRUE
4567714,"gate_40",1,FALSE,FALSE
4567725,"gate_40",10,FALSE,FALSE
4567808,"gate_40",36,TRUE,FALSE
4567830,"gate_30",10,FALSE,FALSE
4567870,"gate_40",3,FALSE,FALSE
4568004,"gate_30",22,FALSE,FALSE
4568083,"gate_30",130,TRUE,TRUE
4568331,"gate_40",120,TRUE,FALSE
4568452,"gate_40",46,TRUE,FALSE
4568483,"gate_40",298,TRUE,TRUE
4568484,"gate_40",4,FALSE,FALSE
4568742,"gate_30",1,TRUE,FALSE
4568852,"gate_30",27,TRUE,FALSE
4568970,"gate_40",168,TRUE,TRUE
4569075,"gate_30",7,FALSE,FALSE
4569158,"gate_40",146,TRUE,FALSE
4569196,"gate_40",34,TRUE,FALSE
4569218,"gate_40",3,TRUE,FALSE
4569302,"gate_40",35,TRUE,FALSE
4569379,"gate_30",36,FALSE,TRUE
4569601,"gate_30",588,TRUE,TRUE
4569692,"gate_40",5,FALSE,FALSE
4569794,"gate_40",7,FALSE,FALSE
4569803,"gate_40",5,FALSE,FALSE
4569918,"gate_30",2,FALSE,FALSE
4569978,"gate_30",3,FALSE,TRUE
4570023,"gate_30",8,FALSE,FALSE
4570054,"gate_30",2,FALSE,FALSE
4570076,"gate_40",22,TRUE,FALSE
4570082,"gate_40",27,TRUE,FALSE
4570130,"gate_30",17,FALSE,FALSE
4570136,"gate_40",54,TRUE,TRUE
4570290,"gate_40",14,FALSE,FALSE
4570448,"gate_30",0,FALSE,FALSE
4570486,"gate_40",115,TRUE,FALSE
4570530,"gate_40",7,FALSE,FALSE
4570605,"gate_30",4,FALSE,FALSE
4571058,"gate_40",3,FALSE,FALSE
4571194,"gate_40",52,TRUE,FALSE
4571760,"gate_40",0,FALSE,FALSE
4571788,"gate_30",23,FALSE,FALSE
4571807,"gate_30",571,TRUE,TRUE
4572088,"gate_30",3,FALSE,FALSE
4572091,"gate_40",11,FALSE,FALSE
4572505,"gate_40",0,FALSE,FALSE
4572513,"gate_40",116,TRUE,FALSE
4572742,"gate_30",31,TRUE,FALSE
4572904,"gate_40",3,FALSE,FALSE
4572933,"gate_30",11,FALSE,FALSE
4572934,"gate_30",131,TRUE,TRUE
4573108,"gate_40",104,TRUE,TRUE
4573146,"gate_40",269,FALSE,TRUE
4573213,"gate_40",4,FALSE,FALSE
4573330,"gate_40",5,TRUE,FALSE
4573332,"gate_40",64,TRUE,FALSE
4573415,"gate_40",0,FALSE,FALSE
4573494,"gate_40",717,TRUE,TRUE
4573509,"gate_30",104,TRUE,FALSE
4573551,"gate_30",55,TRUE,FALSE
4573562,"gate_40",37,TRUE,FALSE
4573655,"gate_40",64,TRUE,FALSE
4573680,"gate_30",84,TRUE,TRUE
4573728,"gate_30",322,TRUE,TRUE
4574086,"gate_30",16,TRUE,FALSE
4574122,"gate_40",80,FALSE,FALSE
4574311,"gate_40",83,FALSE,TRUE
4574379,"gate_30",4,FALSE,FALSE
4574389,"gate_40",164,TRUE,TRUE
4574475,"gate_40",116,TRUE,FALSE
4574548,"gate_40",33,TRUE,FALSE
4574582,"gate_30",13,FALSE,TRUE
4574926,"gate_40",793,TRUE,TRUE
4575025,"gate_40",90,TRUE,FALSE
4575031,"gate_40",10,FALSE,FALSE
4575068,"gate_40",10,FALSE,FALSE
4575155,"gate_30",12,FALSE,FALSE
4575592,"gate_30",304,TRUE,TRUE
4575595,"gate_40",23,TRUE,FALSE
4575729,"gate_40",6,FALSE,FALSE
4575731,"gate_40",61,TRUE,TRUE
4575965,"gate_30",74,FALSE,TRUE
4575998,"gate_30",159,TRUE,FALSE
4576152,"gate_30",1,FALSE,FALSE
4576177,"gate_40",37,FALSE,FALSE
4576449,"gate_40",48,FALSE,FALSE
4576633,"gate_40",1,FALSE,FALSE
4576669,"gate_40",3,FALSE,FALSE
4576941,"gate_40",6,FALSE,FALSE
4577062,"gate_30",99,FALSE,TRUE
4577192,"gate_30",7,FALSE,FALSE
4577216,"gate_40",2,FALSE,FALSE
4577356,"gate_30",16,FALSE,FALSE
4577515,"gate_40",29,TRUE,FALSE
4577666,"gate_40",70,TRUE,FALSE
4577974,"gate_40",32,TRUE,FALSE
4577982,"gate_30",38,TRUE,FALSE
4578096,"gate_30",9,FALSE,FALSE
4578146,"gate_40",13,TRUE,FALSE
4578167,"gate_30",90,TRUE,TRUE
4578285,"gate_40",1,FALSE,FALSE
4578362,"gate_40",9,TRUE,FALSE
4578439,"gate_40",42,FALSE,FALSE
4578466,"gate_30",140,TRUE,TRUE
4578716,"gate_30",1469,TRUE,TRUE
4578831,"gate_40",9,TRUE,FALSE
4578834,"gate_40",473,TRUE,TRUE
4578877,"gate_40",18,TRUE,FALSE
4578879,"gate_40",107,TRUE,FALSE
4578956,"gate_40",2,FALSE,FALSE
4578975,"gate_40",23,TRUE,FALSE
4579008,"gate_30",8,FALSE,FALSE
4579202,"gate_40",0,FALSE,FALSE
4579232,"gate_40",2,FALSE,FALSE
4579353,"gate_40",15,FALSE,FALSE
4579498,"gate_30",108,TRUE,TRUE
4579531,"gate_30",55,TRUE,FALSE
4579578,"gate_40",27,TRUE,FALSE
4579733,"gate_30",3,FALSE,FALSE
4580027,"gate_30",18,FALSE,FALSE
4580201,"gate_30",7,FALSE,FALSE
4580320,"gate_40",9,FALSE,FALSE
4580474,"gate_30",38,TRUE,FALSE
4580527,"gate_40",132,TRUE,FALSE
4580678,"gate_40",5,FALSE,FALSE
4581079,"gate_30",0,FALSE,FALSE
4581120,"gate_30",12,FALSE,FALSE
4581151,"gate_40",27,TRUE,FALSE
4581569,"gate_40",48,TRUE,FALSE
4581685,"gate_40",31,TRUE,FALSE
4581703,"gate_40",3,FALSE,FALSE
4581727,"gate_30",58,TRUE,FALSE
4581743,"gate_40",1,FALSE,FALSE
4581850,"gate_40",3,FALSE,FALSE
4581905,"gate_30",100,TRUE,TRUE
4582030,"gate_30",11,FALSE,FALSE
4582151,"gate_30",16,FALSE,FALSE
4582154,"gate_30",19,TRUE,FALSE
4582606,"gate_40",7,TRUE,FALSE
4582749,"gate_30",33,TRUE,FALSE
4582821,"gate_30",2,FALSE,FALSE
4582921,"gate_30",28,FALSE,FALSE
4582972,"gate_30",6,FALSE,FALSE
4583158,"gate_30",25,TRUE,FALSE
4583269,"gate_40",49,TRUE,TRUE
4583597,"gate_40",3,FALSE,FALSE
4583695,"gate_40",106,TRUE,FALSE
4583705,"gate_30",0,FALSE,FALSE
4583761,"gate_40",5,TRUE,FALSE
4583805,"gate_30",20,TRUE,FALSE
4584003,"gate_40",14,FALSE,FALSE
4584195,"gate_30",145,FALSE,TRUE
4584632,"gate_30",20,FALSE,FALSE
4584650,"gate_30",16,FALSE,FALSE
4584760,"gate_30",10,FALSE,FALSE
4584780,"gate_30",33,TRUE,TRUE
4584922,"gate_40",34,TRUE,FALSE
4584959,"gate_40",14,FALSE,FALSE
4585222,"gate_40",9,FALSE,FALSE
4585229,"gate_30",9,TRUE,FALSE
4585356,"gate_30",82,TRUE,FALSE
4585477,"gate_40",33,TRUE,FALSE
4585489,"gate_40",21,FALSE,TRUE
4585646,"gate_40",119,FALSE,TRUE
4585664,"gate_30",69,TRUE,FALSE
4585965,"gate_30",2,FALSE,FALSE
4585982,"gate_40",99,TRUE,FALSE
4586035,"gate_30",6,FALSE,FALSE
4586064,"gate_30",0,FALSE,FALSE
4586148,"gate_30",16,FALSE,FALSE
4586158,"gate_40",18,FALSE,FALSE
4586169,"gate_30",36,TRUE,FALSE
4586187,"gate_30",2,FALSE,FALSE
4586530,"gate_30",37,TRUE,FALSE
4586624,"gate_40",103,TRUE,TRUE
4586923,"gate_30",0,FALSE,FALSE
4586969,"gate_30",166,TRUE,FALSE
4587083,"gate_30",18,FALSE,FALSE
4587121,"gate_30",5,FALSE,FALSE
4587147,"gate_40",18,TRUE,FALSE
4587284,"gate_40",17,FALSE,FALSE
4587309,"gate_30",58,TRUE,FALSE
4587330,"gate_40",90,TRUE,TRUE
4587464,"gate_30",4,TRUE,FALSE
4588043,"gate_30",10,FALSE,FALSE
4588073,"gate_40",21,TRUE,FALSE
4588174,"gate_40",6,FALSE,FALSE
4588189,"gate_40",6,FALSE,FALSE
4588215,"gate_30",4,FALSE,FALSE
4588271,"gate_40",89,TRUE,FALSE
4588326,"gate_30",0,FALSE,FALSE
4588358,"gate_30",44,TRUE,TRUE
4588483,"gate_30",33,FALSE,FALSE
4588506,"gate_30",6,FALSE,FALSE
4588553,"gate_40",12,TRUE,FALSE
4588574,"gate_40",3,FALSE,FALSE
4588681,"gate_30",0,FALSE,FALSE
4588693,"gate_40",16,TRUE,FALSE
4588740,"gate_30",21,TRUE,FALSE
4588742,"gate_30",4,FALSE,FALSE
4588770,"gate_40",53,FALSE,TRUE
4588771,"gate_40",25,FALSE,FALSE
4588890,"gate_30",2,FALSE,FALSE
4589028,"gate_40",125,FALSE,FALSE
4589083,"gate_40",4,TRUE,FALSE
4589381,"gate_40",5,TRUE,FALSE
4589514,"gate_40",44,TRUE,TRUE
4589515,"gate_30",23,TRUE,TRUE
4589835,"gate_40",5,TRUE,FALSE
4590003,"gate_30",44,TRUE,FALSE
4590252,"gate_40",14,FALSE,FALSE
4590254,"gate_30",1,FALSE,FALSE
4590390,"gate_30",215,TRUE,TRUE
4590865,"gate_30",4,FALSE,FALSE
4590944,"gate_40",1,FALSE,TRUE
4591074,"gate_40",1,FALSE,FALSE
4591188,"gate_30",5,FALSE,FALSE
4591577,"gate_40",26,TRUE,FALSE
4591585,"gate_40",44,FALSE,TRUE
4591630,"gate_40",45,TRUE,FALSE
4591867,"gate_40",8,FALSE,FALSE
4591888,"gate_40",11,FALSE,FALSE
4591894,"gate_40",11,FALSE,FALSE
4591904,"gate_40",164,TRUE,TRUE
4591954,"gate_40",1,FALSE,FALSE
4592137,"gate_40",17,TRUE,FALSE
4592280,"gate_30",13,FALSE,FALSE
4592352,"gate_30",37,FALSE,FALSE
4592422,"gate_30",120,TRUE,TRUE
4592557,"gate_40",1,FALSE,FALSE
4592568,"gate_40",22,FALSE,TRUE
4592677,"gate_30",5,FALSE,FALSE
4592755,"gate_40",16,FALSE,FALSE
4593087,"gate_40",5,FALSE,FALSE
4593110,"gate_40",6,TRUE,FALSE
4593149,"gate_30",81,TRUE,TRUE
4593540,"gate_40",10,FALSE,FALSE
4593601,"gate_40",7,FALSE,FALSE
4593633,"gate_40",20,TRUE,TRUE
4594052,"gate_30",2,FALSE,FALSE
4594243,"gate_40",91,TRUE,FALSE
4594735,"gate_40",2,FALSE,FALSE
4594746,"gate_30",34,TRUE,FALSE
4594907,"gate_30",1,FALSE,TRUE
4594925,"gate_30",121,TRUE,TRUE
4595259,"gate_30",15,TRUE,FALSE
4595463,"gate_40",2,FALSE,FALSE
4595954,"gate_30",10,TRUE,FALSE
4596007,"gate_40",292,TRUE,TRUE
4596110,"gate_40",3,FALSE,FALSE
4596132,"gate_40",279,TRUE,TRUE
4596173,"gate_40",1,FALSE,FALSE
4596438,"gate_40",14,FALSE,FALSE
4596719,"gate_40",0,FALSE,FALSE
4596761,"gate_40",26,TRUE,FALSE
4596881,"gate_30",249,TRUE,TRUE
4596914,"gate_30",65,TRUE,FALSE
4596969,"gate_30",25,FALSE,FALSE
4597122,"gate_40",18,FALSE,FALSE
4597274,"gate_40",25,TRUE,FALSE
4597335,"gate_30",16,FALSE,FALSE
4597361,"gate_30",1,FALSE,FALSE
4597590,"gate_30",65,FALSE,FALSE
4597633,"gate_40",117,TRUE,TRUE
4597647,"gate_30",2,FALSE,FALSE
4597655,"gate_40",2,FALSE,FALSE
4597743,"gate_40",10,FALSE,FALSE
4597845,"gate_30",89,TRUE,TRUE
4597920,"gate_30",7,TRUE,FALSE
4598066,"gate_40",71,TRUE,FALSE
4598178,"gate_30",1,FALSE,FALSE
4598246,"gate_40",9,FALSE,FALSE
4598331,"gate_40",0,FALSE,FALSE
4598406,"gate_40",5,FALSE,FALSE
4598616,"gate_40",79,TRUE,TRUE
4598972,"gate_30",173,TRUE,TRUE
4599023,"gate_30",4,FALSE,FALSE
4599060,"gate_40",110,TRUE,TRUE
4599064,"gate_30",0,FALSE,FALSE
4599410,"gate_30",10,FALSE,FALSE
4599478,"gate_30",2,FALSE,FALSE
4599518,"gate_30",320,TRUE,FALSE
4599545,"gate_30",17,FALSE,FALSE
4599578,"gate_30",43,TRUE,FALSE
4599636,"gate_30",4,FALSE,FALSE
4599815,"gate_30",8,FALSE,FALSE
4599837,"gate_40",3,FALSE,FALSE
4599947,"gate_40",1,FALSE,FALSE
4600041,"gate_40",17,FALSE,FALSE
4600118,"gate_40",13,FALSE,FALSE
4600326,"gate_30",6,FALSE,FALSE
4600435,"gate_30",233,FALSE,TRUE
4600540,"gate_40",78,TRUE,TRUE
4600541,"gate_40",18,FALSE,FALSE
4600567,"gate_30",13,FALSE,FALSE
4600592,"gate_30",56,TRUE,FALSE
4600631,"gate_40",195,TRUE,TRUE
4600641,"gate_40",67,TRUE,TRUE
4600703,"gate_40",27,FALSE,TRUE
4600840,"gate_40",2,FALSE,FALSE
4600961,"gate_40",5,TRUE,TRUE
4601012,"gate_30",183,TRUE,TRUE
4601026,"gate_30",21,FALSE,FALSE
4601066,"gate_40",40,TRUE,FALSE
4601089,"gate_30",23,FALSE,FALSE
4601112,"gate_30",7,FALSE,FALSE
4601137,"gate_40",10,FALSE,FALSE
4601248,"gate_30",28,FALSE,FALSE
4601326,"gate_40",26,TRUE,FALSE
4601384,"gate_40",27,TRUE,FALSE
4601651,"gate_40",76,TRUE,TRUE
4601682,"gate_30",4,FALSE,FALSE
4601735,"gate_40",9,TRUE,FALSE
4601873,"gate_30",157,FALSE,FALSE
4602013,"gate_30",5,FALSE,FALSE
4602145,"gate_40",11,TRUE,FALSE
4602245,"gate_40",506,TRUE,TRUE
4602287,"gate_30",393,TRUE,TRUE
4602334,"gate_30",26,TRUE,FALSE
4602349,"gate_30",3,FALSE,FALSE
4602637,"gate_40",222,TRUE,TRUE
4603027,"gate_40",26,FALSE,FALSE
4603103,"gate_40",6,FALSE,FALSE
4603210,"gate_30",0,FALSE,FALSE
4603285,"gate_30",1,FALSE,FALSE
4603363,"gate_40",56,TRUE,TRUE
4603577,"gate_30",1,FALSE,FALSE
4603597,"gate_40",0,FALSE,FALSE
4603600,"gate_40",11,TRUE,FALSE
4603860,"gate_40",2,TRUE,FALSE
4603942,"gate_40",2,FALSE,FALSE
4604012,"gate_30",2,FALSE,FALSE
4604049,"gate_40",47,TRUE,TRUE
4604160,"gate_40",79,TRUE,TRUE
4604212,"gate_40",66,TRUE,FALSE
4604275,"gate_40",1,FALSE,FALSE
4604331,"gate_40",125,TRUE,TRUE
4604388,"gate_30",6,FALSE,TRUE
4604481,"gate_40",242,TRUE,TRUE
4604589,"gate_30",210,TRUE,TRUE
4604699,"gate_30",105,TRUE,TRUE
4604869,"gate_30",188,FALSE,FALSE
4605103,"gate_40",1,FALSE,FALSE
4605126,"gate_40",39,TRUE,FALSE
4605199,"gate_30",255,TRUE,FALSE
4605242,"gate_30",48,TRUE,TRUE
4605243,"gate_40",18,FALSE,FALSE
4605559,"gate_40",91,TRUE,TRUE
4605573,"gate_40",8,FALSE,FALSE
4605706,"gate_30",4,FALSE,FALSE
4605757,"gate_30",34,FALSE,FALSE
4605886,"gate_30",6,FALSE,TRUE
4605908,"gate_30",41,FALSE,FALSE
4605976,"gate_40",11,TRUE,FALSE
4606039,"gate_30",94,TRUE,FALSE
4606042,"gate_30",4,FALSE,FALSE
4606309,"gate_40",13,FALSE,FALSE
4606579,"gate_30",1,FALSE,FALSE
4606892,"gate_40",49,FALSE,FALSE
4606929,"gate_30",1528,TRUE,TRUE
4607021,"gate_30",218,TRUE,TRUE
4607088,"gate_40",0,FALSE,FALSE
4607108,"gate_40",19,FALSE,FALSE
4607123,"gate_30",6,FALSE,FALSE
4607133,"gate_40",421,TRUE,TRUE
4607195,"gate_30",1,FALSE,FALSE
4607454,"gate_30",219,TRUE,FALSE
4607461,"gate_40",19,TRUE,FALSE
4607482,"gate_40",4,FALSE,FALSE
4607499,"gate_40",27,FALSE,FALSE
4607559,"gate_40",23,TRUE,FALSE
4607827,"gate_40",12,FALSE,TRUE
4608039,"gate_30",130,TRUE,FALSE
4608044,"gate_30",6,FALSE,FALSE
4608065,"gate_30",63,FALSE,TRUE
4608169,"gate_30",12,FALSE,FALSE
4608223,"gate_40",23,TRUE,FALSE
4608250,"gate_40",15,FALSE,FALSE
4608475,"gate_30",108,TRUE,TRUE
4608483,"gate_40",2,FALSE,FALSE
4608588,"gate_40",2,FALSE,FALSE
4608669,"gate_30",378,TRUE,TRUE
4608714,"gate_40",6,FALSE,FALSE
4608743,"gate_30",149,TRUE,TRUE
4608821,"gate_40",62,TRUE,FALSE
4608995,"gate_30",53,TRUE,TRUE
4609025,"gate_40",211,TRUE,TRUE
4609137,"gate_40",7,FALSE,FALSE
4609199,"gate_30",3,FALSE,FALSE
4609242,"gate_40",37,TRUE,FALSE
4609413,"gate_40",9,FALSE,FALSE
4609451,"gate_30",19,FALSE,FALSE
4609524,"gate_40",2,FALSE,FALSE
4609551,"gate_30",58,TRUE,FALSE
4609612,"gate_30",7,FALSE,FALSE
4609684,"gate_40",1,FALSE,FALSE
4609707,"gate_40",15,FALSE,FALSE
4609721,"gate_40",83,TRUE,FALSE
4609933,"gate_40",9,FALSE,FALSE
4609952,"gate_30",10,FALSE,FALSE
4609976,"gate_30",12,FALSE,FALSE
4610061,"gate_40",54,FALSE,TRUE
4610139,"gate_30",1,FALSE,FALSE
4610155,"gate_30",20,TRUE,FALSE
4610331,"gate_30",58,FALSE,TRUE
4610366,"gate_30",13,FALSE,FALSE
4610398,"gate_30",32,FALSE,TRUE
4610438,"gate_40",5,FALSE,FALSE
4610618,"gate_30",0,FALSE,FALSE
4610650,"gate_30",4,FALSE,FALSE
4610686,"gate_30",46,FALSE,FALSE
4610754,"gate_30",121,TRUE,FALSE
4610827,"gate_40",1,FALSE,FALSE
4610891,"gate_30",1,FALSE,FALSE
4610959,"gate_30",11,TRUE,FALSE
4610989,"gate_30",193,TRUE,TRUE
4611003,"gate_30",34,TRUE,FALSE
4611160,"gate_40",17,TRUE,FALSE
4611242,"gate_30",42,FALSE,FALSE
4611253,"gate_30",2,FALSE,FALSE
4611380,"gate_40",74,TRUE,FALSE
4611446,"gate_30",81,TRUE,FALSE
4611592,"gate_30",11,FALSE,FALSE
4611968,"gate_40",14,TRUE,FALSE
4612002,"gate_40",5,FALSE,FALSE
4612034,"gate_40",2,FALSE,FALSE
4612063,"gate_40",14,FALSE,FALSE
4612098,"gate_40",6,FALSE,FALSE
4612114,"gate_30",233,TRUE,FALSE
4612152,"gate_40",0,FALSE,FALSE
4612703,"gate_30",2,FALSE,FALSE
4612755,"gate_30",2,FALSE,FALSE
4613001,"gate_40",161,TRUE,TRUE
4613006,"gate_30",41,TRUE,TRUE
4613093,"gate_30",10,FALSE,FALSE
4613177,"gate_30",0,FALSE,FALSE
4613299,"gate_40",1,FALSE,FALSE
4613598,"gate_30",15,FALSE,FALSE
4613691,"gate_40",4,FALSE,FALSE
4614020,"gate_40",4,FALSE,FALSE
4614141,"gate_30",6,FALSE,FALSE
4614148,"gate_30",54,FALSE,TRUE
4614456,"gate_40",18,TRUE,FALSE
4614466,"gate_30",89,FALSE,TRUE
4614485,"gate_40",16,FALSE,FALSE
4614606,"gate_40",369,TRUE,TRUE
4614665,"gate_30",153,TRUE,TRUE
4614831,"gate_30",19,FALSE,FALSE
4615284,"gate_40",142,TRUE,TRUE
4615292,"gate_40",15,TRUE,FALSE
4615301,"gate_30",27,TRUE,TRUE
4615341,"gate_40",3,FALSE,FALSE
4615401,"gate_30",1,FALSE,FALSE
4615545,"gate_40",2,FALSE,FALSE
4615560,"gate_30",268,TRUE,TRUE
4615763,"gate_40",2,FALSE,FALSE
4615911,"gate_40",3,FALSE,FALSE
4616020,"gate_30",6,FALSE,FALSE
4616022,"gate_40",2,FALSE,FALSE
4616047,"gate_30",40,TRUE,FALSE
4616062,"gate_30",28,FALSE,FALSE
4616110,"gate_40",23,FALSE,FALSE
4616173,"gate_30",5,FALSE,FALSE
4616215,"gate_30",24,FALSE,FALSE
4616412,"gate_40",235,TRUE,FALSE
4616453,"gate_30",460,TRUE,TRUE
4616472,"gate_40",185,TRUE,TRUE
4616517,"gate_30",12,FALSE,FALSE
4616664,"gate_30",1,FALSE,FALSE
4616683,"gate_40",34,FALSE,FALSE
4616822,"gate_30",0,FALSE,FALSE
4616904,"gate_30",83,FALSE,TRUE
4617078,"gate_30",14,FALSE,FALSE
4617189,"gate_40",0,FALSE,FALSE
4617195,"gate_40",5,FALSE,FALSE
4617246,"gate_40",5,FALSE,FALSE
4617549,"gate_30",24,FALSE,TRUE
4617691,"gate_40",12,TRUE,FALSE
4617847,"gate_40",4,FALSE,FALSE
4618329,"gate_30",8,FALSE,FALSE
4618452,"gate_40",11,FALSE,FALSE
4618515,"gate_40",2,FALSE,FALSE
4619096,"gate_40",2,TRUE,FALSE
4619147,"gate_40",3,FALSE,FALSE
4619158,"gate_40",45,TRUE,FALSE
4619185,"gate_40",0,FALSE,FALSE
4619268,"gate_40",14,FALSE,FALSE
4619393,"gate_30",13,FALSE,FALSE
4619419,"gate_30",1,FALSE,FALSE
4619425,"gate_40",4,FALSE,FALSE
4619642,"gate_40",89,TRUE,FALSE
4619676,"gate_30",66,TRUE,TRUE
4620158,"gate_30",75,TRUE,TRUE
4620195,"gate_40",897,TRUE,TRUE
4620281,"gate_30",16,TRUE,FALSE
4620340,"gate_30",74,TRUE,TRUE
4620366,"gate_40",76,FALSE,FALSE
4620407,"gate_40",6,FALSE,FALSE
4620470,"gate_40",244,TRUE,FALSE
4620557,"gate_40",25,FALSE,FALSE
4620560,"gate_40",122,TRUE,FALSE
4620581,"gate_30",1,FALSE,FALSE
4620654,"gate_40",1,FALSE,FALSE
4620813,"gate_40",10,FALSE,FALSE
4620845,"gate_40",66,TRUE,FALSE
4620848,"gate_30",68,TRUE,FALSE
4620861,"gate_40",5,TRUE,FALSE
4620970,"gate_30",31,FALSE,FALSE
4621054,"gate_30",203,TRUE,FALSE
4621100,"gate_40",3,TRUE,FALSE
4621189,"gate_30",0,FALSE,FALSE
4621361,"gate_40",21,FALSE,FALSE
4621402,"gate_40",72,TRUE,TRUE
4621518,"gate_40",23,TRUE,FALSE
4621682,"gate_30",162,TRUE,FALSE
4621775,"gate_30",3,TRUE,FALSE
4621907,"gate_40",0,FALSE,FALSE
4621987,"gate_30",1,FALSE,FALSE
4622043,"gate_30",35,TRUE,FALSE
4622152,"gate_30",13,FALSE,FALSE
4622250,"gate_30",35,TRUE,FALSE
4622531,"gate_40",7,FALSE,FALSE
4622605,"gate_30",3,FALSE,FALSE
4622855,"gate_40",2,FALSE,FALSE
4623148,"gate_40",30,FALSE,FALSE
4623269,"gate_30",195,TRUE,TRUE
4623378,"gate_40",6,FALSE,FALSE
4623404,"gate_30",80,TRUE,FALSE
4623839,"gate_40",152,TRUE,TRUE
4623878,"gate_40",2,FALSE,FALSE
4623912,"gate_40",7,FALSE,FALSE
4623923,"gate_40",83,TRUE,FALSE
4624008,"gate_30",16,TRUE,FALSE
4624094,"gate_30",30,TRUE,FALSE
4624109,"gate_30",1,FALSE,FALSE
4624160,"gate_30",2,FALSE,FALSE
4624196,"gate_40",0,FALSE,FALSE
4624293,"gate_30",36,TRUE,FALSE
4624374,"gate_40",468,TRUE,TRUE
4624483,"gate_40",19,FALSE,FALSE
4624536,"gate_40",9,FALSE,FALSE
4624544,"gate_40",77,TRUE,FALSE
4624586,"gate_30",5,TRUE,FALSE
4624594,"gate_40",113,TRUE,FALSE
4624748,"gate_40",114,FALSE,FALSE
4624908,"gate_40",38,TRUE,FALSE
4624919,"gate_30",113,TRUE,FALSE
4624946,"gate_40",5,FALSE,FALSE
4624952,"gate_40",120,TRUE,TRUE
4624962,"gate_40",2,FALSE,FALSE
4625011,"gate_40",29,FALSE,TRUE
4625054,"gate_30",86,TRUE,FALSE
4625141,"gate_30",10,FALSE,FALSE
4625278,"gate_40",248,TRUE,TRUE
4625375,"gate_30",79,FALSE,FALSE
4625386,"gate_40",5,TRUE,FALSE
4625588,"gate_30",58,TRUE,FALSE
4625645,"gate_40",65,TRUE,FALSE
4625717,"gate_30",69,TRUE,TRUE
4625824,"gate_30",118,TRUE,TRUE
4625849,"gate_40",2,FALSE,FALSE
4625981,"gate_30",14,FALSE,FALSE
4626064,"gate_40",13,TRUE,FALSE
4626118,"gate_30",1,FALSE,FALSE
4626121,"gate_30",144,TRUE,TRUE
4626406,"gate_40",325,TRUE,TRUE
4626421,"gate_30",37,FALSE,FALSE
4626547,"gate_40",14,FALSE,FALSE
4626581,"gate_30",2,FALSE,FALSE
4626601,"gate_40",21,TRUE,FALSE
4626708,"gate_40",2,FALSE,FALSE
4626760,"gate_40",188,TRUE,TRUE
4626957,"gate_30",1,FALSE,FALSE
4627186,"gate_40",13,FALSE,FALSE
4627237,"gate_40",14,TRUE,FALSE
4627323,"gate_40",212,TRUE,TRUE
4627407,"gate_40",75,TRUE,TRUE
4627464,"gate_30",16,FALSE,FALSE
4627542,"gate_30",272,TRUE,TRUE
4627625,"gate_30",1,FALSE,FALSE
4627648,"gate_30",0,FALSE,FALSE
4627677,"gate_30",6,FALSE,TRUE
4627853,"gate_40",11,TRUE,FALSE
4628214,"gate_30",23,TRUE,FALSE
4628285,"gate_40",27,TRUE,FALSE
4628303,"gate_30",85,TRUE,TRUE
4628652,"gate_40",45,TRUE,FALSE
4628959,"gate_30",21,FALSE,FALSE
4628974,"gate_30",8,FALSE,FALSE
4629340,"gate_40",18,TRUE,FALSE
4629562,"gate_30",291,TRUE,TRUE
4629909,"gate_30",17,TRUE,TRUE
4630112,"gate_40",2,FALSE,FALSE
4630343,"gate_30",51,TRUE,FALSE
4630400,"gate_40",28,TRUE,FALSE
4630446,"gate_40",3,FALSE,FALSE
4630524,"gate_30",3,FALSE,FALSE
4630843,"gate_30",43,TRUE,FALSE
4630882,"gate_30",5,FALSE,FALSE
4631000,"gate_40",17,FALSE,FALSE
4631006,"gate_30",13,FALSE,FALSE
4631169,"gate_40",4,FALSE,FALSE
4631207,"gate_30",17,FALSE,FALSE
4631378,"gate_30",25,TRUE,FALSE
4631439,"gate_40",37,FALSE,FALSE
4631774,"gate_30",5,FALSE,FALSE
4631778,"gate_30",4,TRUE,FALSE
4631885,"gate_40",2,FALSE,FALSE
4631949,"gate_40",86,TRUE,TRUE
4631998,"gate_40",38,TRUE,TRUE
4632160,"gate_30",24,FALSE,FALSE
4632185,"gate_40",4,FALSE,FALSE
4632210,"gate_40",15,FALSE,FALSE
4632279,"gate_30",5,FALSE,FALSE
4632373,"gate_30",0,FALSE,FALSE
4632505,"gate_40",22,TRUE,FALSE
4632507,"gate_30",13,TRUE,FALSE
4632561,"gate_40",0,FALSE,FALSE
4632605,"gate_40",6,FALSE,FALSE
4632777,"gate_30",4,TRUE,FALSE
4632819,"gate_40",22,TRUE,FALSE
4632909,"gate_30",5,FALSE,FALSE
4632915,"gate_40",10,TRUE,FALSE
4632986,"gate_30",116,TRUE,TRUE
4633060,"gate_30",10,TRUE,FALSE
4633122,"gate_40",35,FALSE,TRUE
4633148,"gate_40",24,FALSE,FALSE
4633285,"gate_40",0,FALSE,FALSE
4633571,"gate_40",1,FALSE,FALSE
4633608,"gate_30",63,TRUE,FALSE
4633716,"gate_40",346,TRUE,TRUE
4633773,"gate_40",3,FALSE,FALSE
4633804,"gate_30",309,TRUE,TRUE
4633859,"gate_30",338,TRUE,FALSE
4633891,"gate_30",290,TRUE,TRUE
4633892,"gate_40",2,FALSE,FALSE
4634025,"gate_40",2,FALSE,FALSE
4634101,"gate_30",2,FALSE,FALSE
4634137,"gate_40",88,TRUE,FALSE
4634172,"gate_40",375,TRUE,TRUE
4634237,"gate_30",47,TRUE,FALSE
4634242,"gate_40",8,FALSE,FALSE
4634337,"gate_30",9,FALSE,FALSE
4634386,"gate_30",90,FALSE,TRUE
4634522,"gate_40",506,TRUE,FALSE
4634755,"gate_40",174,TRUE,TRUE
4634975,"gate_40",43,TRUE,FALSE
4635386,"gate_30",48,FALSE,FALSE
4635519,"gate_40",17,TRUE,FALSE
4635566,"gate_30",0,FALSE,FALSE
4635571,"gate_30",22,TRUE,FALSE
4635666,"gate_30",8,FALSE,FALSE
4636003,"gate_40",9,FALSE,FALSE
4636044,"gate_30",1,FALSE,FALSE
4636130,"gate_40",13,FALSE,FALSE
4636142,"gate_40",10,FALSE,FALSE
4636182,"gate_40",5,FALSE,FALSE
4636462,"gate_40",13,FALSE,FALSE
4636502,"gate_40",7,FALSE,FALSE
4636538,"gate_30",5,FALSE,FALSE
4636617,"gate_40",23,TRUE,FALSE
4636618,"gate_40",59,TRUE,FALSE
4636938,"gate_30",48,TRUE,FALSE
4637154,"gate_40",3,FALSE,FALSE
4637196,"gate_30",58,TRUE,FALSE
4637211,"gate_40",10,FALSE,FALSE
4637538,"gate_40",10,FALSE,FALSE
4637702,"gate_40",73,FALSE,TRUE
4637733,"gate_30",204,TRUE,TRUE
4637812,"gate_40",12,FALSE,FALSE
4637887,"gate_30",11,FALSE,FALSE
4638255,"gate_30",32,FALSE,FALSE
4638280,"gate_40",1,FALSE,FALSE
4638330,"gate_30",5,FALSE,FALSE
4638354,"gate_40",22,TRUE,FALSE
4638426,"gate_30",1,FALSE,FALSE
4638507,"gate_40",19,TRUE,FALSE
4638601,"gate_40",21,FALSE,FALSE
4638653,"gate_40",105,TRUE,FALSE
4638717,"gate_30",19,FALSE,FALSE
4638836,"gate_40",184,TRUE,FALSE
4639049,"gate_40",13,FALSE,FALSE
4639268,"gate_30",33,TRUE,FALSE
4639296,"gate_30",65,TRUE,TRUE
4639332,"gate_30",0,FALSE,FALSE
4639403,"gate_30",14,FALSE,FALSE
4639409,"gate_30",7,TRUE,FALSE
4639591,"gate_30",4,TRUE,FALSE
4639667,"gate_30",224,TRUE,TRUE
4639851,"gate_40",44,FALSE,FALSE
4639873,"gate_40",4,TRUE,FALSE
4640117,"gate_30",17,FALSE,FALSE
4640166,"gate_40",0,FALSE,FALSE
4640245,"gate_40",46,FALSE,FALSE
4640937,"gate_30",0,FALSE,FALSE
4641006,"gate_30",10,TRUE,FALSE
4641013,"gate_40",8,TRUE,FALSE
4641131,"gate_40",8,FALSE,FALSE
4641337,"gate_30",2,FALSE,FALSE
4641388,"gate_40",15,TRUE,FALSE
4641542,"gate_40",19,TRUE,TRUE
4641673,"gate_30",6,FALSE,FALSE
4641751,"gate_40",15,FALSE,FALSE
4641771,"gate_40",1,FALSE,FALSE
4641881,"gate_30",15,TRUE,FALSE
4642184,"gate_40",4,FALSE,FALSE
4642252,"gate_30",62,FALSE,TRUE
4642287,"gate_40",11,FALSE,FALSE
4642426,"gate_30",116,TRUE,FALSE
4642790,"gate_30",4,FALSE,FALSE
4643297,"gate_30",13,FALSE,FALSE
4643448,"gate_30",20,FALSE,TRUE
4643520,"gate_40",320,TRUE,TRUE
4643567,"gate_40",4,TRUE,FALSE
4643581,"gate_30",9,FALSE,FALSE
4643650,"gate_40",20,FALSE,FALSE
4643729,"gate_30",8,FALSE,FALSE
4643730,"gate_40",5,FALSE,FALSE
4643969,"gate_30",317,TRUE,FALSE
4644101,"gate_40",0,FALSE,FALSE
4644158,"gate_40",0,FALSE,FALSE
4644204,"gate_30",99,TRUE,TRUE
4644253,"gate_40",13,TRUE,FALSE
4644314,"gate_30",43,FALSE,FALSE
4644376,"gate_40",6,FALSE,FALSE
4644443,"gate_40",4,FALSE,FALSE
4644764,"gate_40",39,TRUE,FALSE
4644790,"gate_40",15,TRUE,TRUE
4644831,"gate_30",2,FALSE,FALSE
4644937,"gate_30",3,FALSE,FALSE
4645279,"gate_30",118,TRUE,TRUE
4645293,"gate_30",46,TRUE,FALSE
4645326,"gate_40",29,TRUE,TRUE
4645408,"gate_40",48,TRUE,TRUE
4645620,"gate_40",112,TRUE,TRUE
4645680,"gate_30",366,FALSE,TRUE
4645725,"gate_40",3,FALSE,FALSE
4645918,"gate_40",33,TRUE,FALSE
4646019,"gate_30",50,FALSE,TRUE
4646127,"gate_40",11,FALSE,FALSE
4646169,"gate_30",2,FALSE,FALSE
4646259,"gate_30",40,TRUE,FALSE
4646376,"gate_40",31,TRUE,FALSE
4646442,"gate_40",151,TRUE,TRUE
4646534,"gate_30",4,FALSE,FALSE
4646590,"gate_30",4,FALSE,FALSE
4646710,"gate_30",19,FALSE,FALSE
4646992,"gate_30",32,TRUE,FALSE
4647086,"gate_40",2,FALSE,FALSE
4647211,"gate_30",38,TRUE,FALSE
4647254,"gate_40",31,TRUE,FALSE
4647268,"gate_30",0,FALSE,FALSE
4647312,"gate_30",5,FALSE,FALSE
4647473,"gate_40",15,FALSE,TRUE
4647536,"gate_30",12,FALSE,FALSE
4647609,"gate_30",28,TRUE,FALSE
4647641,"gate_40",25,TRUE,FALSE
4647719,"gate_30",177,TRUE,TRUE
4647722,"gate_30",5,TRUE,FALSE
4647840,"gate_40",2,FALSE,FALSE
4647890,"gate_30",9,TRUE,FALSE
4647899,"gate_40",11,FALSE,FALSE
4647934,"gate_40",13,TRUE,FALSE
4648165,"gate_30",14,FALSE,FALSE
4648219,"gate_30",1,FALSE,FALSE
4648373,"gate_30",1,FALSE,FALSE
4648716,"gate_30",73,TRUE,FALSE
4648734,"gate_30",107,TRUE,FALSE
4648756,"gate_30",10,FALSE,FALSE
4649234,"gate_30",214,TRUE,TRUE
4649291,"gate_40",213,TRUE,TRUE
4649404,"gate_30",3,FALSE,FALSE
4649509,"gate_30",1,FALSE,FALSE
4649767,"gate_40",73,TRUE,FALSE
4649826,"gate_40",17,TRUE,FALSE
4649895,"gate_40",15,TRUE,FALSE
4650030,"gate_30",59,TRUE,FALSE
4650130,"gate_40",24,FALSE,FALSE
4650140,"gate_30",4,FALSE,FALSE
4650178,"gate_40",39,TRUE,FALSE
4650239,"gate_30",30,TRUE,FALSE
4650601,"gate_40",17,FALSE,FALSE
4650742,"gate_40",3,TRUE,FALSE
4651032,"gate_40",153,TRUE,FALSE
4651069,"gate_30",140,TRUE,FALSE
4651088,"gate_30",104,TRUE,FALSE
4651408,"gate_40",9,FALSE,FALSE
4651553,"gate_40",11,TRUE,FALSE
4651739,"gate_30",7,TRUE,FALSE
4651831,"gate_40",13,FALSE,FALSE
4651887,"gate_40",3,FALSE,FALSE
4651962,"gate_30",12,TRUE,FALSE
4651986,"gate_40",5,FALSE,FALSE
4652053,"gate_30",53,TRUE,FALSE
4652148,"gate_30",23,TRUE,FALSE
4652160,"gate_40",41,FALSE,FALSE
4652502,"gate_40",180,TRUE,FALSE
4652737,"gate_40",5,FALSE,FALSE
4653034,"gate_40",46,TRUE,FALSE
4653117,"gate_40",6,FALSE,FALSE
4653218,"gate_30",1,FALSE,FALSE
4653533,"gate_40",100,TRUE,TRUE
4653791,"gate_30",143,TRUE,TRUE
4653944,"gate_40",17,FALSE,FALSE
4653957,"gate_30",123,TRUE,TRUE
4654159,"gate_40",42,FALSE,FALSE
4654259,"gate_30",1,FALSE,FALSE
4654327,"gate_40",11,FALSE,FALSE
4654360,"gate_40",10,FALSE,FALSE
4654599,"gate_40",6,FALSE,FALSE
4654638,"gate_40",0,FALSE,FALSE
4654681,"gate_40",0,FALSE,FALSE
4654874,"gate_40",14,FALSE,FALSE
4654953,"gate_30",5,FALSE,FALSE
4655093,"gate_40",26,TRUE,FALSE
4655227,"gate_40",1,FALSE,TRUE
4655399,"gate_40",13,FALSE,FALSE
4655663,"gate_40",20,TRUE,FALSE
4656064,"gate_30",102,FALSE,TRUE
4656181,"gate_40",39,FALSE,TRUE
4656376,"gate_30",2,FALSE,FALSE
4656474,"gate_40",6,FALSE,FALSE
4656566,"gate_30",11,FALSE,FALSE
4656599,"gate_30",8,FALSE,FALSE
4656632,"gate_40",207,TRUE,FALSE
4656646,"gate_40",87,TRUE,FALSE
4656824,"gate_40",15,FALSE,FALSE
4656838,"gate_30",14,TRUE,FALSE
4657021,"gate_30",4,FALSE,FALSE
4657250,"gate_40",2,FALSE,FALSE
4657256,"gate_30",77,TRUE,FALSE
4657273,"gate_30",9,FALSE,FALSE
4657441,"gate_40",4,FALSE,FALSE
4657456,"gate_40",95,TRUE,TRUE
4657746,"gate_30",22,TRUE,FALSE
4657875,"gate_40",8,FALSE,FALSE
4658154,"gate_40",3,FALSE,FALSE
4658241,"gate_30",8,FALSE,FALSE
4658267,"gate_30",143,TRUE,TRUE
4658360,"gate_30",3,FALSE,FALSE
4658458,"gate_30",112,TRUE,TRUE
4658493,"gate_30",31,TRUE,FALSE
4658860,"gate_40",56,TRUE,FALSE
4658974,"gate_40",119,TRUE,FALSE
4659190,"gate_30",8,FALSE,FALSE
4659244,"gate_40",22,FALSE,FALSE
4659373,"gate_40",61,TRUE,FALSE
4659439,"gate_30",1,FALSE,FALSE
4659505,"gate_30",37,TRUE,FALSE
4659702,"gate_40",0,FALSE,FALSE
4659921,"gate_40",15,FALSE,FALSE
4660074,"gate_30",18,FALSE,FALSE
4660306,"gate_40",180,TRUE,TRUE
4660375,"gate_40",182,TRUE,TRUE
4660722,"gate_30",2,FALSE,FALSE
4660812,"gate_30",21,TRUE,FALSE
4660873,"gate_30",34,TRUE,FALSE
4660953,"gate_30",84,FALSE,FALSE
4661004,"gate_30",7,FALSE,FALSE
4661013,"gate_40",10,FALSE,FALSE
4661151,"gate_30",40,FALSE,FALSE
4661442,"gate_30",24,TRUE,FALSE
4661628,"gate_30",6,FALSE,FALSE
4661671,"gate_40",10,FALSE,FALSE
4661679,"gate_40",6,FALSE,FALSE
4661713,"gate_30",32,TRUE,FALSE
4661718,"gate_30",10,FALSE,FALSE
4661782,"gate_30",187,TRUE,TRUE
4661821,"gate_40",5,FALSE,FALSE
4661865,"gate_40",23,TRUE,FALSE
4662074,"gate_40",23,FALSE,FALSE
4662138,"gate_30",150,TRUE,FALSE
4662213,"gate_30",15,FALSE,FALSE
4662493,"gate_40",4,FALSE,FALSE
4662669,"gate_30",2,TRUE,FALSE
4662683,"gate_30",169,TRUE,TRUE
4663037,"gate_40",56,TRUE,FALSE
4663070,"gate_40",206,TRUE,TRUE
4663238,"gate_30",55,TRUE,TRUE
4663609,"gate_40",320,TRUE,TRUE
4663676,"gate_30",193,TRUE,TRUE
4663728,"gate_40",3,FALSE,FALSE
4663757,"gate_30",6,FALSE,FALSE
4663855,"gate_40",73,TRUE,TRUE
4664243,"gate_30",30,TRUE,FALSE
4664257,"gate_40",268,TRUE,FALSE
4664280,"gate_30",13,FALSE,FALSE
4664460,"gate_40",1,FALSE,FALSE
4664673,"gate_30",13,FALSE,FALSE
4664859,"gate_30",0,FALSE,FALSE
4664949,"gate_40",23,FALSE,FALSE
4664984,"gate_40",45,FALSE,FALSE
4665030,"gate_40",24,TRUE,FALSE
4665077,"gate_30",36,TRUE,FALSE
4665083,"gate_40",41,TRUE,FALSE
4665180,"gate_30",8,TRUE,TRUE
4665198,"gate_40",23,TRUE,FALSE
4665242,"gate_30",13,TRUE,FALSE
4665293,"gate_30",6,FALSE,FALSE
4665361,"gate_30",22,TRUE,FALSE
4665434,"gate_30",4,FALSE,FALSE
4665481,"gate_30",10,TRUE,FALSE
4665485,"gate_30",24,TRUE,FALSE
4665605,"gate_40",4,FALSE,FALSE
4665683,"gate_40",6,FALSE,FALSE
4665722,"gate_40",4,FALSE,FALSE
4665982,"gate_30",5,FALSE,FALSE
4666092,"gate_30",2,FALSE,FALSE
4666246,"gate_40",8,FALSE,TRUE
4666380,"gate_30",44,TRUE,FALSE
4666434,"gate_30",41,FALSE,FALSE
4666486,"gate_40",38,TRUE,FALSE
4666672,"gate_40",0,FALSE,FALSE
4666714,"gate_30",16,FALSE,FALSE
4666742,"gate_40",29,TRUE,FALSE
4666950,"gate_30",10,TRUE,FALSE
4667194,"gate_40",5,FALSE,FALSE
4667402,"gate_40",105,TRUE,FALSE
4667462,"gate_40",11,FALSE,FALSE
4667488,"gate_40",24,TRUE,FALSE
4667521,"gate_40",62,TRUE,FALSE
4667526,"gate_30",22,FALSE,FALSE
4667587,"gate_30",17,FALSE,FALSE
4667924,"gate_40",50,TRUE,FALSE
4667982,"gate_30",0,FALSE,FALSE
4668058,"gate_40",1,FALSE,FALSE
4668136,"gate_30",4,FALSE,FALSE
4668165,"gate_40",5,FALSE,FALSE
4668227,"gate_40",13,FALSE,FALSE
4668306,"gate_40",4,FALSE,FALSE
4668357,"gate_40",6,TRUE,FALSE
4668397,"gate_40",227,TRUE,FALSE
4668493,"gate_30",9,TRUE,FALSE
4668619,"gate_40",38,TRUE,FALSE
4668671,"gate_30",22,TRUE,FALSE
4668694,"gate_40",13,TRUE,FALSE
4668710,"gate_30",1,FALSE,FALSE
4668719,"gate_30",32,TRUE,FALSE
4668858,"gate_40",22,TRUE,FALSE
4668927,"gate_40",35,TRUE,TRUE
4668948,"gate_30",20,TRUE,TRUE
4668992,"gate_30",2,FALSE,FALSE
4669095,"gate_30",30,FALSE,FALSE
4669122,"gate_30",6,FALSE,FALSE
4669191,"gate_40",6,FALSE,FALSE
4669399,"gate_40",26,FALSE,FALSE
4669494,"gate_40",14,FALSE,FALSE
4670046,"gate_40",124,TRUE,TRUE
4670052,"gate_30",1,FALSE,FALSE
4670107,"gate_30",8,FALSE,FALSE
4670113,"gate_40",4,FALSE,FALSE
4670175,"gate_40",4,FALSE,FALSE
4670190,"gate_40",22,FALSE,FALSE
4670232,"gate_40",2,FALSE,FALSE
4670421,"gate_30",79,TRUE,FALSE
4670497,"gate_30",32,TRUE,FALSE
4670525,"gate_30",257,TRUE,TRUE
4670724,"gate_40",157,TRUE,TRUE
4670788,"gate_40",3,FALSE,FALSE
4670854,"gate_30",2,FALSE,FALSE
4671108,"gate_30",413,TRUE,TRUE
4671123,"gate_30",102,TRUE,FALSE
4671194,"gate_40",54,FALSE,TRUE
4671369,"gate_40",20,FALSE,FALSE
4671497,"gate_30",19,TRUE,TRUE
4671500,"gate_30",32,TRUE,FALSE
4671657,"gate_30",2,FALSE,FALSE
4671903,"gate_30",116,TRUE,TRUE
4671930,"gate_40",9,FALSE,FALSE
4672106,"gate_40",92,FALSE,FALSE
4672111,"gate_40",1,TRUE,FALSE
4672125,"gate_40",4,FALSE,FALSE
4672162,"gate_30",28,TRUE,FALSE
4672190,"gate_40",1,FALSE,FALSE
4672216,"gate_30",5,FALSE,FALSE
4672248,"gate_30",45,FALSE,FALSE
4672349,"gate_40",102,TRUE,TRUE
4672505,"gate_30",53,TRUE,FALSE
4672779,"gate_30",29,TRUE,FALSE
4673004,"gate_30",12,FALSE,FALSE
4673035,"gate_40",1,FALSE,FALSE
4673069,"gate_30",19,FALSE,FALSE
4673156,"gate_30",47,TRUE,TRUE
4673158,"gate_40",6,FALSE,FALSE
4673257,"gate_40",20,TRUE,FALSE
4673334,"gate_30",5,FALSE,FALSE
4673486,"gate_40",10,FALSE,FALSE
4673642,"gate_40",10,FALSE,FALSE
4673705,"gate_30",31,TRUE,FALSE
4673862,"gate_30",93,TRUE,FALSE
4674065,"gate_30",23,FALSE,FALSE
4674069,"gate_30",62,FALSE,FALSE
4674224,"gate_40",0,FALSE,FALSE
4674235,"gate_40",51,TRUE,TRUE
4674366,"gate_40",39,TRUE,FALSE
4674694,"gate_30",63,TRUE,FALSE
4674845,"gate_30",330,TRUE,FALSE
4675204,"gate_30",1,FALSE,FALSE
4675337,"gate_40",1,FALSE,FALSE
4675415,"gate_40",9,FALSE,FALSE
4675741,"gate_30",4,FALSE,FALSE
4675864,"gate_40",2,FALSE,FALSE
4675892,"gate_30",23,TRUE,FALSE
4675988,"gate_30",38,TRUE,TRUE
4676199,"gate_40",22,TRUE,FALSE
4676218,"gate_30",25,FALSE,FALSE
4676441,"gate_30",15,TRUE,FALSE
4676492,"gate_40",3,FALSE,FALSE
4676545,"gate_30",7,FALSE,FALSE
4676561,"gate_30",23,TRUE,FALSE
4676615,"gate_30",364,TRUE,TRUE
4676834,"gate_30",29,TRUE,FALSE
4676849,"gate_40",4,TRUE,FALSE
4677131,"gate_40",104,FALSE,TRUE
4677290,"gate_30",6,FALSE,FALSE
4677319,"gate_40",8,FALSE,FALSE
4677367,"gate_40",22,FALSE,FALSE
4677486,"gate_40",2,FALSE,FALSE
4677511,"gate_30",143,TRUE,TRUE
4677732,"gate_30",8,TRUE,FALSE
4677756,"gate_30",7,FALSE,FALSE
4677920,"gate_40",12,TRUE,FALSE
4678159,"gate_30",54,TRUE,FALSE
4678280,"gate_40",43,FALSE,TRUE
4678337,"gate_40",13,FALSE,FALSE
4678393,"gate_40",155,TRUE,TRUE
4678440,"gate_30",5,FALSE,TRUE
4678484,"gate_30",14,FALSE,FALSE
4678564,"gate_30",12,FALSE,FALSE
4678618,"gate_40",10,TRUE,FALSE
4679143,"gate_40",197,TRUE,TRUE
4679159,"gate_30",184,FALSE,TRUE
4679175,"gate_40",1,FALSE,FALSE
4679351,"gate_40",28,FALSE,FALSE
4679491,"gate_30",12,TRUE,FALSE
4679611,"gate_40",48,TRUE,FALSE
4679686,"gate_40",216,TRUE,FALSE
4679774,"gate_40",257,TRUE,TRUE
4679922,"gate_30",13,FALSE,FALSE
4680099,"gate_30",40,TRUE,TRUE
4680165,"gate_40",7,FALSE,FALSE
4680408,"gate_30",3,FALSE,FALSE
4680561,"gate_30",1,FALSE,FALSE
4680627,"gate_30",3,FALSE,FALSE
4680776,"gate_30",4,FALSE,FALSE
4680869,"gate_40",1,FALSE,FALSE
4680872,"gate_40",40,TRUE,FALSE
4680940,"gate_30",44,FALSE,FALSE
4681286,"gate_30",12,TRUE,FALSE
4681486,"gate_40",71,TRUE,FALSE
4681638,"gate_30",70,TRUE,FALSE
4681703,"gate_40",3,FALSE,FALSE
4681740,"gate_40",10,FALSE,FALSE
4681807,"gate_40",4,FALSE,FALSE
4681890,"gate_40",35,TRUE,FALSE
4682337,"gate_40",0,FALSE,FALSE
4682345,"gate_40",16,TRUE,FALSE
4682541,"gate_40",11,TRUE,FALSE
4682567,"gate_30",7,FALSE,FALSE
4682573,"gate_30",43,TRUE,FALSE
4682616,"gate_30",2,FALSE,FALSE
4682746,"gate_40",6,TRUE,FALSE
4682816,"gate_40",137,TRUE,TRUE
4682846,"gate_40",257,TRUE,TRUE
4682942,"gate_30",4,FALSE,FALSE
4683081,"gate_40",13,FALSE,FALSE
4683252,"gate_40",82,TRUE,FALSE
4683903,"gate_30",4,FALSE,FALSE
4684154,"gate_40",22,TRUE,FALSE
4684502,"gate_30",2,TRUE,FALSE
4684585,"gate_30",43,FALSE,FALSE
4684637,"gate_30",40,TRUE,FALSE
4684963,"gate_40",16,FALSE,TRUE
4685063,"gate_30",29,TRUE,TRUE
4685228,"gate_40",4,FALSE,FALSE
4685591,"gate_40",3,FALSE,FALSE
4685592,"gate_40",65,FALSE,FALSE
4685617,"gate_30",32,TRUE,FALSE
4685729,"gate_30",18,TRUE,FALSE
4685792,"gate_30",13,FALSE,FALSE
4685886,"gate_40",15,TRUE,FALSE
4686322,"gate_30",80,TRUE,TRUE
4686376,"gate_30",8,TRUE,FALSE
4686428,"gate_30",2,FALSE,FALSE
4686863,"gate_30",0,FALSE,FALSE
4686921,"gate_40",4,FALSE,FALSE
4686946,"gate_30",41,TRUE,FALSE
4687065,"gate_40",0,FALSE,FALSE
4687135,"gate_30",42,TRUE,FALSE
4687176,"gate_40",51,TRUE,FALSE
4687376,"gate_30",17,FALSE,FALSE
4687404,"gate_40",19,FALSE,FALSE
4687410,"gate_40",0,FALSE,FALSE
4687516,"gate_30",2,FALSE,FALSE
4687801,"gate_40",50,TRUE,FALSE
4687969,"gate_40",5,FALSE,FALSE
4688244,"gate_30",31,TRUE,FALSE
4688327,"gate_40",22,TRUE,TRUE
4688439,"gate_30",0,FALSE,FALSE
4688449,"gate_30",1,FALSE,FALSE
4688714,"gate_40",25,TRUE,FALSE
4688875,"gate_30",202,TRUE,TRUE
4688952,"gate_30",0,FALSE,FALSE
4689012,"gate_30",58,FALSE,FALSE
4689026,"gate_30",21,TRUE,FALSE
4689065,"gate_40",66,TRUE,FALSE
4689178,"gate_40",1,FALSE,FALSE
4689202,"gate_30",6,FALSE,FALSE
4689289,"gate_40",28,FALSE,FALSE
4689294,"gate_30",15,FALSE,FALSE
4689329,"gate_40",10,FALSE,FALSE
4689355,"gate_30",255,TRUE,TRUE
4689385,"gate_30",43,TRUE,FALSE
4689478,"gate_30",170,TRUE,TRUE
4689529,"gate_40",3,FALSE,FALSE
4689608,"gate_40",121,TRUE,TRUE
4689712,"gate_30",23,TRUE,FALSE
4689766,"gate_40",105,TRUE,TRUE
4689837,"gate_40",9,FALSE,FALSE
4689852,"gate_40",146,FALSE,TRUE
4690368,"gate_40",148,TRUE,FALSE
4690488,"gate_30",0,TRUE,FALSE
4690527,"gate_30",24,TRUE,FALSE
4690636,"gate_40",99,TRUE,FALSE
4691146,"gate_40",100,TRUE,FALSE
4691207,"gate_40",229,TRUE,TRUE
4691329,"gate_30",0,FALSE,FALSE
4691459,"gate_40",40,TRUE,FALSE
4691460,"gate_30",22,TRUE,FALSE
4691712,"gate_40",52,TRUE,FALSE
4691729,"gate_30",6,FALSE,FALSE
4691826,"gate_40",1,FALSE,FALSE
4691853,"gate_40",13,TRUE,TRUE
4692141,"gate_40",11,TRUE,FALSE
4692524,"gate_30",193,TRUE,TRUE
4692540,"gate_30",7,FALSE,FALSE
4692651,"gate_30",21,TRUE,FALSE
4692766,"gate_30",17,FALSE,FALSE
4692813,"gate_40",22,FALSE,FALSE
4692815,"gate_30",0,FALSE,FALSE
4692889,"gate_30",51,TRUE,TRUE
4693002,"gate_30",105,TRUE,FALSE
4693187,"gate_40",542,TRUE,TRUE
4693293,"gate_40",47,FALSE,FALSE
4693298,"gate_30",11,FALSE,FALSE
4693751,"gate_30",2,FALSE,FALSE
4693788,"gate_40",41,TRUE,TRUE
4693899,"gate_40",14,TRUE,FALSE
4694159,"gate_30",2,FALSE,FALSE
4694162,"gate_40",4,FALSE,FALSE
4694165,"gate_40",2,FALSE,FALSE
4694309,"gate_30",306,TRUE,TRUE
4694348,"gate_30",18,TRUE,FALSE
4694450,"gate_40",3,FALSE,FALSE
4694640,"gate_40",364,TRUE,TRUE
4694759,"gate_30",8,TRUE,FALSE
4694795,"gate_40",1,FALSE,FALSE
4694858,"gate_30",15,TRUE,FALSE
4694945,"gate_40",11,TRUE,FALSE
4695068,"gate_30",79,TRUE,FALSE
4695089,"gate_30",100,TRUE,FALSE
4695244,"gate_30",2,FALSE,FALSE
4695289,"gate_30",0,FALSE,FALSE
4695342,"gate_30",322,TRUE,TRUE
4695427,"gate_30",27,TRUE,FALSE
4695482,"gate_40",122,TRUE,FALSE
4695555,"gate_30",6,FALSE,FALSE
4695679,"gate_30",6,FALSE,FALSE
4695707,"gate_30",29,TRUE,FALSE
4695762,"gate_40",44,TRUE,FALSE
4695816,"gate_40",134,TRUE,FALSE
4695835,"gate_30",87,TRUE,TRUE
4695922,"gate_40",30,FALSE,FALSE
4695972,"gate_40",5,FALSE,FALSE
4696081,"gate_40",8,FALSE,FALSE
4696082,"gate_40",267,TRUE,TRUE
4696254,"gate_30",2,FALSE,FALSE
4696353,"gate_40",0,FALSE,FALSE
4696394,"gate_30",41,FALSE,TRUE
4696410,"gate_40",25,FALSE,FALSE
4696478,"gate_30",3,FALSE,FALSE
4696688,"gate_30",18,FALSE,FALSE
4696745,"gate_40",3,FALSE,FALSE
4697003,"gate_30",19,FALSE,FALSE
4697027,"gate_40",2,FALSE,FALSE
4697130,"gate_40",56,FALSE,FALSE
4697193,"gate_30",9,TRUE,FALSE
4697223,"gate_40",3,FALSE,FALSE
4697230,"gate_30",48,TRUE,TRUE
4697506,"gate_40",22,FALSE,FALSE
4697617,"gate_30",18,TRUE,FALSE
4697928,"gate_30",17,FALSE,FALSE
4698072,"gate_40",2,FALSE,FALSE
4698222,"gate_30",39,TRUE,FALSE
4698413,"gate_30",180,TRUE,TRUE
4698447,"gate_30",9,FALSE,FALSE
4698551,"gate_30",1,FALSE,FALSE
4698658,"gate_40",103,TRUE,TRUE
4698674,"gate_30",27,TRUE,FALSE
4698751,"gate_30",33,TRUE,FALSE
4698785,"gate_40",9,FALSE,FALSE
4698795,"gate_40",104,TRUE,FALSE
4699276,"gate_40",139,TRUE,TRUE
4699378,"gate_30",322,TRUE,TRUE
4699492,"gate_40",50,TRUE,FALSE
4699531,"gate_30",11,FALSE,FALSE
4699769,"gate_40",1,FALSE,FALSE
4699783,"gate_30",14,TRUE,FALSE
4699784,"gate_30",76,TRUE,TRUE
4700050,"gate_40",4,FALSE,FALSE
4700107,"gate_40",38,TRUE,FALSE
4700182,"gate_30",6,FALSE,FALSE
4700313,"gate_30",1,FALSE,FALSE
4700436,"gate_40",51,TRUE,FALSE
4700479,"gate_40",1,FALSE,FALSE
4700480,"gate_30",123,TRUE,TRUE
4700540,"gate_40",5,FALSE,FALSE
4700704,"gate_40",81,TRUE,TRUE
4700964,"gate_30",50,FALSE,FALSE
4700966,"gate_30",12,FALSE,FALSE
4701194,"gate_40",0,FALSE,FALSE
4701311,"gate_40",4,FALSE,FALSE
4701423,"gate_40",10,FALSE,FALSE
4701453,"gate_40",1,FALSE,FALSE
4701589,"gate_40",40,FALSE,FALSE
4701743,"gate_30",25,TRUE,FALSE
4701809,"gate_40",0,FALSE,FALSE
4701879,"gate_30",34,FALSE,FALSE
4701950,"gate_40",44,TRUE,FALSE
4701969,"gate_40",7,FALSE,FALSE
4702155,"gate_40",1,FALSE,FALSE
4702308,"gate_30",241,TRUE,TRUE
4702391,"gate_40",9,FALSE,FALSE
4702454,"gate_30",201,TRUE,FALSE
4702695,"gate_40",2,FALSE,FALSE
4702707,"gate_30",66,TRUE,FALSE
4702725,"gate_30",18,FALSE,FALSE
4702760,"gate_40",1,FALSE,FALSE
4702855,"gate_30",9,FALSE,FALSE
4702860,"gate_40",74,TRUE,FALSE
4703326,"gate_30",7,FALSE,FALSE
4703424,"gate_30",220,TRUE,TRUE
4703613,"gate_40",191,TRUE,TRUE
4703690,"gate_30",14,FALSE,FALSE
4703711,"gate_30",3,FALSE,FALSE
4703946,"gate_40",0,FALSE,FALSE
4703972,"gate_40",0,FALSE,FALSE
4704072,"gate_40",18,FALSE,FALSE
4704338,"gate_30",0,FALSE,FALSE
4704542,"gate_40",5,FALSE,FALSE
4704694,"gate_30",98,TRUE,FALSE
4704701,"gate_30",7,FALSE,FALSE
4704798,"gate_40",37,FALSE,FALSE
4704803,"gate_30",4,FALSE,FALSE
4704843,"gate_40",125,TRUE,TRUE
4705082,"gate_30",72,TRUE,FALSE
4705152,"gate_30",10,TRUE,FALSE
4705230,"gate_40",5,FALSE,FALSE
4705633,"gate_30",22,TRUE,FALSE
4705829,"gate_40",0,FALSE,FALSE
4706049,"gate_30",15,TRUE,FALSE
4706096,"gate_30",37,TRUE,FALSE
4706613,"gate_30",40,FALSE,TRUE
4706772,"gate_30",46,TRUE,FALSE
4706782,"gate_40",91,FALSE,TRUE
4706995,"gate_40",7,FALSE,FALSE
4707166,"gate_40",7,FALSE,FALSE
4707193,"gate_30",1,FALSE,FALSE
4707268,"gate_40",10,TRUE,FALSE
4707307,"gate_40",3,FALSE,FALSE
4707309,"gate_40",0,FALSE,FALSE
4707401,"gate_30",2,FALSE,FALSE
4707421,"gate_40",45,TRUE,FALSE
4707858,"gate_40",23,TRUE,FALSE
4708021,"gate_30",4,FALSE,FALSE
4708166,"gate_30",3,FALSE,FALSE
4708261,"gate_30",6,FALSE,FALSE
4708330,"gate_30",46,FALSE,FALSE
4708407,"gate_40",28,FALSE,FALSE
4708518,"gate_30",5,FALSE,FALSE
4708652,"gate_40",2,FALSE,FALSE
4708682,"gate_40",8,FALSE,TRUE
4708821,"gate_30",5,FALSE,FALSE
4708866,"gate_40",101,FALSE,FALSE
4708956,"gate_40",39,TRUE,TRUE
4708994,"gate_30",4,FALSE,FALSE
4709114,"gate_40",184,TRUE,TRUE
4709159,"gate_30",40,TRUE,FALSE
4709243,"gate_40",125,FALSE,TRUE
4709246,"gate_30",3,FALSE,FALSE
4709449,"gate_40",40,TRUE,TRUE
4709536,"gate_30",24,TRUE,FALSE
4709700,"gate_40",1,FALSE,FALSE
4709806,"gate_30",18,TRUE,TRUE
4709809,"gate_40",30,TRUE,FALSE
4710179,"gate_30",96,TRUE,FALSE
4710267,"gate_40",11,FALSE,FALSE
4710330,"gate_40",0,FALSE,FALSE
4710590,"gate_30",161,TRUE,TRUE
4710607,"gate_40",76,TRUE,FALSE
4710867,"gate_40",167,TRUE,FALSE
4710930,"gate_40",16,FALSE,FALSE
4711292,"gate_30",45,TRUE,FALSE
4711460,"gate_40",26,FALSE,FALSE
4711526,"gate_40",12,TRUE,FALSE
4711593,"gate_30",16,FALSE,FALSE
4711656,"gate_30",0,FALSE,FALSE
4711733,"gate_40",136,TRUE,FALSE
4711777,"gate_30",1,FALSE,FALSE
4711860,"gate_30",20,TRUE,FALSE
4712025,"gate_40",6,FALSE,FALSE
4712092,"gate_30",1,FALSE,FALSE
4712258,"gate_30",28,FALSE,FALSE
4712329,"gate_30",42,FALSE,TRUE
4712416,"gate_30",219,TRUE,TRUE
4712560,"gate_30",134,TRUE,TRUE
4712776,"gate_30",1,FALSE,FALSE
4712778,"gate_30",332,TRUE,TRUE
4713004,"gate_40",62,TRUE,TRUE
4713029,"gate_30",7,FALSE,FALSE
4713215,"gate_30",118,TRUE,FALSE
4713340,"gate_40",0,FALSE,FALSE
4713345,"gate_30",1,FALSE,FALSE
4713409,"gate_40",1,FALSE,FALSE
4713600,"gate_40",93,TRUE,TRUE
4713678,"gate_30",5,FALSE,FALSE
4713710,"gate_30",442,TRUE,TRUE
4713736,"gate_30",2,FALSE,FALSE
4713922,"gate_30",0,FALSE,FALSE
4713953,"gate_40",5,FALSE,FALSE
4713968,"gate_30",99,TRUE,TRUE
4714025,"gate_40",67,FALSE,FALSE
4714056,"gate_40",9,FALSE,FALSE
4714141,"gate_40",13,FALSE,FALSE
4714291,"gate_40",2,FALSE,FALSE
4714808,"gate_40",15,FALSE,FALSE
4714944,"gate_40",18,FALSE,FALSE
4714949,"gate_40",35,FALSE,FALSE
4714965,"gate_30",42,TRUE,FALSE
4715028,"gate_40",73,TRUE,FALSE
4715038,"gate_30",33,FALSE,FALSE
4715136,"gate_40",62,TRUE,FALSE
4715158,"gate_40",133,FALSE,TRUE
4715369,"gate_30",16,FALSE,FALSE
4715738,"gate_30",2,FALSE,FALSE
4715922,"gate_30",1,FALSE,FALSE
4716045,"gate_30",203,TRUE,TRUE
4716051,"gate_40",315,TRUE,TRUE
4716056,"gate_40",52,TRUE,FALSE
4716082,"gate_30",2,TRUE,FALSE
4716139,"gate_40",10,FALSE,FALSE
4716156,"gate_40",277,TRUE,FALSE
4716370,"gate_30",0,FALSE,FALSE
4716387,"gate_30",1,FALSE,FALSE
4716455,"gate_40",52,TRUE,FALSE
4716495,"gate_40",15,FALSE,FALSE
4716508,"gate_40",0,FALSE,FALSE
4716527,"gate_40",0,FALSE,FALSE
4716619,"gate_30",266,TRUE,FALSE
4716638,"gate_40",9,FALSE,FALSE
4716648,"gate_40",2,FALSE,FALSE
4716650,"gate_30",189,TRUE,TRUE
4716981,"gate_40",29,TRUE,FALSE
4717173,"gate_30",27,TRUE,FALSE
4717217,"gate_30",95,TRUE,FALSE
4717254,"gate_30",23,FALSE,FALSE
4717335,"gate_30",55,TRUE,TRUE
4717354,"gate_30",87,TRUE,FALSE
4717458,"gate_30",25,FALSE,FALSE
4717510,"gate_30",89,TRUE,FALSE
4717769,"gate_30",4,FALSE,FALSE
4717824,"gate_30",53,FALSE,TRUE
4717845,"gate_40",6,FALSE,FALSE
4717879,"gate_40",45,FALSE,FALSE
4718262,"gate_40",9,FALSE,FALSE
4718344,"gate_40",39,TRUE,FALSE
4718521,"gate_30",3,FALSE,FALSE
4718595,"gate_30",1,FALSE,FALSE
4718830,"gate_30",2,FALSE,FALSE
4718935,"gate_40",5,FALSE,FALSE
4719151,"gate_30",72,FALSE,FALSE
4719316,"gate_40",40,TRUE,FALSE
4719389,"gate_40",9,FALSE,FALSE
4719505,"gate_40",12,TRUE,TRUE
4719522,"gate_30",11,FALSE,FALSE
4719527,"gate_40",40,TRUE,FALSE
4719826,"gate_30",22,FALSE,FALSE
4719858,"gate_40",59,TRUE,FALSE
4720075,"gate_40",294,TRUE,TRUE
4720088,"gate_30",118,TRUE,FALSE
4720138,"gate_30",2,FALSE,FALSE
4720454,"gate_40",0,FALSE,FALSE
4720507,"gate_40",21,TRUE,FALSE
4720608,"gate_30",0,FALSE,FALSE
4720646,"gate_40",4,FALSE,FALSE
4720686,"gate_40",13,FALSE,TRUE
4720790,"gate_30",41,TRUE,FALSE
4720923,"gate_40",1,FALSE,FALSE
4721179,"gate_40",178,TRUE,TRUE
4721373,"gate_40",4,FALSE,FALSE
4721811,"gate_30",1,FALSE,FALSE
4721849,"gate_40",4,FALSE,FALSE
4722193,"gate_40",98,TRUE,FALSE
4722256,"gate_40",111,TRUE,FALSE
4722266,"gate_40",2,FALSE,FALSE
4722319,"gate_40",78,FALSE,FALSE
4722422,"gate_40",398,TRUE,TRUE
4722441,"gate_30",80,TRUE,FALSE
4722986,"gate_40",197,TRUE,TRUE
4723030,"gate_40",53,FALSE,FALSE
4723410,"gate_40",56,TRUE,FALSE
4723504,"gate_30",107,FALSE,TRUE
4723630,"gate_30",180,TRUE,FALSE
4723682,"gate_30",6,FALSE,FALSE
4723866,"gate_30",5,FALSE,FALSE
4723883,"gate_30",184,FALSE,TRUE
4723891,"gate_30",33,TRUE,FALSE
4723976,"gate_40",3,FALSE,FALSE
4724149,"gate_40",37,FALSE,FALSE
4724166,"gate_30",40,TRUE,TRUE
4724296,"gate_40",14,TRUE,FALSE
4724430,"gate_40",6,FALSE,FALSE
4724438,"gate_30",21,TRUE,FALSE
4724473,"gate_30",234,TRUE,TRUE
4724556,"gate_40",3,FALSE,FALSE
4724566,"gate_30",3,FALSE,FALSE
4724869,"gate_30",18,TRUE,FALSE
4725036,"gate_40",3,FALSE,FALSE
4725122,"gate_40",2,FALSE,FALSE
4725322,"gate_40",16,FALSE,FALSE
4725347,"gate_40",41,TRUE,FALSE
4725412,"gate_30",5,FALSE,FALSE
4725502,"gate_30",4,FALSE,FALSE
4725920,"gate_40",9,FALSE,FALSE
4726051,"gate_30",1,FALSE,FALSE
4726216,"gate_30",13,TRUE,FALSE
4726346,"gate_30",43,FALSE,FALSE
4726508,"gate_40",28,TRUE,FALSE
4726587,"gate_30",88,TRUE,TRUE
4726709,"gate_30",7,TRUE,FALSE
4726816,"gate_40",6,FALSE,FALSE
4726985,"gate_30",23,FALSE,FALSE
4727113,"gate_30",18,FALSE,FALSE
4727146,"gate_40",28,FALSE,FALSE
4727290,"gate_30",19,FALSE,FALSE
4727329,"gate_30",80,FALSE,TRUE
4727413,"gate_30",7,FALSE,FALSE
4727519,"gate_40",52,TRUE,FALSE
4727725,"gate_30",6,FALSE,FALSE
4727810,"gate_40",43,TRUE,FALSE
4727905,"gate_30",15,FALSE,FALSE
4727915,"gate_40",145,TRUE,TRUE
4727929,"gate_30",0,FALSE,FALSE
4727945,"gate_30",17,FALSE,FALSE
4728204,"gate_30",3,FALSE,FALSE
4728228,"gate_40",0,FALSE,FALSE
4728297,"gate_40",17,FALSE,FALSE
4728419,"gate_40",11,FALSE,FALSE
4728446,"gate_40",12,TRUE,FALSE
4728552,"gate_40",2,FALSE,FALSE
4728672,"gate_40",3,FALSE,FALSE
4728678,"gate_40",30,FALSE,TRUE
4728776,"gate_40",30,TRUE,FALSE
4729015,"gate_30",4,FALSE,FALSE
4729058,"gate_30",40,TRUE,FALSE
4729210,"gate_40",136,TRUE,FALSE
4729488,"gate_40",26,TRUE,FALSE
4729530,"gate_40",118,FALSE,TRUE
4729635,"gate_30",120,TRUE,FALSE
4729659,"gate_30",1,FALSE,FALSE
4730003,"gate_30",0,FALSE,FALSE
4730004,"gate_40",3,FALSE,FALSE
4730226,"gate_40",88,FALSE,TRUE
4730258,"gate_30",108,TRUE,TRUE
4730294,"gate_40",4,FALSE,FALSE
4730314,"gate_30",22,FALSE,FALSE
4730525,"gate_30",5,FALSE,FALSE
4730589,"gate_40",36,TRUE,FALSE
4730801,"gate_40",1,FALSE,FALSE
4730819,"gate_40",2,FALSE,FALSE
4731154,"gate_40",3,FALSE,FALSE
4731210,"gate_30",68,TRUE,FALSE
4731230,"gate_30",19,FALSE,FALSE
4731285,"gate_30",4,FALSE,FALSE
4731434,"gate_30",68,FALSE,TRUE
4731516,"gate_30",43,TRUE,TRUE
4731595,"gate_40",58,TRUE,FALSE
4731727,"gate_30",41,FALSE,FALSE
4731731,"gate_40",2,FALSE,FALSE
4731803,"gate_40",29,TRUE,TRUE
4731811,"gate_30",27,FALSE,FALSE
4731960,"gate_40",6,FALSE,FALSE
4732050,"gate_40",61,TRUE,FALSE
4732287,"gate_40",10,FALSE,FALSE
4732582,"gate_30",161,TRUE,TRUE
4732603,"gate_40",0,FALSE,FALSE
4732706,"gate_40",9,TRUE,FALSE
4732780,"gate_40",0,FALSE,FALSE
4732855,"gate_30",14,FALSE,FALSE
4732889,"gate_30",9,FALSE,FALSE
4733022,"gate_30",10,FALSE,FALSE
4733025,"gate_30",7,FALSE,FALSE
4733041,"gate_30",38,TRUE,FALSE
4733062,"gate_40",34,TRUE,FALSE
4733216,"gate_40",30,TRUE,FALSE
4733383,"gate_40",94,TRUE,TRUE
4733404,"gate_30",40,FALSE,TRUE
4733425,"gate_30",40,TRUE,FALSE
4733498,"gate_30",89,FALSE,TRUE
4733598,"gate_40",3,FALSE,FALSE
4733650,"gate_40",74,TRUE,FALSE
4733680,"gate_40",11,TRUE,FALSE
4733776,"gate_40",2,FALSE,FALSE
4733841,"gate_30",43,TRUE,FALSE
4734170,"gate_40",4,FALSE,FALSE
4734231,"gate_30",2,FALSE,FALSE
4734384,"gate_40",54,TRUE,TRUE
4734482,"gate_30",8,TRUE,FALSE
4734543,"gate_30",73,TRUE,FALSE
4734584,"gate_40",195,TRUE,TRUE
4734652,"gate_30",18,FALSE,FALSE
4734657,"gate_30",34,FALSE,FALSE
4734763,"gate_40",0,FALSE,FALSE
4734809,"gate_40",0,FALSE,FALSE
4734836,"gate_40",93,TRUE,TRUE
4734839,"gate_30",9,TRUE,FALSE
4734842,"gate_40",11,FALSE,FALSE
4734870,"gate_40",11,FALSE,FALSE
4735023,"gate_40",146,TRUE,TRUE
4735064,"gate_30",3,FALSE,FALSE
4735475,"gate_40",29,TRUE,FALSE
4735478,"gate_40",17,FALSE,FALSE
4735614,"gate_30",6,FALSE,FALSE
4735764,"gate_30",5,FALSE,FALSE
4735877,"gate_40",1026,TRUE,TRUE
4736002,"gate_40",7,FALSE,FALSE
4736029,"gate_40",88,TRUE,FALSE
4736210,"gate_30",68,TRUE,FALSE
4736260,"gate_30",1,FALSE,FALSE
4736392,"gate_30",34,FALSE,TRUE
4736570,"gate_40",112,FALSE,FALSE
4736595,"gate_30",8,FALSE,FALSE
4736755,"gate_30",21,FALSE,FALSE
4736759,"gate_40",6,FALSE,FALSE
4736921,"gate_40",9,TRUE,FALSE
4737011,"gate_30",11,FALSE,FALSE
4737057,"gate_40",159,TRUE,TRUE
4737080,"gate_40",400,TRUE,TRUE
4737558,"gate_30",8,FALSE,FALSE
4737621,"gate_30",2,FALSE,FALSE
4737779,"gate_40",33,TRUE,FALSE
4737825,"gate_40",14,TRUE,FALSE
4737931,"gate_30",28,TRUE,FALSE
4738001,"gate_30",3,FALSE,FALSE
4738216,"gate_40",167,TRUE,FALSE
4738372,"gate_30",4,FALSE,FALSE
4738772,"gate_30",19,FALSE,FALSE
4738891,"gate_30",9,FALSE,FALSE
4739112,"gate_40",17,TRUE,FALSE
4739138,"gate_40",150,TRUE,TRUE
4739167,"gate_30",11,TRUE,FALSE
4739217,"gate_40",14,TRUE,FALSE
4739252,"gate_30",4,FALSE,FALSE
4739473,"gate_40",3,FALSE,FALSE
4739477,"gate_30",5,FALSE,FALSE
4739504,"gate_40",9,FALSE,FALSE
4739614,"gate_40",9,TRUE,FALSE
4739669,"gate_30",2,FALSE,FALSE
4739676,"gate_40",2,FALSE,FALSE
4739821,"gate_30",18,TRUE,FALSE
4739919,"gate_40",252,TRUE,TRUE
4739961,"gate_40",294,TRUE,TRUE
4740098,"gate_40",50,FALSE,TRUE
4740121,"gate_30",2,FALSE,FALSE
4740136,"gate_30",29,FALSE,TRUE
4740185,"gate_40",141,TRUE,TRUE
4740416,"gate_30",61,TRUE,FALSE
4740502,"gate_40",13,FALSE,FALSE
4740627,"gate_40",3,FALSE,FALSE
4740687,"gate_30",3,FALSE,FALSE
4740689,"gate_40",37,FALSE,FALSE
4740877,"gate_40",258,TRUE,TRUE
4741105,"gate_30",6,FALSE,FALSE
4741112,"gate_30",18,FALSE,FALSE
4741152,"gate_30",148,TRUE,TRUE
4741193,"gate_30",18,TRUE,FALSE
4741200,"gate_40",9,FALSE,FALSE
4741214,"gate_40",1,FALSE,FALSE
4741266,"gate_40",39,TRUE,FALSE
4741313,"gate_30",1,FALSE,FALSE
4741420,"gate_30",9,FALSE,FALSE
4741507,"gate_30",2,FALSE,FALSE
4741589,"gate_40",115,TRUE,FALSE
4741693,"gate_40",9,FALSE,FALSE
4741719,"gate_40",8,FALSE,FALSE
4741724,"gate_30",166,TRUE,TRUE
4741738,"gate_40",0,FALSE,FALSE
4741783,"gate_30",38,TRUE,FALSE
4741965,"gate_40",8,FALSE,FALSE
4741983,"gate_30",135,TRUE,FALSE
4742072,"gate_30",13,FALSE,FALSE
4742180,"gate_30",4,FALSE,FALSE
4742196,"gate_40",6,FALSE,FALSE
4742454,"gate_40",6,FALSE,FALSE
4742580,"gate_30",24,TRUE,FALSE
4742767,"gate_30",12,TRUE,FALSE
4742908,"gate_40",17,FALSE,TRUE
4743461,"gate_30",1,FALSE,FALSE
4743480,"gate_40",267,TRUE,TRUE
4743528,"gate_40",111,TRUE,FALSE
4743649,"gate_30",39,TRUE,FALSE
4743721,"gate_40",44,TRUE,FALSE
4743743,"gate_40",63,FALSE,TRUE
4743795,"gate_30",401,TRUE,TRUE
4743816,"gate_40",1,FALSE,FALSE
4743867,"gate_30",41,TRUE,FALSE
4743989,"gate_30",4,FALSE,FALSE
4744006,"gate_40",11,FALSE,FALSE
4744194,"gate_30",96,TRUE,FALSE
4744238,"gate_30",10,FALSE,FALSE
4744330,"gate_30",1,TRUE,FALSE
4744412,"gate_30",13,FALSE,FALSE
4744593,"gate_30",2,FALSE,FALSE
4744715,"gate_30",1,FALSE,FALSE
4744962,"gate_30",34,TRUE,FALSE
4744963,"gate_40",10,FALSE,FALSE
4745007,"gate_30",1,FALSE,FALSE
4745119,"gate_40",7,FALSE,FALSE
4745143,"gate_40",2,FALSE,FALSE
4745217,"gate_40",57,TRUE,FALSE
4745313,"gate_30",4,FALSE,FALSE
4745374,"gate_40",8,FALSE,FALSE
4745411,"gate_30",8,FALSE,FALSE
4745445,"gate_30",9,FALSE,FALSE
4745567,"gate_40",2,FALSE,FALSE
4745632,"gate_30",29,FALSE,FALSE
4745675,"gate_30",0,FALSE,FALSE
4745879,"gate_30",133,FALSE,FALSE
4746032,"gate_30",0,FALSE,FALSE
4746088,"gate_40",3,FALSE,FALSE
4746122,"gate_30",17,FALSE,FALSE
4746432,"gate_30",5,FALSE,FALSE
4746537,"gate_40",57,TRUE,TRUE
4746603,"gate_40",4,FALSE,FALSE
4746624,"gate_30",8,FALSE,FALSE
4746712,"gate_30",0,FALSE,FALSE
4746863,"gate_30",29,FALSE,FALSE
4747386,"gate_30",69,FALSE,FALSE
4747502,"gate_30",8,FALSE,FALSE
4747664,"gate_40",10,FALSE,FALSE
4747704,"gate_40",3,FALSE,FALSE
4747831,"gate_30",9,FALSE,FALSE
4747916,"gate_40",4,TRUE,FALSE
4748134,"gate_30",13,FALSE,FALSE
4748151,"gate_30",116,TRUE,FALSE
4748174,"gate_40",0,FALSE,FALSE
4748197,"gate_40",8,FALSE,FALSE
4748434,"gate_30",1,FALSE,FALSE
4748523,"gate_30",162,TRUE,TRUE
4748651,"gate_30",2,FALSE,FALSE
4748752,"gate_40",10,FALSE,FALSE
4748818,"gate_40",5,FALSE,FALSE
4748867,"gate_30",45,TRUE,FALSE
4748951,"gate_40",5,FALSE,FALSE
4748966,"gate_30",2,FALSE,FALSE
4749003,"gate_40",15,FALSE,FALSE
4749347,"gate_30",16,FALSE,FALSE
4749473,"gate_30",161,TRUE,TRUE
4749557,"gate_40",56,TRUE,TRUE
4749595,"gate_40",269,FALSE,TRUE
4749604,"gate_30",14,FALSE,FALSE
4749897,"gate_40",8,FALSE,FALSE
4749915,"gate_40",6,TRUE,FALSE
4750208,"gate_30",0,FALSE,FALSE
4750269,"gate_30",22,FALSE,TRUE
4750292,"gate_40",5,FALSE,FALSE
4750318,"gate_30",32,TRUE,FALSE
4750584,"gate_40",7,FALSE,FALSE
4750787,"gate_40",2,FALSE,FALSE
4750833,"gate_40",7,FALSE,TRUE
4750969,"gate_40",63,TRUE,FALSE
4750988,"gate_30",30,TRUE,TRUE
4751034,"gate_40",6,FALSE,FALSE
4751371,"gate_40",32,FALSE,FALSE
4751401,"gate_30",83,TRUE,FALSE
4751498,"gate_40",15,FALSE,FALSE
4751571,"gate_40",75,TRUE,FALSE
4751611,"gate_30",1,FALSE,FALSE
4751735,"gate_40",5,FALSE,FALSE
4751922,"gate_40",51,FALSE,FALSE
4751939,"gate_40",0,FALSE,FALSE
4752196,"gate_30",5,FALSE,FALSE
4752329,"gate_30",39,FALSE,FALSE
4752336,"gate_30",7,FALSE,FALSE
4752452,"gate_40",19,FALSE,FALSE
4752522,"gate_30",23,TRUE,FALSE
4752783,"gate_40",0,TRUE,TRUE
4752833,"gate_30",133,FALSE,TRUE
4752966,"gate_40",42,TRUE,TRUE
4753228,"gate_40",0,FALSE,FALSE
4753283,"gate_30",6,FALSE,FALSE
4753381,"gate_30",1,FALSE,FALSE
4753599,"gate_40",13,FALSE,FALSE
4753836,"gate_40",121,FALSE,TRUE
4753897,"gate_30",83,TRUE,TRUE
4753909,"gate_30",27,TRUE,TRUE
4753921,"gate_30",39,FALSE,FALSE
4753957,"gate_30",93,TRUE,TRUE
4753966,"gate_30",28,TRUE,FALSE
4753970,"gate_40",80,TRUE,FALSE
4754413,"gate_40",4,FALSE,FALSE
4754465,"gate_40",3,FALSE,FALSE
4754479,"gate_40",79,TRUE,FALSE
4754525,"gate_30",1,FALSE,FALSE
4754580,"gate_30",4,FALSE,FALSE
4754587,"gate_30",1,FALSE,FALSE
4754689,"gate_30",5,TRUE,FALSE
4754765,"gate_40",6,FALSE,FALSE
4754836,"gate_30",63,FALSE,FALSE
4754888,"gate_30",25,TRUE,FALSE
4754921,"gate_40",66,TRUE,TRUE
4755315,"gate_40",17,TRUE,FALSE
4755403,"gate_30",1,FALSE,FALSE
4755529,"gate_40",4,FALSE,FALSE
4755662,"gate_30",91,TRUE,TRUE
4755847,"gate_40",39,TRUE,FALSE
4755872,"gate_40",7,FALSE,FALSE
4755932,"gate_40",4,FALSE,FALSE
4756133,"gate_30",61,TRUE,FALSE
4756526,"gate_40",1,FALSE,FALSE
4756567,"gate_30",2,FALSE,FALSE
4756609,"gate_30",8,FALSE,FALSE
4756688,"gate_30",18,TRUE,FALSE
4756721,"gate_40",126,TRUE,TRUE
4756740,"gate_40",3,FALSE,FALSE
4756781,"gate_40",86,TRUE,FALSE
4756871,"gate_30",1,FALSE,FALSE
4756939,"gate_40",43,FALSE,FALSE
4756990,"gate_40",118,TRUE,FALSE
4757032,"gate_30",0,FALSE,FALSE
4757077,"gate_40",13,FALSE,FALSE
4757172,"gate_30",24,FALSE,FALSE
4757194,"gate_40",0,FALSE,FALSE
4757222,"gate_40",4,TRUE,FALSE
4757237,"gate_30",4,FALSE,FALSE
4757321,"gate_30",2,FALSE,FALSE
4757602,"gate_30",267,TRUE,TRUE
4757641,"gate_40",119,TRUE,TRUE
4757917,"gate_40",150,FALSE,FALSE
4758017,"gate_30",43,TRUE,FALSE
4758088,"gate_30",6,TRUE,FALSE
4758147,"gate_40",1267,TRUE,TRUE
4758341,"gate_40",72,TRUE,TRUE
4758366,"gate_40",26,FALSE,FALSE
4758767,"gate_30",0,FALSE,FALSE
4758929,"gate_40",6,FALSE,FALSE
4758935,"gate_40",119,FALSE,FALSE
4759174,"gate_40",7,FALSE,FALSE
4759420,"gate_30",0,FALSE,FALSE
4759519,"gate_40",5,FALSE,FALSE
4759535,"gate_30",17,FALSE,FALSE
4759549,"gate_40",4,TRUE,FALSE
4759774,"gate_30",3,FALSE,FALSE
4759791,"gate_40",97,TRUE,FALSE
4759902,"gate_30",75,TRUE,FALSE
4759942,"gate_30",4,FALSE,FALSE
4759993,"gate_30",56,TRUE,FALSE
4760040,"gate_40",32,FALSE,FALSE
4760108,"gate_30",13,FALSE,FALSE
4760132,"gate_40",13,FALSE,FALSE
4760177,"gate_40",92,TRUE,TRUE
4760266,"gate_30",2,FALSE,FALSE
4760313,"gate_30",0,FALSE,FALSE
4760486,"gate_40",13,TRUE,FALSE
4760612,"gate_40",33,FALSE,FALSE
4760613,"gate_30",570,TRUE,TRUE
4761051,"gate_30",61,TRUE,TRUE
4761299,"gate_40",10,FALSE,FALSE
4761409,"gate_40",12,TRUE,FALSE
4761601,"gate_30",88,TRUE,FALSE
4761627,"gate_30",0,FALSE,FALSE
4761681,"gate_30",15,FALSE,FALSE
4761701,"gate_40",1,FALSE,FALSE
4761787,"gate_30",19,TRUE,TRUE
4761818,"gate_40",30,TRUE,FALSE
4762082,"gate_40",92,TRUE,TRUE
4762206,"gate_40",16,FALSE,FALSE
4762315,"gate_30",7,FALSE,FALSE
4762472,"gate_30",15,FALSE,FALSE
4762610,"gate_30",24,FALSE,FALSE
4762753,"gate_30",45,TRUE,FALSE
4763051,"gate_30",109,TRUE,TRUE
4763057,"gate_30",3,FALSE,FALSE
4763141,"gate_40",109,TRUE,FALSE
4763249,"gate_40",13,TRUE,FALSE
4763285,"gate_30",15,TRUE,FALSE
4763308,"gate_30",26,TRUE,FALSE
4763456,"gate_40",346,FALSE,FALSE
4763497,"gate_30",0,FALSE,FALSE
4763522,"gate_30",50,TRUE,FALSE
4763530,"gate_40",53,TRUE,TRUE
4763555,"gate_30",104,TRUE,FALSE
4763585,"gate_30",151,TRUE,TRUE
4763687,"gate_40",41,TRUE,FALSE
4763794,"gate_30",14,FALSE,FALSE
4763866,"gate_30",20,FALSE,FALSE
4763998,"gate_40",6,FALSE,FALSE
4764004,"gate_30",1,FALSE,FALSE
4764168,"gate_40",1,FALSE,FALSE
4764229,"gate_40",3,FALSE,FALSE
4764419,"gate_40",4,FALSE,FALSE
4764557,"gate_30",2,FALSE,FALSE
4764713,"gate_30",53,TRUE,TRUE
4764949,"gate_40",27,TRUE,FALSE
4765032,"gate_40",70,TRUE,FALSE
4765045,"gate_30",54,TRUE,FALSE
4765111,"gate_40",2,FALSE,FALSE
4765218,"gate_40",22,TRUE,FALSE
4765320,"gate_30",20,FALSE,FALSE
4765498,"gate_40",169,TRUE,FALSE
4765646,"gate_30",89,TRUE,TRUE
4765666,"gate_40",20,FALSE,FALSE
4765794,"gate_40",3,FALSE,FALSE
4766007,"gate_40",3,FALSE,FALSE
4766022,"gate_40",7,FALSE,FALSE
4766058,"gate_40",133,TRUE,TRUE
4766165,"gate_40",17,FALSE,FALSE
4766278,"gate_40",3,FALSE,FALSE
4766351,"gate_30",2,FALSE,FALSE
4766609,"gate_30",4,FALSE,FALSE
4766784,"gate_40",167,TRUE,TRUE
4766832,"gate_30",166,TRUE,TRUE
4766964,"gate_40",39,FALSE,TRUE
4766982,"gate_40",4,FALSE,FALSE
4767037,"gate_40",1,FALSE,FALSE
4767038,"gate_30",6,FALSE,FALSE
4767058,"gate_30",14,TRUE,FALSE
4767143,"gate_30",10,TRUE,FALSE
4767347,"gate_40",8,FALSE,FALSE
4767597,"gate_40",346,TRUE,TRUE
4767688,"gate_30",16,FALSE,FALSE
4767758,"gate_30",1,FALSE,FALSE
4767768,"gate_40",34,TRUE,FALSE
4768222,"gate_40",365,TRUE,TRUE
4768338,"gate_40",1,FALSE,FALSE
4768370,"gate_40",37,FALSE,FALSE
4768380,"gate_40",7,FALSE,FALSE
4768398,"gate_30",124,TRUE,TRUE
4768555,"gate_30",15,FALSE,FALSE
4768671,"gate_40",18,FALSE,FALSE
4769069,"gate_30",46,FALSE,FALSE
4769111,"gate_30",40,TRUE,TRUE
4769334,"gate_40",1,FALSE,FALSE
4769550,"gate_40",130,TRUE,TRUE
4769597,"gate_40",4,FALSE,FALSE
4769714,"gate_40",185,TRUE,TRUE
4769798,"gate_30",26,TRUE,TRUE
4769956,"gate_30",2,FALSE,FALSE
4769995,"gate_30",106,TRUE,FALSE
4770203,"gate_40",39,FALSE,FALSE
4770209,"gate_30",1,FALSE,FALSE
4770232,"gate_40",21,TRUE,FALSE
4770411,"gate_40",22,FALSE,FALSE
4770914,"gate_30",25,FALSE,FALSE
4770931,"gate_30",34,FALSE,TRUE
4771083,"gate_30",21,FALSE,FALSE
4771236,"gate_30",16,FALSE,FALSE
4771459,"gate_30",148,TRUE,TRUE
4771555,"gate_30",15,TRUE,FALSE
4771650,"gate_30",21,TRUE,FALSE
4771655,"gate_40",15,TRUE,FALSE
4771963,"gate_40",213,TRUE,TRUE
4771967,"gate_30",383,TRUE,TRUE
4771981,"gate_40",51,TRUE,TRUE
4772137,"gate_40",1,FALSE,FALSE
4772306,"gate_30",30,TRUE,FALSE
4772528,"gate_30",14,TRUE,FALSE
4772617,"gate_40",392,TRUE,TRUE
4772819,"gate_30",5,FALSE,FALSE
4772833,"gate_30",54,TRUE,FALSE
4772871,"gate_30",6,FALSE,FALSE
4772978,"gate_30",19,TRUE,FALSE
4773004,"gate_40",230,TRUE,TRUE
4773023,"gate_30",7,FALSE,FALSE
4773087,"gate_40",45,TRUE,FALSE
4773180,"gate_30",82,FALSE,TRUE
4773211,"gate_30",25,FALSE,FALSE
4773477,"gate_30",20,TRUE,FALSE
4773501,"gate_40",1,FALSE,FALSE
4773510,"gate_40",84,TRUE,FALSE
4773693,"gate_40",47,FALSE,FALSE
4773775,"gate_30",8,FALSE,FALSE
4773944,"gate_40",3,FALSE,FALSE
4773952,"gate_40",7,FALSE,FALSE
4773959,"gate_40",1,FALSE,FALSE
4774030,"gate_40",5,FALSE,FALSE
4774299,"gate_40",17,FALSE,FALSE
4774504,"gate_40",5,FALSE,FALSE
4774727,"gate_40",4,FALSE,FALSE
4774815,"gate_40",15,TRUE,FALSE
4774818,"gate_40",9,FALSE,FALSE
4774849,"gate_40",0,FALSE,FALSE
4774941,"gate_30",642,TRUE,TRUE
4774992,"gate_30",0,FALSE,FALSE
4775060,"gate_40",44,TRUE,FALSE
4775104,"gate_30",40,FALSE,TRUE
4775127,"gate_30",342,TRUE,TRUE
4775130,"gate_40",2,FALSE,FALSE
4775173,"gate_40",4,FALSE,FALSE
4775199,"gate_30",3,FALSE,FALSE
4775561,"gate_30",1,FALSE,FALSE
4775605,"gate_40",15,TRUE,FALSE
4775751,"gate_30",46,TRUE,FALSE
4775789,"gate_40",11,FALSE,FALSE
4775980,"gate_40",55,FALSE,FALSE
4776250,"gate_40",9,TRUE,FALSE
4776439,"gate_30",10,FALSE,FALSE
4776667,"gate_40",9,FALSE,FALSE
4776697,"gate_30",46,TRUE,FALSE
4776955,"gate_40",14,TRUE,FALSE
4777082,"gate_30",16,TRUE,FALSE
4777194,"gate_30",3,FALSE,FALSE
4777218,"gate_30",24,TRUE,FALSE
4777219,"gate_40",41,TRUE,FALSE
4777284,"gate_40",1,FALSE,FALSE
4777298,"gate_40",26,FALSE,FALSE
4777529,"gate_40",1,FALSE,FALSE
4777714,"gate_30",3,FALSE,FALSE
4777799,"gate_40",16,FALSE,FALSE
4777830,"gate_30",7,FALSE,FALSE
4778097,"gate_40",9,FALSE,FALSE
4778389,"gate_30",265,TRUE,TRUE
4778546,"gate_40",14,FALSE,FALSE
4778579,"gate_30",64,FALSE,FALSE
4778678,"gate_40",3,FALSE,FALSE
4778679,"gate_40",4,FALSE,FALSE
4778714,"gate_40",80,TRUE,FALSE
4778906,"gate_40",5,FALSE,FALSE
4779189,"gate_40",7,FALSE,FALSE
4779231,"gate_40",121,TRUE,TRUE
4779383,"gate_40",12,FALSE,FALSE
4779590,"gate_40",3,FALSE,FALSE
4779621,"gate_30",96,TRUE,FALSE
4779665,"gate_30",18,FALSE,FALSE
4779842,"gate_30",224,TRUE,TRUE
4779853,"gate_40",18,FALSE,FALSE
4780091,"gate_30",7,FALSE,FALSE
4780154,"gate_30",1,FALSE,FALSE
4780378,"gate_40",466,TRUE,TRUE
4780397,"gate_40",102,TRUE,FALSE
4780483,"gate_40",26,FALSE,FALSE
4780513,"gate_40",1,FALSE,FALSE
4780628,"gate_40",7,FALSE,FALSE
4781100,"gate_30",7,FALSE,FALSE
4781272,"gate_40",24,TRUE,FALSE
4781325,"gate_40",1,FALSE,FALSE
4781434,"gate_40",15,TRUE,FALSE
4781534,"gate_30",68,TRUE,FALSE
4781558,"gate_40",14,FALSE,FALSE
4781717,"gate_30",133,FALSE,FALSE
4781834,"gate_30",64,TRUE,FALSE
4781950,"gate_40",28,TRUE,FALSE
4782074,"gate_30",8,FALSE,FALSE
4782196,"gate_40",12,FALSE,FALSE
4782353,"gate_30",75,TRUE,FALSE
4782649,"gate_40",39,TRUE,FALSE
4782651,"gate_40",0,FALSE,FALSE
4782734,"gate_40",1,TRUE,FALSE
4782920,"gate_40",2,FALSE,FALSE
4783256,"gate_40",27,TRUE,FALSE
4783264,"gate_40",62,FALSE,FALSE
4783580,"gate_30",40,TRUE,FALSE
4783689,"gate_30",4,FALSE,FALSE
4783728,"gate_40",58,TRUE,FALSE
4783800,"gate_30",5,FALSE,FALSE
4783818,"gate_30",14,FALSE,FALSE
4784136,"gate_40",1,FALSE,FALSE
4784163,"gate_40",8,TRUE,FALSE
4784254,"gate_30",46,TRUE,FALSE
4784386,"gate_30",0,FALSE,FALSE
4784610,"gate_40",6,FALSE,FALSE
4784872,"gate_30",50,TRUE,FALSE
4784913,"gate_40",184,TRUE,FALSE
4785003,"gate_30",48,TRUE,TRUE
4785029,"gate_40",4,FALSE,FALSE
4785405,"gate_40",52,FALSE,TRUE
4785422,"gate_30",35,TRUE,FALSE
4785446,"gate_30",15,FALSE,FALSE
4785530,"gate_40",2,FALSE,FALSE
4785802,"gate_30",25,FALSE,FALSE
4785909,"gate_30",2,FALSE,FALSE
4786061,"gate_40",162,TRUE,TRUE
4786158,"gate_40",1,FALSE,FALSE
4786190,"gate_40",37,TRUE,FALSE
4786375,"gate_30",3,FALSE,FALSE
4786453,"gate_30",0,FALSE,FALSE
4786542,"gate_30",24,TRUE,TRUE
4786664,"gate_40",0,FALSE,FALSE
4786781,"gate_30",39,FALSE,FALSE
4786797,"gate_40",8,FALSE,FALSE
4786811,"gate_40",22,FALSE,FALSE
4786832,"gate_30",1,FALSE,FALSE
4786958,"gate_40",39,TRUE,FALSE
4787003,"gate_40",82,TRUE,FALSE
4787004,"gate_30",14,FALSE,FALSE
4787053,"gate_40",34,FALSE,FALSE
4787505,"gate_30",46,TRUE,FALSE
4787605,"gate_30",7,FALSE,FALSE
4787660,"gate_30",98,TRUE,FALSE
4787765,"gate_30",14,FALSE,FALSE
4787914,"gate_30",158,TRUE,TRUE
4788030,"gate_30",90,TRUE,TRUE
4788342,"gate_30",32,TRUE,FALSE
4788458,"gate_40",36,TRUE,FALSE
4788526,"gate_30",66,TRUE,TRUE
4788723,"gate_30",189,TRUE,TRUE
4788892,"gate_30",20,FALSE,FALSE
4789007,"gate_40",32,FALSE,FALSE
4789284,"gate_40",6,TRUE,FALSE
4789653,"gate_40",5,FALSE,FALSE
4789725,"gate_30",126,TRUE,TRUE
4789834,"gate_40",12,TRUE,TRUE
4789899,"gate_30",9,TRUE,FALSE
4789975,"gate_40",224,TRUE,TRUE
4790281,"gate_40",7,FALSE,FALSE
4790322,"gate_40",4,FALSE,FALSE
4790513,"gate_40",5,FALSE,FALSE
4790672,"gate_40",25,FALSE,FALSE
4790688,"gate_40",3,FALSE,FALSE
4790718,"gate_30",1,FALSE,FALSE
4790838,"gate_40",10,FALSE,FALSE
4790867,"gate_40",26,TRUE,FALSE
4791136,"gate_40",44,TRUE,FALSE
4791251,"gate_40",2,FALSE,FALSE
4791380,"gate_30",16,FALSE,FALSE
4791465,"gate_40",0,FALSE,FALSE
4791522,"gate_40",5,FALSE,FALSE
4791524,"gate_40",23,FALSE,FALSE
4791814,"gate_30",348,TRUE,TRUE
4791982,"gate_30",53,FALSE,FALSE
4792024,"gate_30",13,FALSE,FALSE
4792104,"gate_30",7,TRUE,FALSE
4792134,"gate_30",0,FALSE,FALSE
4792197,"gate_30",100,TRUE,TRUE
4792705,"gate_30",33,FALSE,FALSE
4792768,"gate_30",92,TRUE,TRUE
4793119,"gate_40",72,TRUE,TRUE
4793231,"gate_30",327,TRUE,TRUE
4793479,"gate_30",31,FALSE,TRUE
4793526,"gate_30",83,TRUE,FALSE
4793563,"gate_30",103,TRUE,TRUE
4793769,"gate_30",10,TRUE,FALSE
4793802,"gate_30",16,TRUE,FALSE
4794179,"gate_40",11,FALSE,FALSE
4794199,"gate_40",35,TRUE,FALSE
4794275,"gate_40",2,FALSE,FALSE
4794444,"gate_30",9,TRUE,FALSE
4794569,"gate_30",29,TRUE,FALSE
4794809,"gate_30",31,TRUE,FALSE
4794865,"gate_40",0,TRUE,FALSE
4794993,"gate_40",91,TRUE,FALSE
4795010,"gate_30",3,FALSE,FALSE
4795084,"gate_40",1,FALSE,FALSE
4795144,"gate_40",117,TRUE,TRUE
4795195,"gate_40",134,TRUE,FALSE
4795464,"gate_40",41,TRUE,FALSE
4795905,"gate_40",3,FALSE,FALSE
4795919,"gate_30",117,TRUE,FALSE
4795981,"gate_30",21,TRUE,FALSE
4796112,"gate_40",0,FALSE,FALSE
4796129,"gate_40",61,FALSE,FALSE
4796134,"gate_40",1,TRUE,FALSE
4796157,"gate_30",71,FALSE,FALSE
4796222,"gate_30",60,TRUE,FALSE
4796261,"gate_40",8,FALSE,FALSE
4796482,"gate_30",16,FALSE,FALSE
4796526,"gate_40",9,FALSE,FALSE
4796581,"gate_30",17,TRUE,FALSE
4796612,"gate_40",159,TRUE,TRUE
4796694,"gate_30",4,FALSE,FALSE
4797243,"gate_40",237,TRUE,TRUE
4797367,"gate_30",1,FALSE,FALSE
4797595,"gate_40",11,FALSE,TRUE
4797739,"gate_30",4,FALSE,FALSE
4797885,"gate_40",54,TRUE,FALSE
4797996,"gate_30",113,TRUE,TRUE
4798096,"gate_30",9,FALSE,FALSE
4798227,"gate_30",98,TRUE,TRUE
4798273,"gate_40",26,TRUE,FALSE
4798329,"gate_30",8,FALSE,FALSE
4798867,"gate_40",37,FALSE,FALSE
4798930,"gate_40",18,FALSE,FALSE
4799100,"gate_30",36,FALSE,FALSE
4799107,"gate_40",61,TRUE,FALSE
4799329,"gate_40",22,TRUE,FALSE
4799354,"gate_40",21,FALSE,FALSE
4799615,"gate_30",10,FALSE,FALSE
4799631,"gate_30",12,FALSE,FALSE
4799642,"gate_30",19,FALSE,FALSE
4799720,"gate_40",32,FALSE,FALSE
4799849,"gate_30",21,FALSE,FALSE
4799902,"gate_40",274,TRUE,FALSE
4799918,"gate_30",0,FALSE,FALSE
4799935,"gate_40",6,FALSE,FALSE
4800173,"gate_30",14,FALSE,FALSE
4800234,"gate_30",13,FALSE,FALSE
4800277,"gate_40",17,FALSE,TRUE
4800422,"gate_40",27,FALSE,TRUE
4800744,"gate_30",92,FALSE,TRUE
4800781,"gate_30",22,TRUE,FALSE
4800782,"gate_30",8,FALSE,TRUE
4800918,"gate_40",49,TRUE,FALSE
4800963,"gate_40",5,FALSE,FALSE
4801029,"gate_30",146,TRUE,FALSE
4801122,"gate_30",116,TRUE,TRUE
4801190,"gate_30",5,FALSE,FALSE
4801206,"gate_30",29,TRUE,TRUE
4801411,"gate_40",2,FALSE,FALSE
4801563,"gate_40",6,FALSE,FALSE
4801714,"gate_30",44,TRUE,FALSE
4801775,"gate_40",10,FALSE,FALSE
4801828,"gate_40",58,TRUE,FALSE
4801941,"gate_30",4,FALSE,FALSE
4802089,"gate_40",5,FALSE,FALSE
4802244,"gate_40",825,TRUE,TRUE
4802294,"gate_40",84,TRUE,FALSE
4802444,"gate_30",5,FALSE,FALSE
4802579,"gate_40",75,TRUE,FALSE
4802667,"gate_40",20,FALSE,TRUE
4802685,"gate_30",19,FALSE,FALSE
4803033,"gate_30",208,TRUE,TRUE
4803059,"gate_40",13,TRUE,FALSE
4803093,"gate_30",9,FALSE,FALSE
4803343,"gate_40",11,TRUE,FALSE
4803414,"gate_30",18,TRUE,FALSE
4803681,"gate_40",10,FALSE,FALSE
4803763,"gate_40",500,TRUE,TRUE
4803829,"gate_30",3,FALSE,FALSE
4803956,"gate_40",97,TRUE,FALSE
4803972,"gate_40",8,FALSE,FALSE
4804177,"gate_40",0,FALSE,FALSE
4804234,"gate_30",15,FALSE,FALSE
4804344,"gate_30",14,TRUE,FALSE
4804507,"gate_40",268,FALSE,TRUE
4804639,"gate_30",278,TRUE,TRUE
4804883,"gate_30",16,TRUE,FALSE
4805063,"gate_40",13,FALSE,FALSE
4805431,"gate_30",3,FALSE,FALSE
4805538,"gate_40",16,FALSE,FALSE
4805872,"gate_30",3,FALSE,FALSE
4806001,"gate_30",276,TRUE,TRUE
4806036,"gate_40",77,TRUE,FALSE
4806093,"gate_40",3,FALSE,FALSE
4806267,"gate_30",4,FALSE,FALSE
4806483,"gate_30",219,TRUE,TRUE
4806511,"gate_40",78,TRUE,TRUE
4806514,"gate_30",6,FALSE,FALSE
4806592,"gate_30",22,TRUE,FALSE
4806886,"gate_40",37,FALSE,FALSE
4806964,"gate_40",5,FALSE,FALSE
4807191,"gate_40",103,TRUE,TRUE
4807248,"gate_40",3,FALSE,FALSE
4807256,"gate_30",9,TRUE,FALSE
4807352,"gate_30",13,FALSE,FALSE
4807583,"gate_40",58,TRUE,FALSE
4807618,"gate_30",70,TRUE,FALSE
4807713,"gate_30",11,FALSE,FALSE
4807925,"gate_40",1,TRUE,FALSE
4808173,"gate_40",11,FALSE,FALSE
4808208,"gate_40",4,FALSE,FALSE
4808240,"gate_40",458,TRUE,TRUE
4808336,"gate_30",22,TRUE,FALSE
4808460,"gate_30",21,FALSE,FALSE
4808593,"gate_40",5,FALSE,FALSE
4808743,"gate_40",87,TRUE,TRUE
4808754,"gate_40",21,TRUE,FALSE
4808839,"gate_30",68,TRUE,FALSE
4808875,"gate_30",91,TRUE,TRUE
4809148,"gate_30",38,FALSE,FALSE
4809296,"gate_30",41,TRUE,FALSE
4809466,"gate_30",7,FALSE,FALSE
4809557,"gate_40",0,FALSE,FALSE
4809574,"gate_30",67,TRUE,FALSE
4809594,"gate_40",4,TRUE,FALSE
4809597,"gate_30",97,FALSE,FALSE
4809610,"gate_40",45,TRUE,FALSE
4809628,"gate_40",81,TRUE,FALSE
4809667,"gate_40",61,FALSE,FALSE
4809733,"gate_40",24,TRUE,FALSE
4809755,"gate_30",5,TRUE,FALSE
4809811,"gate_30",6,FALSE,FALSE
4809889,"gate_40",58,FALSE,TRUE
4810311,"gate_40",518,TRUE,TRUE
4810342,"gate_30",44,TRUE,FALSE
4810437,"gate_30",319,TRUE,TRUE
4810584,"gate_30",22,TRUE,FALSE
4810798,"gate_40",22,TRUE,FALSE
4810973,"gate_40",17,TRUE,FALSE
4811047,"gate_30",8,TRUE,FALSE
4811092,"gate_30",11,FALSE,FALSE
4811169,"gate_40",100,FALSE,TRUE
4811205,"gate_40",25,TRUE,FALSE
4811229,"gate_30",1,FALSE,FALSE
4811312,"gate_30",182,TRUE,TRUE
4811495,"gate_40",58,FALSE,FALSE
4811663,"gate_40",5,FALSE,FALSE
4811850,"gate_30",18,FALSE,FALSE
4811913,"gate_40",3,FALSE,FALSE
4811939,"gate_30",1,TRUE,FALSE
4812046,"gate_30",0,FALSE,FALSE
4812056,"gate_40",88,FALSE,TRUE
4812074,"gate_40",71,FALSE,FALSE
4812222,"gate_30",2,FALSE,FALSE
4812319,"gate_30",10,FALSE,FALSE
4812344,"gate_40",213,TRUE,FALSE
4812360,"gate_30",21,TRUE,TRUE
4812708,"gate_40",3,FALSE,FALSE
4812730,"gate_40",14,FALSE,FALSE
4812973,"gate_40",190,TRUE,TRUE
4813143,"gate_30",132,TRUE,TRUE
4813200,"gate_30",188,TRUE,TRUE
4813407,"gate_30",107,TRUE,TRUE
4813423,"gate_30",0,FALSE,FALSE
4813437,"gate_30",94,FALSE,FALSE
4813497,"gate_40",3,FALSE,FALSE
4813524,"gate_30",17,FALSE,FALSE
4813636,"gate_30",3,TRUE,FALSE
4813756,"gate_40",35,TRUE,FALSE
4813864,"gate_40",20,TRUE,FALSE
4813883,"gate_40",11,TRUE,FALSE
4813904,"gate_30",175,TRUE,TRUE
4813930,"gate_30",48,TRUE,TRUE
4814096,"gate_40",33,FALSE,FALSE
4814238,"gate_40",1,FALSE,FALSE
4814262,"gate_40",1,FALSE,FALSE
4814679,"gate_40",34,FALSE,FALSE
4814917,"gate_30",56,TRUE,TRUE
4814969,"gate_30",8,FALSE,FALSE
4815077,"gate_40",1,FALSE,FALSE
4815115,"gate_40",32,FALSE,FALSE
4815371,"gate_30",7,FALSE,FALSE
4815379,"gate_40",25,FALSE,FALSE
4815502,"gate_30",36,FALSE,FALSE
4815664,"gate_40",12,TRUE,FALSE
4816064,"gate_40",20,FALSE,FALSE
4816131,"gate_30",9,FALSE,FALSE
4816292,"gate_40",104,TRUE,TRUE
4816394,"gate_30",7,TRUE,FALSE
4816526,"gate_40",11,FALSE,FALSE
4816564,"gate_30",37,TRUE,FALSE
4816693,"gate_30",30,TRUE,FALSE
4816948,"gate_30",6,FALSE,FALSE
4817101,"gate_40",542,TRUE,TRUE
4817180,"gate_30",45,FALSE,TRUE
4817271,"gate_30",141,TRUE,TRUE
4817611,"gate_40",42,TRUE,FALSE
4817759,"gate_40",3,FALSE,FALSE
4817774,"gate_30",91,TRUE,TRUE
4817784,"gate_40",151,FALSE,FALSE
4818158,"gate_40",1,FALSE,FALSE
4818176,"gate_30",13,FALSE,FALSE
4818299,"gate_40",4,FALSE,FALSE
4818430,"gate_30",17,FALSE,FALSE
4818489,"gate_30",12,FALSE,FALSE
4818493,"gate_40",0,FALSE,FALSE
4818560,"gate_30",16,TRUE,FALSE
4818624,"gate_30",970,TRUE,TRUE
4818669,"gate_30",15,FALSE,FALSE
4818729,"gate_40",8,FALSE,FALSE
4818826,"gate_30",3,FALSE,FALSE
4819031,"gate_40",17,TRUE,FALSE
4819073,"gate_40",100,TRUE,FALSE
4819181,"gate_30",34,TRUE,FALSE
4819308,"gate_40",3,FALSE,FALSE
4819312,"gate_30",2,FALSE,FALSE
4819350,"gate_30",64,FALSE,FALSE
4819720,"gate_30",7,TRUE,FALSE
4819896,"gate_30",45,TRUE,FALSE
4820090,"gate_30",1,FALSE,FALSE
4820146,"gate_40",0,FALSE,FALSE
4820245,"gate_40",12,FALSE,FALSE
4820358,"gate_30",19,FALSE,FALSE
4820407,"gate_40",15,FALSE,FALSE
4820576,"gate_40",12,TRUE,FALSE
4820592,"gate_30",2,FALSE,FALSE
4820657,"gate_30",269,TRUE,TRUE
4820737,"gate_40",19,FALSE,FALSE
4820779,"gate_40",15,FALSE,FALSE
4821175,"gate_30",158,TRUE,TRUE
4821385,"gate_40",31,TRUE,FALSE
4821760,"gate_30",1,FALSE,FALSE
4821817,"gate_30",1,FALSE,FALSE
4821990,"gate_40",7,FALSE,FALSE
4822097,"gate_30",19,TRUE,FALSE
4822099,"gate_30",1,FALSE,FALSE
4822169,"gate_30",3,FALSE,FALSE
4822250,"gate_40",4,FALSE,FALSE
4822320,"gate_40",13,FALSE,FALSE
4822496,"gate_40",26,TRUE,FALSE
4822516,"gate_30",49,TRUE,FALSE
4822529,"gate_40",4,FALSE,FALSE
4822665,"gate_30",12,FALSE,FALSE
4822730,"gate_30",18,FALSE,FALSE
4823286,"gate_40",100,TRUE,FALSE
4823328,"gate_40",20,TRUE,FALSE
4823401,"gate_30",87,TRUE,FALSE
4823429,"gate_40",14,TRUE,FALSE
4823497,"gate_30",23,FALSE,FALSE
4823507,"gate_40",112,TRUE,FALSE
4823568,"gate_40",34,FALSE,TRUE
4823635,"gate_40",15,FALSE,FALSE
4823646,"gate_40",32,FALSE,FALSE
4823710,"gate_30",34,FALSE,FALSE
4823790,"gate_40",7,FALSE,FALSE
4823907,"gate_30",19,FALSE,FALSE
4824001,"gate_30",191,TRUE,TRUE
4824144,"gate_40",2,FALSE,FALSE
4824154,"gate_40",21,TRUE,FALSE
4824155,"gate_40",344,TRUE,TRUE
4824240,"gate_40",191,TRUE,TRUE
4824254,"gate_40",28,TRUE,FALSE
4824546,"gate_30",25,TRUE,FALSE
4824557,"gate_40",5,FALSE,FALSE
4824618,"gate_40",4,FALSE,FALSE
4824686,"gate_40",8,FALSE,FALSE
4824705,"gate_40",10,FALSE,FALSE
4824728,"gate_30",11,TRUE,FALSE
4824783,"gate_30",1,FALSE,FALSE
4825067,"gate_30",14,TRUE,FALSE
4825119,"gate_40",110,TRUE,TRUE
4825158,"gate_30",0,FALSE,FALSE
4825173,"gate_30",71,TRUE,FALSE
4825402,"gate_40",12,FALSE,FALSE
4825506,"gate_40",11,FALSE,FALSE
4825513,"gate_30",7,FALSE,FALSE
4825718,"gate_30",135,TRUE,FALSE
4826194,"gate_40",17,TRUE,FALSE
4826204,"gate_40",68,FALSE,FALSE
4826411,"gate_30",1,FALSE,FALSE
4826460,"gate_30",10,FALSE,FALSE
4826478,"gate_40",7,FALSE,FALSE
4826529,"gate_40",45,TRUE,FALSE
4826752,"gate_30",7,TRUE,FALSE
4826901,"gate_40",36,FALSE,FALSE
4827069,"gate_40",27,TRUE,FALSE
4827420,"gate_40",257,TRUE,TRUE
4827431,"gate_40",32,TRUE,FALSE
4827563,"gate_40",10,FALSE,FALSE
4827594,"gate_40",25,TRUE,TRUE
4827599,"gate_30",102,TRUE,FALSE
4827636,"gate_30",157,TRUE,FALSE
4827783,"gate_40",6,FALSE,FALSE
4827833,"gate_30",15,TRUE,TRUE
4828162,"gate_30",5,FALSE,FALSE
4828248,"gate_30",23,TRUE,FALSE
4828371,"gate_40",0,FALSE,FALSE
4828404,"gate_30",1,FALSE,FALSE
4828602,"gate_40",449,TRUE,TRUE
4828685,"gate_30",27,FALSE,FALSE
4828719,"gate_30",29,TRUE,FALSE
4828857,"gate_40",1,FALSE,FALSE
4829102,"gate_40",1,FALSE,FALSE
4829150,"gate_30",6,FALSE,FALSE
4829207,"gate_40",43,TRUE,FALSE
4829253,"gate_30",32,FALSE,FALSE
4829525,"gate_30",106,TRUE,TRUE
4829717,"gate_40",1,FALSE,FALSE
4829771,"gate_40",96,TRUE,FALSE
4830054,"gate_30",5,FALSE,FALSE
4830062,"gate_40",19,FALSE,FALSE
4830091,"gate_30",36,TRUE,FALSE
4830366,"gate_40",109,TRUE,FALSE
4830482,"gate_40",14,TRUE,FALSE
4830553,"gate_40",0,FALSE,FALSE
4830706,"gate_40",3,FALSE,FALSE
4831168,"gate_40",190,TRUE,TRUE
4831176,"gate_40",3,TRUE,FALSE
4831204,"gate_30",22,FALSE,FALSE
4831224,"gate_40",3,FALSE,FALSE
4831413,"gate_30",13,TRUE,FALSE
4831443,"gate_40",3,FALSE,FALSE
4831497,"gate_30",111,TRUE,FALSE
4831499,"gate_30",7,TRUE,FALSE
4831873,"gate_40",1,FALSE,FALSE
4832007,"gate_40",31,TRUE,FALSE
4832325,"gate_40",0,FALSE,FALSE
4832377,"gate_30",25,TRUE,TRUE
4832480,"gate_30",363,TRUE,TRUE
4832497,"gate_30",41,TRUE,FALSE
4832565,"gate_40",7,TRUE,FALSE
4832574,"gate_40",165,TRUE,FALSE
4832608,"gate_30",2438,TRUE,TRUE
4832653,"gate_40",20,FALSE,FALSE
4832673,"gate_30",8,FALSE,FALSE
4832818,"gate_30",6,FALSE,FALSE
4832839,"gate_40",12,TRUE,FALSE
4832898,"gate_30",34,FALSE,FALSE
4833031,"gate_30",5,TRUE,FALSE
4833074,"gate_30",24,TRUE,TRUE
4833159,"gate_30",14,FALSE,FALSE
4833206,"gate_40",8,FALSE,FALSE
4833439,"gate_30",1,FALSE,FALSE
4833557,"gate_40",3,FALSE,FALSE
4833574,"gate_40",18,TRUE,FALSE
4833863,"gate_30",8,TRUE,FALSE
4833944,"gate_30",55,TRUE,FALSE
4834025,"gate_40",74,TRUE,FALSE
4834142,"gate_40",88,TRUE,TRUE
4834303,"gate_40",12,TRUE,TRUE
4834488,"gate_30",57,TRUE,FALSE
4834548,"gate_30",38,TRUE,TRUE
4834576,"gate_40",403,TRUE,TRUE
4834691,"gate_40",5,FALSE,FALSE
4834759,"gate_40",10,FALSE,FALSE
4834890,"gate_40",18,FALSE,FALSE
4834946,"gate_40",1,FALSE,FALSE
4835203,"gate_30",15,TRUE,FALSE
4835233,"gate_40",42,FALSE,FALSE
4835312,"gate_40",9,TRUE,FALSE
4835368,"gate_30",128,TRUE,TRUE
4835898,"gate_30",37,TRUE,FALSE
4836021,"gate_40",195,TRUE,FALSE
4836121,"gate_40",72,TRUE,FALSE
4836235,"gate_30",0,FALSE,FALSE
4836250,"gate_30",17,TRUE,FALSE
4836315,"gate_40",114,TRUE,TRUE
4836425,"gate_30",4,FALSE,FALSE
4836506,"gate_40",21,FALSE,FALSE
4836513,"gate_40",237,TRUE,FALSE
4836659,"gate_30",8,FALSE,FALSE
4836778,"gate_40",137,TRUE,FALSE
4837216,"gate_30",4,FALSE,FALSE
4837357,"gate_30",5,FALSE,FALSE
4837373,"gate_40",1,FALSE,FALSE
4837381,"gate_30",39,TRUE,FALSE
4837519,"gate_30",1,FALSE,FALSE
4837605,"gate_30",2,FALSE,FALSE
4837629,"gate_40",26,FALSE,FALSE
4837710,"gate_30",19,FALSE,FALSE
4837820,"gate_30",81,TRUE,TRUE
4837890,"gate_40",1,FALSE,FALSE
4837899,"gate_30",10,FALSE,FALSE
4838005,"gate_40",301,TRUE,TRUE
4838060,"gate_40",0,FALSE,FALSE
4838176,"gate_40",33,TRUE,FALSE
4838274,"gate_30",2,FALSE,FALSE
4838429,"gate_40",2,FALSE,FALSE
4838496,"gate_30",72,TRUE,FALSE
4838736,"gate_40",3,FALSE,FALSE
4838802,"gate_40",63,TRUE,TRUE
4839417,"gate_40",10,FALSE,FALSE
4839540,"gate_30",9,FALSE,FALSE
4839577,"gate_40",68,TRUE,FALSE
4839819,"gate_30",2,FALSE,FALSE
4840045,"gate_40",13,FALSE,FALSE
4840437,"gate_40",34,FALSE,FALSE
4840465,"gate_30",6,FALSE,FALSE
4840703,"gate_30",379,TRUE,TRUE
4840814,"gate_30",10,FALSE,FALSE
4841014,"gate_30",7,TRUE,FALSE
4841064,"gate_40",359,TRUE,TRUE
4841155,"gate_30",185,TRUE,TRUE
4841158,"gate_30",4,TRUE,FALSE
4841560,"gate_40",79,TRUE,FALSE
4841602,"gate_40",2,FALSE,FALSE
4841634,"gate_40",4,FALSE,FALSE
4841715,"gate_40",23,TRUE,FALSE
4841942,"gate_40",2,FALSE,FALSE
4841962,"gate_40",1,FALSE,FALSE
4842180,"gate_30",116,TRUE,TRUE
4842196,"gate_40",59,FALSE,TRUE
4842741,"gate_40",2,FALSE,FALSE
4842784,"gate_30",3,FALSE,FALSE
4842827,"gate_30",3,FALSE,FALSE
4842829,"gate_40",47,TRUE,FALSE
4842882,"gate_40",76,TRUE,FALSE
4842925,"gate_30",7,FALSE,FALSE
4843074,"gate_40",3,FALSE,FALSE
4843151,"gate_30",134,TRUE,FALSE
4843216,"gate_40",23,FALSE,FALSE
4843217,"gate_40",158,TRUE,TRUE
4843222,"gate_40",10,FALSE,FALSE
4843240,"gate_40",72,FALSE,TRUE
4843291,"gate_30",287,TRUE,TRUE
4843558,"gate_30",13,FALSE,FALSE
4843907,"gate_40",112,TRUE,FALSE
4843926,"gate_30",5,FALSE,FALSE
4844002,"gate_30",100,TRUE,TRUE
4844031,"gate_30",8,FALSE,FALSE
4844086,"gate_40",51,TRUE,TRUE
4844215,"gate_40",86,FALSE,TRUE
4844397,"gate_40",2,FALSE,FALSE
4844669,"gate_30",16,TRUE,FALSE
4844863,"gate_30",15,FALSE,FALSE
4845017,"gate_40",36,FALSE,FALSE
4845686,"gate_40",6,FALSE,FALSE
4845811,"gate_40",15,FALSE,FALSE
4845933,"gate_30",178,TRUE,TRUE
4846082,"gate_40",87,TRUE,TRUE
4846131,"gate_30",114,TRUE,TRUE
4846332,"gate_40",4,FALSE,FALSE
4846565,"gate_40",1,FALSE,FALSE
4846723,"gate_40",1,FALSE,FALSE
4846776,"gate_30",4,FALSE,TRUE
4846999,"gate_40",2,FALSE,FALSE
4847130,"gate_30",143,TRUE,TRUE
4847407,"gate_30",1,FALSE,FALSE
4847482,"gate_40",80,TRUE,FALSE
4847750,"gate_30",48,TRUE,FALSE
4847784,"gate_40",9,FALSE,FALSE
4847865,"gate_30",63,TRUE,TRUE
4848215,"gate_30",15,FALSE,FALSE
4848239,"gate_40",128,TRUE,TRUE
4848505,"gate_30",12,FALSE,FALSE
4848671,"gate_40",80,FALSE,TRUE
4848770,"gate_40",50,TRUE,FALSE
4848825,"gate_40",226,TRUE,TRUE
4848897,"gate_30",76,TRUE,FALSE
4849146,"gate_40",8,FALSE,FALSE
4849419,"gate_40",59,FALSE,TRUE
4849426,"gate_30",149,TRUE,TRUE
4849521,"gate_30",305,TRUE,TRUE
4849705,"gate_30",257,TRUE,TRUE
4849727,"gate_40",0,FALSE,FALSE
4849728,"gate_40",9,FALSE,FALSE
4849845,"gate_40",48,TRUE,TRUE
4850020,"gate_40",2,FALSE,FALSE
4850064,"gate_40",0,FALSE,FALSE
4850270,"gate_30",16,FALSE,FALSE
4850515,"gate_40",4,FALSE,FALSE
4850570,"gate_30",1,TRUE,FALSE
4850635,"gate_30",858,TRUE,TRUE
4850742,"gate_40",20,FALSE,FALSE
4850980,"gate_30",13,FALSE,FALSE
4851061,"gate_30",22,TRUE,FALSE
4851114,"gate_40",5,FALSE,FALSE
4851117,"gate_30",224,TRUE,TRUE
4851418,"gate_40",28,TRUE,TRUE
4851529,"gate_30",14,TRUE,FALSE
4851596,"gate_30",2,FALSE,FALSE
4851618,"gate_30",10,FALSE,FALSE
4851722,"gate_30",6,FALSE,FALSE
4851845,"gate_40",183,TRUE,FALSE
4851928,"gate_30",18,FALSE,FALSE
4852039,"gate_30",16,TRUE,FALSE
4852175,"gate_40",72,FALSE,TRUE
4852264,"gate_30",20,FALSE,FALSE
4852291,"gate_30",8,FALSE,FALSE
4852302,"gate_40",7,FALSE,FALSE
4852331,"gate_40",5,FALSE,FALSE
4852345,"gate_40",185,TRUE,FALSE
4852379,"gate_30",16,FALSE,FALSE
4852488,"gate_30",35,TRUE,TRUE
4852575,"gate_40",9,TRUE,FALSE
4852589,"gate_40",2,FALSE,FALSE
4852743,"gate_40",0,FALSE,FALSE
4852813,"gate_30",3,FALSE,FALSE
4852817,"gate_40",106,TRUE,TRUE
4852858,"gate_30",49,TRUE,FALSE
4853266,"gate_40",11,FALSE,FALSE
4853281,"gate_40",72,TRUE,TRUE
4853513,"gate_30",6,FALSE,FALSE
4853585,"gate_30",2,FALSE,FALSE
4853668,"gate_40",70,FALSE,FALSE
4853944,"gate_40",1,FALSE,FALSE
4853970,"gate_30",13,FALSE,FALSE
4854070,"gate_30",1,FALSE,FALSE
4854122,"gate_40",39,TRUE,FALSE
4854369,"gate_40",8,FALSE,FALSE
4854444,"gate_30",10,FALSE,FALSE
4854472,"gate_30",0,FALSE,FALSE
4854675,"gate_40",10,FALSE,FALSE
4855386,"gate_30",32,TRUE,FALSE
4855545,"gate_40",156,TRUE,FALSE
4855603,"gate_40",27,TRUE,FALSE
4855698,"gate_30",87,TRUE,FALSE
4855782,"gate_40",3,FALSE,FALSE
4855954,"gate_30",23,FALSE,FALSE
4855990,"gate_40",1,FALSE,FALSE
4856137,"gate_40",119,TRUE,TRUE
4856171,"gate_40",107,TRUE,FALSE
4856265,"gate_40",19,TRUE,FALSE
4856422,"gate_30",4,TRUE,FALSE
4856759,"gate_30",25,TRUE,FALSE
4856889,"gate_30",61,TRUE,FALSE
4856911,"gate_30",90,FALSE,TRUE
4856998,"gate_30",260,TRUE,FALSE
4857162,"gate_40",0,FALSE,FALSE
4857457,"gate_30",3,FALSE,FALSE
4857507,"gate_40",18,FALSE,FALSE
4857514,"gate_30",75,FALSE,TRUE
4857521,"gate_30",3,FALSE,FALSE
4857594,"gate_40",17,TRUE,FALSE
4857999,"gate_30",15,FALSE,FALSE
4858015,"gate_30",1,FALSE,FALSE
4858115,"gate_40",0,FALSE,FALSE
4858214,"gate_40",124,TRUE,TRUE
4858247,"gate_40",123,TRUE,FALSE
4858416,"gate_30",6,FALSE,FALSE
4858434,"gate_30",2,FALSE,FALSE
4858492,"gate_30",6,FALSE,FALSE
4858597,"gate_40",13,FALSE,FALSE
4858881,"gate_30",1,FALSE,FALSE
4858891,"gate_30",4,FALSE,FALSE
4858939,"gate_40",3,FALSE,FALSE
4858942,"gate_30",25,TRUE,FALSE
4858967,"gate_40",37,FALSE,FALSE
4859004,"gate_40",52,FALSE,FALSE
4859093,"gate_30",0,FALSE,FALSE
4859161,"gate_30",49,TRUE,FALSE
4859270,"gate_30",6,FALSE,TRUE
4859552,"gate_40",19,FALSE,FALSE
4859611,"gate_30",2,FALSE,FALSE
4859621,"gate_40",19,TRUE,FALSE
4859654,"gate_40",0,FALSE,FALSE
4859722,"gate_30",41,TRUE,FALSE
4859773,"gate_30",31,FALSE,TRUE
4859936,"gate_40",58,FALSE,FALSE
4860115,"gate_40",25,TRUE,FALSE
4860284,"gate_30",13,FALSE,FALSE
4860292,"gate_30",20,TRUE,FALSE
4860338,"gate_30",42,TRUE,FALSE
4860381,"gate_40",1,FALSE,FALSE
4860392,"gate_30",0,FALSE,FALSE
4860425,"gate_40",3,FALSE,FALSE
4860542,"gate_30",207,FALSE,TRUE
4860557,"gate_30",85,TRUE,FALSE
4860562,"gate_30",14,TRUE,TRUE
4860581,"gate_40",18,FALSE,FALSE
4860635,"gate_30",21,TRUE,FALSE
4860875,"gate_30",36,TRUE,FALSE
4860881,"gate_30",0,FALSE,FALSE
4860913,"gate_30",3,FALSE,FALSE
4861085,"gate_30",7,TRUE,FALSE
4861141,"gate_30",15,TRUE,FALSE
4861200,"gate_40",48,FALSE,TRUE
4861274,"gate_30",85,TRUE,FALSE
4861490,"gate_40",251,TRUE,TRUE
4861559,"gate_30",9,FALSE,FALSE
4861564,"gate_40",10,FALSE,FALSE
4861569,"gate_30",2,FALSE,FALSE
4861588,"gate_30",5,FALSE,FALSE
4861597,"gate_40",9,FALSE,FALSE
4861988,"gate_30",192,TRUE,FALSE
4862149,"gate_40",8,FALSE,FALSE
4862269,"gate_30",66,TRUE,TRUE
4862361,"gate_30",38,FALSE,FALSE
4862452,"gate_40",351,TRUE,TRUE
4862465,"gate_40",5,FALSE,FALSE
4862482,"gate_40",0,FALSE,FALSE
4862685,"gate_30",30,TRUE,FALSE
4862713,"gate_40",8,FALSE,FALSE
4862832,"gate_30",1,FALSE,FALSE
4862849,"gate_30",7,FALSE,FALSE
4862962,"gate_40",39,FALSE,FALSE
4862979,"gate_30",27,FALSE,TRUE
4863020,"gate_40",109,FALSE,TRUE
4863061,"gate_30",1,FALSE,FALSE
4863157,"gate_40",57,TRUE,TRUE
4863425,"gate_30",13,FALSE,FALSE
4863428,"gate_30",13,TRUE,TRUE
4863433,"gate_30",61,TRUE,FALSE
4863705,"gate_30",4,FALSE,TRUE
4863901,"gate_40",305,TRUE,TRUE
4864036,"gate_30",1,FALSE,FALSE
4864131,"gate_30",99,FALSE,FALSE
4864166,"gate_40",8,FALSE,FALSE
4864217,"gate_40",620,TRUE,TRUE
4864259,"gate_30",40,FALSE,FALSE
4864327,"gate_30",85,TRUE,FALSE
4864392,"gate_40",104,FALSE,FALSE
4864435,"gate_40",30,FALSE,FALSE
4864505,"gate_40",3,FALSE,FALSE
4864542,"gate_30",5,TRUE,FALSE
4864698,"gate_30",24,TRUE,FALSE
4864976,"gate_30",29,TRUE,FALSE
4865027,"gate_30",44,TRUE,FALSE
4865036,"gate_30",3,FALSE,FALSE
4865205,"gate_40",101,TRUE,FALSE
4865319,"gate_40",23,FALSE,TRUE
4865403,"gate_40",26,TRUE,FALSE
4865517,"gate_30",41,FALSE,FALSE
4865581,"gate_40",3,FALSE,FALSE
4865644,"gate_40",31,TRUE,FALSE
4865832,"gate_30",0,FALSE,FALSE
4865859,"gate_40",34,TRUE,FALSE
4866035,"gate_30",147,TRUE,FALSE
4866217,"gate_40",0,FALSE,FALSE
4866224,"gate_40",19,FALSE,FALSE
4866270,"gate_40",10,FALSE,FALSE
4866292,"gate_30",0,FALSE,FALSE
4866299,"gate_30",38,FALSE,FALSE
4866644,"gate_30",3,FALSE,FALSE
4866667,"gate_40",21,FALSE,FALSE
4866702,"gate_40",1,FALSE,FALSE
4866759,"gate_40",118,TRUE,TRUE
4866787,"gate_40",7,FALSE,FALSE
4866806,"gate_30",8,FALSE,FALSE
4867192,"gate_30",7,FALSE,FALSE
4867236,"gate_30",32,TRUE,FALSE
4867238,"gate_40",41,TRUE,FALSE
4867383,"gate_30",9,TRUE,FALSE
4867391,"gate_30",20,FALSE,FALSE
4867506,"gate_30",180,TRUE,TRUE
4867685,"gate_30",33,TRUE,FALSE
4867730,"gate_40",1102,TRUE,TRUE
4867763,"gate_30",3,FALSE,FALSE
4867990,"gate_30",2,FALSE,FALSE
4868114,"gate_40",7,FALSE,FALSE
4868127,"gate_30",182,TRUE,TRUE
4868132,"gate_30",7,FALSE,FALSE
4868147,"gate_40",4,FALSE,FALSE
4868205,"gate_30",9,FALSE,FALSE
4868512,"gate_30",3,FALSE,FALSE
4868683,"gate_40",14,TRUE,TRUE
4868718,"gate_30",46,FALSE,FALSE
4868995,"gate_40",10,FALSE,FALSE
4869202,"gate_40",23,TRUE,FALSE
4869290,"gate_40",7,FALSE,FALSE
4869565,"gate_40",6,FALSE,FALSE
4869711,"gate_30",35,TRUE,FALSE
4869780,"gate_40",232,FALSE,TRUE
4870021,"gate_40",1,FALSE,FALSE
4870062,"gate_40",2,FALSE,FALSE
4870224,"gate_30",48,TRUE,FALSE
4870326,"gate_40",16,FALSE,FALSE
4870460,"gate_30",67,TRUE,FALSE
4870633,"gate_40",36,TRUE,TRUE
4870763,"gate_30",0,FALSE,FALSE
4870842,"gate_30",227,FALSE,TRUE
4871232,"gate_30",7,FALSE,FALSE
4871254,"gate_30",263,TRUE,TRUE
4871326,"gate_40",105,TRUE,FALSE
4871396,"gate_40",5,FALSE,FALSE
4871397,"gate_30",86,TRUE,TRUE
4871496,"gate_40",4,FALSE,FALSE
4871609,"gate_30",198,TRUE,FALSE
4871846,"gate_30",222,TRUE,TRUE
4871962,"gate_30",67,FALSE,FALSE
4872045,"gate_30",6,FALSE,FALSE
4872129,"gate_40",7,FALSE,FALSE
4872431,"gate_30",216,TRUE,TRUE
4872466,"gate_40",1,FALSE,FALSE
4872552,"gate_40",19,FALSE,FALSE
4872571,"gate_40",8,TRUE,FALSE
4872619,"gate_40",6,FALSE,FALSE
4872629,"gate_40",2,FALSE,FALSE
4872633,"gate_30",3,FALSE,FALSE
4872704,"gate_40",7,TRUE,FALSE
4872735,"gate_30",183,TRUE,TRUE
4872788,"gate_30",2,FALSE,FALSE
4872875,"gate_40",4,FALSE,FALSE
4873157,"gate_30",215,TRUE,TRUE
4873299,"gate_40",4,FALSE,FALSE
4873338,"gate_30",35,TRUE,FALSE
4873398,"gate_40",7,TRUE,FALSE
4873413,"gate_30",50,TRUE,TRUE
4873510,"gate_30",42,TRUE,FALSE
4873667,"gate_30",2,FALSE,FALSE
4873759,"gate_40",26,TRUE,FALSE
4873873,"gate_40",16,FALSE,FALSE
4873981,"gate_30",2,FALSE,FALSE
4874220,"gate_40",17,FALSE,FALSE
4874300,"gate_40",67,TRUE,TRUE
4874367,"gate_30",4,FALSE,FALSE
4874465,"gate_30",134,TRUE,TRUE
4874488,"gate_30",10,FALSE,FALSE
4874518,"gate_30",510,TRUE,FALSE
4874585,"gate_30",49,TRUE,FALSE
4874665,"gate_40",6,FALSE,FALSE
4874936,"gate_40",106,FALSE,TRUE
4875023,"gate_40",1,FALSE,FALSE
4875302,"gate_30",98,TRUE,TRUE
4875341,"gate_30",196,TRUE,TRUE
4875469,"gate_30",7,TRUE,FALSE
4875518,"gate_40",1,FALSE,FALSE
4875758,"gate_30",26,FALSE,TRUE
4875897,"gate_40",1,FALSE,FALSE
4875910,"gate_40",75,TRUE,TRUE
4875956,"gate_30",0,FALSE,FALSE
4876025,"gate_30",6,FALSE,FALSE
4876286,"gate_40",1,FALSE,FALSE
4876550,"gate_30",109,TRUE,TRUE
4876761,"gate_40",28,FALSE,FALSE
4876779,"gate_30",2,FALSE,FALSE
4876952,"gate_40",1,FALSE,FALSE
4877000,"gate_40",36,FALSE,TRUE
4877240,"gate_30",20,TRUE,FALSE
4877256,"gate_30",30,TRUE,FALSE
4877413,"gate_40",54,TRUE,FALSE
4877578,"gate_40",222,TRUE,FALSE
4877773,"gate_40",20,TRUE,FALSE
4877863,"gate_30",3,FALSE,FALSE
4877875,"gate_40",1,FALSE,FALSE
4878056,"gate_40",3,FALSE,FALSE
4878273,"gate_40",8,TRUE,FALSE
4878498,"gate_40",8,FALSE,FALSE
4878908,"gate_30",30,FALSE,FALSE
4879153,"gate_40",35,TRUE,FALSE
4879187,"gate_30",5,FALSE,FALSE
4879742,"gate_40",0,FALSE,FALSE
4879813,"gate_30",200,FALSE,FALSE
4879935,"gate_30",0,FALSE,FALSE
4880046,"gate_40",1,FALSE,FALSE
4880207,"gate_40",642,TRUE,TRUE
4880254,"gate_30",6,TRUE,FALSE
4880262,"gate_30",19,TRUE,TRUE
4880263,"gate_40",4,FALSE,FALSE
4880892,"gate_30",16,FALSE,FALSE
4880962,"gate_40",6,FALSE,FALSE
4881024,"gate_30",8,FALSE,FALSE
4881331,"gate_40",316,TRUE,TRUE
4881434,"gate_40",24,TRUE,FALSE
4881541,"gate_40",35,TRUE,FALSE
4881544,"gate_40",12,FALSE,FALSE
4881581,"gate_30",113,TRUE,TRUE
4881684,"gate_40",3,FALSE,FALSE
4881708,"gate_30",16,TRUE,FALSE
4881782,"gate_30",13,FALSE,FALSE
4881983,"gate_40",16,FALSE,FALSE
4882056,"gate_30",22,TRUE,FALSE
4882122,"gate_30",86,TRUE,TRUE
4882178,"gate_30",1,FALSE,FALSE
4882260,"gate_30",205,TRUE,TRUE
4882426,"gate_30",92,TRUE,FALSE
4882510,"gate_30",50,FALSE,FALSE
4882719,"gate_40",2,FALSE,FALSE
4882750,"gate_30",3,FALSE,FALSE
4882768,"gate_40",6,FALSE,FALSE
4882874,"gate_30",1,TRUE,FALSE
4882903,"gate_40",14,TRUE,FALSE
4883080,"gate_30",61,TRUE,FALSE
4883081,"gate_30",128,TRUE,TRUE
4883148,"gate_40",2,FALSE,FALSE
4883289,"gate_30",0,FALSE,FALSE
4883325,"gate_40",98,TRUE,TRUE
4883337,"gate_30",65,TRUE,TRUE
4883439,"gate_30",43,TRUE,FALSE
4883651,"gate_40",9,FALSE,FALSE
4883843,"gate_40",9,FALSE,FALSE
4883859,"gate_30",34,TRUE,FALSE
4884097,"gate_40",12,TRUE,FALSE
4884267,"gate_40",57,TRUE,TRUE
4884310,"gate_30",7,FALSE,FALSE
4884451,"gate_30",0,FALSE,FALSE
4884797,"gate_30",5,FALSE,FALSE
4885337,"gate_30",10,FALSE,FALSE
4885570,"gate_30",4,FALSE,FALSE
4885669,"gate_40",39,FALSE,FALSE
4885698,"gate_30",25,TRUE,FALSE
4885997,"gate_30",274,TRUE,TRUE
4886185,"gate_40",10,TRUE,FALSE
4886573,"gate_40",3,FALSE,FALSE
4886731,"gate_40",11,FALSE,FALSE
4886739,"gate_40",74,TRUE,FALSE
4886749,"gate_40",9,FALSE,FALSE
4886779,"gate_30",1,FALSE,FALSE
4887139,"gate_30",37,TRUE,FALSE
4887366,"gate_30",18,TRUE,FALSE
4887384,"gate_40",108,TRUE,FALSE
4887691,"gate_30",29,FALSE,FALSE
4887984,"gate_40",2,FALSE,FALSE
4888403,"gate_40",12,FALSE,FALSE
4888609,"gate_40",30,TRUE,TRUE
4888696,"gate_40",175,TRUE,FALSE
4888960,"gate_40",9,FALSE,FALSE
4888977,"gate_40",5,FALSE,FALSE
4889100,"gate_40",37,TRUE,TRUE
4889152,"gate_40",21,FALSE,FALSE
4889243,"gate_30",176,TRUE,TRUE
4889321,"gate_40",116,TRUE,FALSE
4889447,"gate_40",79,TRUE,FALSE
4889687,"gate_40",69,TRUE,FALSE
4890235,"gate_30",0,FALSE,FALSE
4890503,"gate_40",38,TRUE,TRUE
4890819,"gate_30",65,TRUE,FALSE
4890863,"gate_30",4,FALSE,FALSE
4890932,"gate_30",33,TRUE,FALSE
4890974,"gate_30",38,TRUE,FALSE
4891104,"gate_30",3,FALSE,FALSE
4891303,"gate_40",128,TRUE,TRUE
4891353,"gate_30",23,TRUE,FALSE
4891369,"gate_30",2,FALSE,FALSE
4891400,"gate_30",10,FALSE,FALSE
4891582,"gate_40",67,TRUE,TRUE
4891614,"gate_30",0,FALSE,FALSE
4891682,"gate_40",67,TRUE,FALSE
4891697,"gate_30",9,FALSE,FALSE
4891970,"gate_30",105,FALSE,FALSE
4892066,"gate_30",1,FALSE,FALSE
4892321,"gate_40",74,TRUE,TRUE
4892526,"gate_40",2,FALSE,FALSE
4892546,"gate_40",56,TRUE,FALSE
4892564,"gate_40",4,FALSE,FALSE
4892646,"gate_30",11,FALSE,FALSE
4892670,"gate_30",355,TRUE,TRUE
4892773,"gate_40",88,TRUE,FALSE
4892789,"gate_30",124,TRUE,TRUE
4892834,"gate_40",23,TRUE,FALSE
4892859,"gate_30",145,TRUE,TRUE
4892915,"gate_40",286,TRUE,TRUE
4892926,"gate_40",201,TRUE,TRUE
4893331,"gate_40",36,TRUE,FALSE
4893402,"gate_30",9,FALSE,FALSE
4893428,"gate_40",5,FALSE,FALSE
4893464,"gate_40",98,TRUE,TRUE
4894098,"gate_30",3,FALSE,FALSE
4894194,"gate_30",9,FALSE,FALSE
4894258,"gate_40",81,TRUE,TRUE
4894525,"gate_30",6,FALSE,FALSE
4894567,"gate_40",16,FALSE,FALSE
4894845,"gate_40",30,TRUE,FALSE
4894876,"gate_30",11,FALSE,FALSE
4895320,"gate_30",47,FALSE,TRUE
4895421,"gate_40",74,FALSE,TRUE
4895488,"gate_30",13,FALSE,FALSE
4895496,"gate_40",63,TRUE,FALSE
4895632,"gate_40",2,TRUE,FALSE
4895644,"gate_40",9,FALSE,FALSE
4895673,"gate_30",1,FALSE,FALSE
4896010,"gate_40",7,FALSE,FALSE
4896520,"gate_30",77,TRUE,TRUE
4896558,"gate_40",68,TRUE,FALSE
4896577,"gate_40",157,FALSE,TRUE
4896593,"gate_40",3,FALSE,FALSE
4896677,"gate_40",84,TRUE,TRUE
4896751,"gate_30",3,FALSE,FALSE
4896794,"gate_30",41,TRUE,FALSE
4896955,"gate_30",154,TRUE,TRUE
4896987,"gate_30",22,TRUE,FALSE
4897042,"gate_30",26,TRUE,FALSE
4897077,"gate_40",13,FALSE,FALSE
4897111,"gate_40",618,TRUE,TRUE
4897146,"gate_40",52,TRUE,FALSE
4897202,"gate_30",24,FALSE,TRUE
4897297,"gate_30",6,FALSE,FALSE
4897303,"gate_40",8,FALSE,FALSE
4897370,"gate_40",6,FALSE,FALSE
4898380,"gate_30",1,FALSE,FALSE
4898391,"gate_40",43,TRUE,FALSE
4898475,"gate_30",39,TRUE,FALSE
4898512,"gate_30",83,TRUE,FALSE
4899045,"gate_30",12,FALSE,FALSE
4899199,"gate_40",0,FALSE,FALSE
4899205,"gate_30",47,TRUE,FALSE
4899270,"gate_40",2,FALSE,FALSE
4899272,"gate_40",278,TRUE,FALSE
4899278,"gate_30",34,TRUE,FALSE
4899284,"gate_30",29,TRUE,TRUE
4899334,"gate_30",47,FALSE,TRUE
4899377,"gate_40",4,FALSE,FALSE
4899472,"gate_30",5,FALSE,FALSE
4899538,"gate_40",8,FALSE,FALSE
4899681,"gate_30",21,TRUE,FALSE
4899689,"gate_30",4,FALSE,FALSE
4899979,"gate_30",31,FALSE,FALSE
4900015,"gate_40",28,FALSE,TRUE
4900120,"gate_40",14,FALSE,FALSE
4900180,"gate_40",83,FALSE,FALSE
4900274,"gate_30",116,TRUE,TRUE
4900359,"gate_40",2,FALSE,FALSE
4900480,"gate_30",4,FALSE,FALSE
4900501,"gate_40",118,FALSE,TRUE
4900562,"gate_30",26,TRUE,FALSE
4900624,"gate_30",69,TRUE,FALSE
4900750,"gate_40",91,TRUE,TRUE
4900774,"gate_30",4,FALSE,FALSE
4900830,"gate_30",2,FALSE,FALSE
4900960,"gate_30",3,TRUE,FALSE
4900992,"gate_40",7,FALSE,FALSE
4901267,"gate_30",17,FALSE,FALSE
4901380,"gate_40",14,FALSE,FALSE
4901467,"gate_40",14,FALSE,FALSE
4901531,"gate_40",181,TRUE,TRUE
4901578,"gate_40",418,TRUE,TRUE
4901618,"gate_40",8,FALSE,FALSE
4901681,"gate_40",3,FALSE,FALSE
4901768,"gate_40",83,TRUE,TRUE
4901904,"gate_40",288,TRUE,TRUE
4902417,"gate_40",143,TRUE,FALSE
4902446,"gate_40",5,FALSE,FALSE
4902586,"gate_40",3,FALSE,FALSE
4902792,"gate_40",56,FALSE,FALSE
4902885,"gate_30",25,TRUE,FALSE
4903284,"gate_40",18,TRUE,FALSE
4903302,"gate_40",123,TRUE,FALSE
4903431,"gate_40",0,FALSE,FALSE
4903498,"gate_30",0,FALSE,FALSE
4903542,"gate_30",18,FALSE,FALSE
4903674,"gate_40",31,TRUE,TRUE
4903713,"gate_30",2,TRUE,FALSE
4903943,"gate_30",4,FALSE,FALSE
4903986,"gate_40",7,FALSE,FALSE
4904051,"gate_30",118,TRUE,TRUE
4904114,"gate_40",73,TRUE,FALSE
4904122,"gate_30",3,FALSE,FALSE
4904216,"gate_30",15,FALSE,FALSE
4904236,"gate_40",11,FALSE,FALSE
4904323,"gate_30",2,FALSE,FALSE
4904415,"gate_30",8,FALSE,FALSE
4904473,"gate_30",0,FALSE,FALSE
4904554,"gate_30",21,FALSE,FALSE
4904577,"gate_40",166,TRUE,TRUE
4904592,"gate_30",36,FALSE,FALSE
4904635,"gate_30",15,TRUE,FALSE
4904705,"gate_30",664,TRUE,TRUE
4904732,"gate_40",3,FALSE,FALSE
4904842,"gate_30",9,FALSE,FALSE
4905093,"gate_40",29,TRUE,FALSE
4905249,"gate_40",59,TRUE,FALSE
4905294,"gate_30",0,FALSE,FALSE
4905399,"gate_30",4,TRUE,FALSE
4905554,"gate_40",126,FALSE,TRUE
4905581,"gate_30",4,FALSE,FALSE
4905587,"gate_30",51,TRUE,FALSE
4905747,"gate_40",32,TRUE,FALSE
4906121,"gate_40",7,FALSE,FALSE
4906321,"gate_40",11,TRUE,FALSE
4906400,"gate_30",5,FALSE,FALSE
4906486,"gate_30",59,FALSE,TRUE
4906559,"gate_40",2,FALSE,FALSE
4906576,"gate_40",9,TRUE,FALSE
4906586,"gate_40",292,TRUE,TRUE
4906592,"gate_40",18,FALSE,FALSE
4906608,"gate_40",72,TRUE,TRUE
4906788,"gate_40",46,TRUE,FALSE
4906809,"gate_40",8,FALSE,FALSE
4906835,"gate_40",43,TRUE,TRUE
4906952,"gate_30",60,TRUE,FALSE
4907070,"gate_40",42,FALSE,FALSE
4907141,"gate_40",14,TRUE,FALSE
4907180,"gate_30",23,FALSE,FALSE
4907272,"gate_40",10,TRUE,FALSE
4907366,"gate_30",1,FALSE,FALSE
4907654,"gate_30",0,FALSE,FALSE
4907746,"gate_30",19,TRUE,TRUE
4907842,"gate_30",1,FALSE,FALSE
4907883,"gate_40",7,FALSE,FALSE
4907899,"gate_30",5,FALSE,FALSE
4907944,"gate_30",7,TRUE,FALSE
4907949,"gate_40",52,FALSE,FALSE
4908086,"gate_40",140,TRUE,FALSE
4908108,"gate_30",1,FALSE,FALSE
4908125,"gate_30",1,FALSE,FALSE
4908268,"gate_30",4,FALSE,FALSE
4908689,"gate_40",0,FALSE,FALSE
4908766,"gate_30",5,FALSE,FALSE
4908795,"gate_40",103,FALSE,TRUE
4908912,"gate_30",1,FALSE,FALSE
4908939,"gate_30",2,FALSE,FALSE
4909169,"gate_30",69,TRUE,TRUE
4909231,"gate_40",8,TRUE,FALSE
4909335,"gate_30",3,FALSE,FALSE
4909485,"gate_30",19,FALSE,FALSE
4909521,"gate_30",3,FALSE,FALSE
4909711,"gate_40",28,TRUE,FALSE
4909781,"gate_40",8,FALSE,FALSE
4909798,"gate_30",112,FALSE,TRUE
4909904,"gate_40",10,FALSE,FALSE
4910361,"gate_30",27,TRUE,FALSE
4910387,"gate_30",4,FALSE,FALSE
4910544,"gate_40",26,TRUE,FALSE
4910558,"gate_40",25,TRUE,FALSE
4910850,"gate_30",2,TRUE,FALSE
4910894,"gate_30",44,FALSE,FALSE
4910965,"gate_30",11,TRUE,FALSE
4911043,"gate_30",6,FALSE,FALSE
4911104,"gate_30",6,FALSE,FALSE
4911140,"gate_40",15,FALSE,FALSE
4911228,"gate_40",0,FALSE,FALSE
4911640,"gate_40",9,FALSE,FALSE
4912165,"gate_30",67,TRUE,TRUE
4912334,"gate_40",20,FALSE,FALSE
4912413,"gate_30",5,FALSE,FALSE
4912533,"gate_40",2,FALSE,FALSE
4912604,"gate_40",10,FALSE,FALSE
4912605,"gate_30",0,FALSE,FALSE
4912611,"gate_30",84,TRUE,TRUE
4912625,"gate_40",29,TRUE,FALSE
4912637,"gate_40",0,FALSE,FALSE
4912715,"gate_30",82,TRUE,TRUE
4912724,"gate_30",32,TRUE,TRUE
4912762,"gate_30",6,FALSE,FALSE
4912791,"gate_30",1,FALSE,FALSE
4912812,"gate_30",17,TRUE,FALSE
4912964,"gate_30",3,FALSE,FALSE
4913372,"gate_40",5,FALSE,FALSE
4913402,"gate_30",123,TRUE,TRUE
4913450,"gate_30",2,FALSE,FALSE
4913453,"gate_30",25,TRUE,FALSE
4913527,"gate_30",2,FALSE,FALSE
4913565,"gate_30",83,TRUE,FALSE
4913634,"gate_30",47,FALSE,FALSE
4913643,"gate_40",52,TRUE,FALSE
4913776,"gate_40",52,TRUE,FALSE
4914033,"gate_40",56,TRUE,FALSE
4914038,"gate_30",0,FALSE,FALSE
4914062,"gate_30",200,TRUE,TRUE
4914071,"gate_40",13,TRUE,FALSE
4914115,"gate_30",110,TRUE,FALSE
4914116,"gate_40",40,FALSE,FALSE
4914233,"gate_30",6,FALSE,FALSE
4914259,"gate_40",51,FALSE,FALSE
4914269,"gate_40",2,FALSE,FALSE
4914615,"gate_30",34,TRUE,TRUE
4914740,"gate_40",55,TRUE,FALSE
4914741,"gate_40",0,FALSE,FALSE
4914797,"gate_40",0,FALSE,FALSE
4914853,"gate_40",3,FALSE,FALSE
4914873,"gate_30",20,TRUE,FALSE
4914910,"gate_30",7,FALSE,FALSE
4914940,"gate_40",2,FALSE,FALSE
4915088,"gate_30",114,TRUE,FALSE
4915112,"gate_40",283,TRUE,TRUE
4915185,"gate_40",1,FALSE,FALSE
4915378,"gate_30",5,FALSE,FALSE
4915382,"gate_40",28,TRUE,FALSE
4915695,"gate_40",2,FALSE,FALSE
4915754,"gate_30",4,FALSE,FALSE
4915916,"gate_40",325,FALSE,TRUE
4915941,"gate_30",38,TRUE,FALSE
4915953,"gate_30",849,TRUE,TRUE
4916084,"gate_40",61,TRUE,FALSE
4916515,"gate_30",9,FALSE,FALSE
4916685,"gate_30",5,FALSE,FALSE
4916803,"gate_30",148,TRUE,FALSE
4916841,"gate_30",26,FALSE,FALSE
4916865,"gate_30",14,FALSE,FALSE
4916944,"gate_30",3,FALSE,FALSE
4917008,"gate_30",15,TRUE,FALSE
4917337,"gate_30",20,FALSE,FALSE
4917589,"gate_30",139,FALSE,FALSE
4917638,"gate_30",2,FALSE,FALSE
4917675,"gate_40",109,TRUE,FALSE
4917692,"gate_40",87,TRUE,TRUE
4917705,"gate_30",49,FALSE,TRUE
4917787,"gate_40",628,TRUE,TRUE
4917831,"gate_40",4,TRUE,FALSE
4918226,"gate_40",8,FALSE,FALSE
4918269,"gate_30",8,FALSE,FALSE
4918332,"gate_40",6,FALSE,FALSE
4918434,"gate_30",16,FALSE,FALSE
4918505,"gate_40",48,TRUE,FALSE
4918551,"gate_30",30,FALSE,FALSE
4918572,"gate_30",53,FALSE,FALSE
4918784,"gate_40",2,TRUE,FALSE
4918795,"gate_30",54,FALSE,FALSE
4918803,"gate_40",5,FALSE,FALSE
4918804,"gate_40",6,FALSE,FALSE
4918855,"gate_40",46,FALSE,FALSE
4918877,"gate_30",17,FALSE,FALSE
4918953,"gate_40",91,TRUE,TRUE
4919252,"gate_30",36,TRUE,FALSE
4919441,"gate_40",89,TRUE,FALSE
4919598,"gate_30",26,TRUE,FALSE
4919685,"gate_30",8,TRUE,FALSE
4919870,"gate_30",4,FALSE,FALSE
4920170,"gate_30",12,FALSE,FALSE
4920206,"gate_40",4,FALSE,FALSE
4920272,"gate_30",7,FALSE,FALSE
4920311,"gate_30",358,TRUE,TRUE
4920315,"gate_30",76,TRUE,FALSE
4920388,"gate_40",135,TRUE,FALSE
4920513,"gate_40",35,TRUE,FALSE
4920613,"gate_40",20,TRUE,FALSE
4920762,"gate_30",75,TRUE,TRUE
4920767,"gate_30",40,FALSE,FALSE
4920790,"gate_30",9,FALSE,FALSE
4920983,"gate_40",221,FALSE,FALSE
4921159,"gate_30",4,TRUE,FALSE
4921190,"gate_40",20,FALSE,FALSE
4921230,"gate_40",5,FALSE,FALSE
4921296,"gate_40",43,TRUE,FALSE
4921369,"gate_30",22,FALSE,FALSE
4921370,"gate_40",315,FALSE,TRUE
4921659,"gate_30",9,FALSE,FALSE
4921665,"gate_30",14,TRUE,FALSE
4921976,"gate_40",4,FALSE,FALSE
4922035,"gate_30",0,FALSE,FALSE
4922066,"gate_40",5,TRUE,FALSE
4922083,"gate_40",118,TRUE,TRUE
4922185,"gate_40",1,FALSE,FALSE
4922322,"gate_30",43,TRUE,TRUE
4922417,"gate_40",15,FALSE,FALSE
4922543,"gate_30",14,FALSE,FALSE
4922585,"gate_40",51,TRUE,FALSE
4922593,"gate_30",81,FALSE,TRUE
4922624,"gate_40",1,FALSE,FALSE
4922625,"gate_40",43,TRUE,FALSE
4922791,"gate_40",15,TRUE,FALSE
4922849,"gate_40",2,FALSE,FALSE
4923060,"gate_30",3,FALSE,FALSE
4923194,"gate_40",11,TRUE,FALSE
4923315,"gate_30",293,TRUE,FALSE
4923565,"gate_30",4,FALSE,FALSE
4923615,"gate_30",11,TRUE,FALSE
4923689,"gate_30",7,FALSE,FALSE
4923861,"gate_30",0,FALSE,FALSE
4924011,"gate_30",17,FALSE,TRUE
4924138,"gate_40",3,FALSE,TRUE
4924208,"gate_30",1156,TRUE,TRUE
4924537,"gate_30",4,FALSE,FALSE
4924546,"gate_30",20,TRUE,FALSE
4924590,"gate_30",25,TRUE,FALSE
4924737,"gate_40",66,FALSE,TRUE
4924799,"gate_40",5,FALSE,FALSE
4924801,"gate_40",16,FALSE,FALSE
4924917,"gate_40",22,FALSE,FALSE
4925250,"gate_40",151,TRUE,TRUE
4925291,"gate_30",64,TRUE,FALSE
4925343,"gate_30",139,TRUE,TRUE
4925418,"gate_30",1,FALSE,FALSE
4925932,"gate_40",23,TRUE,FALSE
4925936,"gate_40",31,TRUE,TRUE
4926047,"gate_40",1,FALSE,FALSE
4926178,"gate_40",37,TRUE,FALSE
4926187,"gate_40",127,TRUE,TRUE
4926246,"gate_40",11,TRUE,FALSE
4926273,"gate_40",10,TRUE,FALSE
4926497,"gate_40",12,FALSE,TRUE
4926517,"gate_40",1,FALSE,FALSE
4926866,"gate_40",3,FALSE,FALSE
4926876,"gate_30",392,TRUE,TRUE
4926907,"gate_40",139,TRUE,TRUE
4926938,"gate_40",21,FALSE,FALSE
4926983,"gate_40",57,TRUE,FALSE
4927012,"gate_40",1,FALSE,FALSE
4927023,"gate_40",5,FALSE,FALSE
4927045,"gate_40",11,TRUE,FALSE
4927174,"gate_30",34,TRUE,FALSE
4927229,"gate_30",22,TRUE,FALSE
4927382,"gate_30",45,TRUE,FALSE
4927535,"gate_40",13,TRUE,FALSE
4927582,"gate_40",398,TRUE,TRUE
4927630,"gate_30",108,TRUE,TRUE
4927714,"gate_40",24,TRUE,FALSE
4927799,"gate_40",226,TRUE,TRUE
4927802,"gate_30",27,FALSE,FALSE
4928227,"gate_30",47,TRUE,FALSE
4928255,"gate_40",7,FALSE,FALSE
4928344,"gate_30",51,TRUE,TRUE
4928486,"gate_40",2,FALSE,FALSE
4928493,"gate_30",9,FALSE,TRUE
4928568,"gate_30",2,FALSE,FALSE
4928645,"gate_30",434,TRUE,TRUE
4928742,"gate_30",17,TRUE,TRUE
4928761,"gate_30",44,TRUE,FALSE
4928800,"gate_30",27,FALSE,FALSE
4928890,"gate_30",8,FALSE,FALSE
4929114,"gate_30",5,FALSE,FALSE
4929339,"gate_30",11,TRUE,FALSE
4929419,"gate_30",28,FALSE,FALSE
4929446,"gate_40",4,FALSE,FALSE
4929524,"gate_40",11,FALSE,FALSE
4929851,"gate_30",4,FALSE,FALSE
4930273,"gate_30",54,TRUE,FALSE
4930316,"gate_40",1,FALSE,FALSE
4930484,"gate_40",4,FALSE,FALSE
4930617,"gate_40",65,TRUE,TRUE
4930622,"gate_40",0,FALSE,FALSE
4930711,"gate_30",5,TRUE,FALSE
4930951,"gate_30",5,TRUE,FALSE
4930998,"gate_30",15,TRUE,FALSE
4931003,"gate_40",63,TRUE,TRUE
4931048,"gate_30",3,FALSE,FALSE
4931251,"gate_40",6,FALSE,FALSE
4931332,"gate_40",69,TRUE,TRUE
4931648,"gate_40",29,FALSE,FALSE
4931783,"gate_40",10,FALSE,FALSE
4932032,"gate_30",38,TRUE,FALSE
4932261,"gate_30",39,TRUE,FALSE
4932285,"gate_40",25,TRUE,FALSE
4932301,"gate_40",4,FALSE,FALSE
4932403,"gate_40",6,FALSE,FALSE
4932419,"gate_30",2,FALSE,FALSE
4932530,"gate_30",40,TRUE,FALSE
4932547,"gate_30",57,TRUE,TRUE
4932709,"gate_40",775,TRUE,TRUE
4932746,"gate_30",11,FALSE,FALSE
4933201,"gate_30",108,TRUE,FALSE
4933313,"gate_40",4,FALSE,FALSE
4933439,"gate_40",6,TRUE,FALSE
4933693,"gate_30",1,FALSE,FALSE
4933905,"gate_40",18,FALSE,FALSE
4933931,"gate_40",2,FALSE,FALSE
4934007,"gate_30",12,FALSE,FALSE
4934092,"gate_40",5,FALSE,FALSE
4934200,"gate_30",38,TRUE,FALSE
4934286,"gate_40",183,TRUE,TRUE
4934476,"gate_30",264,TRUE,TRUE
4934740,"gate_40",21,FALSE,FALSE
4934849,"gate_40",69,TRUE,FALSE
4935013,"gate_40",11,FALSE,FALSE
4935093,"gate_40",119,TRUE,TRUE
4935247,"gate_30",41,TRUE,FALSE
4935348,"gate_30",1,FALSE,FALSE
4935380,"gate_40",14,FALSE,FALSE
4935409,"gate_30",9,FALSE,FALSE
4935724,"gate_40",14,TRUE,FALSE
4935750,"gate_40",13,TRUE,FALSE
4935774,"gate_30",13,FALSE,FALSE
4935830,"gate_40",9,TRUE,FALSE
4935849,"gate_30",21,TRUE,FALSE
4935865,"gate_40",2,FALSE,FALSE
4936110,"gate_40",104,TRUE,TRUE
4936159,"gate_30",13,FALSE,FALSE
4936311,"gate_30",19,TRUE,FALSE
4936615,"gate_30",3,FALSE,FALSE
4936677,"gate_40",91,FALSE,FALSE
4936711,"gate_30",50,TRUE,FALSE
4936923,"gate_40",73,TRUE,FALSE
4937000,"gate_40",1,FALSE,FALSE
4937427,"gate_30",5,FALSE,TRUE
4937620,"gate_30",13,FALSE,FALSE
4937637,"gate_40",41,TRUE,FALSE
4937897,"gate_40",6,FALSE,FALSE
4938465,"gate_30",3,FALSE,FALSE
4938561,"gate_40",3,FALSE,FALSE
4938682,"gate_30",321,TRUE,TRUE
4938739,"gate_30",12,TRUE,FALSE
4939325,"gate_40",8,FALSE,FALSE
4939381,"gate_40",80,TRUE,FALSE
4939554,"gate_30",114,TRUE,FALSE
4939626,"gate_40",6,FALSE,FALSE
4939636,"gate_40",165,TRUE,FALSE
4939648,"gate_40",10,TRUE,FALSE
4939684,"gate_30",45,FALSE,TRUE
4939992,"gate_40",30,FALSE,FALSE
4940290,"gate_30",0,FALSE,FALSE
4940302,"gate_40",4,FALSE,FALSE
4940456,"gate_30",33,TRUE,FALSE
4940583,"gate_40",1,FALSE,FALSE
4940721,"gate_30",122,FALSE,TRUE
4940756,"gate_40",16,FALSE,FALSE
4940857,"gate_40",2,TRUE,FALSE
4940906,"gate_40",15,FALSE,TRUE
4941060,"gate_30",4,FALSE,FALSE
4941243,"gate_30",114,FALSE,FALSE
4941559,"gate_30",21,FALSE,FALSE
4941613,"gate_40",2,FALSE,FALSE
4941840,"gate_30",95,TRUE,FALSE
4941941,"gate_40",106,TRUE,FALSE
4942029,"gate_40",74,TRUE,FALSE
4942055,"gate_30",7,TRUE,FALSE
4942060,"gate_40",158,TRUE,TRUE
4942276,"gate_30",119,TRUE,FALSE
4942278,"gate_40",3,FALSE,FALSE
4942282,"gate_40",1,FALSE,FALSE
4942428,"gate_40",11,TRUE,FALSE
4942715,"gate_40",120,TRUE,TRUE
4942964,"gate_30",65,TRUE,TRUE
4943029,"gate_30",2,FALSE,FALSE
4943062,"gate_30",24,FALSE,FALSE
4943127,"gate_40",18,TRUE,FALSE
4943173,"gate_30",279,TRUE,TRUE
4943187,"gate_30",2,FALSE,FALSE
4943266,"gate_30",34,TRUE,TRUE
4943285,"gate_30",103,TRUE,FALSE
4943293,"gate_40",138,TRUE,TRUE
4943299,"gate_30",0,FALSE,FALSE
4943394,"gate_30",27,TRUE,FALSE
4943478,"gate_40",11,FALSE,FALSE
4943754,"gate_40",26,FALSE,FALSE
4943778,"gate_30",28,TRUE,TRUE
4943827,"gate_30",98,TRUE,TRUE
4943894,"gate_30",0,FALSE,FALSE
4944263,"gate_30",46,TRUE,TRUE
4944281,"gate_40",6,FALSE,FALSE
4944622,"gate_30",36,TRUE,FALSE
4944647,"gate_30",6,FALSE,FALSE
4944776,"gate_30",63,TRUE,FALSE
4944852,"gate_40",42,TRUE,FALSE
4945079,"gate_40",19,TRUE,FALSE
4945157,"gate_30",51,TRUE,FALSE
4945198,"gate_30",0,FALSE,FALSE
4945358,"gate_30",7,FALSE,FALSE
4945370,"gate_40",29,FALSE,FALSE
4945531,"gate_40",241,TRUE,TRUE
4945636,"gate_30",4,FALSE,FALSE
4945687,"gate_30",3,FALSE,FALSE
4945743,"gate_30",9,FALSE,TRUE
4945908,"gate_40",2,TRUE,FALSE
4945924,"gate_40",17,TRUE,FALSE
4946289,"gate_30",227,TRUE,TRUE
4946389,"gate_30",43,FALSE,FALSE
4946589,"gate_30",52,TRUE,FALSE
4946723,"gate_40",199,TRUE,TRUE
4946930,"gate_40",73,FALSE,FALSE
4947049,"gate_30",186,TRUE,TRUE
4947124,"gate_40",3,FALSE,FALSE
4947305,"gate_30",4,FALSE,FALSE
4947308,"gate_40",31,FALSE,FALSE
4947388,"gate_40",2,FALSE,FALSE
4947568,"gate_40",6,FALSE,FALSE
4947697,"gate_30",2,FALSE,FALSE
4947778,"gate_30",37,FALSE,FALSE
4948200,"gate_30",15,TRUE,FALSE
4948279,"gate_40",24,TRUE,FALSE
4948425,"gate_40",1,FALSE,FALSE
4948461,"gate_30",0,FALSE,FALSE
4948517,"gate_30",1,FALSE,FALSE
4948625,"gate_40",1,FALSE,FALSE
4948692,"gate_40",56,TRUE,FALSE
4948721,"gate_30",29,TRUE,FALSE
4948921,"gate_30",39,FALSE,FALSE
4948999,"gate_40",234,TRUE,FALSE
4949066,"gate_30",16,TRUE,FALSE
4949173,"gate_40",63,TRUE,FALSE
4949229,"gate_30",24,TRUE,FALSE
4949259,"gate_40",9,FALSE,FALSE
4949383,"gate_30",15,TRUE,TRUE
4949457,"gate_40",14,FALSE,FALSE
4949674,"gate_40",402,TRUE,FALSE
4949711,"gate_40",0,FALSE,FALSE
4949791,"gate_40",35,TRUE,TRUE
4949952,"gate_40",4,TRUE,FALSE
4950106,"gate_30",5,FALSE,FALSE
4950210,"gate_30",60,TRUE,TRUE
4950290,"gate_30",12,TRUE,FALSE
4950544,"gate_30",40,TRUE,FALSE
4950786,"gate_30",6,FALSE,FALSE
4950821,"gate_40",27,FALSE,TRUE
4950942,"gate_40",64,TRUE,FALSE
4951393,"gate_40",4,TRUE,FALSE
4951456,"gate_40",12,TRUE,FALSE
4951647,"gate_40",3,FALSE,FALSE
4951783,"gate_40",1,FALSE,FALSE
4951993,"gate_30",38,TRUE,FALSE
4952125,"gate_40",42,TRUE,FALSE
4952224,"gate_40",3,FALSE,FALSE
4952377,"gate_30",0,FALSE,FALSE
4952410,"gate_40",67,TRUE,FALSE
4952472,"gate_40",1,FALSE,FALSE
4952809,"gate_30",18,FALSE,FALSE
4952955,"gate_30",5,FALSE,FALSE
4953053,"gate_30",153,TRUE,TRUE
4953784,"gate_30",249,TRUE,TRUE
4953833,"gate_30",228,TRUE,TRUE
4953866,"gate_40",7,FALSE,FALSE
4953911,"gate_30",35,TRUE,FALSE
4953948,"gate_30",8,FALSE,FALSE
4954010,"gate_40",6,FALSE,FALSE
4954202,"gate_40",5,FALSE,FALSE
4954326,"gate_40",9,FALSE,FALSE
4954443,"gate_30",1,FALSE,FALSE
4954509,"gate_30",27,FALSE,FALSE
4954651,"gate_40",18,TRUE,FALSE
4954712,"gate_40",537,TRUE,TRUE
4954722,"gate_30",18,FALSE,FALSE
4954780,"gate_30",12,FALSE,FALSE
4954852,"gate_30",1,FALSE,FALSE
4954962,"gate_40",231,TRUE,FALSE
4955124,"gate_40",4,FALSE,FALSE
4955170,"gate_30",6,FALSE,FALSE
4955401,"gate_40",15,FALSE,FALSE
4955406,"gate_30",8,FALSE,TRUE
4955524,"gate_30",380,TRUE,TRUE
4955552,"gate_40",41,TRUE,FALSE
4955798,"gate_40",68,FALSE,FALSE
4955936,"gate_30",0,FALSE,FALSE
4956130,"gate_40",38,TRUE,FALSE
4956405,"gate_40",18,FALSE,FALSE
4956431,"gate_30",2,FALSE,FALSE
4956433,"gate_40",67,TRUE,TRUE
4956443,"gate_40",191,TRUE,TRUE
4956516,"gate_40",190,TRUE,FALSE
4956698,"gate_30",459,TRUE,TRUE
4956773,"gate_30",117,TRUE,TRUE
4956939,"gate_40",0,FALSE,FALSE
4956996,"gate_40",230,FALSE,TRUE
4957046,"gate_30",0,FALSE,FALSE
4957140,"gate_40",30,FALSE,FALSE
4957663,"gate_30",9,FALSE,FALSE
4957684,"gate_40",374,TRUE,TRUE
4957691,"gate_30",14,TRUE,FALSE
4957745,"gate_40",1,FALSE,FALSE
4957849,"gate_40",93,TRUE,TRUE
4957982,"gate_40",93,TRUE,FALSE
4958155,"gate_40",32,FALSE,FALSE
4958212,"gate_40",54,TRUE,TRUE
4958343,"gate_40",7,FALSE,FALSE
4958376,"gate_30",26,TRUE,FALSE
4958386,"gate_40",16,FALSE,FALSE
4958834,"gate_30",66,TRUE,FALSE
4958896,"gate_30",11,TRUE,FALSE
4959079,"gate_40",3,TRUE,FALSE
4959432,"gate_30",9,FALSE,FALSE
4959466,"gate_40",64,TRUE,TRUE
4959829,"gate_40",1,FALSE,FALSE
4959906,"gate_40",16,FALSE,TRUE
4959907,"gate_40",0,FALSE,FALSE
4960055,"gate_30",18,FALSE,FALSE
4960120,"gate_30",64,TRUE,FALSE
4960126,"gate_30",247,TRUE,FALSE
4960253,"gate_30",61,TRUE,FALSE
4960638,"gate_40",6,TRUE,FALSE
4960728,"gate_40",27,FALSE,FALSE
4960900,"gate_30",10,FALSE,FALSE
4960955,"gate_40",11,FALSE,FALSE
4961137,"gate_40",3,TRUE,FALSE
4961207,"gate_40",5,FALSE,FALSE
4961403,"gate_40",22,FALSE,FALSE
4961529,"gate_30",31,FALSE,FALSE
4961544,"gate_40",90,TRUE,FALSE
4961566,"gate_30",1,FALSE,FALSE
4961769,"gate_40",1,FALSE,FALSE
4962142,"gate_40",144,TRUE,TRUE
4962230,"gate_40",8,FALSE,FALSE
4962272,"gate_40",11,TRUE,FALSE
4962350,"gate_40",145,FALSE,FALSE
4962482,"gate_40",43,TRUE,TRUE
4962781,"gate_30",48,TRUE,FALSE
4962914,"gate_30",5,FALSE,FALSE
4963013,"gate_30",1,FALSE,FALSE
4963109,"gate_30",17,TRUE,FALSE
4963243,"gate_40",184,TRUE,TRUE
4963327,"gate_30",86,TRUE,FALSE
4963417,"gate_30",74,TRUE,TRUE
4963433,"gate_30",195,TRUE,TRUE
4963482,"gate_30",4,FALSE,FALSE
4963515,"gate_40",3,FALSE,FALSE
4963532,"gate_40",4,TRUE,FALSE
4963538,"gate_40",67,TRUE,FALSE
4963563,"gate_30",61,FALSE,FALSE
4963803,"gate_40",67,TRUE,TRUE
4963864,"gate_40",175,TRUE,TRUE
4963868,"gate_30",247,TRUE,TRUE
4964089,"gate_30",3,FALSE,FALSE
4964132,"gate_40",59,TRUE,FALSE
4964200,"gate_40",48,TRUE,TRUE
4964242,"gate_30",6,FALSE,FALSE
4964260,"gate_40",9,FALSE,FALSE
4964295,"gate_40",54,TRUE,TRUE
4964594,"gate_30",1,FALSE,FALSE
4964614,"gate_30",63,TRUE,TRUE
4964788,"gate_30",41,TRUE,FALSE
4964863,"gate_40",63,TRUE,FALSE
4964996,"gate_30",21,TRUE,FALSE
4965153,"gate_30",1,FALSE,FALSE
4965487,"gate_30",207,TRUE,TRUE
4965490,"gate_40",2,FALSE,FALSE
4965811,"gate_40",0,FALSE,FALSE
4965844,"gate_30",0,FALSE,FALSE
4966139,"gate_30",56,TRUE,FALSE
4966190,"gate_30",5,FALSE,FALSE
4966400,"gate_30",16,TRUE,FALSE
4966519,"gate_40",8,TRUE,FALSE
4966562,"gate_30",21,TRUE,FALSE
4966837,"gate_30",282,TRUE,FALSE
4966939,"gate_40",74,TRUE,FALSE
4967084,"gate_40",1,FALSE,FALSE
4967112,"gate_40",2,FALSE,FALSE
4967180,"gate_40",7,FALSE,FALSE
4967287,"gate_30",3,FALSE,FALSE
4967487,"gate_30",57,TRUE,FALSE
4967572,"gate_30",26,TRUE,FALSE
4967644,"gate_30",10,FALSE,FALSE
4967647,"gate_30",11,FALSE,FALSE
4967806,"gate_40",3,FALSE,FALSE
4967871,"gate_40",124,TRUE,FALSE
4967941,"gate_30",7,FALSE,FALSE
4968076,"gate_40",4,FALSE,FALSE
4968213,"gate_30",62,TRUE,FALSE
4968574,"gate_30",64,FALSE,TRUE
4968809,"gate_30",159,TRUE,FALSE
4968944,"gate_30",1,FALSE,FALSE
4968945,"gate_40",22,TRUE,FALSE
4969085,"gate_30",14,TRUE,FALSE
4969110,"gate_30",6,FALSE,FALSE
4969136,"gate_30",48,TRUE,FALSE
4969256,"gate_30",8,FALSE,FALSE
4969451,"gate_40",38,FALSE,FALSE
4969577,"gate_40",41,TRUE,FALSE
4969887,"gate_30",22,TRUE,FALSE
4970120,"gate_30",4,FALSE,FALSE
4970241,"gate_40",1,FALSE,FALSE
4970298,"gate_40",3,FALSE,FALSE
4970341,"gate_30",29,TRUE,FALSE
4970347,"gate_40",7,FALSE,FALSE
4970436,"gate_30",21,FALSE,FALSE
4970444,"gate_40",2,FALSE,FALSE
4970450,"gate_40",33,FALSE,FALSE
4970556,"gate_40",5,FALSE,FALSE
4970651,"gate_40",4,FALSE,FALSE
4970662,"gate_40",31,TRUE,FALSE
4970743,"gate_40",2,FALSE,FALSE
4970978,"gate_30",13,TRUE,FALSE
4971105,"gate_40",48,TRUE,FALSE
4971199,"gate_30",7,FALSE,FALSE
4971269,"gate_40",190,TRUE,FALSE
4971495,"gate_30",6,FALSE,FALSE
4971520,"gate_40",14,FALSE,FALSE
4971562,"gate_30",58,TRUE,FALSE
4971623,"gate_40",84,TRUE,FALSE
4971737,"gate_40",4,TRUE,FALSE
4971786,"gate_30",6,FALSE,FALSE
4971990,"gate_30",16,FALSE,FALSE
4972167,"gate_30",2,FALSE,FALSE
4972305,"gate_40",400,TRUE,TRUE
4972419,"gate_40",1,FALSE,FALSE
4972711,"gate_40",5,FALSE,FALSE
4972766,"gate_40",34,TRUE,FALSE
4972822,"gate_40",3,FALSE,FALSE
4972923,"gate_40",1,FALSE,FALSE
4972933,"gate_40",129,TRUE,TRUE
4973005,"gate_30",29,FALSE,FALSE
4973166,"gate_40",170,TRUE,FALSE
4973189,"gate_30",29,FALSE,FALSE
4973207,"gate_30",831,TRUE,TRUE
4973371,"gate_40",1,FALSE,FALSE
4973472,"gate_40",21,FALSE,FALSE
4973540,"gate_40",1,FALSE,FALSE
4973690,"gate_40",6,FALSE,FALSE
4973784,"gate_30",178,TRUE,TRUE
4973871,"gate_30",52,TRUE,FALSE
4974024,"gate_30",31,TRUE,FALSE
4974369,"gate_40",9,FALSE,FALSE
4974859,"gate_40",6,FALSE,FALSE
4975021,"gate_40",34,FALSE,FALSE
4975048,"gate_30",85,TRUE,TRUE
4975278,"gate_40",1000,TRUE,TRUE
4975485,"gate_30",39,FALSE,FALSE
4975501,"gate_30",26,TRUE,FALSE
4975532,"gate_40",51,TRUE,FALSE
4975727,"gate_40",9,FALSE,FALSE
4975736,"gate_40",2,FALSE,FALSE
4975766,"gate_30",9,FALSE,FALSE
4975771,"gate_40",23,FALSE,FALSE
4975882,"gate_30",22,FALSE,TRUE
4975920,"gate_40",162,FALSE,FALSE
4976005,"gate_30",5,FALSE,FALSE
4976135,"gate_40",11,FALSE,FALSE
4976148,"gate_40",8,FALSE,FALSE
4976505,"gate_40",14,FALSE,FALSE
4976622,"gate_40",13,FALSE,FALSE
4976741,"gate_40",91,TRUE,TRUE
4976771,"gate_40",33,FALSE,FALSE
4976837,"gate_30",146,TRUE,FALSE
4976940,"gate_40",37,FALSE,FALSE
4977318,"gate_40",75,TRUE,FALSE
4977337,"gate_30",75,TRUE,FALSE
4977341,"gate_30",20,TRUE,FALSE
4977524,"gate_40",29,TRUE,FALSE
4977775,"gate_40",40,FALSE,FALSE
4977896,"gate_30",38,TRUE,FALSE
4978132,"gate_30",26,TRUE,FALSE
4978208,"gate_40",92,TRUE,FALSE
4978293,"gate_30",12,FALSE,FALSE
4978317,"gate_40",3,FALSE,FALSE
4978424,"gate_30",23,FALSE,FALSE
4978482,"gate_40",4,FALSE,FALSE
4978766,"gate_40",32,TRUE,FALSE
4978976,"gate_30",1,FALSE,FALSE
4979058,"gate_30",15,FALSE,FALSE
4979098,"gate_30",65,TRUE,FALSE
4979118,"gate_30",0,FALSE,FALSE
4979227,"gate_30",24,TRUE,FALSE
4979327,"gate_30",57,FALSE,TRUE
4979422,"gate_40",238,TRUE,FALSE
4979469,"gate_40",61,TRUE,FALSE
4979532,"gate_40",34,FALSE,FALSE
4979576,"gate_30",0,FALSE,FALSE
4979588,"gate_30",0,FALSE,FALSE
4979612,"gate_30",127,TRUE,TRUE
4979790,"gate_30",264,TRUE,TRUE
4979844,"gate_30",7,FALSE,FALSE
4979887,"gate_40",14,TRUE,FALSE
4980151,"gate_30",19,TRUE,FALSE
4980154,"gate_40",8,TRUE,FALSE
4980172,"gate_30",24,TRUE,FALSE
4980246,"gate_40",1,FALSE,FALSE
4980293,"gate_40",184,TRUE,TRUE
4980454,"gate_30",1,FALSE,FALSE
4980465,"gate_30",12,FALSE,FALSE
4980472,"gate_30",12,TRUE,FALSE
4980520,"gate_30",1,TRUE,FALSE
4980562,"gate_30",32,TRUE,TRUE
4980639,"gate_40",24,TRUE,FALSE
4980769,"gate_30",147,TRUE,TRUE
4980802,"gate_30",7,FALSE,FALSE
4980878,"gate_30",47,TRUE,FALSE
4980879,"gate_40",21,TRUE,FALSE
4981250,"gate_30",0,FALSE,FALSE
4981373,"gate_30",19,TRUE,TRUE
4981477,"gate_40",16,FALSE,FALSE
4981584,"gate_40",3,FALSE,FALSE
4981599,"gate_40",58,TRUE,FALSE
4981747,"gate_30",133,FALSE,TRUE
4981989,"gate_40",1,FALSE,FALSE
4982041,"gate_40",8,FALSE,FALSE
4982071,"gate_40",5,TRUE,FALSE
4982180,"gate_40",0,FALSE,FALSE
4982279,"gate_30",3,TRUE,FALSE
4982493,"gate_30",13,TRUE,FALSE
4982556,"gate_30",4,FALSE,FALSE
4982658,"gate_40",1,FALSE,FALSE
4982723,"gate_40",44,FALSE,FALSE
4982845,"gate_30",23,TRUE,TRUE
4982865,"gate_30",604,TRUE,TRUE
4982870,"gate_40",15,FALSE,FALSE
4982953,"gate_30",250,TRUE,FALSE
4983114,"gate_30",7,FALSE,FALSE
4983121,"gate_30",125,TRUE,FALSE
4983305,"gate_40",22,TRUE,FALSE
4983349,"gate_30",0,FALSE,FALSE
4983358,"gate_30",15,FALSE,FALSE
4983390,"gate_40",10,FALSE,FALSE
4983431,"gate_30",2,FALSE,FALSE
4983439,"gate_40",6,FALSE,TRUE
4983509,"gate_40",7,FALSE,FALSE
4983619,"gate_30",32,TRUE,FALSE
4983630,"gate_30",3,FALSE,FALSE
4983632,"gate_30",117,FALSE,FALSE
4983726,"gate_30",20,FALSE,FALSE
4983782,"gate_30",23,TRUE,FALSE
4984020,"gate_40",9,FALSE,FALSE
4984039,"gate_30",28,TRUE,FALSE
4984202,"gate_30",5,FALSE,FALSE
4984206,"gate_30",4,FALSE,FALSE
4984217,"gate_30",69,TRUE,FALSE
4984248,"gate_30",6,FALSE,FALSE
4984274,"gate_40",254,TRUE,TRUE
4984587,"gate_30",30,TRUE,FALSE
4984656,"gate_40",0,FALSE,FALSE
4984766,"gate_40",38,TRUE,FALSE
4984820,"gate_40",45,TRUE,FALSE
4985001,"gate_30",2,FALSE,FALSE
4985054,"gate_40",437,TRUE,TRUE
4985445,"gate_30",7,FALSE,FALSE
4985472,"gate_40",23,TRUE,FALSE
4985634,"gate_40",14,FALSE,FALSE
4985689,"gate_30",1,TRUE,FALSE
4985697,"gate_40",72,TRUE,FALSE
4985709,"gate_40",15,TRUE,FALSE
4985714,"gate_40",99,TRUE,FALSE
4985787,"gate_30",79,TRUE,FALSE
4985802,"gate_30",1,FALSE,FALSE
4985856,"gate_40",83,TRUE,TRUE
4985992,"gate_30",6,TRUE,FALSE
4986093,"gate_30",8,TRUE,FALSE
4986119,"gate_30",24,FALSE,FALSE
4986178,"gate_40",8,FALSE,TRUE
4986363,"gate_30",11,FALSE,FALSE
4986543,"gate_40",140,TRUE,TRUE
4986587,"gate_30",12,FALSE,FALSE
4986821,"gate_40",24,TRUE,FALSE
4987155,"gate_40",21,TRUE,FALSE
4987563,"gate_40",84,TRUE,FALSE
4987731,"gate_40",55,FALSE,FALSE
4988061,"gate_40",9,FALSE,FALSE
4988152,"gate_30",103,TRUE,FALSE
4988274,"gate_40",82,TRUE,TRUE
4988294,"gate_30",7,FALSE,FALSE
4988407,"gate_40",43,TRUE,FALSE
4988700,"gate_40",73,TRUE,TRUE
4988977,"gate_30",88,TRUE,FALSE
4989243,"gate_30",182,FALSE,FALSE
4989281,"gate_30",44,TRUE,TRUE
4989546,"gate_40",2,FALSE,FALSE
4989625,"gate_40",8,FALSE,FALSE
4989644,"gate_40",2,FALSE,FALSE
4990315,"gate_30",1,FALSE,FALSE
4990377,"gate_40",13,FALSE,FALSE
4990560,"gate_40",1,FALSE,FALSE
4990732,"gate_30",90,TRUE,FALSE
4990859,"gate_40",1,FALSE,FALSE
4990882,"gate_40",34,TRUE,FALSE
4991094,"gate_40",120,FALSE,TRUE
4991126,"gate_40",16,FALSE,FALSE
4991207,"gate_40",10,FALSE,FALSE
4991564,"gate_40",77,TRUE,FALSE
4991763,"gate_40",43,FALSE,TRUE
4991807,"gate_30",1,FALSE,FALSE
4991881,"gate_30",78,TRUE,FALSE
4991907,"gate_40",534,TRUE,TRUE
4992040,"gate_40",4,FALSE,FALSE
4992172,"gate_40",3,FALSE,FALSE
4992191,"gate_30",11,FALSE,FALSE
4992311,"gate_30",36,TRUE,FALSE
4992334,"gate_30",146,TRUE,FALSE
4992353,"gate_40",49,TRUE,FALSE
4992416,"gate_40",35,TRUE,FALSE
4992457,"gate_30",0,FALSE,FALSE
4992722,"gate_40",51,FALSE,FALSE
4992735,"gate_30",79,TRUE,TRUE
4992809,"gate_40",16,TRUE,FALSE
4992828,"gate_30",19,TRUE,FALSE
4993000,"gate_30",419,TRUE,TRUE
4993218,"gate_30",17,TRUE,TRUE
4993252,"gate_40",3,FALSE,FALSE
4993469,"gate_30",12,FALSE,FALSE
4993484,"gate_30",21,TRUE,FALSE
4993851,"gate_30",44,TRUE,FALSE
4994030,"gate_40",18,FALSE,FALSE
4994114,"gate_30",157,TRUE,TRUE
4994160,"gate_30",100,TRUE,FALSE
4994358,"gate_30",38,FALSE,FALSE
4994440,"gate_30",1,FALSE,FALSE
4994445,"gate_30",3,FALSE,FALSE
4994525,"gate_40",98,TRUE,FALSE
4994543,"gate_40",3,FALSE,FALSE
4994688,"gate_30",2,FALSE,FALSE
4994745,"gate_30",19,TRUE,FALSE
4994888,"gate_30",0,FALSE,FALSE
4994988,"gate_40",96,TRUE,TRUE
4995075,"gate_40",54,TRUE,FALSE
4995172,"gate_40",79,TRUE,FALSE
4995202,"gate_30",26,FALSE,FALSE
4995400,"gate_40",2,TRUE,FALSE
4995441,"gate_40",5,FALSE,FALSE
4995708,"gate_40",220,TRUE,TRUE
4995727,"gate_40",9,FALSE,FALSE
4995751,"gate_30",16,TRUE,TRUE
4995793,"gate_30",227,TRUE,TRUE
4995815,"gate_40",0,FALSE,FALSE
4995912,"gate_30",12,FALSE,FALSE
4995962,"gate_30",41,FALSE,TRUE
4996046,"gate_40",22,TRUE,FALSE
4996179,"gate_40",3,FALSE,FALSE
4996261,"gate_40",45,TRUE,FALSE
4996356,"gate_40",16,TRUE,FALSE
4996640,"gate_30",36,TRUE,TRUE
4996665,"gate_40",52,TRUE,FALSE
4996865,"gate_40",67,FALSE,FALSE
4996889,"gate_30",62,TRUE,TRUE
4997061,"gate_40",262,TRUE,TRUE
4997466,"gate_30",1,FALSE,FALSE
4997616,"gate_30",1,FALSE,FALSE
4997781,"gate_40",8,FALSE,FALSE
4997797,"gate_40",27,TRUE,FALSE
4997858,"gate_40",72,TRUE,TRUE
4998023,"gate_40",19,TRUE,FALSE
4998025,"gate_30",5,FALSE,FALSE
4998054,"gate_40",8,TRUE,FALSE
4998126,"gate_30",13,FALSE,FALSE
4998134,"gate_40",3,FALSE,FALSE
4998360,"gate_40",25,FALSE,FALSE
4998484,"gate_40",34,TRUE,FALSE
4998601,"gate_40",16,FALSE,FALSE
4998722,"gate_30",8,FALSE,FALSE
4998775,"gate_30",46,TRUE,FALSE
4999064,"gate_30",11,FALSE,FALSE
4999233,"gate_40",3,FALSE,FALSE
4999618,"gate_40",3,TRUE,FALSE
4999807,"gate_30",71,TRUE,FALSE
4999845,"gate_30",35,TRUE,FALSE
5000118,"gate_30",38,TRUE,FALSE
5000143,"gate_40",67,TRUE,FALSE
5000242,"gate_40",3,FALSE,FALSE
5000697,"gate_30",52,FALSE,FALSE
5000739,"gate_30",27,FALSE,FALSE
5000760,"gate_30",0,FALSE,FALSE
5000909,"gate_30",116,TRUE,TRUE
5001025,"gate_40",10,FALSE,FALSE
5001132,"gate_40",9,FALSE,FALSE
5001389,"gate_30",6,FALSE,FALSE
5001635,"gate_40",8,FALSE,FALSE
5001651,"gate_30",5,FALSE,FALSE
5001705,"gate_30",20,TRUE,FALSE
5001743,"gate_30",5,FALSE,FALSE
5001752,"gate_30",22,TRUE,FALSE
5001754,"gate_40",1,FALSE,FALSE
5001835,"gate_30",42,FALSE,FALSE
5001878,"gate_30",2,FALSE,FALSE
5001993,"gate_40",4,FALSE,FALSE
5002192,"gate_40",7,FALSE,FALSE
5002243,"gate_30",1,FALSE,FALSE
5002271,"gate_30",22,TRUE,FALSE
5002402,"gate_40",7,FALSE,FALSE
5002496,"gate_30",97,TRUE,TRUE
5002695,"gate_30",108,TRUE,TRUE
5002835,"gate_30",9,FALSE,FALSE
5002889,"gate_30",9,FALSE,FALSE
5002959,"gate_30",17,FALSE,FALSE
5003062,"gate_30",79,FALSE,FALSE
5003103,"gate_40",3,FALSE,FALSE
5003132,"gate_30",1,FALSE,FALSE
5003260,"gate_30",275,TRUE,FALSE
5003429,"gate_30",1,FALSE,FALSE
5003540,"gate_40",3,FALSE,FALSE
5003670,"gate_30",16,FALSE,FALSE
5003700,"gate_30",17,TRUE,FALSE
5003771,"gate_30",69,TRUE,FALSE
5003787,"gate_40",4,FALSE,FALSE
5003801,"gate_30",8,FALSE,FALSE
5003873,"gate_40",269,TRUE,TRUE
5004047,"gate_30",19,FALSE,FALSE
5004131,"gate_30",12,TRUE,FALSE
5004212,"gate_30",11,TRUE,FALSE
5004419,"gate_40",2,FALSE,FALSE
5004512,"gate_40",7,FALSE,FALSE
5004531,"gate_40",12,FALSE,FALSE
5004735,"gate_30",0,FALSE,FALSE
5004761,"gate_40",55,TRUE,FALSE
5004902,"gate_40",72,TRUE,FALSE
5004909,"gate_40",4,FALSE,FALSE
5005007,"gate_30",182,TRUE,TRUE
5005099,"gate_30",352,TRUE,TRUE
5005258,"gate_30",11,FALSE,FALSE
5005424,"gate_40",40,TRUE,FALSE
5005653,"gate_40",6,TRUE,FALSE
5005676,"gate_40",184,TRUE,FALSE
5005822,"gate_30",19,TRUE,FALSE
5005842,"gate_40",42,TRUE,FALSE
5005861,"gate_30",18,TRUE,TRUE
5006053,"gate_30",37,TRUE,FALSE
5006129,"gate_30",3,FALSE,FALSE
5006233,"gate_30",27,FALSE,FALSE
5006282,"gate_30",12,FALSE,FALSE
5006337,"gate_40",24,TRUE,FALSE
5006556,"gate_40",291,TRUE,TRUE
5006587,"gate_30",1,FALSE,FALSE
5006590,"gate_40",86,TRUE,TRUE
5006690,"gate_40",74,TRUE,TRUE
5006897,"gate_40",13,FALSE,FALSE
5007028,"gate_40",1,FALSE,FALSE
5007050,"gate_40",164,TRUE,TRUE
5007208,"gate_40",9,FALSE,FALSE
5007329,"gate_40",33,TRUE,TRUE
5007390,"gate_30",1,FALSE,FALSE
5007503,"gate_30",26,FALSE,FALSE
5007563,"gate_40",105,FALSE,FALSE
5007639,"gate_30",41,FALSE,FALSE
5007642,"gate_40",26,FALSE,FALSE
5007739,"gate_40",27,FALSE,FALSE
5007764,"gate_40",13,FALSE,FALSE
5007927,"gate_40",7,TRUE,FALSE
5007988,"gate_30",9,FALSE,FALSE
5008072,"gate_40",8,TRUE,FALSE
5008701,"gate_30",153,TRUE,TRUE
5008887,"gate_40",19,TRUE,FALSE
5009065,"gate_30",47,TRUE,TRUE
5009085,"gate_40",47,FALSE,TRUE
5009094,"gate_40",13,TRUE,FALSE
5009194,"gate_40",917,TRUE,TRUE
5009519,"gate_30",7,FALSE,FALSE
5009594,"gate_30",13,TRUE,FALSE
5009643,"gate_40",1,FALSE,FALSE
5009645,"gate_30",0,FALSE,FALSE
5009728,"gate_40",1,FALSE,FALSE
5009730,"gate_30",6,FALSE,FALSE
5009816,"gate_40",73,TRUE,TRUE
5009869,"gate_40",13,FALSE,FALSE
5009975,"gate_40",26,TRUE,FALSE
5009988,"gate_30",6,TRUE,FALSE
5010031,"gate_30",32,TRUE,FALSE
5010051,"gate_40",137,TRUE,FALSE
5010542,"gate_40",3,TRUE,TRUE
5010565,"gate_40",13,TRUE,FALSE
5010580,"gate_40",120,TRUE,TRUE
5010632,"gate_40",19,FALSE,FALSE
5010664,"gate_30",37,TRUE,TRUE
5010711,"gate_40",40,FALSE,FALSE
5010792,"gate_40",1,TRUE,FALSE
5010837,"gate_40",385,TRUE,FALSE
5010889,"gate_30",2,FALSE,FALSE
5010894,"gate_30",64,FALSE,FALSE
5010984,"gate_30",1,FALSE,FALSE
5011040,"gate_30",8,FALSE,FALSE
5011163,"gate_30",5,FALSE,FALSE
5011289,"gate_30",3,FALSE,FALSE
5011575,"gate_40",69,TRUE,FALSE
5011904,"gate_30",1,FALSE,FALSE
5011910,"gate_40",21,TRUE,FALSE
5012061,"gate_40",1,FALSE,FALSE
5012067,"gate_40",198,TRUE,TRUE
5012248,"gate_30",11,FALSE,FALSE
5012582,"gate_40",28,TRUE,TRUE
5012640,"gate_40",5,FALSE,FALSE
5012677,"gate_30",11,FALSE,FALSE
5012700,"gate_40",45,TRUE,TRUE
5012777,"gate_30",1,FALSE,FALSE
5012939,"gate_40",48,TRUE,FALSE
5012993,"gate_40",121,TRUE,TRUE
5013063,"gate_30",7,FALSE,FALSE
5013150,"gate_30",4,FALSE,FALSE
5013185,"gate_30",3,FALSE,FALSE
5013240,"gate_40",20,TRUE,FALSE
5013333,"gate_40",22,FALSE,FALSE
5013405,"gate_40",182,TRUE,TRUE
5013519,"gate_30",10,TRUE,FALSE
5013580,"gate_30",10,FALSE,FALSE
5013609,"gate_30",21,TRUE,FALSE
5013839,"gate_30",36,TRUE,TRUE
5013991,"gate_40",2,FALSE,FALSE
5014030,"gate_40",7,FALSE,FALSE
5014037,"gate_30",125,TRUE,FALSE
5014324,"gate_30",34,TRUE,FALSE
5014439,"gate_30",0,FALSE,FALSE
5014531,"gate_40",5,FALSE,FALSE
5014636,"gate_40",5,FALSE,FALSE
5014808,"gate_40",27,TRUE,FALSE
5014826,"gate_40",11,FALSE,FALSE
5015087,"gate_40",3,FALSE,FALSE
5015149,"gate_40",109,TRUE,TRUE
5015225,"gate_40",2,FALSE,FALSE
5015264,"gate_40",8,FALSE,FALSE
5015331,"gate_30",50,TRUE,TRUE
5015386,"gate_40",90,TRUE,FALSE
5015406,"gate_40",36,TRUE,FALSE
5015461,"gate_30",0,FALSE,FALSE
5015595,"gate_40",14,FALSE,FALSE
5015680,"gate_30",8,TRUE,FALSE
5015799,"gate_40",3,FALSE,FALSE
5016098,"gate_30",8,FALSE,FALSE
5016244,"gate_30",1,FALSE,FALSE
5016645,"gate_30",96,TRUE,FALSE
5016681,"gate_40",57,TRUE,TRUE
5016683,"gate_30",63,TRUE,TRUE
5017134,"gate_40",174,TRUE,TRUE
5017187,"gate_30",11,TRUE,FALSE
5017372,"gate_30",3,FALSE,FALSE
5017485,"gate_30",3,FALSE,FALSE
5017497,"gate_40",21,FALSE,TRUE
5017724,"gate_30",39,FALSE,FALSE
5017769,"gate_30",53,FALSE,TRUE
5017872,"gate_40",7,FALSE,FALSE
5018054,"gate_40",1,FALSE,FALSE
5018245,"gate_30",128,TRUE,TRUE
5018467,"gate_40",55,TRUE,FALSE
5018666,"gate_30",19,FALSE,FALSE
5018694,"gate_40",1,FALSE,FALSE
5018748,"gate_30",7,FALSE,FALSE
5018814,"gate_30",10,FALSE,FALSE
5018941,"gate_40",16,TRUE,FALSE
5019247,"gate_40",24,FALSE,FALSE
5019571,"gate_40",11,FALSE,FALSE
5019625,"gate_40",39,FALSE,FALSE
5019747,"gate_30",12,FALSE,FALSE
5020087,"gate_40",1,FALSE,FALSE
5020390,"gate_40",0,FALSE,FALSE
5020475,"gate_40",42,TRUE,FALSE
5020618,"gate_40",34,TRUE,FALSE
5020681,"gate_40",2,FALSE,FALSE
5020699,"gate_40",88,TRUE,FALSE
5020751,"gate_30",140,TRUE,TRUE
5020864,"gate_30",0,FALSE,FALSE
5020885,"gate_30",77,FALSE,TRUE
5020948,"gate_30",75,FALSE,TRUE
5021002,"gate_30",40,TRUE,TRUE
5021153,"gate_30",51,FALSE,FALSE
5021642,"gate_40",57,TRUE,FALSE
5021643,"gate_30",2,FALSE,FALSE
5022041,"gate_40",7,FALSE,FALSE
5022189,"gate_30",0,TRUE,FALSE
5022212,"gate_40",16,FALSE,FALSE
5022252,"gate_40",6,FALSE,FALSE
5022336,"gate_40",18,FALSE,FALSE
5022478,"gate_40",219,TRUE,TRUE
5022503,"gate_30",2,FALSE,FALSE
5022622,"gate_40",574,TRUE,TRUE
5022850,"gate_30",392,TRUE,TRUE
5022978,"gate_30",21,TRUE,FALSE
5023035,"gate_40",7,TRUE,FALSE
5023182,"gate_30",99,TRUE,FALSE
5023185,"gate_30",45,TRUE,FALSE
5023329,"gate_30",19,FALSE,FALSE
5023341,"gate_40",34,TRUE,FALSE
5023438,"gate_30",96,FALSE,FALSE
5023569,"gate_30",1,FALSE,FALSE
5023594,"gate_30",31,FALSE,FALSE
5023642,"gate_40",13,TRUE,FALSE
5023758,"gate_30",1,FALSE,FALSE
5023795,"gate_30",235,TRUE,FALSE
5024144,"gate_30",23,FALSE,FALSE
5024216,"gate_40",124,TRUE,FALSE
5024297,"gate_30",35,TRUE,TRUE
5024440,"gate_40",28,TRUE,FALSE
5024716,"gate_40",9,FALSE,FALSE
5024803,"gate_30",43,TRUE,FALSE
5024839,"gate_30",87,TRUE,FALSE
5024984,"gate_40",9,TRUE,FALSE
5025078,"gate_40",25,TRUE,FALSE
5025152,"gate_30",10,TRUE,FALSE
5025404,"gate_40",103,FALSE,TRUE
5025453,"gate_40",6,FALSE,FALSE
5025861,"gate_30",40,TRUE,FALSE
5025996,"gate_40",11,TRUE,FALSE
5026065,"gate_40",12,TRUE,FALSE
5026141,"gate_30",54,TRUE,FALSE
5026241,"gate_40",0,FALSE,FALSE
5026272,"gate_40",77,TRUE,TRUE
5026432,"gate_40",2,FALSE,FALSE
5026441,"gate_40",10,TRUE,FALSE
5026505,"gate_30",11,FALSE,FALSE
5026556,"gate_30",6,TRUE,FALSE
5026642,"gate_30",12,TRUE,FALSE
5027034,"gate_40",9,FALSE,FALSE
5027044,"gate_40",4,FALSE,FALSE
5027138,"gate_30",2,FALSE,FALSE
5027377,"gate_40",1,FALSE,FALSE
5027878,"gate_30",27,FALSE,FALSE
5027888,"gate_30",9,FALSE,FALSE
5028407,"gate_30",2,FALSE,FALSE
5028416,"gate_40",24,FALSE,FALSE
5028441,"gate_40",0,FALSE,FALSE
5028554,"gate_40",52,FALSE,FALSE
5028572,"gate_30",11,FALSE,FALSE
5028592,"gate_30",21,TRUE,TRUE
5028771,"gate_40",72,TRUE,FALSE
5028812,"gate_30",339,TRUE,TRUE
5028881,"gate_30",4,FALSE,FALSE
5028951,"gate_30",16,FALSE,FALSE
5029268,"gate_40",1,FALSE,FALSE
5029524,"gate_30",17,TRUE,FALSE
5029531,"gate_30",3,FALSE,FALSE
5029707,"gate_40",127,TRUE,FALSE
5029752,"gate_40",6,FALSE,FALSE
5029787,"gate_30",2,FALSE,FALSE
5029808,"gate_30",95,TRUE,FALSE
5029926,"gate_40",141,TRUE,TRUE
5030014,"gate_30",12,FALSE,FALSE
5030136,"gate_30",246,TRUE,TRUE
5030238,"gate_30",118,TRUE,TRUE
5030318,"gate_40",104,TRUE,TRUE
5030404,"gate_30",4,FALSE,FALSE
5030462,"gate_40",306,TRUE,TRUE
5030715,"gate_40",17,FALSE,FALSE
5030747,"gate_40",5,FALSE,FALSE
5030880,"gate_40",1,FALSE,FALSE
5030946,"gate_30",1,FALSE,FALSE
5030978,"gate_40",23,TRUE,FALSE
5031056,"gate_30",50,TRUE,TRUE
5031089,"gate_30",75,FALSE,TRUE
5031175,"gate_30",37,TRUE,TRUE
5031207,"gate_30",6,FALSE,FALSE
5031446,"gate_40",8,FALSE,FALSE
5031558,"gate_40",174,TRUE,FALSE
5031577,"gate_30",22,TRUE,FALSE
5031745,"gate_30",24,TRUE,FALSE
5032004,"gate_40",10,FALSE,FALSE
5032089,"gate_40",1,FALSE,FALSE
5032111,"gate_40",33,FALSE,FALSE
5032188,"gate_40",15,TRUE,FALSE
5032304,"gate_40",30,TRUE,FALSE
5032395,"gate_30",58,TRUE,FALSE
5032628,"gate_40",1,TRUE,FALSE
5032674,"gate_30",37,FALSE,FALSE
5032772,"gate_30",64,TRUE,TRUE
5032936,"gate_40",35,TRUE,FALSE
5032942,"gate_40",79,TRUE,FALSE
5033074,"gate_40",9,FALSE,FALSE
5033091,"gate_30",47,TRUE,FALSE
5033092,"gate_40",38,TRUE,TRUE
5033102,"gate_30",2,TRUE,FALSE
5033132,"gate_40",2,FALSE,FALSE
5033273,"gate_30",3,FALSE,FALSE
5033354,"gate_30",3,FALSE,FALSE
5033424,"gate_30",4,FALSE,FALSE
5033498,"gate_30",47,TRUE,FALSE
5033505,"gate_30",3,FALSE,FALSE
5033508,"gate_30",11,TRUE,TRUE
5033658,"gate_30",3,TRUE,FALSE
5033763,"gate_40",111,FALSE,FALSE
5033885,"gate_30",0,FALSE,FALSE
5033888,"gate_40",24,FALSE,FALSE
5033898,"gate_30",122,TRUE,FALSE
5033987,"gate_40",54,TRUE,TRUE
5034029,"gate_40",72,TRUE,TRUE
5034127,"gate_40",6,FALSE,FALSE
5034140,"gate_30",115,TRUE,TRUE
5034169,"gate_40",17,TRUE,FALSE
5034248,"gate_30",5,FALSE,FALSE
5034316,"gate_40",8,FALSE,FALSE
5034387,"gate_40",11,FALSE,FALSE
5034478,"gate_40",1,FALSE,FALSE
5034484,"gate_40",110,TRUE,TRUE
5034607,"gate_40",14,TRUE,FALSE
5034671,"gate_30",133,TRUE,TRUE
5035252,"gate_40",0,FALSE,FALSE
5035354,"gate_30",7,FALSE,FALSE
5035464,"gate_30",47,FALSE,TRUE
5035632,"gate_40",18,FALSE,FALSE
5035823,"gate_40",30,TRUE,FALSE
5035869,"gate_30",20,TRUE,FALSE
5035934,"gate_40",2,FALSE,FALSE
5035952,"gate_30",22,TRUE,FALSE
5036059,"gate_30",34,FALSE,FALSE
5036074,"gate_40",5,FALSE,FALSE
5036296,"gate_40",102,FALSE,TRUE
5036355,"gate_40",79,FALSE,TRUE
5036645,"gate_40",23,TRUE,TRUE
5036652,"gate_30",15,FALSE,FALSE
5036699,"gate_30",9,FALSE,FALSE
5036701,"gate_30",6,TRUE,FALSE
5036743,"gate_30",64,TRUE,TRUE
5036754,"gate_30",12,FALSE,FALSE
5036781,"gate_40",8,FALSE,FALSE
5036795,"gate_40",3,FALSE,FALSE
5036951,"gate_40",0,FALSE,FALSE
5036963,"gate_30",112,TRUE,TRUE
5037046,"gate_40",5,FALSE,FALSE
5037059,"gate_30",18,FALSE,FALSE
5037088,"gate_30",0,FALSE,FALSE
5037124,"gate_40",2,FALSE,FALSE
5037299,"gate_40",17,TRUE,FALSE
5037436,"gate_30",74,TRUE,TRUE
5037493,"gate_40",33,TRUE,FALSE
5037641,"gate_30",13,FALSE,FALSE
5037692,"gate_30",25,TRUE,FALSE
5037793,"gate_40",22,TRUE,FALSE
5037817,"gate_40",107,TRUE,TRUE
5037892,"gate_40",3,FALSE,FALSE
5037938,"gate_30",1,FALSE,FALSE
5038024,"gate_40",136,TRUE,TRUE
5038159,"gate_40",14,FALSE,FALSE
5038360,"gate_30",5,FALSE,FALSE
5038561,"gate_40",2,FALSE,FALSE
5038750,"gate_30",0,FALSE,FALSE
5038841,"gate_30",13,FALSE,FALSE
5038867,"gate_30",26,FALSE,FALSE
5038873,"gate_30",85,TRUE,TRUE
5038955,"gate_30",38,FALSE,TRUE
5039310,"gate_30",53,TRUE,FALSE
5039352,"gate_40",103,TRUE,FALSE
5039379,"gate_40",4,FALSE,FALSE
5039458,"gate_30",117,TRUE,FALSE
5039481,"gate_30",9,TRUE,FALSE
5039796,"gate_30",31,TRUE,TRUE
5039813,"gate_40",74,TRUE,FALSE
5039992,"gate_40",369,TRUE,TRUE
5040004,"gate_40",5,FALSE,FALSE
5040088,"gate_30",16,TRUE,FALSE
5040159,"gate_30",19,TRUE,TRUE
5040182,"gate_40",4,FALSE,FALSE
5040252,"gate_30",2,FALSE,FALSE
5040361,"gate_30",2,FALSE,FALSE
5040453,"gate_40",13,TRUE,FALSE
5040537,"gate_30",2,FALSE,FALSE
5040551,"gate_30",11,TRUE,FALSE
5040553,"gate_30",76,TRUE,TRUE
5040603,"gate_40",71,TRUE,FALSE
5040885,"gate_30",36,FALSE,FALSE
5040915,"gate_30",91,FALSE,FALSE
5040956,"gate_40",14,FALSE,FALSE
5041329,"gate_40",399,TRUE,TRUE
5041354,"gate_30",292,FALSE,TRUE
5041369,"gate_40",32,TRUE,TRUE
5041588,"gate_30",58,TRUE,FALSE
5041701,"gate_30",2,FALSE,FALSE
5041708,"gate_30",195,TRUE,FALSE
5041710,"gate_40",8,FALSE,FALSE
5041919,"gate_30",183,TRUE,TRUE
5041957,"gate_30",83,TRUE,TRUE
5042090,"gate_40",14,FALSE,FALSE
5042161,"gate_40",12,FALSE,FALSE
5042221,"gate_40",2,FALSE,FALSE
5042226,"gate_40",2,FALSE,FALSE
5042434,"gate_40",24,TRUE,FALSE
5042491,"gate_40",20,FALSE,FALSE
5042738,"gate_30",18,TRUE,FALSE
5043065,"gate_30",34,TRUE,FALSE
5043488,"gate_40",2,FALSE,FALSE
5043520,"gate_30",58,TRUE,TRUE
5043542,"gate_40",35,TRUE,FALSE
5043677,"gate_40",64,FALSE,FALSE
5043718,"gate_30",3,FALSE,FALSE
5043732,"gate_40",26,TRUE,FALSE
5043761,"gate_30",1,TRUE,FALSE
5043876,"gate_30",0,FALSE,FALSE
5044030,"gate_40",66,TRUE,TRUE
5044237,"gate_40",17,TRUE,FALSE
5044243,"gate_40",80,FALSE,FALSE
5044407,"gate_40",4,FALSE,FALSE
5044455,"gate_40",0,TRUE,FALSE
5044540,"gate_40",7,FALSE,FALSE
5044575,"gate_30",184,TRUE,TRUE
5044768,"gate_40",1,FALSE,FALSE
5045028,"gate_30",48,TRUE,FALSE
5045441,"gate_40",22,FALSE,FALSE
5045567,"gate_30",172,TRUE,TRUE
5045641,"gate_40",25,TRUE,FALSE
5045694,"gate_30",15,FALSE,FALSE
5045709,"gate_40",16,TRUE,FALSE
5045796,"gate_30",1,FALSE,FALSE
5045840,"gate_30",6,FALSE,FALSE
5045888,"gate_30",13,FALSE,FALSE
5045933,"gate_30",24,TRUE,FALSE
5045957,"gate_30",11,FALSE,FALSE
5045959,"gate_30",70,TRUE,TRUE
5046093,"gate_30",8,FALSE,FALSE
5046217,"gate_30",211,TRUE,TRUE
5046303,"gate_30",26,FALSE,TRUE
5046382,"gate_40",42,TRUE,FALSE
5046468,"gate_40",35,TRUE,TRUE
5046559,"gate_30",33,TRUE,FALSE
5046649,"gate_40",130,TRUE,TRUE
5046738,"gate_40",78,TRUE,TRUE
5047125,"gate_40",27,TRUE,TRUE
5047288,"gate_40",25,FALSE,FALSE
5047726,"gate_40",139,TRUE,TRUE
5047823,"gate_40",1,FALSE,FALSE
5047830,"gate_40",1,FALSE,FALSE
5048051,"gate_40",74,TRUE,TRUE
5048077,"gate_40",1,FALSE,FALSE
5048112,"gate_30",15,FALSE,FALSE
5048336,"gate_40",13,TRUE,TRUE
5048452,"gate_30",8,TRUE,FALSE
5048821,"gate_40",30,TRUE,TRUE
5048891,"gate_40",6,TRUE,FALSE
5048945,"gate_30",31,TRUE,FALSE
5048946,"gate_30",21,TRUE,FALSE
5049085,"gate_30",3,FALSE,FALSE
5049296,"gate_30",14,FALSE,FALSE
5049322,"gate_30",15,TRUE,FALSE
5049398,"gate_30",4,FALSE,FALSE
5049450,"gate_30",16,TRUE,FALSE
5049562,"gate_30",13,FALSE,FALSE
5049850,"gate_30",7,FALSE,FALSE
5050011,"gate_30",5,FALSE,FALSE
5050088,"gate_30",2,FALSE,FALSE
5050127,"gate_40",4,FALSE,FALSE
5050204,"gate_40",48,TRUE,FALSE
5050695,"gate_40",3,FALSE,FALSE
5050706,"gate_30",5,FALSE,FALSE
5050739,"gate_30",194,TRUE,FALSE
5050804,"gate_30",381,TRUE,FALSE
5050833,"gate_40",308,TRUE,TRUE
5050844,"gate_40",97,TRUE,FALSE
5051007,"gate_40",51,TRUE,FALSE
5051268,"gate_30",12,TRUE,FALSE
5051269,"gate_30",51,TRUE,FALSE
5051286,"gate_30",18,FALSE,FALSE
5051357,"gate_30",124,TRUE,TRUE
5051393,"gate_40",35,FALSE,TRUE
5051408,"gate_40",46,TRUE,FALSE
5051453,"gate_30",21,FALSE,FALSE
5051797,"gate_30",16,TRUE,FALSE
5051808,"gate_30",10,FALSE,FALSE
5051971,"gate_40",31,TRUE,FALSE
5052017,"gate_40",13,FALSE,FALSE
5052019,"gate_30",16,FALSE,FALSE
5052121,"gate_40",2,FALSE,FALSE
5052199,"gate_40",86,TRUE,FALSE
5052246,"gate_30",20,FALSE,FALSE
5052342,"gate_40",2,FALSE,FALSE
5052529,"gate_30",23,FALSE,FALSE
5052568,"gate_30",18,FALSE,FALSE
5052664,"gate_40",32,TRUE,FALSE
5052794,"gate_30",0,FALSE,FALSE
5053003,"gate_30",534,TRUE,TRUE
5053037,"gate_40",10,FALSE,FALSE
5053078,"gate_30",3,FALSE,FALSE
5053129,"gate_40",36,TRUE,FALSE
5053216,"gate_30",3,FALSE,FALSE
5053301,"gate_30",44,TRUE,FALSE
5053427,"gate_30",206,TRUE,TRUE
5053569,"gate_40",4,FALSE,FALSE
5053827,"gate_30",17,FALSE,FALSE
5053829,"gate_40",3,TRUE,FALSE
5053911,"gate_30",32,FALSE,TRUE
5054264,"gate_40",62,TRUE,FALSE
5054291,"gate_40",13,FALSE,FALSE
5054310,"gate_30",9,TRUE,FALSE
5054382,"gate_40",1,FALSE,FALSE
5054445,"gate_30",2,FALSE,FALSE
5054467,"gate_40",3,FALSE,FALSE
5054502,"gate_40",6,FALSE,FALSE
5054757,"gate_30",10,TRUE,FALSE
5054847,"gate_30",100,TRUE,TRUE
5054891,"gate_30",2,FALSE,FALSE
5054950,"gate_40",9,FALSE,FALSE
5055204,"gate_40",6,FALSE,FALSE
5055261,"gate_40",8,FALSE,FALSE
5055311,"gate_30",8,TRUE,FALSE
5055432,"gate_30",0,FALSE,FALSE
5055781,"gate_40",150,TRUE,FALSE
5055809,"gate_30",252,TRUE,TRUE
5055893,"gate_30",4,FALSE,FALSE
5055912,"gate_30",20,TRUE,FALSE
5055923,"gate_30",2,FALSE,FALSE
5056031,"gate_40",0,FALSE,FALSE
5056150,"gate_30",103,TRUE,TRUE
5056362,"gate_40",15,FALSE,FALSE
5056408,"gate_40",0,FALSE,FALSE
5056501,"gate_30",1,FALSE,FALSE
5056547,"gate_40",47,TRUE,FALSE
5056811,"gate_40",69,TRUE,TRUE
5056832,"gate_40",32,FALSE,TRUE
5056837,"gate_40",117,TRUE,FALSE
5056909,"gate_40",0,FALSE,FALSE
5057124,"gate_30",39,TRUE,TRUE
5057359,"gate_40",0,FALSE,FALSE
5057401,"gate_30",43,TRUE,FALSE
5057407,"gate_30",277,TRUE,TRUE
5057485,"gate_30",11,FALSE,FALSE
5057535,"gate_40",0,FALSE,FALSE
5057718,"gate_30",108,TRUE,FALSE
5057838,"gate_30",14,TRUE,FALSE
5057913,"gate_30",53,TRUE,FALSE
5058107,"gate_40",10,FALSE,FALSE
5058109,"gate_40",36,FALSE,TRUE
5058192,"gate_40",23,FALSE,FALSE
5058269,"gate_40",10,FALSE,FALSE
5058545,"gate_30",3,FALSE,FALSE
5058583,"gate_30",31,FALSE,FALSE
5058633,"gate_30",46,TRUE,TRUE
5058658,"gate_30",9,FALSE,FALSE
5058748,"gate_40",14,FALSE,FALSE
5058835,"gate_30",34,TRUE,FALSE
5058892,"gate_30",9,FALSE,FALSE
5058935,"gate_40",69,TRUE,FALSE
5058974,"gate_30",259,TRUE,TRUE
5059118,"gate_30",25,FALSE,FALSE
5059285,"gate_40",117,TRUE,TRUE
5059686,"gate_40",274,TRUE,TRUE
5059700,"gate_40",7,FALSE,FALSE
5059715,"gate_30",31,FALSE,TRUE
5059773,"gate_30",0,FALSE,FALSE
5059777,"gate_40",6,TRUE,FALSE
5060106,"gate_30",2,FALSE,FALSE
5060208,"gate_40",13,FALSE,FALSE
5060222,"gate_40",2,FALSE,FALSE
5060253,"gate_30",7,TRUE,FALSE
5060499,"gate_40",10,FALSE,FALSE
5060623,"gate_40",93,TRUE,TRUE
5060722,"gate_40",6,FALSE,FALSE
5060928,"gate_40",104,TRUE,FALSE
5060978,"gate_30",57,TRUE,FALSE
5061017,"gate_40",3,FALSE,FALSE
5061702,"gate_40",1,FALSE,FALSE
5061722,"gate_40",5,FALSE,FALSE
5062096,"gate_30",93,TRUE,TRUE
5062193,"gate_40",1,FALSE,FALSE
5062250,"gate_30",7,FALSE,FALSE
5062314,"gate_40",9,FALSE,FALSE
5062400,"gate_30",22,TRUE,TRUE
5062463,"gate_40",9,FALSE,FALSE
5062572,"gate_40",113,TRUE,FALSE
5062790,"gate_30",46,TRUE,FALSE
5062793,"gate_30",29,FALSE,FALSE
5063078,"gate_30",0,FALSE,FALSE
5063275,"gate_40",75,FALSE,FALSE
5063340,"gate_30",100,TRUE,FALSE
5063388,"gate_40",1,FALSE,FALSE
5063504,"gate_40",3,FALSE,FALSE
5063598,"gate_30",4,FALSE,FALSE
5063631,"gate_30",23,FALSE,FALSE
5063657,"gate_30",39,TRUE,FALSE
5063719,"gate_40",11,TRUE,FALSE
5063815,"gate_30",2,FALSE,FALSE
5063886,"gate_40",29,FALSE,FALSE
5063930,"gate_40",59,TRUE,TRUE
5064115,"gate_30",161,TRUE,FALSE
5064123,"gate_40",169,FALSE,TRUE
5064232,"gate_30",11,FALSE,FALSE
5064311,"gate_40",49,TRUE,FALSE
5064585,"gate_40",33,TRUE,FALSE
5064639,"gate_30",4,FALSE,FALSE
5064875,"gate_30",5,FALSE,FALSE
5065016,"gate_30",36,FALSE,FALSE
5065106,"gate_40",14,FALSE,FALSE
5065248,"gate_30",2,FALSE,FALSE
5065334,"gate_30",12,FALSE,FALSE
5065758,"gate_40",0,FALSE,FALSE
5065979,"gate_30",6,FALSE,FALSE
5066155,"gate_30",6,FALSE,FALSE
5066165,"gate_40",5,FALSE,FALSE
5066177,"gate_30",60,TRUE,FALSE
5066204,"gate_30",4,FALSE,FALSE
5066213,"gate_40",340,TRUE,TRUE
5066382,"gate_40",13,FALSE,FALSE
5066471,"gate_40",33,TRUE,FALSE
5066640,"gate_30",76,TRUE,TRUE
5066974,"gate_30",27,FALSE,FALSE
5067033,"gate_30",11,FALSE,FALSE
5067039,"gate_30",1,FALSE,FALSE
5067308,"gate_40",29,TRUE,FALSE
5067316,"gate_30",68,FALSE,FALSE
5067321,"gate_40",2,FALSE,FALSE
5067458,"gate_30",11,TRUE,FALSE
5067476,"gate_40",119,TRUE,TRUE
5067651,"gate_40",21,FALSE,FALSE
5067851,"gate_40",10,FALSE,FALSE
5067887,"gate_30",2,TRUE,FALSE
5067987,"gate_40",3,FALSE,FALSE
5068037,"gate_40",1,FALSE,FALSE
5068235,"gate_40",2,FALSE,FALSE
5068672,"gate_30",9,FALSE,FALSE
5068720,"gate_30",123,TRUE,TRUE
5068746,"gate_40",0,FALSE,FALSE
5068795,"gate_30",12,FALSE,FALSE
5068824,"gate_40",0,FALSE,FALSE
5068942,"gate_40",3,FALSE,FALSE
5069005,"gate_30",113,TRUE,TRUE
5069036,"gate_30",11,TRUE,TRUE
5069109,"gate_30",45,TRUE,FALSE
5069320,"gate_40",19,FALSE,FALSE
5069374,"gate_40",214,TRUE,TRUE
5069403,"gate_30",2,FALSE,FALSE
5069780,"gate_30",47,TRUE,FALSE
5069865,"gate_40",4,FALSE,FALSE
5070031,"gate_30",64,TRUE,FALSE
5070082,"gate_40",2,FALSE,FALSE
5070170,"gate_40",37,TRUE,FALSE
5070209,"gate_40",19,TRUE,FALSE
5070368,"gate_30",6,FALSE,FALSE
5070428,"gate_30",4,FALSE,FALSE
5070578,"gate_40",11,FALSE,FALSE
5070803,"gate_40",5,FALSE,FALSE
5070839,"gate_40",434,TRUE,TRUE
5070878,"gate_30",6,FALSE,FALSE
5070926,"gate_30",1,FALSE,FALSE
5071012,"gate_30",210,TRUE,TRUE
5071020,"gate_40",4,FALSE,FALSE
5071030,"gate_40",4,FALSE,FALSE
5071169,"gate_30",2,FALSE,FALSE
5071194,"gate_40",8,TRUE,FALSE
5071343,"gate_30",69,TRUE,TRUE
5072016,"gate_40",10,FALSE,FALSE
5072019,"gate_30",22,TRUE,FALSE
5072036,"gate_40",13,FALSE,FALSE
5072037,"gate_40",6,FALSE,FALSE
5072169,"gate_30",0,FALSE,FALSE
5072177,"gate_40",8,TRUE,FALSE
5072235,"gate_40",49,TRUE,FALSE
5072500,"gate_30",8,FALSE,FALSE
5072517,"gate_30",10,TRUE,FALSE
5072523,"gate_30",20,TRUE,FALSE
5072572,"gate_30",10,FALSE,FALSE
5072686,"gate_30",7,FALSE,FALSE
5072829,"gate_30",48,FALSE,FALSE
5072921,"gate_30",4,FALSE,FALSE
5072988,"gate_30",9,FALSE,FALSE
5072991,"gate_30",17,FALSE,FALSE
5073000,"gate_40",48,FALSE,FALSE
5073032,"gate_40",0,FALSE,FALSE
5073291,"gate_30",187,TRUE,TRUE
5073327,"gate_40",19,FALSE,FALSE
5073353,"gate_40",0,FALSE,FALSE
5073695,"gate_30",5,FALSE,FALSE
5073722,"gate_40",32,TRUE,FALSE
5073733,"gate_40",12,TRUE,FALSE
5074044,"gate_40",27,FALSE,FALSE
5074259,"gate_30",34,FALSE,FALSE
5074441,"gate_40",3,FALSE,FALSE
5074496,"gate_40",2,FALSE,FALSE
5074667,"gate_40",2,TRUE,FALSE
5074711,"gate_30",37,FALSE,TRUE
5074749,"gate_40",3,FALSE,FALSE
5074763,"gate_30",3,FALSE,FALSE
5074969,"gate_40",7,FALSE,FALSE
5075037,"gate_30",0,FALSE,FALSE
5075222,"gate_30",4,FALSE,FALSE
5075272,"gate_30",11,TRUE,FALSE
5075458,"gate_30",118,TRUE,FALSE
5075525,"gate_30",19,FALSE,FALSE
5075556,"gate_30",18,TRUE,TRUE
5075608,"gate_30",19,TRUE,FALSE
5075745,"gate_30",15,TRUE,FALSE
5075747,"gate_40",200,TRUE,TRUE
5075948,"gate_40",181,TRUE,TRUE
5075978,"gate_30",441,TRUE,TRUE
5076273,"gate_30",3,FALSE,FALSE
5076298,"gate_30",11,TRUE,FALSE
5076310,"gate_30",9,FALSE,FALSE
5076318,"gate_30",29,TRUE,TRUE
5076322,"gate_40",179,TRUE,TRUE
5076461,"gate_30",184,FALSE,TRUE
5076720,"gate_30",27,FALSE,FALSE
5076767,"gate_30",65,FALSE,TRUE
5076974,"gate_30",110,TRUE,TRUE
5077016,"gate_40",7,FALSE,FALSE
5077145,"gate_30",24,TRUE,FALSE
5077263,"gate_40",0,FALSE,FALSE
5077459,"gate_30",19,TRUE,FALSE
5077862,"gate_30",1,FALSE,FALSE
5077899,"gate_40",57,FALSE,TRUE
5077984,"gate_40",13,TRUE,FALSE
5077990,"gate_30",306,TRUE,TRUE
5078354,"gate_40",6,TRUE,FALSE
5078356,"gate_40",3,FALSE,FALSE
5078604,"gate_40",38,FALSE,FALSE
5078920,"gate_40",45,TRUE,FALSE
5079000,"gate_30",4,FALSE,FALSE
5079126,"gate_40",45,FALSE,FALSE
5079154,"gate_40",1,FALSE,FALSE
5079255,"gate_40",5,FALSE,FALSE
5079295,"gate_30",25,FALSE,FALSE
5079451,"gate_30",93,TRUE,TRUE
5079457,"gate_30",17,FALSE,FALSE
5079698,"gate_40",7,FALSE,FALSE
5079818,"gate_30",8,FALSE,FALSE
5079990,"gate_40",3,FALSE,FALSE
5080095,"gate_30",65,TRUE,FALSE
5080118,"gate_40",29,TRUE,FALSE
5080167,"gate_30",31,FALSE,FALSE
5080195,"gate_30",121,TRUE,TRUE
5080215,"gate_40",3,FALSE,FALSE
5080218,"gate_30",6,FALSE,FALSE
5080233,"gate_40",4,FALSE,FALSE
5080488,"gate_40",1,FALSE,FALSE
5080573,"gate_40",3,FALSE,FALSE
5080577,"gate_40",0,FALSE,FALSE
5080780,"gate_40",1,FALSE,FALSE
5080791,"gate_40",2,FALSE,FALSE
5080929,"gate_40",3,FALSE,FALSE
5080960,"gate_30",9,FALSE,FALSE
5080966,"gate_30",4,FALSE,FALSE
5080980,"gate_30",29,TRUE,FALSE
5081076,"gate_40",11,FALSE,FALSE
5081239,"gate_40",15,FALSE,FALSE
5081378,"gate_40",3,FALSE,FALSE
5081444,"gate_40",2,FALSE,FALSE
5081542,"gate_30",10,FALSE,FALSE
5081620,"gate_40",0,FALSE,FALSE
5081636,"gate_40",1,FALSE,FALSE
5081764,"gate_40",13,FALSE,FALSE
5081829,"gate_40",2,FALSE,FALSE
5081886,"gate_30",84,TRUE,FALSE
5081932,"gate_40",346,TRUE,TRUE
5082067,"gate_40",25,FALSE,FALSE
5082073,"gate_30",156,TRUE,TRUE
5082077,"gate_40",64,TRUE,FALSE
5082170,"gate_30",21,FALSE,FALSE
5082184,"gate_30",11,FALSE,FALSE
5082203,"gate_40",15,FALSE,FALSE
5082263,"gate_40",62,TRUE,FALSE
5082496,"gate_40",3,FALSE,FALSE
5082658,"gate_30",4,FALSE,FALSE
5082661,"gate_30",9,FALSE,FALSE
5082682,"gate_40",7,FALSE,FALSE
5082944,"gate_30",0,FALSE,FALSE
5082982,"gate_40",33,TRUE,FALSE
5083058,"gate_30",1,FALSE,FALSE
5083095,"gate_40",40,FALSE,FALSE
5083157,"gate_40",9,FALSE,FALSE
5083304,"gate_40",12,TRUE,FALSE
5083460,"gate_40",93,TRUE,TRUE
5083505,"gate_30",71,TRUE,TRUE
5083540,"gate_30",43,TRUE,FALSE
5083596,"gate_40",0,FALSE,FALSE
5084250,"gate_30",32,FALSE,FALSE
5084255,"gate_30",21,FALSE,FALSE
5084384,"gate_30",7,FALSE,FALSE
5084418,"gate_30",2,FALSE,FALSE
5084449,"gate_30",10,FALSE,FALSE
5084640,"gate_30",1,FALSE,FALSE
5084717,"gate_30",16,FALSE,TRUE
5084780,"gate_40",67,FALSE,FALSE
5085053,"gate_30",24,FALSE,FALSE
5085211,"gate_30",9,FALSE,FALSE
5085218,"gate_40",63,TRUE,FALSE
5085278,"gate_40",20,FALSE,FALSE
5085310,"gate_30",149,TRUE,FALSE
5085489,"gate_30",5,FALSE,FALSE
5085492,"gate_30",16,FALSE,FALSE
5085633,"gate_40",77,TRUE,FALSE
5085843,"gate_40",5,FALSE,FALSE
5085964,"gate_30",13,TRUE,FALSE
5085978,"gate_30",1,FALSE,FALSE
5086274,"gate_30",65,TRUE,FALSE
5086486,"gate_40",4,FALSE,FALSE
5086586,"gate_30",41,TRUE,FALSE
5086621,"gate_30",71,TRUE,TRUE
5086652,"gate_40",5,FALSE,FALSE
5086938,"gate_30",27,FALSE,FALSE
5086954,"gate_30",31,FALSE,FALSE
5087004,"gate_30",49,TRUE,FALSE
5087082,"gate_30",11,TRUE,FALSE
5087089,"gate_30",69,TRUE,FALSE
5087151,"gate_30",15,TRUE,FALSE
5087351,"gate_30",15,TRUE,FALSE
5087554,"gate_30",0,FALSE,FALSE
5087620,"gate_30",6,FALSE,FALSE
5087651,"gate_30",2,TRUE,FALSE
5087730,"gate_30",25,FALSE,TRUE
5088007,"gate_30",70,TRUE,FALSE
5088013,"gate_30",7,FALSE,FALSE
5088063,"gate_40",4,FALSE,FALSE
5088165,"gate_30",36,TRUE,FALSE
5088187,"gate_40",8,TRUE,FALSE
5088305,"gate_40",154,TRUE,TRUE
5088464,"gate_30",8,FALSE,FALSE
5088496,"gate_40",25,TRUE,FALSE
5088525,"gate_40",12,FALSE,FALSE
5088640,"gate_40",79,TRUE,TRUE
5088706,"gate_40",72,TRUE,TRUE
5088733,"gate_30",35,TRUE,FALSE
5088864,"gate_30",64,TRUE,TRUE
5089038,"gate_40",55,TRUE,FALSE
5089213,"gate_30",3,FALSE,FALSE
5089265,"gate_40",7,FALSE,TRUE
5089451,"gate_40",69,TRUE,FALSE
5089878,"gate_40",159,TRUE,TRUE
5090192,"gate_30",15,FALSE,TRUE
5090602,"gate_30",0,FALSE,FALSE
5090802,"gate_30",6,FALSE,FALSE
5090812,"gate_40",0,FALSE,FALSE
5091039,"gate_40",24,FALSE,FALSE
5091067,"gate_40",5,FALSE,FALSE
5091234,"gate_30",10,FALSE,FALSE
5091327,"gate_30",17,TRUE,FALSE
5091373,"gate_30",12,FALSE,FALSE
5091425,"gate_40",76,FALSE,TRUE
5091504,"gate_40",57,TRUE,TRUE
5091508,"gate_30",7,FALSE,FALSE
5091692,"gate_40",39,TRUE,FALSE
5091759,"gate_40",459,TRUE,TRUE
5091769,"gate_40",106,TRUE,FALSE
5091854,"gate_30",160,TRUE,TRUE
5091905,"gate_30",143,TRUE,TRUE
5091946,"gate_30",4,FALSE,FALSE
5091952,"gate_30",7,TRUE,FALSE
5092029,"gate_40",11,FALSE,FALSE
5092149,"gate_30",0,TRUE,FALSE
5092172,"gate_40",4,FALSE,FALSE
5092277,"gate_30",14,FALSE,FALSE
5092313,"gate_30",137,TRUE,FALSE
5092378,"gate_30",13,TRUE,FALSE
5092387,"gate_30",1,FALSE,FALSE
5092401,"gate_40",1,FALSE,FALSE
5092419,"gate_30",810,FALSE,TRUE
5092536,"gate_30",4,FALSE,FALSE
5092651,"gate_30",3,FALSE,FALSE
5092865,"gate_40",19,FALSE,FALSE
5093034,"gate_30",5,TRUE,FALSE
5093078,"gate_30",73,TRUE,TRUE
5093143,"gate_30",22,FALSE,FALSE
5093156,"gate_40",1,FALSE,FALSE
5093394,"gate_40",2,TRUE,FALSE
5093396,"gate_30",3,FALSE,FALSE
5093491,"gate_30",5,FALSE,FALSE
5093492,"gate_30",64,TRUE,FALSE
5093602,"gate_40",16,FALSE,FALSE
5093637,"gate_40",13,FALSE,FALSE
5093735,"gate_30",8,FALSE,FALSE
5093799,"gate_40",7,TRUE,FALSE
5093838,"gate_30",19,TRUE,FALSE
5094008,"gate_40",20,TRUE,FALSE
5094032,"gate_40",27,FALSE,FALSE
5094084,"gate_30",14,FALSE,FALSE
5094426,"gate_30",13,FALSE,FALSE
5094431,"gate_40",2,TRUE,FALSE
5094485,"gate_30",362,FALSE,FALSE
5094629,"gate_40",44,FALSE,FALSE
5094641,"gate_40",70,TRUE,TRUE
5094755,"gate_30",147,TRUE,FALSE
5094813,"gate_40",40,FALSE,FALSE
5094952,"gate_40",42,TRUE,FALSE
5095096,"gate_30",23,TRUE,TRUE
5095146,"gate_30",17,FALSE,FALSE
5095302,"gate_40",63,TRUE,TRUE
5095358,"gate_30",3,FALSE,FALSE
5095448,"gate_40",254,TRUE,TRUE
5095466,"gate_40",68,TRUE,FALSE
5095921,"gate_30",36,TRUE,FALSE
5096011,"gate_30",18,FALSE,FALSE
5096240,"gate_30",84,TRUE,TRUE
5096315,"gate_30",472,TRUE,TRUE
5096335,"gate_40",22,FALSE,FALSE
5096497,"gate_40",1,FALSE,FALSE
5096508,"gate_30",8,FALSE,FALSE
5096755,"gate_30",0,FALSE,FALSE
5096780,"gate_30",99,TRUE,TRUE
5096872,"gate_30",54,TRUE,TRUE
5097092,"gate_30",1,FALSE,FALSE
5097366,"gate_30",19,FALSE,TRUE
5097544,"gate_40",14,TRUE,FALSE
5097613,"gate_30",14,FALSE,FALSE
5097619,"gate_40",10,FALSE,FALSE
5097624,"gate_30",208,TRUE,FALSE
5097940,"gate_40",14,FALSE,FALSE
5098117,"gate_40",4,FALSE,FALSE
5098186,"gate_40",118,TRUE,FALSE
5098206,"gate_40",286,FALSE,TRUE
5098632,"gate_40",6,FALSE,FALSE
5098741,"gate_30",12,FALSE,FALSE
5098942,"gate_40",107,FALSE,TRUE
5099182,"gate_30",76,TRUE,TRUE
5099265,"gate_40",36,TRUE,FALSE
5099730,"gate_40",355,TRUE,TRUE
5099882,"gate_40",40,TRUE,FALSE
5099964,"gate_40",9,FALSE,FALSE
5100009,"gate_30",1,FALSE,FALSE
5100066,"gate_40",68,TRUE,FALSE
5100284,"gate_40",26,TRUE,FALSE
5100306,"gate_30",81,TRUE,FALSE
5100350,"gate_40",6,FALSE,FALSE
5100446,"gate_40",3,TRUE,FALSE
5100578,"gate_30",3,FALSE,FALSE
5100776,"gate_40",391,TRUE,TRUE
5100854,"gate_30",2,FALSE,FALSE
5100925,"gate_30",12,TRUE,FALSE
5100944,"gate_40",167,TRUE,TRUE
5101008,"gate_40",6,FALSE,FALSE
5101148,"gate_40",30,FALSE,TRUE
5101707,"gate_30",90,TRUE,FALSE
5102102,"gate_30",10,FALSE,FALSE
5102107,"gate_40",20,TRUE,FALSE
5102126,"gate_30",43,TRUE,FALSE
5102128,"gate_40",147,FALSE,FALSE
5102186,"gate_40",1,FALSE,FALSE
5102275,"gate_40",23,TRUE,FALSE
5102282,"gate_30",4,FALSE,FALSE
5102340,"gate_40",1,FALSE,FALSE
5102343,"gate_40",126,TRUE,TRUE
5102516,"gate_40",229,TRUE,TRUE
5102555,"gate_40",31,TRUE,FALSE
5102594,"gate_30",31,FALSE,FALSE
5103037,"gate_40",3,FALSE,FALSE
5103040,"gate_40",121,TRUE,FALSE
5103041,"gate_30",19,FALSE,FALSE
5103047,"gate_30",3,FALSE,FALSE
5103127,"gate_40",0,FALSE,FALSE
5103204,"gate_40",7,FALSE,FALSE
5103518,"gate_30",123,TRUE,TRUE
5103520,"gate_40",7,FALSE,FALSE
5103756,"gate_40",11,TRUE,FALSE
5104287,"gate_40",43,TRUE,FALSE
5104750,"gate_40",13,TRUE,FALSE
5104795,"gate_30",3,FALSE,FALSE
5104831,"gate_40",2,FALSE,FALSE
5104864,"gate_40",32,TRUE,FALSE
5105158,"gate_40",72,FALSE,TRUE
5105163,"gate_30",25,TRUE,FALSE
5105342,"gate_40",0,FALSE,FALSE
5105343,"gate_40",162,TRUE,TRUE
5105453,"gate_40",7,FALSE,FALSE
5105551,"gate_30",3,FALSE,FALSE
5105703,"gate_30",36,TRUE,TRUE
5105728,"gate_40",38,TRUE,FALSE
5106059,"gate_30",111,TRUE,FALSE
5106094,"gate_40",8,FALSE,FALSE
5106700,"gate_40",79,TRUE,FALSE
5106839,"gate_40",7,TRUE,FALSE
5106928,"gate_40",15,FALSE,FALSE
5106993,"gate_30",11,TRUE,FALSE
5107022,"gate_40",11,FALSE,FALSE
5107084,"gate_40",96,TRUE,FALSE
5107138,"gate_40",133,FALSE,TRUE
5107196,"gate_40",21,FALSE,FALSE
5107257,"gate_40",98,TRUE,FALSE
5107354,"gate_40",5,FALSE,FALSE
5107641,"gate_30",118,TRUE,FALSE
5107857,"gate_40",3,FALSE,FALSE
5108126,"gate_30",197,TRUE,TRUE
5108196,"gate_30",15,FALSE,FALSE
5108259,"gate_40",0,FALSE,FALSE
5108270,"gate_40",24,TRUE,FALSE
5108370,"gate_30",38,FALSE,FALSE
5108594,"gate_40",37,TRUE,FALSE
5108630,"gate_30",10,TRUE,FALSE
5108656,"gate_40",10,TRUE,FALSE
5109013,"gate_30",84,TRUE,FALSE
5109135,"gate_40",3,FALSE,FALSE
5109512,"gate_30",1,FALSE,FALSE
5109527,"gate_30",13,FALSE,FALSE
5109560,"gate_40",0,FALSE,FALSE
5109686,"gate_40",6,FALSE,FALSE
5109724,"gate_40",57,TRUE,TRUE
5109807,"gate_30",4,FALSE,FALSE
5110178,"gate_30",105,TRUE,TRUE
5110639,"gate_40",1,FALSE,FALSE
5110654,"gate_40",131,TRUE,FALSE
5110675,"gate_30",61,FALSE,FALSE
5110715,"gate_30",101,TRUE,TRUE
5110864,"gate_30",1,FALSE,FALSE
5110930,"gate_40",4,FALSE,FALSE
5111308,"gate_40",158,FALSE,TRUE
5111346,"gate_30",10,TRUE,FALSE
5111498,"gate_40",62,FALSE,TRUE
5111637,"gate_30",26,TRUE,FALSE
5111672,"gate_40",0,FALSE,FALSE
5111675,"gate_40",4,TRUE,FALSE
5111720,"gate_40",12,FALSE,FALSE
5111750,"gate_40",19,FALSE,FALSE
5111792,"gate_30",3,FALSE,FALSE
5111812,"gate_40",92,TRUE,TRUE
5112045,"gate_30",277,TRUE,TRUE
5112323,"gate_30",12,FALSE,FALSE
5112362,"gate_30",126,TRUE,TRUE
5112543,"gate_40",54,TRUE,FALSE
5112640,"gate_30",71,TRUE,TRUE
5112673,"gate_40",13,FALSE,FALSE
5112874,"gate_40",18,FALSE,FALSE
5112994,"gate_30",6,FALSE,FALSE
5113152,"gate_40",0,FALSE,FALSE
5113338,"gate_40",29,TRUE,FALSE
5113390,"gate_30",1,FALSE,FALSE
5113443,"gate_30",18,FALSE,FALSE
5113468,"gate_30",434,TRUE,TRUE
5113645,"gate_40",8,FALSE,FALSE
5113726,"gate_30",1,FALSE,FALSE
5114008,"gate_40",23,TRUE,FALSE
5114009,"gate_40",48,TRUE,FALSE
5114104,"gate_30",13,FALSE,FALSE
5114312,"gate_30",136,TRUE,TRUE
5114382,"gate_40",13,FALSE,FALSE
5114451,"gate_40",57,TRUE,TRUE
5114685,"gate_30",9,FALSE,FALSE
5114995,"gate_40",54,TRUE,FALSE
5115097,"gate_40",46,FALSE,FALSE
5115129,"gate_30",13,FALSE,FALSE
5115213,"gate_40",130,TRUE,FALSE
5115590,"gate_30",2,FALSE,FALSE
5115625,"gate_30",313,TRUE,FALSE
5115709,"gate_40",73,TRUE,FALSE
5115958,"gate_30",4,FALSE,FALSE
5116085,"gate_40",42,FALSE,FALSE
5116248,"gate_40",38,TRUE,FALSE
5116350,"gate_40",56,FALSE,TRUE
5116677,"gate_40",26,TRUE,FALSE
5116724,"gate_30",339,TRUE,TRUE
5116738,"gate_30",2,FALSE,FALSE
5116851,"gate_40",35,FALSE,FALSE
5116859,"gate_40",146,TRUE,FALSE
5116869,"gate_30",3,TRUE,FALSE
5117021,"gate_40",80,TRUE,FALSE
5117119,"gate_30",19,FALSE,FALSE
5117307,"gate_30",188,FALSE,TRUE
5117987,"gate_30",12,TRUE,FALSE
5118046,"gate_40",519,TRUE,TRUE
5118053,"gate_40",39,TRUE,FALSE
5118334,"gate_30",18,FALSE,FALSE
5118352,"gate_40",41,FALSE,TRUE
5118502,"gate_30",46,FALSE,FALSE
5118556,"gate_40",1,FALSE,FALSE
5118604,"gate_40",15,FALSE,FALSE
5118627,"gate_30",4,FALSE,FALSE
5118647,"gate_30",6,FALSE,FALSE
5118810,"gate_30",28,TRUE,FALSE
5118866,"gate_30",0,FALSE,TRUE
5119425,"gate_30",20,FALSE,FALSE
5119720,"gate_40",4,FALSE,FALSE
5119984,"gate_30",108,FALSE,FALSE
5120052,"gate_30",4,FALSE,FALSE
5120102,"gate_40",2,FALSE,FALSE
5120107,"gate_40",21,TRUE,FALSE
5120112,"gate_40",35,TRUE,FALSE
5120130,"gate_40",6,FALSE,FALSE
5120137,"gate_30",134,TRUE,FALSE
5120187,"gate_40",21,TRUE,FALSE
5120225,"gate_40",38,FALSE,TRUE
5120323,"gate_40",34,TRUE,FALSE
5120340,"gate_30",25,TRUE,FALSE
5120369,"gate_30",79,TRUE,FALSE
5120390,"gate_30",3,FALSE,FALSE
5120413,"gate_30",25,TRUE,FALSE
5120475,"gate_40",1,FALSE,FALSE
5120511,"gate_30",36,FALSE,FALSE
5120605,"gate_30",127,TRUE,FALSE
5120625,"gate_30",1,FALSE,FALSE
5120670,"gate_30",20,TRUE,FALSE
5120814,"gate_40",591,TRUE,TRUE
5121190,"gate_30",43,TRUE,TRUE
5121255,"gate_30",84,FALSE,TRUE
5121271,"gate_30",10,FALSE,FALSE
5121324,"gate_30",37,TRUE,TRUE
5121353,"gate_40",12,FALSE,FALSE
5121355,"gate_40",9,FALSE,FALSE
5121527,"gate_40",4,TRUE,TRUE
5121701,"gate_30",19,FALSE,FALSE
5121803,"gate_30",12,TRUE,FALSE
5121808,"gate_30",36,TRUE,FALSE
5121951,"gate_40",24,TRUE,FALSE
5121954,"gate_40",104,TRUE,FALSE
5122158,"gate_30",478,TRUE,TRUE
5122172,"gate_40",2,FALSE,FALSE
5122641,"gate_30",5,FALSE,FALSE
5122668,"gate_30",9,TRUE,FALSE
5122706,"gate_40",127,TRUE,FALSE
5122776,"gate_30",72,TRUE,FALSE
5122931,"gate_40",25,TRUE,FALSE
5123024,"gate_30",38,FALSE,FALSE
5123231,"gate_30",12,FALSE,FALSE
5123263,"gate_30",55,TRUE,TRUE
5123321,"gate_30",1,FALSE,FALSE
5123496,"gate_30",27,TRUE,TRUE
5123558,"gate_40",8,FALSE,FALSE
5123742,"gate_30",9,FALSE,FALSE
5123795,"gate_40",13,TRUE,FALSE
5123943,"gate_30",36,FALSE,FALSE
5124003,"gate_40",7,TRUE,FALSE
5124058,"gate_40",333,TRUE,FALSE
5124169,"gate_30",216,TRUE,TRUE
5124318,"gate_30",5,FALSE,FALSE
5124445,"gate_30",91,TRUE,FALSE
5124447,"gate_40",117,TRUE,TRUE
5124526,"gate_40",3,FALSE,FALSE
5124554,"gate_30",2,FALSE,FALSE
5124592,"gate_40",16,FALSE,FALSE
5124609,"gate_40",26,FALSE,TRUE
5124766,"gate_40",79,TRUE,FALSE
5124794,"gate_40",9,FALSE,FALSE
5125010,"gate_30",9,TRUE,FALSE
5125419,"gate_30",220,TRUE,TRUE
5125470,"gate_30",5,FALSE,FALSE
5125483,"gate_40",2,FALSE,FALSE
5125522,"gate_40",1,FALSE,FALSE
5125668,"gate_30",89,TRUE,TRUE
5125706,"gate_30",271,TRUE,TRUE
5126059,"gate_30",838,TRUE,TRUE
5126099,"gate_40",16,FALSE,FALSE
5126495,"gate_30",20,TRUE,FALSE
5126655,"gate_40",25,TRUE,FALSE
5126685,"gate_30",8,FALSE,FALSE
5126781,"gate_40",31,TRUE,FALSE
5126832,"gate_30",28,FALSE,FALSE
5126857,"gate_40",20,TRUE,FALSE
5126860,"gate_30",3,FALSE,FALSE
5126888,"gate_30",14,FALSE,FALSE
5126915,"gate_30",0,FALSE,FALSE
5126962,"gate_30",5,FALSE,FALSE
5126965,"gate_30",363,FALSE,TRUE
5127017,"gate_30",152,TRUE,TRUE
5127313,"gate_40",123,TRUE,TRUE
5127334,"gate_30",0,FALSE,FALSE
5127338,"gate_30",97,FALSE,FALSE
5127422,"gate_30",40,TRUE,FALSE
5127494,"gate_30",1,FALSE,FALSE
5127529,"gate_40",17,FALSE,FALSE
5127572,"gate_40",47,TRUE,FALSE
5127646,"gate_40",7,TRUE,FALSE
5127787,"gate_30",2,FALSE,FALSE
5127825,"gate_30",186,TRUE,TRUE
5127867,"gate_30",3,FALSE,FALSE
5128082,"gate_30",226,TRUE,TRUE
5128226,"gate_30",77,TRUE,FALSE
5128290,"gate_40",59,TRUE,FALSE
5128353,"gate_30",638,TRUE,TRUE
5128462,"gate_30",3,FALSE,FALSE
5128593,"gate_30",104,TRUE,FALSE
5128836,"gate_30",1,FALSE,FALSE
5128884,"gate_30",99,TRUE,TRUE
5129022,"gate_40",53,TRUE,TRUE
5129040,"gate_40",7,FALSE,FALSE
5129100,"gate_30",0,FALSE,FALSE
5129540,"gate_30",152,TRUE,TRUE
5129596,"gate_30",0,FALSE,FALSE
5129621,"gate_40",42,TRUE,FALSE
5129635,"gate_40",80,TRUE,TRUE
5129660,"gate_30",18,TRUE,TRUE
5129980,"gate_30",72,TRUE,FALSE
5130214,"gate_40",36,FALSE,FALSE
5130491,"gate_40",26,TRUE,FALSE
5130714,"gate_30",7,FALSE,FALSE
5130717,"gate_40",28,FALSE,FALSE
5130732,"gate_30",60,TRUE,FALSE
5130735,"gate_40",131,TRUE,TRUE
5130750,"gate_30",9,TRUE,FALSE
5130947,"gate_30",4,FALSE,FALSE
5130992,"gate_40",1,FALSE,FALSE
5131127,"gate_30",27,TRUE,FALSE
5131213,"gate_30",23,TRUE,FALSE
5131492,"gate_30",1,FALSE,FALSE
5131516,"gate_30",11,TRUE,FALSE
5131662,"gate_40",77,TRUE,TRUE
5131781,"gate_40",13,FALSE,FALSE
5131931,"gate_30",28,TRUE,FALSE
5131968,"gate_40",23,FALSE,FALSE
5131990,"gate_40",2,FALSE,FALSE
5132040,"gate_40",378,TRUE,TRUE
5132067,"gate_30",37,FALSE,FALSE
5132188,"gate_30",13,FALSE,FALSE
5132399,"gate_30",20,TRUE,FALSE
5132773,"gate_30",8,FALSE,FALSE
5132840,"gate_40",33,TRUE,TRUE
5133112,"gate_40",80,TRUE,TRUE
5133192,"gate_40",3,FALSE,FALSE
5133533,"gate_30",32,TRUE,FALSE
5133710,"gate_40",33,TRUE,FALSE
5133737,"gate_40",19,TRUE,FALSE
5133897,"gate_40",8,TRUE,FALSE
5133952,"gate_30",2251,TRUE,TRUE
5134066,"gate_40",14,TRUE,FALSE
5134134,"gate_40",12,TRUE,FALSE
5134166,"gate_30",59,TRUE,FALSE
5134566,"gate_40",48,TRUE,FALSE
5134688,"gate_40",9,FALSE,FALSE
5134773,"gate_40",27,TRUE,TRUE
5134872,"gate_40",195,TRUE,TRUE
5134887,"gate_40",6,FALSE,FALSE
5134934,"gate_30",137,TRUE,TRUE
5135124,"gate_30",6,TRUE,FALSE
5135162,"gate_30",400,TRUE,TRUE
5135163,"gate_30",14,TRUE,FALSE
5135392,"gate_40",3,FALSE,FALSE
5135460,"gate_40",5,FALSE,FALSE
5135686,"gate_40",36,TRUE,FALSE
5135708,"gate_40",2,FALSE,FALSE
5135759,"gate_40",3,FALSE,FALSE
5135780,"gate_40",0,FALSE,FALSE
5135798,"gate_40",127,TRUE,FALSE
5135879,"gate_40",82,TRUE,FALSE
5135930,"gate_30",1,FALSE,FALSE
5136161,"gate_30",226,TRUE,TRUE
5136362,"gate_40",3,FALSE,FALSE
5136645,"gate_40",450,TRUE,FALSE
5136700,"gate_40",1,FALSE,FALSE
5136706,"gate_40",11,FALSE,FALSE
5137174,"gate_30",43,FALSE,FALSE
5137239,"gate_30",36,TRUE,FALSE
5137317,"gate_40",718,TRUE,TRUE
5137394,"gate_30",23,TRUE,FALSE
5137476,"gate_30",2,FALSE,FALSE
5137545,"gate_40",26,TRUE,FALSE
5137814,"gate_30",24,TRUE,FALSE
5137859,"gate_40",2,FALSE,FALSE
5137865,"gate_30",51,TRUE,TRUE
5137896,"gate_40",4,FALSE,FALSE
5138155,"gate_40",167,TRUE,FALSE
5138240,"gate_40",9,FALSE,FALSE
5138320,"gate_40",15,FALSE,FALSE
5138339,"gate_40",26,FALSE,FALSE
5138379,"gate_40",7,FALSE,FALSE
5138458,"gate_40",73,FALSE,FALSE
5138535,"gate_30",59,TRUE,FALSE
5138735,"gate_30",4,FALSE,FALSE
5138788,"gate_30",31,TRUE,FALSE
5138809,"gate_40",4,FALSE,FALSE
5138820,"gate_30",5,FALSE,FALSE
5139022,"gate_40",2,FALSE,FALSE
5139203,"gate_40",3,FALSE,FALSE
5139257,"gate_30",50,TRUE,TRUE
5139461,"gate_40",3,FALSE,FALSE
5139591,"gate_30",13,FALSE,FALSE
5139737,"gate_40",21,FALSE,FALSE
5139739,"gate_40",133,TRUE,FALSE
5139865,"gate_30",8,TRUE,FALSE
5140035,"gate_30",1,FALSE,FALSE
5140097,"gate_40",6,FALSE,FALSE
5140116,"gate_40",30,TRUE,FALSE
5140270,"gate_40",6,FALSE,TRUE
5140633,"gate_30",0,FALSE,FALSE
5140663,"gate_40",63,TRUE,TRUE
5140665,"gate_30",26,FALSE,FALSE
5140720,"gate_40",15,FALSE,FALSE
5140755,"gate_40",34,FALSE,FALSE
5140758,"gate_30",24,FALSE,FALSE
5140976,"gate_40",28,TRUE,FALSE
5141074,"gate_40",391,TRUE,TRUE
5141119,"gate_30",2,FALSE,FALSE
5141368,"gate_30",78,TRUE,FALSE
5141491,"gate_40",145,TRUE,FALSE
5141531,"gate_40",11,FALSE,FALSE
5141542,"gate_30",2,FALSE,FALSE
5141832,"gate_40",1,FALSE,FALSE
5141841,"gate_40",55,TRUE,FALSE
5141932,"gate_40",51,FALSE,TRUE
5141961,"gate_40",10,FALSE,FALSE
5142144,"gate_40",128,TRUE,TRUE
5142233,"gate_30",0,FALSE,FALSE
5142321,"gate_30",110,TRUE,FALSE
5142752,"gate_30",8,TRUE,FALSE
5142803,"gate_40",0,FALSE,FALSE
5143215,"gate_30",60,TRUE,FALSE
5143337,"gate_30",5,FALSE,FALSE
5143482,"gate_40",9,TRUE,TRUE
5143556,"gate_30",20,FALSE,FALSE
5143602,"gate_40",120,TRUE,FALSE
5143633,"gate_40",97,TRUE,FALSE
5143737,"gate_30",2,TRUE,FALSE
5143871,"gate_40",273,TRUE,TRUE
5144204,"gate_30",60,TRUE,TRUE
5144230,"gate_40",14,FALSE,FALSE
5144403,"gate_40",88,TRUE,TRUE
5144552,"gate_30",1,FALSE,FALSE
5144859,"gate_30",0,FALSE,FALSE
5144885,"gate_30",4,FALSE,FALSE
5144987,"gate_30",13,TRUE,FALSE
5145229,"gate_30",7,TRUE,FALSE
5145322,"gate_30",34,TRUE,FALSE
5145346,"gate_30",36,TRUE,FALSE
5145354,"gate_30",13,FALSE,FALSE
5145958,"gate_30",9,FALSE,FALSE
5145998,"gate_30",4,FALSE,FALSE
5146009,"gate_30",3,FALSE,FALSE
5146020,"gate_30",42,TRUE,FALSE
5146029,"gate_40",6,FALSE,FALSE
5146273,"gate_30",14,TRUE,FALSE
5146426,"gate_30",2,TRUE,FALSE
5146531,"gate_30",77,TRUE,FALSE
5146545,"gate_40",8,FALSE,FALSE
5146673,"gate_30",1,FALSE,FALSE
5146782,"gate_40",0,FALSE,FALSE
5146843,"gate_30",478,TRUE,TRUE
5147029,"gate_30",15,FALSE,FALSE
5147208,"gate_30",1,FALSE,FALSE
5147358,"gate_40",1,FALSE,FALSE
5147481,"gate_30",27,FALSE,FALSE
5147535,"gate_30",7,FALSE,FALSE
5147553,"gate_40",160,TRUE,TRUE
5147596,"gate_40",5,FALSE,FALSE
5147821,"gate_40",37,FALSE,TRUE
5147825,"gate_30",281,TRUE,TRUE
5147979,"gate_30",11,FALSE,FALSE
5148265,"gate_30",38,TRUE,FALSE
5148354,"gate_40",13,TRUE,FALSE
5148955,"gate_30",1,TRUE,FALSE
5149033,"gate_40",2,FALSE,FALSE
5149303,"gate_40",27,FALSE,FALSE
5149389,"gate_30",10,FALSE,FALSE
5149727,"gate_40",11,FALSE,FALSE
5150242,"gate_30",51,TRUE,FALSE
5150255,"gate_30",529,TRUE,TRUE
5150358,"gate_30",9,TRUE,FALSE
5150547,"gate_30",11,TRUE,FALSE
5150727,"gate_40",6,FALSE,FALSE
5150835,"gate_40",4,FALSE,FALSE
5150888,"gate_30",48,TRUE,FALSE
5150970,"gate_30",27,TRUE,FALSE
5151128,"gate_30",15,TRUE,FALSE
5151212,"gate_40",41,TRUE,FALSE
5151469,"gate_40",34,FALSE,FALSE
5151478,"gate_30",3,FALSE,FALSE
5151623,"gate_40",3,FALSE,FALSE
5151822,"gate_30",135,TRUE,TRUE
5151865,"gate_40",13,FALSE,FALSE
5151905,"gate_40",49,TRUE,TRUE
5152320,"gate_40",100,TRUE,FALSE
5152596,"gate_40",49,TRUE,FALSE
5152671,"gate_30",1,FALSE,FALSE
5152771,"gate_30",18,FALSE,FALSE
5152936,"gate_40",63,TRUE,FALSE
5153000,"gate_30",92,FALSE,TRUE
5153222,"gate_40",55,TRUE,FALSE
5153229,"gate_40",17,FALSE,FALSE
5153303,"gate_40",37,TRUE,FALSE
5153409,"gate_40",73,TRUE,FALSE
5153417,"gate_30",21,TRUE,FALSE
5153559,"gate_30",751,TRUE,TRUE
5153674,"gate_40",38,TRUE,FALSE
5153794,"gate_30",182,FALSE,TRUE
5153872,"gate_40",39,FALSE,TRUE
5154144,"gate_40",6,FALSE,TRUE
5154159,"gate_40",36,TRUE,TRUE
5154382,"gate_40",54,TRUE,FALSE
5154518,"gate_40",2,FALSE,FALSE
5154542,"gate_40",147,TRUE,TRUE
5154809,"gate_30",2,FALSE,FALSE
5154828,"gate_30",38,TRUE,FALSE
5154884,"gate_40",7,FALSE,FALSE
5155178,"gate_30",15,TRUE,FALSE
5155389,"gate_30",12,FALSE,FALSE
5155551,"gate_40",14,TRUE,FALSE
5155607,"gate_30",0,FALSE,FALSE
5155817,"gate_40",3,FALSE,FALSE
5155864,"gate_30",15,TRUE,FALSE
5156077,"gate_30",62,FALSE,TRUE
5156139,"gate_40",54,TRUE,FALSE
5156182,"gate_30",1,FALSE,FALSE
5156267,"gate_30",2,FALSE,FALSE
5156313,"gate_40",12,FALSE,FALSE
5156361,"gate_40",2,FALSE,FALSE
5156374,"gate_40",296,TRUE,TRUE
5156615,"gate_30",18,TRUE,FALSE
5156622,"gate_40",95,TRUE,FALSE
5156830,"gate_30",0,FALSE,FALSE
5156840,"gate_40",272,TRUE,TRUE
5157147,"gate_30",62,TRUE,FALSE
5157215,"gate_30",35,TRUE,TRUE
5157235,"gate_30",52,TRUE,TRUE
5157286,"gate_30",29,TRUE,FALSE
5157347,"gate_30",1,FALSE,FALSE
5158062,"gate_40",8,FALSE,FALSE
5158070,"gate_30",19,TRUE,FALSE
5158135,"gate_40",37,TRUE,FALSE
5158149,"gate_30",33,TRUE,TRUE
5158155,"gate_30",71,TRUE,FALSE
5158699,"gate_30",15,TRUE,FALSE
5158883,"gate_40",2,FALSE,FALSE
5158925,"gate_30",49,TRUE,FALSE
5159195,"gate_30",3,FALSE,FALSE
5159267,"gate_30",10,FALSE,FALSE
5159343,"gate_30",25,TRUE,FALSE
5159355,"gate_40",193,TRUE,TRUE
5159362,"gate_30",20,TRUE,FALSE
5159703,"gate_40",0,FALSE,FALSE
5159781,"gate_40",9,TRUE,FALSE
5159858,"gate_40",74,TRUE,FALSE
5159863,"gate_40",0,FALSE,FALSE
5160060,"gate_40",11,FALSE,FALSE
5160077,"gate_30",8,FALSE,FALSE
5160266,"gate_30",3,FALSE,FALSE
5160314,"gate_40",129,FALSE,FALSE
5160426,"gate_30",19,FALSE,TRUE
5160576,"gate_40",265,TRUE,TRUE
5160611,"gate_40",32,FALSE,FALSE
5160755,"gate_30",22,TRUE,FALSE
5160882,"gate_40",22,TRUE,FALSE
5160990,"gate_40",0,FALSE,FALSE
5161045,"gate_40",5,FALSE,FALSE
5161171,"gate_40",15,FALSE,FALSE
5161487,"gate_30",27,FALSE,FALSE
5161696,"gate_30",160,TRUE,TRUE
5161701,"gate_40",4,FALSE,TRUE
5161734,"gate_40",5,FALSE,FALSE
5161779,"gate_40",55,TRUE,FALSE
5162025,"gate_40",0,FALSE,FALSE
5162061,"gate_30",4,FALSE,FALSE
5162123,"gate_30",20,FALSE,FALSE
5162319,"gate_30",2,FALSE,FALSE
5162416,"gate_40",92,TRUE,FALSE
5162626,"gate_40",35,FALSE,FALSE
5162664,"gate_40",60,FALSE,FALSE
5162713,"gate_30",37,TRUE,FALSE
5162843,"gate_30",7,FALSE,FALSE
5163002,"gate_30",2,FALSE,FALSE
5163084,"gate_40",4,FALSE,FALSE
5163190,"gate_40",5,FALSE,FALSE
5163276,"gate_40",0,FALSE,FALSE
5163359,"gate_30",1,FALSE,FALSE
5163438,"gate_40",14,FALSE,FALSE
5163783,"gate_30",0,FALSE,FALSE
5164031,"gate_40",113,TRUE,TRUE
5164177,"gate_30",326,TRUE,TRUE
5164188,"gate_40",22,TRUE,FALSE
5164214,"gate_40",10,TRUE,FALSE
5164281,"gate_30",10,FALSE,FALSE
5164498,"gate_40",10,FALSE,FALSE
5164853,"gate_30",35,TRUE,FALSE
5164952,"gate_30",17,FALSE,FALSE
5165129,"gate_30",4,FALSE,FALSE
5165168,"gate_40",40,TRUE,FALSE
5165206,"gate_40",97,TRUE,FALSE
5165258,"gate_40",28,FALSE,TRUE
5165303,"gate_30",19,FALSE,FALSE
5165501,"gate_40",22,FALSE,FALSE
5165502,"gate_30",1,FALSE,FALSE
5165553,"gate_40",4,FALSE,FALSE
5165792,"gate_30",202,TRUE,TRUE
5165820,"gate_40",24,TRUE,FALSE
5165918,"gate_30",11,FALSE,TRUE
5165920,"gate_30",50,TRUE,FALSE
5166001,"gate_40",0,TRUE,FALSE
5166208,"gate_30",21,FALSE,FALSE
5166277,"gate_30",0,FALSE,FALSE
5166454,"gate_30",3,FALSE,FALSE
5166567,"gate_30",5,TRUE,FALSE
5166848,"gate_40",0,FALSE,FALSE
5167077,"gate_30",16,FALSE,FALSE
5167199,"gate_30",211,TRUE,TRUE
5167227,"gate_40",137,TRUE,TRUE
5167332,"gate_30",8,FALSE,FALSE
5167409,"gate_40",27,TRUE,FALSE
5167478,"gate_30",48,TRUE,FALSE
5167617,"gate_30",248,TRUE,TRUE
5167636,"gate_30",16,FALSE,FALSE
5167831,"gate_40",63,TRUE,FALSE
5167937,"gate_30",7,TRUE,FALSE
5168056,"gate_40",16,TRUE,FALSE
5168574,"gate_30",15,FALSE,FALSE
5168591,"gate_30",27,TRUE,FALSE
5168778,"gate_30",12,FALSE,FALSE
5168807,"gate_40",351,TRUE,TRUE
5169554,"gate_40",8,FALSE,FALSE
5169671,"gate_30",16,FALSE,FALSE
5169757,"gate_40",11,FALSE,FALSE
5169907,"gate_30",1,FALSE,FALSE
5169918,"gate_40",3,FALSE,FALSE
5170165,"gate_40",120,TRUE,TRUE
5170387,"gate_40",3,FALSE,FALSE
5170412,"gate_40",163,TRUE,FALSE
5170698,"gate_40",4,FALSE,FALSE
5170773,"gate_40",98,TRUE,TRUE
5170777,"gate_40",1,FALSE,FALSE
5170857,"gate_30",11,FALSE,FALSE
5170943,"gate_40",3,FALSE,FALSE
5171114,"gate_30",13,FALSE,FALSE
5171141,"gate_30",62,TRUE,TRUE
5171529,"gate_40",135,TRUE,TRUE
5171706,"gate_40",7,FALSE,FALSE
5171844,"gate_30",41,TRUE,FALSE
5171852,"gate_40",36,TRUE,FALSE
5172016,"gate_30",4,TRUE,FALSE
5172243,"gate_30",49,FALSE,TRUE
5173007,"gate_30",88,TRUE,FALSE
5173016,"gate_30",140,TRUE,TRUE
5173126,"gate_40",46,TRUE,FALSE
5173406,"gate_30",13,FALSE,FALSE
5173749,"gate_30",5,FALSE,FALSE
5173769,"gate_40",29,TRUE,FALSE
5173804,"gate_40",7,FALSE,FALSE
5173836,"gate_40",25,FALSE,FALSE
5174234,"gate_30",3,FALSE,FALSE
5174366,"gate_40",5,TRUE,FALSE
5174367,"gate_30",60,TRUE,FALSE
5174443,"gate_40",55,TRUE,FALSE
5174475,"gate_40",0,FALSE,FALSE
5174482,"gate_30",9,FALSE,FALSE
5174489,"gate_30",1,FALSE,FALSE
5174503,"gate_40",102,TRUE,TRUE
5174875,"gate_40",39,TRUE,FALSE
5174912,"gate_40",26,TRUE,FALSE
5175115,"gate_40",124,TRUE,TRUE
5175183,"gate_40",5,FALSE,FALSE
5175195,"gate_40",163,TRUE,TRUE
5175404,"gate_40",1,TRUE,FALSE
5175453,"gate_30",0,FALSE,FALSE
5175490,"gate_30",35,TRUE,FALSE
5175744,"gate_30",14,FALSE,FALSE
5175761,"gate_40",103,TRUE,FALSE
5176118,"gate_40",10,TRUE,FALSE
5176223,"gate_40",3,FALSE,FALSE
5176246,"gate_40",7,FALSE,FALSE
5176276,"gate_40",2,FALSE,FALSE
5176390,"gate_40",3,FALSE,TRUE
5176538,"gate_30",3,FALSE,FALSE
5176752,"gate_30",102,FALSE,FALSE
5176795,"gate_30",24,FALSE,FALSE
5176869,"gate_40",6,FALSE,FALSE
5176923,"gate_30",10,TRUE,FALSE
5176998,"gate_30",51,TRUE,FALSE
5177098,"gate_40",80,TRUE,FALSE
5177209,"gate_40",15,FALSE,FALSE
5177271,"gate_30",2,FALSE,FALSE
5177338,"gate_30",475,TRUE,TRUE
5177505,"gate_30",0,FALSE,FALSE
5177600,"gate_30",23,FALSE,FALSE
5177604,"gate_40",31,FALSE,FALSE
5177608,"gate_30",31,FALSE,FALSE
5177705,"gate_30",51,FALSE,TRUE
5178052,"gate_30",29,TRUE,FALSE
5178115,"gate_30",0,FALSE,FALSE
5178132,"gate_30",353,TRUE,TRUE
5178221,"gate_40",7,FALSE,FALSE
5178314,"gate_40",176,TRUE,TRUE
5178323,"gate_40",21,TRUE,FALSE
5178337,"gate_30",1,FALSE,FALSE
5178371,"gate_30",21,TRUE,FALSE
5178391,"gate_30",98,TRUE,TRUE
5178426,"gate_40",5,FALSE,FALSE
5178622,"gate_40",21,FALSE,FALSE
5178636,"gate_30",8,TRUE,FALSE
5178706,"gate_30",7,FALSE,FALSE
5178781,"gate_40",5,TRUE,FALSE
5178802,"gate_30",4,FALSE,FALSE
5178845,"gate_40",133,TRUE,TRUE
5178906,"gate_30",213,TRUE,TRUE
5179022,"gate_30",7,FALSE,FALSE
5179075,"gate_30",819,TRUE,TRUE
5179080,"gate_40",30,FALSE,TRUE
5179197,"gate_40",16,FALSE,FALSE
5179383,"gate_40",0,FALSE,FALSE
5179630,"gate_40",43,TRUE,FALSE
5179679,"gate_30",2,FALSE,FALSE
5179892,"gate_30",6,FALSE,FALSE
5180109,"gate_40",0,FALSE,FALSE
5180167,"gate_30",22,FALSE,FALSE
5180258,"gate_40",3,FALSE,FALSE
5180443,"gate_40",4,FALSE,FALSE
5180478,"gate_40",44,FALSE,TRUE
5180694,"gate_40",3,FALSE,FALSE
5180758,"gate_40",107,TRUE,FALSE
5180820,"gate_40",45,FALSE,FALSE
5180980,"gate_40",12,FALSE,FALSE
5181078,"gate_30",44,TRUE,FALSE
5181306,"gate_40",288,TRUE,TRUE
5181388,"gate_30",13,TRUE,FALSE
5181626,"gate_40",114,TRUE,TRUE
5181741,"gate_40",27,FALSE,TRUE
5181745,"gate_40",3,FALSE,FALSE
5181836,"gate_40",4,FALSE,FALSE
5181853,"gate_30",42,TRUE,FALSE
5182483,"gate_30",255,TRUE,TRUE
5182771,"gate_30",2,FALSE,FALSE
5182983,"gate_40",11,TRUE,FALSE
5183070,"gate_40",1,FALSE,FALSE
5183223,"gate_40",46,TRUE,FALSE
5183598,"gate_40",116,TRUE,FALSE
5183765,"gate_40",21,FALSE,FALSE
5184118,"gate_30",18,FALSE,FALSE
5184149,"gate_40",78,TRUE,TRUE
5184185,"gate_30",62,TRUE,FALSE
5184233,"gate_40",2,FALSE,FALSE
5184315,"gate_40",2,FALSE,FALSE
5184326,"gate_30",2,FALSE,FALSE
5184578,"gate_40",455,TRUE,TRUE
5184640,"gate_40",2,TRUE,FALSE
5184665,"gate_30",266,TRUE,TRUE
5184963,"gate_40",15,TRUE,FALSE
5184997,"gate_40",14,FALSE,FALSE
5185102,"gate_30",25,TRUE,TRUE
5185162,"gate_40",37,TRUE,FALSE
5185243,"gate_40",1,FALSE,FALSE
5185341,"gate_30",19,FALSE,FALSE
5185371,"gate_40",2,FALSE,FALSE
5185759,"gate_40",16,FALSE,FALSE
5185833,"gate_30",13,TRUE,FALSE
5185838,"gate_30",13,TRUE,FALSE
5185856,"gate_30",4,FALSE,FALSE
5186069,"gate_30",5,FALSE,FALSE
5186123,"gate_30",0,TRUE,FALSE
5186320,"gate_40",106,TRUE,TRUE
5186514,"gate_40",9,TRUE,FALSE
5186609,"gate_30",42,TRUE,FALSE
5186753,"gate_40",12,FALSE,FALSE
5187046,"gate_40",18,TRUE,FALSE
5187125,"gate_30",138,TRUE,FALSE
5187193,"gate_30",22,FALSE,FALSE
5187239,"gate_40",81,TRUE,TRUE
5187295,"gate_30",124,TRUE,TRUE
5187421,"gate_30",15,FALSE,FALSE
5187449,"gate_40",1,FALSE,FALSE
5187466,"gate_30",817,TRUE,TRUE
5187527,"gate_30",5,FALSE,FALSE
5187560,"gate_40",7,FALSE,FALSE
5187604,"gate_30",228,TRUE,FALSE
5187673,"gate_40",330,TRUE,TRUE
5187893,"gate_30",13,TRUE,FALSE
5187980,"gate_40",19,TRUE,FALSE
5188057,"gate_40",36,TRUE,FALSE
5188084,"gate_30",57,FALSE,FALSE
5188258,"gate_30",31,TRUE,FALSE
5188295,"gate_30",49,TRUE,FALSE
5188343,"gate_40",25,TRUE,FALSE
5188350,"gate_40",2,FALSE,FALSE
5188351,"gate_30",30,TRUE,FALSE
5188625,"gate_30",151,FALSE,TRUE
5188801,"gate_30",52,FALSE,FALSE
5189017,"gate_40",10,FALSE,FALSE
5189059,"gate_30",66,TRUE,TRUE
5189151,"gate_40",68,TRUE,FALSE
5189528,"gate_30",37,TRUE,FALSE
5189601,"gate_30",6,FALSE,FALSE
5189627,"gate_40",17,TRUE,FALSE
5189660,"gate_30",168,TRUE,FALSE
5189954,"gate_30",7,FALSE,FALSE
5189966,"gate_30",42,TRUE,FALSE
5190059,"gate_40",23,TRUE,FALSE
5190067,"gate_40",54,TRUE,FALSE
5190129,"gate_40",23,FALSE,FALSE
5190409,"gate_40",1,FALSE,FALSE
5190485,"gate_40",34,TRUE,FALSE
5190870,"gate_30",20,TRUE,FALSE
5190893,"gate_40",148,TRUE,FALSE
5190997,"gate_30",1,FALSE,FALSE
5191102,"gate_40",8,FALSE,FALSE
5191281,"gate_40",19,FALSE,FALSE
5191798,"gate_40",76,FALSE,TRUE
5191872,"gate_30",10,TRUE,FALSE
5192062,"gate_30",48,TRUE,FALSE
5192298,"gate_30",39,TRUE,FALSE
5192328,"gate_40",24,FALSE,FALSE
5192339,"gate_40",1,FALSE,FALSE
5192377,"gate_30",75,TRUE,FALSE
5192605,"gate_30",150,TRUE,FALSE
5192697,"gate_40",48,TRUE,FALSE
5192725,"gate_40",2,FALSE,FALSE
5192845,"gate_40",48,FALSE,TRUE
5192898,"gate_40",5,FALSE,FALSE
5193088,"gate_40",6,TRUE,FALSE
5193311,"gate_30",66,TRUE,FALSE
5193323,"gate_30",82,TRUE,FALSE
5193509,"gate_30",74,TRUE,FALSE
5193570,"gate_40",33,TRUE,FALSE
5193646,"gate_40",2,FALSE,FALSE
5193669,"gate_40",17,FALSE,FALSE
5193778,"gate_30",1,FALSE,FALSE
5193798,"gate_40",17,FALSE,FALSE
5194150,"gate_30",8,FALSE,FALSE
5194252,"gate_40",277,TRUE,FALSE
5194420,"gate_40",3,FALSE,FALSE
5194543,"gate_40",6,FALSE,FALSE
5194815,"gate_30",2,FALSE,FALSE
5194866,"gate_30",372,TRUE,TRUE
5195010,"gate_40",53,FALSE,TRUE
5195144,"gate_40",8,FALSE,FALSE
5195356,"gate_40",5,TRUE,FALSE
5195362,"gate_40",9,FALSE,FALSE
5195399,"gate_30",39,FALSE,FALSE
5195460,"gate_30",7,FALSE,FALSE
5195663,"gate_40",2,FALSE,FALSE
5195726,"gate_40",1,FALSE,FALSE
5195786,"gate_40",30,TRUE,FALSE
5195800,"gate_30",374,TRUE,TRUE
5195896,"gate_30",104,TRUE,TRUE
5195913,"gate_30",6,FALSE,FALSE
5195997,"gate_40",11,FALSE,FALSE
5196157,"gate_40",10,TRUE,FALSE
5196200,"gate_30",39,FALSE,FALSE
5196387,"gate_30",227,TRUE,TRUE
5196463,"gate_30",55,TRUE,TRUE
5196675,"gate_40",53,TRUE,FALSE
5196946,"gate_40",2,FALSE,FALSE
5196959,"gate_40",2,TRUE,FALSE
5196970,"gate_40",7,FALSE,FALSE
5197220,"gate_30",7,TRUE,FALSE
5197343,"gate_30",10,TRUE,FALSE
5197433,"gate_40",35,TRUE,FALSE
5197443,"gate_40",2,FALSE,FALSE
5197480,"gate_30",3,FALSE,FALSE
5197578,"gate_40",1,TRUE,FALSE
5197600,"gate_30",6,FALSE,FALSE
5197605,"gate_30",169,TRUE,FALSE
5197608,"gate_30",25,TRUE,FALSE
5197725,"gate_30",8,FALSE,FALSE
5197824,"gate_30",39,FALSE,FALSE
5197828,"gate_40",11,FALSE,FALSE
5197900,"gate_40",4,FALSE,FALSE
5197903,"gate_30",128,TRUE,TRUE
5197924,"gate_40",9,FALSE,FALSE
5197933,"gate_30",32,FALSE,FALSE
5197980,"gate_30",30,FALSE,FALSE
5198179,"gate_30",14,FALSE,FALSE
5198253,"gate_30",0,FALSE,FALSE
5198295,"gate_40",2,FALSE,FALSE
5198384,"gate_30",19,FALSE,FALSE
5198388,"gate_40",6,FALSE,FALSE
5198542,"gate_30",30,TRUE,FALSE
5198553,"gate_30",7,FALSE,FALSE
5198675,"gate_30",0,FALSE,FALSE
5198699,"gate_30",16,FALSE,FALSE
5198984,"gate_30",21,FALSE,FALSE
5199080,"gate_40",52,TRUE,FALSE
5199118,"gate_30",0,FALSE,FALSE
5199312,"gate_40",48,TRUE,FALSE
5199327,"gate_30",13,TRUE,FALSE
5199424,"gate_30",4,FALSE,FALSE
5199544,"gate_40",0,FALSE,FALSE
5199550,"gate_30",24,FALSE,FALSE
5199570,"gate_30",17,TRUE,FALSE
5199612,"gate_30",131,TRUE,FALSE
5199674,"gate_30",7,TRUE,FALSE
5200248,"gate_40",3,FALSE,FALSE
5200271,"gate_30",13,TRUE,FALSE
5200360,"gate_30",6,FALSE,FALSE
5200400,"gate_40",61,TRUE,FALSE
5200505,"gate_40",3,TRUE,FALSE
5200520,"gate_30",25,TRUE,FALSE
5200600,"gate_40",6,FALSE,FALSE
5200714,"gate_30",0,FALSE,FALSE
5200789,"gate_30",26,TRUE,FALSE
5200999,"gate_40",93,TRUE,TRUE
5201097,"gate_30",10,TRUE,FALSE
5201113,"gate_40",104,TRUE,FALSE
5201410,"gate_40",0,FALSE,FALSE
5201421,"gate_40",13,FALSE,FALSE
5201938,"gate_30",6,FALSE,FALSE
5202184,"gate_30",6,FALSE,FALSE
5202508,"gate_40",16,FALSE,FALSE
5202570,"gate_30",10,FALSE,FALSE
5202759,"gate_30",60,FALSE,TRUE
5202929,"gate_40",4,FALSE,FALSE
5202947,"gate_40",10,TRUE,FALSE
5203099,"gate_40",1,FALSE,FALSE
5203187,"gate_40",558,TRUE,TRUE
5203323,"gate_30",7,FALSE,FALSE
5203478,"gate_40",11,FALSE,FALSE
5203798,"gate_40",26,FALSE,TRUE
5203851,"gate_40",13,FALSE,FALSE
5204103,"gate_30",2,FALSE,FALSE
5204324,"gate_40",39,TRUE,TRUE
5204457,"gate_40",1,FALSE,FALSE
5204515,"gate_30",17,FALSE,FALSE
5204747,"gate_30",2,FALSE,FALSE
5204906,"gate_30",64,TRUE,FALSE
5205295,"gate_40",0,FALSE,FALSE
5205355,"gate_30",78,FALSE,TRUE
5205578,"gate_40",24,FALSE,FALSE
5205625,"gate_40",3,FALSE,FALSE
5206191,"gate_30",2,FALSE,FALSE
5206428,"gate_30",10,TRUE,FALSE
5206566,"gate_40",16,FALSE,FALSE
5206606,"gate_40",69,TRUE,FALSE
5206688,"gate_40",24,FALSE,FALSE
5206723,"gate_40",28,TRUE,FALSE
5206784,"gate_30",46,TRUE,FALSE
5206804,"gate_30",55,TRUE,FALSE
5206929,"gate_30",14,TRUE,FALSE
5207009,"gate_30",4,FALSE,FALSE
5207312,"gate_40",2,FALSE,FALSE
5207543,"gate_40",4,FALSE,FALSE
5207571,"gate_40",5,FALSE,FALSE
5207742,"gate_40",574,TRUE,TRUE
5207917,"gate_30",30,TRUE,TRUE
5208010,"gate_30",48,TRUE,TRUE
5208125,"gate_30",211,TRUE,TRUE
5208141,"gate_30",1,FALSE,FALSE
5208173,"gate_30",6,FALSE,FALSE
5208299,"gate_30",3,FALSE,FALSE
5208363,"gate_40",2,FALSE,FALSE
5208367,"gate_40",25,TRUE,FALSE
5208382,"gate_30",100,TRUE,TRUE
5208753,"gate_30",97,TRUE,TRUE
5208825,"gate_30",2,FALSE,FALSE
5208848,"gate_40",517,TRUE,TRUE
5208867,"gate_30",29,FALSE,TRUE
5208879,"gate_40",2,FALSE,FALSE
5208903,"gate_30",18,TRUE,FALSE
5209278,"gate_40",5,FALSE,FALSE
5209350,"gate_40",8,FALSE,FALSE
5209462,"gate_40",7,FALSE,FALSE
5209585,"gate_30",37,TRUE,FALSE
5209658,"gate_30",4,FALSE,FALSE
5209772,"gate_40",1074,TRUE,FALSE
5209785,"gate_40",31,FALSE,FALSE
5209937,"gate_30",0,FALSE,FALSE
5209979,"gate_30",25,TRUE,FALSE
5210098,"gate_40",35,TRUE,FALSE
5210158,"gate_40",17,FALSE,FALSE
5210202,"gate_30",91,TRUE,TRUE
5210300,"gate_30",43,TRUE,FALSE
5210311,"gate_30",44,TRUE,TRUE
5210397,"gate_30",3,FALSE,FALSE
5210622,"gate_40",50,TRUE,FALSE
5210661,"gate_40",7,FALSE,FALSE
5210677,"gate_40",156,TRUE,TRUE
5211033,"gate_40",28,FALSE,FALSE
5211150,"gate_30",97,TRUE,FALSE
5211363,"gate_30",90,TRUE,FALSE
5211632,"gate_30",8,FALSE,FALSE
5211696,"gate_40",46,TRUE,FALSE
5211697,"gate_40",5,FALSE,FALSE
5211941,"gate_40",5,FALSE,FALSE
5211988,"gate_30",11,FALSE,FALSE
5212014,"gate_30",9,TRUE,FALSE
5212021,"gate_40",4,FALSE,FALSE
5212054,"gate_40",71,TRUE,FALSE
5212103,"gate_40",6,TRUE,FALSE
5212207,"gate_40",77,TRUE,FALSE
5212399,"gate_40",49,TRUE,TRUE
5212417,"gate_40",0,FALSE,FALSE
5212775,"gate_40",82,TRUE,TRUE
5212990,"gate_30",0,FALSE,FALSE
5213323,"gate_40",1,FALSE,FALSE
5213373,"gate_40",37,TRUE,FALSE
5213478,"gate_30",4,FALSE,FALSE
5213552,"gate_30",22,TRUE,FALSE
5213677,"gate_30",4,FALSE,FALSE
5213741,"gate_30",0,FALSE,FALSE
5213875,"gate_40",1,FALSE,FALSE
5213883,"gate_30",32,TRUE,FALSE
5214033,"gate_30",50,FALSE,TRUE
5214049,"gate_30",126,TRUE,TRUE
5214119,"gate_40",2,FALSE,FALSE
5214132,"gate_30",7,FALSE,FALSE
5214258,"gate_30",279,TRUE,TRUE
5214292,"gate_40",1,FALSE,FALSE
5214473,"gate_30",8,TRUE,TRUE
5214572,"gate_30",1,FALSE,FALSE
5214589,"gate_30",14,FALSE,FALSE
5214829,"gate_40",8,FALSE,FALSE
5214969,"gate_30",0,FALSE,FALSE
5215240,"gate_40",5,FALSE,FALSE
5215631,"gate_40",119,TRUE,FALSE
5215637,"gate_40",14,FALSE,FALSE
5215715,"gate_40",39,TRUE,FALSE
5215868,"gate_40",6,FALSE,FALSE
5215894,"gate_40",20,FALSE,FALSE
5215967,"gate_40",4,FALSE,FALSE
5216140,"gate_30",13,FALSE,FALSE
5216275,"gate_30",49,TRUE,FALSE
5216301,"gate_30",24,TRUE,FALSE
5216425,"gate_30",0,FALSE,FALSE
5216432,"gate_30",169,TRUE,FALSE
5216446,"gate_30",2,TRUE,FALSE
5216593,"gate_40",520,TRUE,TRUE
5216627,"gate_40",1,FALSE,FALSE
5216661,"gate_30",40,FALSE,TRUE
5216818,"gate_40",8,FALSE,FALSE
5216924,"gate_30",15,TRUE,FALSE
5216940,"gate_40",84,TRUE,FALSE
5216945,"gate_40",53,TRUE,FALSE
5216949,"gate_40",2,FALSE,FALSE
5217003,"gate_40",8,FALSE,FALSE
5217196,"gate_30",109,FALSE,FALSE
5217349,"gate_40",31,FALSE,FALSE
5217617,"gate_40",3,FALSE,FALSE
5217711,"gate_40",15,FALSE,FALSE
5217733,"gate_30",20,FALSE,FALSE
5218158,"gate_30",60,TRUE,FALSE
5218311,"gate_40",16,FALSE,FALSE
5218345,"gate_30",21,TRUE,TRUE
5218722,"gate_40",8,FALSE,FALSE
5218756,"gate_40",16,FALSE,FALSE
5218888,"gate_30",9,TRUE,FALSE
5218992,"gate_40",36,FALSE,FALSE
5219027,"gate_30",10,TRUE,FALSE
5219330,"gate_30",2,FALSE,FALSE
5219415,"gate_40",16,FALSE,FALSE
5219488,"gate_30",97,TRUE,FALSE
5219600,"gate_30",13,FALSE,FALSE
5219657,"gate_30",5,FALSE,FALSE
5219665,"gate_40",16,TRUE,FALSE
5219696,"gate_30",2,FALSE,FALSE
5219712,"gate_30",2,FALSE,FALSE
5220221,"gate_30",21,FALSE,FALSE
5220378,"gate_30",2,FALSE,FALSE
5220395,"gate_30",7,FALSE,FALSE
5220431,"gate_40",7,FALSE,FALSE
5220513,"gate_30",6,FALSE,FALSE
5220537,"gate_30",14,FALSE,FALSE
5220609,"gate_40",2,FALSE,FALSE
5220758,"gate_30",45,TRUE,FALSE
5220840,"gate_40",68,TRUE,FALSE
5221268,"gate_30",20,TRUE,FALSE
5221390,"gate_40",11,FALSE,FALSE
5221405,"gate_40",12,FALSE,FALSE
5221413,"gate_30",42,TRUE,TRUE
5221511,"gate_40",3,FALSE,FALSE
5221689,"gate_30",46,TRUE,FALSE
5221803,"gate_30",40,FALSE,FALSE
5221964,"gate_40",14,FALSE,FALSE
5222024,"gate_40",9,FALSE,FALSE
5222077,"gate_30",148,TRUE,FALSE
5222195,"gate_40",54,FALSE,FALSE
5222511,"gate_40",8,FALSE,FALSE
5222512,"gate_30",111,TRUE,TRUE
5222886,"gate_30",81,FALSE,FALSE
5222969,"gate_40",22,FALSE,TRUE
5223008,"gate_30",159,TRUE,TRUE
5223120,"gate_30",6,FALSE,FALSE
5223179,"gate_30",12,TRUE,FALSE
5223255,"gate_40",5,FALSE,FALSE
5223323,"gate_40",0,FALSE,FALSE
5223459,"gate_30",1,FALSE,FALSE
5223555,"gate_30",18,TRUE,FALSE
5223723,"gate_30",10,TRUE,FALSE
5224438,"gate_30",0,FALSE,FALSE
5224579,"gate_30",1,FALSE,FALSE
5224603,"gate_30",4,FALSE,FALSE
5224766,"gate_30",119,TRUE,TRUE
5225065,"gate_30",7,FALSE,FALSE
5225147,"gate_40",6,FALSE,FALSE
5225687,"gate_30",2,FALSE,FALSE
5225691,"gate_30",17,TRUE,FALSE
5226030,"gate_30",457,TRUE,TRUE
5226035,"gate_30",10,FALSE,FALSE
5226337,"gate_30",17,TRUE,TRUE
5226481,"gate_40",47,TRUE,FALSE
5226487,"gate_40",17,FALSE,FALSE
5226610,"gate_40",323,TRUE,TRUE
5226616,"gate_40",123,TRUE,TRUE
5226626,"gate_40",131,TRUE,TRUE
5226634,"gate_40",21,FALSE,TRUE
5226742,"gate_30",7,FALSE,FALSE
5226809,"gate_40",4,FALSE,FALSE
5226812,"gate_40",524,TRUE,TRUE
5226925,"gate_40",4,FALSE,FALSE
5226963,"gate_30",25,TRUE,FALSE
5227049,"gate_40",45,TRUE,FALSE
5227063,"gate_30",2,FALSE,FALSE
5227085,"gate_40",201,TRUE,FALSE
5227120,"gate_30",1,FALSE,FALSE
5227164,"gate_40",3,TRUE,TRUE
5227342,"gate_30",52,TRUE,FALSE
5227628,"gate_40",1,FALSE,FALSE
5228117,"gate_30",2,FALSE,FALSE
5228146,"gate_30",4,FALSE,FALSE
5228634,"gate_30",236,TRUE,TRUE
5228653,"gate_30",115,TRUE,TRUE
5228695,"gate_40",0,FALSE,FALSE
5228704,"gate_40",4,FALSE,FALSE
5228775,"gate_40",2,FALSE,FALSE
5228852,"gate_30",55,TRUE,FALSE
5228882,"gate_40",8,FALSE,FALSE
5229074,"gate_30",43,TRUE,TRUE
5229081,"gate_30",9,FALSE,FALSE
5229152,"gate_40",5,FALSE,FALSE
5229154,"gate_40",1,FALSE,FALSE
5229362,"gate_40",2,FALSE,FALSE
5229497,"gate_40",222,TRUE,TRUE
5229545,"gate_40",12,TRUE,FALSE
5229600,"gate_40",3,FALSE,FALSE
5229609,"gate_30",1,FALSE,FALSE
5229693,"gate_30",1,FALSE,FALSE
5229757,"gate_40",31,FALSE,FALSE
5229811,"gate_30",2,FALSE,FALSE
5229980,"gate_30",10,FALSE,FALSE
5230047,"gate_40",6,FALSE,FALSE
5230117,"gate_40",209,TRUE,TRUE
5230163,"gate_30",135,TRUE,FALSE
5230219,"gate_40",4,FALSE,FALSE
5230308,"gate_40",32,TRUE,TRUE
5230345,"gate_40",95,TRUE,TRUE
5230451,"gate_30",41,TRUE,FALSE
5230612,"gate_40",3,FALSE,FALSE
5230802,"gate_40",173,TRUE,TRUE
5230985,"gate_30",1,FALSE,FALSE
5231031,"gate_40",0,FALSE,FALSE
5231382,"gate_40",696,TRUE,TRUE
5231399,"gate_30",1,FALSE,FALSE
5231425,"gate_40",7,TRUE,TRUE
5231522,"gate_40",0,FALSE,FALSE
5231532,"gate_40",27,TRUE,FALSE
5231706,"gate_30",37,TRUE,FALSE
5231726,"gate_30",27,TRUE,FALSE
5231740,"gate_30",18,FALSE,TRUE
5231741,"gate_40",4,FALSE,FALSE
5231768,"gate_30",238,TRUE,TRUE
5231885,"gate_40",18,FALSE,FALSE
5231930,"gate_40",11,TRUE,FALSE
5232212,"gate_40",43,TRUE,FALSE
5232226,"gate_30",45,TRUE,FALSE
5232232,"gate_30",5,FALSE,FALSE
5232309,"gate_40",3,FALSE,FALSE
5232455,"gate_40",2,FALSE,FALSE
5232538,"gate_30",5,FALSE,FALSE
5233032,"gate_40",1,FALSE,FALSE
5233056,"gate_30",27,FALSE,FALSE
5233204,"gate_40",84,TRUE,FALSE
5233264,"gate_40",31,TRUE,TRUE
5233296,"gate_30",4,FALSE,FALSE
5233378,"gate_40",38,TRUE,FALSE
5233440,"gate_30",0,FALSE,FALSE
5233498,"gate_40",16,FALSE,FALSE
5233713,"gate_30",3,FALSE,FALSE
5233733,"gate_30",10,FALSE,FALSE
5233899,"gate_40",363,TRUE,TRUE
5233958,"gate_40",4,FALSE,FALSE
5234094,"gate_30",9,FALSE,FALSE
5234187,"gate_40",19,TRUE,FALSE
5234345,"gate_40",19,FALSE,TRUE
5234363,"gate_30",307,TRUE,TRUE
5234472,"gate_30",35,TRUE,FALSE
5234558,"gate_40",2,FALSE,FALSE
5234591,"gate_30",8,TRUE,FALSE
5234609,"gate_40",2,FALSE,FALSE
5234665,"gate_40",51,TRUE,FALSE
5234757,"gate_40",233,TRUE,TRUE
5234783,"gate_40",6,FALSE,FALSE
5234879,"gate_40",20,FALSE,FALSE
5234939,"gate_30",6,TRUE,FALSE
5235304,"gate_30",173,TRUE,TRUE
5235327,"gate_40",23,FALSE,FALSE
5235402,"gate_40",22,TRUE,FALSE
5235442,"gate_30",16,FALSE,FALSE
5235675,"gate_30",0,FALSE,FALSE
5235676,"gate_30",6,FALSE,FALSE
5235791,"gate_40",44,TRUE,FALSE
5235838,"gate_40",7,FALSE,FALSE
5235871,"gate_30",30,TRUE,FALSE
5235975,"gate_30",10,FALSE,FALSE
5236072,"gate_30",247,TRUE,FALSE
5236221,"gate_30",18,FALSE,FALSE
5236386,"gate_40",48,FALSE,FALSE
5236388,"gate_40",4,FALSE,FALSE
5236628,"gate_40",15,FALSE,FALSE
5236685,"gate_40",4,FALSE,FALSE
5236888,"gate_40",44,TRUE,FALSE
5236900,"gate_40",50,TRUE,TRUE
5237185,"gate_30",8,TRUE,FALSE
5237188,"gate_40",22,TRUE,FALSE
5237280,"gate_30",4,FALSE,FALSE
5237295,"gate_40",4,TRUE,FALSE
5237329,"gate_40",72,FALSE,TRUE
5237403,"gate_40",17,FALSE,FALSE
5237464,"gate_30",8,FALSE,FALSE
5237500,"gate_40",48,TRUE,FALSE
5237646,"gate_30",3,FALSE,FALSE
5237706,"gate_40",7,FALSE,FALSE
5237736,"gate_40",10,TRUE,FALSE
5237898,"gate_30",9,FALSE,FALSE
5237995,"gate_40",1,FALSE,FALSE
5238102,"gate_40",92,TRUE,TRUE
5238163,"gate_40",53,TRUE,FALSE
5238363,"gate_30",76,TRUE,TRUE
5238443,"gate_40",0,FALSE,FALSE
5238472,"gate_40",10,FALSE,FALSE
5238712,"gate_30",34,FALSE,FALSE
5238749,"gate_30",164,TRUE,FALSE
5238805,"gate_40",6,FALSE,FALSE
5238863,"gate_40",3,FALSE,FALSE
5238937,"gate_30",434,TRUE,TRUE
5239068,"gate_30",218,TRUE,TRUE
5239116,"gate_40",17,FALSE,FALSE
5239118,"gate_30",677,TRUE,TRUE
5239130,"gate_30",18,FALSE,FALSE
5239195,"gate_30",4,FALSE,FALSE
5239305,"gate_40",36,FALSE,FALSE
5239543,"gate_30",1,FALSE,FALSE
5239713,"gate_30",388,TRUE,TRUE
5239863,"gate_40",3,FALSE,FALSE
5239865,"gate_30",139,TRUE,FALSE
5239958,"gate_40",33,TRUE,FALSE
5239978,"gate_40",24,FALSE,FALSE
5240037,"gate_30",18,FALSE,FALSE
5240056,"gate_40",3,FALSE,FALSE
5240261,"gate_40",0,FALSE,FALSE
5240276,"gate_40",165,TRUE,FALSE
5240291,"gate_30",33,FALSE,FALSE
5240294,"gate_30",11,FALSE,FALSE
5240319,"gate_30",23,FALSE,TRUE
5240324,"gate_40",1,FALSE,FALSE
5240378,"gate_40",14,FALSE,TRUE
5240670,"gate_40",1,FALSE,FALSE
5240971,"gate_30",313,FALSE,TRUE
5241015,"gate_30",9,FALSE,FALSE
5241084,"gate_40",0,FALSE,FALSE
5241261,"gate_40",34,FALSE,FALSE
5241554,"gate_30",93,TRUE,TRUE
5241648,"gate_30",8,TRUE,FALSE
5241673,"gate_40",20,TRUE,FALSE
5241873,"gate_30",33,FALSE,FALSE
5241879,"gate_40",169,TRUE,TRUE
5242073,"gate_30",66,TRUE,TRUE
5242094,"gate_30",10,TRUE,FALSE
5242098,"gate_40",1,FALSE,FALSE
5242347,"gate_40",2,FALSE,FALSE
5242405,"gate_30",61,TRUE,TRUE
5242421,"gate_30",31,FALSE,FALSE
5242497,"gate_30",283,TRUE,TRUE
5242663,"gate_30",5,FALSE,FALSE
5242703,"gate_40",12,FALSE,FALSE
5242846,"gate_30",4,FALSE,FALSE
5243057,"gate_30",11,FALSE,FALSE
5243113,"gate_40",1,FALSE,FALSE
5243151,"gate_30",4,FALSE,FALSE
5243264,"gate_40",165,TRUE,TRUE
5243348,"gate_40",42,FALSE,FALSE
5243491,"gate_30",76,TRUE,FALSE
5243690,"gate_30",93,TRUE,TRUE
5243747,"gate_30",3,FALSE,FALSE
5243909,"gate_30",25,FALSE,FALSE
5243954,"gate_30",6,FALSE,FALSE
5244055,"gate_40",322,TRUE,TRUE
5244376,"gate_30",15,TRUE,FALSE
5244582,"gate_40",125,TRUE,TRUE
5244709,"gate_40",55,TRUE,FALSE
5244755,"gate_40",6,TRUE,FALSE
5244856,"gate_30",3,FALSE,FALSE
5245012,"gate_40",88,TRUE,FALSE
5245057,"gate_40",32,TRUE,FALSE
5245062,"gate_30",1,FALSE,FALSE
5245257,"gate_40",70,TRUE,TRUE
5245399,"gate_30",4,FALSE,FALSE
5245476,"gate_40",1,FALSE,FALSE
5245640,"gate_40",6,FALSE,FALSE
5245888,"gate_30",28,FALSE,FALSE
5246220,"gate_30",19,FALSE,FALSE
5246247,"gate_40",2,FALSE,FALSE
5246258,"gate_30",39,FALSE,FALSE
5246264,"gate_40",2,FALSE,FALSE
5246316,"gate_40",260,TRUE,TRUE
5246412,"gate_30",4,FALSE,FALSE
5246581,"gate_30",14,FALSE,FALSE
5246624,"gate_40",22,TRUE,FALSE
5246853,"gate_40",77,FALSE,FALSE
5247189,"gate_40",0,FALSE,FALSE
5247241,"gate_40",93,TRUE,FALSE
5247302,"gate_30",42,FALSE,FALSE
5247532,"gate_30",39,TRUE,FALSE
5247677,"gate_30",2,FALSE,FALSE
5247800,"gate_30",0,FALSE,FALSE
5248040,"gate_30",0,FALSE,FALSE
5248089,"gate_30",4,TRUE,FALSE
5248123,"gate_40",62,TRUE,FALSE
5248396,"gate_30",21,FALSE,FALSE
5248405,"gate_30",32,TRUE,FALSE
5248494,"gate_30",112,TRUE,FALSE
5248736,"gate_30",63,TRUE,FALSE
5248738,"gate_30",45,FALSE,FALSE
5248809,"gate_30",1,FALSE,FALSE
5249049,"gate_30",39,FALSE,FALSE
5249106,"gate_30",1,FALSE,FALSE
5249108,"gate_40",9,TRUE,TRUE
5249618,"gate_30",14,FALSE,FALSE
5249892,"gate_30",11,TRUE,FALSE
5249935,"gate_30",1,FALSE,FALSE
5250318,"gate_40",3,FALSE,FALSE
5250384,"gate_40",88,TRUE,TRUE
5250934,"gate_30",8,TRUE,FALSE
5250959,"gate_30",21,TRUE,FALSE
5251059,"gate_40",2,FALSE,FALSE
5251070,"gate_30",1,FALSE,FALSE
5251098,"gate_30",15,TRUE,FALSE
5251771,"gate_40",12,FALSE,FALSE
5251794,"gate_30",18,FALSE,FALSE
5251798,"gate_30",2,FALSE,FALSE
5251805,"gate_40",48,FALSE,FALSE
5251810,"gate_30",1,FALSE,FALSE
5252117,"gate_30",20,FALSE,FALSE
5252224,"gate_30",444,TRUE,TRUE
5252314,"gate_40",9,FALSE,FALSE
5252374,"gate_30",52,TRUE,TRUE
5252591,"gate_40",1,FALSE,FALSE
5252623,"gate_30",9,FALSE,FALSE
5252694,"gate_30",9,FALSE,FALSE
5252945,"gate_30",65,TRUE,FALSE
5253051,"gate_40",2,FALSE,FALSE
5253273,"gate_30",41,TRUE,TRUE
5253302,"gate_40",2,FALSE,FALSE
5253378,"gate_30",53,FALSE,FALSE
5253547,"gate_40",32,FALSE,FALSE
5253674,"gate_40",120,TRUE,FALSE
5253977,"gate_40",7,TRUE,FALSE
5254198,"gate_40",4,FALSE,FALSE
5254494,"gate_40",17,FALSE,FALSE
5254523,"gate_30",0,FALSE,FALSE
5254721,"gate_30",8,FALSE,FALSE
5254745,"gate_40",0,FALSE,FALSE
5254913,"gate_40",21,FALSE,FALSE
5254980,"gate_40",17,FALSE,FALSE
5255054,"gate_40",3,TRUE,FALSE
5255074,"gate_40",14,TRUE,FALSE
5255267,"gate_30",21,TRUE,FALSE
5255335,"gate_30",5,FALSE,FALSE
5255351,"gate_40",4,FALSE,FALSE
5255535,"gate_40",13,FALSE,FALSE
5255673,"gate_30",1,FALSE,FALSE
5255681,"gate_30",26,TRUE,FALSE
5255700,"gate_30",49,TRUE,FALSE
5255772,"gate_40",36,TRUE,FALSE
5255859,"gate_40",16,TRUE,FALSE
5255911,"gate_40",44,TRUE,FALSE
5255927,"gate_40",107,TRUE,FALSE
5256195,"gate_40",76,TRUE,FALSE
5256240,"gate_40",6,FALSE,FALSE
5256507,"gate_40",26,FALSE,FALSE
5256710,"gate_30",142,TRUE,FALSE
5256843,"gate_40",134,TRUE,TRUE
5256865,"gate_40",7,FALSE,FALSE
5256942,"gate_40",4,FALSE,FALSE
5257403,"gate_30",24,TRUE,FALSE
5257510,"gate_40",1,FALSE,FALSE
5257639,"gate_30",30,FALSE,FALSE
5257697,"gate_40",17,FALSE,FALSE
5258022,"gate_30",30,TRUE,FALSE
5258240,"gate_40",10,FALSE,FALSE
5258287,"gate_30",11,FALSE,FALSE
5258338,"gate_40",45,TRUE,TRUE
5258491,"gate_30",12,FALSE,FALSE
5258814,"gate_30",56,FALSE,FALSE
5258888,"gate_30",90,FALSE,TRUE
5258971,"gate_40",156,TRUE,FALSE
5259044,"gate_30",4,TRUE,FALSE
5259059,"gate_30",13,TRUE,FALSE
5259113,"gate_40",6,FALSE,FALSE
5259324,"gate_30",123,TRUE,TRUE
5259338,"gate_30",11,TRUE,TRUE
5259452,"gate_40",4,FALSE,FALSE
5259453,"gate_40",71,TRUE,FALSE
5259516,"gate_30",17,FALSE,FALSE
5259526,"gate_30",9,TRUE,FALSE
5259615,"gate_40",20,TRUE,FALSE
5259710,"gate_30",7,FALSE,FALSE
5259910,"gate_30",8,FALSE,FALSE
5260006,"gate_40",10,TRUE,FALSE
5260090,"gate_40",93,TRUE,FALSE
5260334,"gate_30",17,TRUE,FALSE
5260346,"gate_40",22,TRUE,FALSE
5260374,"gate_40",9,FALSE,TRUE
5260416,"gate_30",9,TRUE,FALSE
5260464,"gate_40",78,TRUE,TRUE
5260774,"gate_30",95,TRUE,TRUE
5260826,"gate_40",35,FALSE,FALSE
5260850,"gate_40",27,TRUE,FALSE
5260866,"gate_30",547,TRUE,TRUE
5261051,"gate_40",10,FALSE,FALSE
5261168,"gate_40",63,TRUE,FALSE
5261267,"gate_30",5,FALSE,FALSE
5261313,"gate_30",74,TRUE,FALSE
5261359,"gate_40",35,TRUE,FALSE
5261726,"gate_30",44,TRUE,FALSE
5261734,"gate_40",9,FALSE,FALSE
5261745,"gate_30",123,TRUE,FALSE
5261813,"gate_40",0,FALSE,FALSE
5262327,"gate_40",13,TRUE,FALSE
5262651,"gate_40",25,TRUE,FALSE
5262722,"gate_30",93,FALSE,TRUE
5262748,"gate_40",2,FALSE,FALSE
5262917,"gate_40",19,TRUE,FALSE
5262989,"gate_30",265,TRUE,TRUE
5263571,"gate_40",98,FALSE,TRUE
5263740,"gate_30",609,TRUE,TRUE
5264007,"gate_40",3,FALSE,FALSE
5264154,"gate_40",10,FALSE,FALSE
5264401,"gate_40",7,FALSE,FALSE
5264430,"gate_40",36,TRUE,FALSE
5264463,"gate_30",28,TRUE,FALSE
5264632,"gate_30",30,FALSE,FALSE
5264738,"gate_30",3,FALSE,FALSE
5264755,"gate_40",3,TRUE,FALSE
5264824,"gate_40",8,FALSE,FALSE
5264871,"gate_40",11,FALSE,FALSE
5265076,"gate_30",9,FALSE,FALSE
5265122,"gate_30",116,TRUE,TRUE
5265150,"gate_40",56,TRUE,TRUE
5265399,"gate_30",2,FALSE,FALSE
5265401,"gate_30",0,FALSE,FALSE
5265509,"gate_30",89,TRUE,FALSE
5265651,"gate_30",208,TRUE,FALSE
5265708,"gate_30",1,FALSE,FALSE
5265869,"gate_40",4,TRUE,TRUE
5265898,"gate_30",8,FALSE,FALSE
5265925,"gate_40",2,FALSE,FALSE
5266211,"gate_40",247,TRUE,FALSE
5266305,"gate_30",17,FALSE,FALSE
5266340,"gate_30",29,TRUE,FALSE
5266494,"gate_30",10,TRUE,FALSE
5266502,"gate_40",13,TRUE,FALSE
5266648,"gate_30",2,FALSE,FALSE
5266769,"gate_40",45,TRUE,FALSE
5266778,"gate_30",42,TRUE,FALSE
5266889,"gate_40",7,FALSE,FALSE
5266945,"gate_30",5,FALSE,FALSE
5267482,"gate_30",24,FALSE,FALSE
5267655,"gate_30",53,TRUE,FALSE
5267778,"gate_40",28,FALSE,FALSE
5267791,"gate_40",17,TRUE,FALSE
5267828,"gate_30",22,FALSE,FALSE
5267867,"gate_40",11,FALSE,FALSE
5267893,"gate_40",3,FALSE,FALSE
5267966,"gate_40",23,FALSE,FALSE
5268142,"gate_40",112,TRUE,FALSE
5268204,"gate_30",18,TRUE,FALSE
5268210,"gate_30",44,TRUE,TRUE
5268297,"gate_30",11,FALSE,FALSE
5268357,"gate_30",57,TRUE,TRUE
5268566,"gate_40",8,FALSE,FALSE
5268591,"gate_40",5,FALSE,FALSE
5268963,"gate_40",78,TRUE,TRUE
5269119,"gate_30",200,TRUE,TRUE
5269353,"gate_30",19,TRUE,FALSE
5269512,"gate_30",4,FALSE,FALSE
5269609,"gate_40",2,FALSE,FALSE
5269613,"gate_40",16,TRUE,FALSE
5269829,"gate_30",98,TRUE,FALSE
5269865,"gate_30",4,FALSE,FALSE
5269868,"gate_40",14,FALSE,FALSE
5269940,"gate_40",4,FALSE,FALSE
5270169,"gate_40",47,TRUE,TRUE
5270211,"gate_40",6,TRUE,FALSE
5270280,"gate_40",156,TRUE,TRUE
5270451,"gate_40",0,FALSE,FALSE
5270513,"gate_30",149,FALSE,TRUE
5270753,"gate_40",3,FALSE,FALSE
5270760,"gate_30",482,TRUE,TRUE
5270966,"gate_40",151,TRUE,TRUE
5271260,"gate_30",5,FALSE,FALSE
5271267,"gate_40",18,TRUE,FALSE
5271300,"gate_30",5,TRUE,FALSE
5271355,"gate_30",4,FALSE,FALSE
5271423,"gate_30",2,TRUE,FALSE
5271426,"gate_40",32,FALSE,FALSE
5271664,"gate_40",3,FALSE,FALSE
5271668,"gate_30",23,FALSE,FALSE
5271711,"gate_30",3,FALSE,FALSE
5271761,"gate_30",36,FALSE,FALSE
5271938,"gate_30",12,TRUE,FALSE
5272056,"gate_30",4,FALSE,FALSE
5272118,"gate_40",18,TRUE,FALSE
5272243,"gate_30",528,TRUE,TRUE
5272304,"gate_30",2,FALSE,FALSE
5272390,"gate_30",19,FALSE,FALSE
5272604,"gate_30",5,FALSE,FALSE
5272614,"gate_40",34,TRUE,FALSE
5272697,"gate_40",56,TRUE,TRUE
5272883,"gate_40",13,FALSE,FALSE
5273078,"gate_40",48,TRUE,FALSE
5273107,"gate_40",4,TRUE,FALSE
5273294,"gate_30",8,FALSE,TRUE
5273408,"gate_40",23,TRUE,FALSE
5273432,"gate_30",1,FALSE,FALSE
5273748,"gate_40",4,FALSE,FALSE
5273848,"gate_40",22,TRUE,FALSE
5273915,"gate_40",224,FALSE,TRUE
5274046,"gate_30",55,TRUE,TRUE
5274123,"gate_40",64,TRUE,TRUE
5274161,"gate_30",186,TRUE,TRUE
5274260,"gate_30",50,FALSE,FALSE
5274465,"gate_40",5,FALSE,FALSE
5274499,"gate_40",6,FALSE,FALSE
5274525,"gate_40",121,TRUE,FALSE
5274543,"gate_40",0,FALSE,FALSE
5274720,"gate_30",3,TRUE,FALSE
5274779,"gate_40",7,FALSE,FALSE
5274791,"gate_30",55,TRUE,FALSE
5274793,"gate_30",15,FALSE,FALSE
5274882,"gate_30",62,FALSE,TRUE
5274902,"gate_40",60,TRUE,FALSE
5274924,"gate_30",13,FALSE,FALSE
5275080,"gate_30",5,FALSE,FALSE
5275169,"gate_30",35,TRUE,FALSE
5275276,"gate_40",10,FALSE,FALSE
5275369,"gate_30",40,TRUE,FALSE
5275430,"gate_40",11,FALSE,FALSE
5275491,"gate_40",0,FALSE,FALSE
5275575,"gate_30",4,FALSE,FALSE
5275734,"gate_30",7,FALSE,FALSE
5275803,"gate_30",51,TRUE,FALSE
5275869,"gate_30",1,FALSE,FALSE
5275885,"gate_30",63,TRUE,TRUE
5275995,"gate_40",2,FALSE,FALSE
5276031,"gate_30",104,TRUE,FALSE
5276033,"gate_40",43,FALSE,FALSE
5276047,"gate_40",183,TRUE,TRUE
5276240,"gate_30",120,FALSE,FALSE
5276743,"gate_40",9,FALSE,FALSE
5276945,"gate_30",1,FALSE,FALSE
5277016,"gate_30",13,FALSE,FALSE
5277082,"gate_30",36,FALSE,FALSE
5277273,"gate_40",17,FALSE,FALSE
5277323,"gate_30",2,FALSE,FALSE
5277471,"gate_40",43,TRUE,FALSE
5277484,"gate_40",8,FALSE,FALSE
5277621,"gate_30",5,FALSE,FALSE
5277696,"gate_30",3,TRUE,FALSE
5277990,"gate_40",53,TRUE,FALSE
5278037,"gate_30",29,FALSE,FALSE
5278050,"gate_30",0,FALSE,FALSE
5278055,"gate_40",13,TRUE,FALSE
5278176,"gate_40",2,FALSE,FALSE
5278254,"gate_30",5,FALSE,FALSE
5278305,"gate_30",8,FALSE,FALSE
5278486,"gate_30",11,FALSE,FALSE
5278534,"gate_40",2,FALSE,FALSE
5278738,"gate_30",26,FALSE,TRUE
5278827,"gate_40",6,FALSE,FALSE
5279018,"gate_30",144,TRUE,TRUE
5279034,"gate_30",62,TRUE,TRUE
5279104,"gate_40",66,TRUE,FALSE
5279208,"gate_40",361,TRUE,TRUE
5279237,"gate_40",60,TRUE,FALSE
5279349,"gate_30",233,FALSE,TRUE
5279907,"gate_30",24,FALSE,FALSE
5280089,"gate_40",2,FALSE,FALSE
5280093,"gate_40",65,TRUE,TRUE
5280154,"gate_30",73,FALSE,TRUE
5280169,"gate_40",172,TRUE,FALSE
5280260,"gate_40",3,FALSE,FALSE
5280310,"gate_40",25,FALSE,FALSE
5280503,"gate_40",2,FALSE,FALSE
5280524,"gate_30",12,FALSE,FALSE
5280533,"gate_30",71,TRUE,TRUE
5280875,"gate_40",5,FALSE,FALSE
5280917,"gate_40",43,FALSE,FALSE
5281104,"gate_40",9,FALSE,FALSE
5281155,"gate_30",23,TRUE,TRUE
5281484,"gate_40",8,FALSE,FALSE
5281514,"gate_40",52,TRUE,FALSE
5281558,"gate_40",2,FALSE,FALSE
5281589,"gate_30",30,TRUE,FALSE
5281594,"gate_30",1,FALSE,FALSE
5281630,"gate_30",88,FALSE,FALSE
5281635,"gate_40",3,FALSE,FALSE
5281789,"gate_30",44,TRUE,FALSE
5281849,"gate_30",7,FALSE,FALSE
5281877,"gate_40",8,FALSE,FALSE
5282006,"gate_40",0,FALSE,FALSE
5282139,"gate_40",55,TRUE,FALSE
5282188,"gate_40",14,TRUE,FALSE
5282213,"gate_30",22,FALSE,FALSE
5282432,"gate_30",9,TRUE,FALSE
5282480,"gate_30",114,TRUE,TRUE
5282556,"gate_30",195,TRUE,TRUE
5282559,"gate_40",33,FALSE,FALSE
5282587,"gate_30",9,FALSE,TRUE
5282684,"gate_30",3,FALSE,FALSE
5282824,"gate_30",2,FALSE,FALSE
5282826,"gate_40",8,FALSE,FALSE
5282828,"gate_30",2,FALSE,FALSE
5282874,"gate_30",8,FALSE,FALSE
5282997,"gate_30",65,TRUE,TRUE
5283158,"gate_40",70,TRUE,FALSE
5283182,"gate_30",2,FALSE,FALSE
5283268,"gate_30",140,FALSE,FALSE
5283427,"gate_30",60,TRUE,FALSE
5283515,"gate_30",28,FALSE,FALSE
5283676,"gate_30",38,TRUE,FALSE
5283913,"gate_30",451,TRUE,TRUE
5284259,"gate_30",10,FALSE,FALSE
5284531,"gate_40",323,TRUE,TRUE
5284718,"gate_40",2,FALSE,FALSE
5284846,"gate_30",694,TRUE,TRUE
5284881,"gate_30",52,TRUE,FALSE
5284917,"gate_30",225,FALSE,TRUE
5284961,"gate_40",12,TRUE,FALSE
5285147,"gate_40",6,FALSE,FALSE
5285161,"gate_40",828,TRUE,TRUE
5285176,"gate_40",3,FALSE,FALSE
5285280,"gate_40",45,TRUE,FALSE
5285321,"gate_30",36,TRUE,FALSE
5285586,"gate_30",5,FALSE,FALSE
5285641,"gate_30",10,TRUE,FALSE
5286017,"gate_40",0,FALSE,FALSE
5286274,"gate_30",27,TRUE,FALSE
5286275,"gate_40",90,TRUE,FALSE
5286438,"gate_40",7,FALSE,FALSE
5286651,"gate_30",3,FALSE,FALSE
5286663,"gate_30",9,FALSE,FALSE
5286898,"gate_30",1,FALSE,FALSE
5287181,"gate_30",53,TRUE,TRUE
5287746,"gate_40",40,FALSE,FALSE
5287837,"gate_30",12,FALSE,FALSE
5288097,"gate_40",14,TRUE,FALSE
5288217,"gate_30",2,FALSE,FALSE
5288398,"gate_30",94,TRUE,FALSE
5288444,"gate_40",3,FALSE,FALSE
5288461,"gate_40",2,FALSE,FALSE
5288721,"gate_40",5,FALSE,FALSE
5288728,"gate_40",368,TRUE,TRUE
5288766,"gate_40",54,TRUE,TRUE
5289083,"gate_40",10,FALSE,FALSE
5289090,"gate_30",4,FALSE,FALSE
5289271,"gate_30",7,FALSE,FALSE
5289312,"gate_40",1,FALSE,FALSE
5289473,"gate_40",12,FALSE,FALSE
5289475,"gate_30",40,FALSE,TRUE
5289538,"gate_40",1,FALSE,FALSE
5289541,"gate_30",38,TRUE,TRUE
5289544,"gate_40",24,TRUE,FALSE
5289761,"gate_30",3,FALSE,FALSE
5289931,"gate_30",139,TRUE,FALSE
5290030,"gate_30",117,TRUE,FALSE
5290067,"gate_40",7,FALSE,FALSE
5290085,"gate_30",4,FALSE,FALSE
5290118,"gate_30",91,TRUE,TRUE
5290437,"gate_30",34,TRUE,FALSE
5290489,"gate_30",164,FALSE,FALSE
5290562,"gate_40",130,TRUE,TRUE
5290611,"gate_40",2,FALSE,FALSE
5290727,"gate_40",77,TRUE,TRUE
5290781,"gate_30",17,TRUE,FALSE
5290862,"gate_30",21,FALSE,FALSE
5290959,"gate_40",231,TRUE,FALSE
5290986,"gate_30",27,TRUE,TRUE
5291171,"gate_30",30,FALSE,FALSE
5291204,"gate_40",52,FALSE,FALSE
5291665,"gate_30",140,TRUE,FALSE
5291727,"gate_40",13,TRUE,FALSE
5291816,"gate_40",44,FALSE,FALSE
5292170,"gate_30",1,FALSE,FALSE
5292430,"gate_40",6,FALSE,FALSE
5292473,"gate_30",3,FALSE,FALSE
5292537,"gate_30",1,FALSE,FALSE
5292599,"gate_40",9,FALSE,FALSE
5292609,"gate_40",97,TRUE,TRUE
5292633,"gate_40",0,FALSE,FALSE
5292727,"gate_30",6,FALSE,FALSE
5292821,"gate_30",359,TRUE,TRUE
5292866,"gate_30",118,TRUE,TRUE
5292876,"gate_30",4,FALSE,FALSE
5293143,"gate_40",60,TRUE,TRUE
5293334,"gate_40",7,FALSE,FALSE
5293335,"gate_30",63,TRUE,FALSE
5293340,"gate_30",31,TRUE,FALSE
5293444,"gate_30",5,FALSE,FALSE
5293545,"gate_30",1,TRUE,FALSE
5293576,"gate_30",1,FALSE,FALSE
5293690,"gate_40",0,FALSE,FALSE
5293858,"gate_30",33,TRUE,FALSE
5293928,"gate_40",1,FALSE,FALSE
5294250,"gate_30",45,TRUE,FALSE
5294262,"gate_40",5,TRUE,FALSE
5294415,"gate_40",3,FALSE,FALSE
5294839,"gate_40",29,TRUE,FALSE
5294964,"gate_30",2,FALSE,FALSE
5294978,"gate_40",4,FALSE,FALSE
5294987,"gate_40",66,TRUE,FALSE
5295063,"gate_30",4,FALSE,FALSE
5295101,"gate_30",2,FALSE,FALSE
5295333,"gate_40",2,FALSE,FALSE
5295374,"gate_30",19,TRUE,FALSE
5295562,"gate_30",60,TRUE,FALSE
5295616,"gate_30",81,TRUE,TRUE
5295682,"gate_30",2,TRUE,FALSE
5295704,"gate_30",1,FALSE,FALSE
5295906,"gate_40",2,FALSE,TRUE
5295972,"gate_30",76,TRUE,TRUE
5296054,"gate_30",4,FALSE,FALSE
5296055,"gate_30",7,FALSE,FALSE
5296096,"gate_30",538,TRUE,TRUE
5296213,"gate_40",118,TRUE,TRUE
5296576,"gate_30",23,FALSE,FALSE
5296609,"gate_30",30,TRUE,TRUE
5296764,"gate_40",2,FALSE,FALSE
5296904,"gate_40",2,FALSE,FALSE
5296961,"gate_40",10,FALSE,FALSE
5296968,"gate_40",20,TRUE,FALSE
5297117,"gate_40",19,TRUE,FALSE
5297147,"gate_40",20,TRUE,FALSE
5297245,"gate_30",4,FALSE,FALSE
5297280,"gate_30",11,TRUE,FALSE
5297284,"gate_30",7,FALSE,FALSE
5297310,"gate_30",6,FALSE,FALSE
5297447,"gate_40",2,FALSE,FALSE
5297461,"gate_30",176,TRUE,TRUE
5297574,"gate_40",36,TRUE,FALSE
5297616,"gate_30",411,TRUE,TRUE
5297764,"gate_40",4,FALSE,FALSE
5297852,"gate_40",0,TRUE,FALSE
5297876,"gate_40",3,TRUE,FALSE
5297939,"gate_30",12,FALSE,FALSE
5297958,"gate_40",27,FALSE,FALSE
5298013,"gate_40",4,FALSE,FALSE
5298153,"gate_30",2,FALSE,FALSE
5298186,"gate_30",155,TRUE,FALSE
5298226,"gate_40",65,FALSE,FALSE
5298255,"gate_30",1,FALSE,FALSE
5298265,"gate_40",4,FALSE,FALSE
5298269,"gate_30",2,FALSE,FALSE
5298301,"gate_40",9,FALSE,FALSE
5298361,"gate_40",7,TRUE,FALSE
5298557,"gate_40",8,FALSE,FALSE
5298619,"gate_30",3,FALSE,FALSE
5298706,"gate_30",1,FALSE,FALSE
5298811,"gate_40",21,FALSE,FALSE
5298815,"gate_30",32,TRUE,FALSE
5298830,"gate_30",4,FALSE,FALSE
5299062,"gate_40",135,TRUE,TRUE
5299115,"gate_40",4,FALSE,FALSE
5299589,"gate_40",14,TRUE,FALSE
5299590,"gate_40",3,FALSE,FALSE
5299732,"gate_30",13,TRUE,FALSE
5299896,"gate_30",5,FALSE,FALSE
5299935,"gate_30",2,FALSE,FALSE
5300095,"gate_40",23,TRUE,FALSE
5300185,"gate_40",47,FALSE,FALSE
5300421,"gate_40",111,TRUE,FALSE
5300478,"gate_30",21,FALSE,FALSE
5300609,"gate_30",17,TRUE,FALSE
5300780,"gate_40",13,TRUE,FALSE
5300847,"gate_40",9,FALSE,FALSE
5301164,"gate_40",1,FALSE,FALSE
5301171,"gate_30",111,TRUE,TRUE
5301351,"gate_30",41,FALSE,FALSE
5301527,"gate_40",21,TRUE,FALSE
5301658,"gate_30",29,FALSE,FALSE
5301749,"gate_30",19,FALSE,FALSE
5301825,"gate_40",113,TRUE,FALSE
5302033,"gate_30",35,TRUE,FALSE
5302034,"gate_30",33,FALSE,FALSE
5302036,"gate_40",17,FALSE,FALSE
5302039,"gate_40",15,FALSE,FALSE
5302104,"gate_40",306,TRUE,TRUE
5302710,"gate_40",47,TRUE,FALSE
5303001,"gate_30",10,FALSE,FALSE
5303037,"gate_40",24,TRUE,FALSE
5303219,"gate_40",14,TRUE,FALSE
5303293,"gate_30",36,TRUE,FALSE
5303294,"gate_40",16,FALSE,FALSE
5303310,"gate_30",42,TRUE,FALSE
5303358,"gate_40",49,TRUE,FALSE
5303453,"gate_30",1,FALSE,FALSE
5303518,"gate_40",20,TRUE,FALSE
5303610,"gate_30",4,FALSE,FALSE
5303637,"gate_30",48,TRUE,FALSE
5303675,"gate_30",18,FALSE,FALSE
5303809,"gate_40",2,FALSE,FALSE
5303937,"gate_30",6,FALSE,FALSE
5304077,"gate_30",1,FALSE,FALSE
5304229,"gate_30",41,TRUE,TRUE
5304593,"gate_30",6,FALSE,FALSE
5304752,"gate_30",32,TRUE,FALSE
5305149,"gate_30",3,FALSE,FALSE
5305223,"gate_40",65,TRUE,FALSE
5305371,"gate_40",6,FALSE,FALSE
5305533,"gate_30",6,FALSE,FALSE
5305840,"gate_30",79,TRUE,FALSE
5305902,"gate_30",43,TRUE,TRUE
5305909,"gate_30",147,TRUE,FALSE
5305940,"gate_40",264,TRUE,TRUE
5305961,"gate_30",2,FALSE,FALSE
5306133,"gate_40",19,TRUE,FALSE
5306296,"gate_40",38,TRUE,FALSE
5306367,"gate_30",46,TRUE,FALSE
5306697,"gate_30",1,FALSE,FALSE
5306816,"gate_30",35,TRUE,TRUE
5306820,"gate_30",2,FALSE,FALSE
5306892,"gate_40",87,TRUE,TRUE
5306909,"gate_40",8,TRUE,FALSE
5306998,"gate_30",11,TRUE,FALSE
5307218,"gate_40",7,FALSE,FALSE
5307258,"gate_30",11,FALSE,FALSE
5307400,"gate_40",20,TRUE,FALSE
5307417,"gate_40",6,FALSE,FALSE
5307504,"gate_30",5,FALSE,FALSE
5307715,"gate_40",197,TRUE,TRUE
5307864,"gate_30",40,TRUE,FALSE
5307950,"gate_30",131,TRUE,FALSE
5308020,"gate_40",17,TRUE,FALSE
5308071,"gate_30",4,TRUE,FALSE
5308204,"gate_40",19,FALSE,FALSE
5308293,"gate_30",39,TRUE,TRUE
5308311,"gate_30",97,FALSE,TRUE
5308322,"gate_40",0,FALSE,FALSE
5308548,"gate_40",33,TRUE,FALSE
5308561,"gate_30",9,TRUE,FALSE
5308750,"gate_30",58,TRUE,FALSE
5308929,"gate_40",9,TRUE,FALSE
5308937,"gate_40",17,FALSE,FALSE
5309034,"gate_40",8,FALSE,FALSE
5309236,"gate_40",6,FALSE,FALSE
5309352,"gate_40",0,FALSE,FALSE
5309368,"gate_40",11,FALSE,TRUE
5309464,"gate_40",2,FALSE,FALSE
5309698,"gate_30",7,FALSE,FALSE
5309728,"gate_40",42,FALSE,TRUE
5309980,"gate_30",90,TRUE,FALSE
5309992,"gate_40",62,TRUE,FALSE
5310027,"gate_30",51,TRUE,TRUE
5310034,"gate_40",395,TRUE,TRUE
5310054,"gate_30",7,FALSE,TRUE
5310060,"gate_30",0,FALSE,FALSE
5310114,"gate_30",33,TRUE,FALSE
5310507,"gate_40",2,FALSE,FALSE
5310730,"gate_30",17,TRUE,FALSE
5310768,"gate_40",11,FALSE,FALSE
5310826,"gate_40",2,FALSE,FALSE
5310861,"gate_40",17,FALSE,FALSE
5311087,"gate_40",1,TRUE,FALSE
5311204,"gate_40",2,FALSE,FALSE
5311232,"gate_40",9,FALSE,FALSE
5311256,"gate_40",2,FALSE,FALSE
5311329,"gate_40",2,FALSE,FALSE
5311382,"gate_30",1,FALSE,FALSE
5311385,"gate_40",1,FALSE,FALSE
5311432,"gate_40",4,FALSE,FALSE
5311506,"gate_30",5,TRUE,FALSE
5311528,"gate_30",1,FALSE,FALSE
5311592,"gate_40",6,TRUE,FALSE
5311619,"gate_40",9,FALSE,FALSE
5311714,"gate_40",13,FALSE,FALSE
5311744,"gate_40",2,FALSE,FALSE
5311840,"gate_30",2,FALSE,FALSE
5311920,"gate_40",0,FALSE,FALSE
5311995,"gate_30",6,FALSE,FALSE
5312049,"gate_40",17,TRUE,FALSE
5312055,"gate_30",4,FALSE,FALSE
5312062,"gate_40",2,FALSE,FALSE
5312080,"gate_30",4,FALSE,FALSE
5312086,"gate_40",68,FALSE,TRUE
5312294,"gate_30",5,TRUE,FALSE
5312882,"gate_40",61,TRUE,FALSE
5313030,"gate_40",27,TRUE,FALSE
5313285,"gate_40",43,FALSE,FALSE
5313409,"gate_40",18,FALSE,FALSE
5313413,"gate_30",209,TRUE,TRUE
5313701,"gate_40",61,TRUE,FALSE
5313730,"gate_40",375,FALSE,TRUE
5313977,"gate_40",292,TRUE,TRUE
5314064,"gate_40",3,FALSE,FALSE
5314147,"gate_40",34,TRUE,FALSE
5314170,"gate_40",0,FALSE,FALSE
5314237,"gate_40",0,FALSE,FALSE
5314306,"gate_30",32,TRUE,FALSE
5314318,"gate_40",7,FALSE,FALSE
5314546,"gate_40",83,TRUE,FALSE
5314590,"gate_30",30,TRUE,FALSE
5314823,"gate_40",1,FALSE,FALSE
5314873,"gate_30",24,FALSE,FALSE
5314946,"gate_40",22,FALSE,FALSE
5315061,"gate_40",118,TRUE,FALSE
5315123,"gate_30",38,FALSE,TRUE
5315169,"gate_40",12,TRUE,FALSE
5315375,"gate_40",8,TRUE,FALSE
5315395,"gate_30",87,TRUE,TRUE
5315422,"gate_30",14,TRUE,FALSE
5315440,"gate_40",5,FALSE,FALSE
5315485,"gate_40",3,FALSE,FALSE
5315627,"gate_30",58,TRUE,FALSE
5315652,"gate_30",3,FALSE,FALSE
5315716,"gate_40",1,FALSE,FALSE
5315727,"gate_30",5,FALSE,FALSE
5315792,"gate_40",30,TRUE,FALSE
5315964,"gate_40",3,FALSE,FALSE
5316124,"gate_40",0,FALSE,FALSE
5316291,"gate_40",17,TRUE,TRUE
5316322,"gate_40",3,FALSE,FALSE
5316484,"gate_30",1,FALSE,FALSE
5316575,"gate_40",77,FALSE,TRUE
5316594,"gate_30",326,TRUE,TRUE
5316692,"gate_40",12,TRUE,FALSE
5316724,"gate_40",15,TRUE,FALSE
5317005,"gate_40",22,TRUE,FALSE
5317091,"gate_40",349,TRUE,TRUE
5317104,"gate_40",0,FALSE,FALSE
5317119,"gate_30",288,FALSE,TRUE
5317316,"gate_40",48,FALSE,FALSE
5317416,"gate_30",135,TRUE,TRUE
5317607,"gate_40",14,FALSE,FALSE
5317744,"gate_40",39,TRUE,FALSE
5317884,"gate_30",332,TRUE,TRUE
5317939,"gate_40",52,TRUE,FALSE
5318142,"gate_40",5,FALSE,FALSE
5318170,"gate_40",1,FALSE,FALSE
5318177,"gate_30",0,FALSE,FALSE
5318215,"gate_30",1,FALSE,FALSE
5318392,"gate_40",16,FALSE,FALSE
5318466,"gate_40",10,FALSE,FALSE
5318689,"gate_40",286,TRUE,TRUE
5318713,"gate_40",62,FALSE,FALSE
5318841,"gate_40",19,FALSE,FALSE
5318857,"gate_40",10,FALSE,FALSE
5319253,"gate_30",2,FALSE,FALSE
5319453,"gate_30",9,FALSE,FALSE
5319576,"gate_40",243,TRUE,TRUE
5319705,"gate_30",7,FALSE,FALSE
5319770,"gate_40",5,TRUE,TRUE
5319865,"gate_30",68,TRUE,FALSE
5319951,"gate_30",6,FALSE,FALSE
5320253,"gate_40",38,FALSE,FALSE
5320309,"gate_30",105,TRUE,TRUE
5320313,"gate_40",29,FALSE,FALSE
5320520,"gate_40",81,TRUE,TRUE
5320656,"gate_40",51,FALSE,FALSE
5320716,"gate_40",11,TRUE,FALSE
5321088,"gate_30",12,FALSE,FALSE
5321135,"gate_40",6,FALSE,FALSE
5321216,"gate_40",16,TRUE,FALSE
5321496,"gate_30",94,FALSE,FALSE
5321567,"gate_30",13,TRUE,FALSE
5321672,"gate_30",42,TRUE,FALSE
5321815,"gate_40",25,FALSE,FALSE
5321840,"gate_30",45,TRUE,TRUE
5321867,"gate_40",34,TRUE,TRUE
5321979,"gate_40",14,FALSE,FALSE
5321990,"gate_40",14,TRUE,TRUE
5322374,"gate_30",50,TRUE,FALSE
5322602,"gate_30",410,TRUE,TRUE
5322827,"gate_30",65,TRUE,TRUE
5323481,"gate_40",9,FALSE,FALSE
5323722,"gate_40",49,FALSE,FALSE
5323753,"gate_30",17,TRUE,FALSE
5324014,"gate_40",1,FALSE,FALSE
5324024,"gate_30",5,FALSE,FALSE
5324243,"gate_30",8,FALSE,FALSE
5324385,"gate_40",0,FALSE,FALSE
5324386,"gate_30",12,FALSE,FALSE
5324437,"gate_30",40,TRUE,FALSE
5324527,"gate_30",33,FALSE,FALSE
5324585,"gate_30",4,FALSE,FALSE
5324795,"gate_40",1,FALSE,FALSE
5325071,"gate_40",8,FALSE,FALSE
5325137,"gate_30",5,TRUE,FALSE
5325172,"gate_30",8,FALSE,FALSE
5325259,"gate_40",2,FALSE,FALSE
5325465,"gate_30",125,TRUE,FALSE
5325539,"gate_40",41,TRUE,FALSE
5325621,"gate_40",1,FALSE,FALSE
5325742,"gate_40",9,FALSE,FALSE
5325946,"gate_40",3,TRUE,FALSE
5325983,"gate_40",1,FALSE,FALSE
5326050,"gate_40",15,FALSE,FALSE
5326350,"gate_30",16,TRUE,FALSE
5326388,"gate_40",10,FALSE,FALSE
5326414,"gate_40",47,FALSE,FALSE
5326459,"gate_30",25,TRUE,FALSE
5326487,"gate_40",1,FALSE,FALSE
5326570,"gate_40",2,FALSE,FALSE
5326647,"gate_30",28,FALSE,TRUE
5326936,"gate_40",0,FALSE,FALSE
5327112,"gate_40",43,TRUE,FALSE
5327288,"gate_40",3,FALSE,FALSE
5327596,"gate_40",4,FALSE,FALSE
5327628,"gate_30",80,FALSE,TRUE
5327736,"gate_30",23,TRUE,TRUE
5327866,"gate_30",165,FALSE,FALSE
5328283,"gate_40",23,FALSE,FALSE
5328291,"gate_30",15,FALSE,FALSE
5328383,"gate_30",17,TRUE,FALSE
5328485,"gate_30",9,FALSE,FALSE
5328510,"gate_30",35,FALSE,TRUE
5328549,"gate_40",23,FALSE,FALSE
5328693,"gate_30",4,FALSE,FALSE
5328862,"gate_40",5,FALSE,FALSE
5329008,"gate_40",4,FALSE,FALSE
5329250,"gate_30",9,FALSE,FALSE
5329307,"gate_40",7,FALSE,FALSE
5329513,"gate_40",149,TRUE,TRUE
5329637,"gate_40",14,TRUE,FALSE
5329712,"gate_40",0,FALSE,FALSE
5329800,"gate_30",263,TRUE,TRUE
5329937,"gate_40",7,FALSE,TRUE
5329997,"gate_40",0,FALSE,FALSE
5329999,"gate_30",127,FALSE,FALSE
5330024,"gate_30",9,FALSE,FALSE
5330217,"gate_30",111,TRUE,TRUE
5330304,"gate_40",35,TRUE,FALSE
5330383,"gate_30",58,TRUE,FALSE
5330465,"gate_40",40,TRUE,TRUE
5330485,"gate_30",185,TRUE,TRUE
5330505,"gate_30",1,FALSE,FALSE
5330534,"gate_30",78,TRUE,TRUE
5330719,"gate_30",16,TRUE,FALSE
5330726,"gate_40",1,FALSE,FALSE
5330728,"gate_40",77,TRUE,TRUE
5330777,"gate_30",17,TRUE,FALSE
5330808,"gate_40",1,FALSE,FALSE
5330840,"gate_30",29,FALSE,FALSE
5330909,"gate_30",0,TRUE,FALSE
5330969,"gate_30",58,FALSE,FALSE
5331096,"gate_30",8,FALSE,FALSE
5331263,"gate_40",7,TRUE,FALSE
5331366,"gate_30",69,TRUE,FALSE
5331423,"gate_40",4,TRUE,FALSE
5331639,"gate_40",1,FALSE,FALSE
5331733,"gate_30",57,TRUE,TRUE
5331797,"gate_30",4,FALSE,FALSE
5331855,"gate_40",0,FALSE,FALSE
5331870,"gate_30",8,TRUE,FALSE
5331960,"gate_30",13,FALSE,FALSE
5331989,"gate_40",18,TRUE,TRUE
5332093,"gate_40",52,TRUE,TRUE
5332135,"gate_40",19,FALSE,FALSE
5332153,"gate_40",2,TRUE,FALSE
5332762,"gate_40",5,TRUE,FALSE
5332779,"gate_40",3,FALSE,FALSE
5332844,"gate_40",81,TRUE,TRUE
5332898,"gate_40",6,TRUE,FALSE
5332971,"gate_30",4,FALSE,TRUE
5333184,"gate_40",206,TRUE,TRUE
5333251,"gate_30",9,FALSE,FALSE
5333387,"gate_40",3,FALSE,FALSE
5333519,"gate_30",277,TRUE,TRUE
5333551,"gate_30",39,TRUE,FALSE
5333660,"gate_40",9,FALSE,FALSE
5333835,"gate_30",1,FALSE,FALSE
5333941,"gate_30",2,FALSE,FALSE
5333968,"gate_30",22,TRUE,FALSE
5334067,"gate_30",13,FALSE,TRUE
5334078,"gate_40",15,TRUE,FALSE
5334115,"gate_40",5,FALSE,FALSE
5334585,"gate_30",25,FALSE,FALSE
5334596,"gate_30",8,FALSE,FALSE
5334785,"gate_40",69,TRUE,FALSE
5335069,"gate_30",4,FALSE,FALSE
5335077,"gate_40",527,TRUE,TRUE
5335150,"gate_40",21,FALSE,FALSE
5335154,"gate_30",7,FALSE,FALSE
5335236,"gate_40",8,FALSE,FALSE
5335643,"gate_40",4,FALSE,FALSE
5335657,"gate_40",13,FALSE,FALSE
5335997,"gate_40",5,FALSE,FALSE
5336169,"gate_30",28,FALSE,FALSE
5336242,"gate_30",7,FALSE,FALSE
5336303,"gate_30",12,TRUE,FALSE
5336474,"gate_40",97,TRUE,TRUE
5336655,"gate_40",3,FALSE,FALSE
5336866,"gate_40",2,FALSE,FALSE
5336882,"gate_40",20,FALSE,FALSE
5336920,"gate_40",0,FALSE,FALSE
5336963,"gate_30",112,TRUE,FALSE
5337035,"gate_40",11,TRUE,FALSE
5337127,"gate_30",64,TRUE,TRUE
5337271,"gate_40",5,FALSE,FALSE
5337285,"gate_30",29,FALSE,FALSE
5337419,"gate_40",59,FALSE,TRUE
5337438,"gate_30",36,FALSE,FALSE
5337652,"gate_40",18,TRUE,FALSE
5337692,"gate_40",17,FALSE,FALSE
5338146,"gate_30",4,FALSE,FALSE
5338379,"gate_30",125,TRUE,FALSE
5338381,"gate_40",1,FALSE,FALSE
5338448,"gate_40",1,FALSE,FALSE
5338582,"gate_30",624,TRUE,TRUE
5338617,"gate_30",2,FALSE,FALSE
5338640,"gate_40",7,FALSE,FALSE
5338747,"gate_30",14,FALSE,FALSE
5338793,"gate_30",12,FALSE,FALSE
5339031,"gate_30",228,TRUE,FALSE
5339056,"gate_40",8,TRUE,FALSE
5339201,"gate_30",7,FALSE,FALSE
5339257,"gate_30",52,TRUE,FALSE
5339355,"gate_40",87,TRUE,TRUE
5339493,"gate_40",29,FALSE,FALSE
5339532,"gate_40",22,TRUE,FALSE
5339608,"gate_30",43,TRUE,FALSE
5339993,"gate_30",253,TRUE,TRUE
5340148,"gate_30",19,TRUE,FALSE
5340154,"gate_30",45,TRUE,FALSE
5340349,"gate_30",1,FALSE,FALSE
5340394,"gate_30",127,TRUE,FALSE
5340411,"gate_30",1,FALSE,FALSE
5340460,"gate_30",444,TRUE,TRUE
5340582,"gate_40",2,FALSE,FALSE
5340600,"gate_30",2,FALSE,FALSE
5340780,"gate_30",4,FALSE,FALSE
5340785,"gate_30",230,TRUE,FALSE
5340923,"gate_30",120,TRUE,FALSE
5341057,"gate_40",85,TRUE,TRUE
5341287,"gate_30",44,TRUE,FALSE
5341316,"gate_30",3,FALSE,FALSE
5341330,"gate_40",1,FALSE,FALSE
5341383,"gate_30",7,FALSE,FALSE
5341469,"gate_40",19,FALSE,FALSE
5341518,"gate_40",6,FALSE,FALSE
5341590,"gate_30",1,FALSE,FALSE
5341605,"gate_40",4,FALSE,FALSE
5341898,"gate_40",14,FALSE,FALSE
5341901,"gate_30",0,FALSE,FALSE
5342073,"gate_40",16,FALSE,FALSE
5342186,"gate_30",50,TRUE,TRUE
5342302,"gate_40",1,FALSE,FALSE
5342321,"gate_40",162,TRUE,FALSE
5342379,"gate_40",39,TRUE,TRUE
5342538,"gate_40",5,FALSE,FALSE
5342673,"gate_40",4,FALSE,FALSE
5342798,"gate_40",222,TRUE,TRUE
5342811,"gate_40",9,FALSE,FALSE
5342852,"gate_40",2,FALSE,FALSE
5342870,"gate_40",16,TRUE,FALSE
5343167,"gate_30",14,FALSE,FALSE
5343197,"gate_40",117,TRUE,FALSE
5343473,"gate_40",3,FALSE,FALSE
5343676,"gate_30",22,FALSE,FALSE
5344131,"gate_30",23,FALSE,FALSE
5344141,"gate_40",30,FALSE,FALSE
5344190,"gate_30",19,TRUE,FALSE
5344340,"gate_40",24,FALSE,FALSE
5344461,"gate_30",2,FALSE,FALSE
5344492,"gate_40",102,TRUE,FALSE
5344601,"gate_30",1,FALSE,FALSE
5344760,"gate_30",117,TRUE,FALSE
5344846,"gate_40",0,FALSE,FALSE
5344983,"gate_30",15,FALSE,FALSE
5345335,"gate_40",5,FALSE,FALSE
5345338,"gate_40",24,FALSE,FALSE
5345514,"gate_40",6,FALSE,FALSE
5345721,"gate_40",33,TRUE,FALSE
5345768,"gate_40",23,TRUE,FALSE
5345958,"gate_40",1,FALSE,FALSE
5346104,"gate_30",49,FALSE,FALSE
5346123,"gate_40",163,TRUE,TRUE
5346143,"gate_30",51,TRUE,FALSE
5346171,"gate_40",2294,TRUE,TRUE
5346349,"gate_40",2,FALSE,FALSE
5346370,"gate_30",4,FALSE,FALSE
5346467,"gate_30",32,TRUE,FALSE
5346482,"gate_40",85,TRUE,FALSE
5346604,"gate_40",17,FALSE,FALSE
5346628,"gate_40",26,TRUE,FALSE
5346675,"gate_30",5,FALSE,FALSE
5346891,"gate_40",1,FALSE,FALSE
5346946,"gate_40",74,TRUE,FALSE
5346972,"gate_40",135,TRUE,FALSE
5347057,"gate_30",37,FALSE,FALSE
5347074,"gate_30",18,TRUE,FALSE
5347202,"gate_40",3,FALSE,FALSE
5347264,"gate_30",4,FALSE,FALSE
5347537,"gate_30",216,TRUE,TRUE
5347672,"gate_30",14,FALSE,FALSE
5347692,"gate_30",35,TRUE,TRUE
5347772,"gate_40",123,TRUE,FALSE
5348011,"gate_30",91,TRUE,TRUE
5348149,"gate_30",17,TRUE,FALSE
5348152,"gate_30",14,FALSE,FALSE
5348188,"gate_40",4,FALSE,FALSE
5348213,"gate_30",2,FALSE,FALSE
5348269,"gate_30",4,TRUE,FALSE
5348299,"gate_40",309,TRUE,TRUE
5348393,"gate_40",0,FALSE,FALSE
5348473,"gate_30",28,FALSE,FALSE
5348668,"gate_30",4,FALSE,FALSE
5348772,"gate_30",258,TRUE,TRUE
5349157,"gate_40",46,TRUE,TRUE
5349201,"gate_40",3,FALSE,FALSE
5349203,"gate_30",2,FALSE,FALSE
5349298,"gate_40",16,FALSE,TRUE
5349513,"gate_30",70,TRUE,FALSE
5349639,"gate_30",1,FALSE,FALSE
5349706,"gate_30",26,FALSE,FALSE
5349723,"gate_30",66,TRUE,TRUE
5349980,"gate_40",11,TRUE,FALSE
5349986,"gate_40",48,TRUE,FALSE
5350055,"gate_40",1,FALSE,FALSE
5350166,"gate_40",36,TRUE,FALSE
5350423,"gate_40",111,FALSE,TRUE
5350466,"gate_40",13,TRUE,FALSE
5350491,"gate_40",31,TRUE,FALSE
5350584,"gate_30",132,TRUE,TRUE
5350625,"gate_30",33,FALSE,FALSE
5350794,"gate_30",1,FALSE,FALSE
5350921,"gate_40",19,FALSE,FALSE
5350933,"gate_30",46,TRUE,TRUE
5351139,"gate_30",66,TRUE,FALSE
5351154,"gate_30",37,TRUE,FALSE
5351159,"gate_30",46,TRUE,FALSE
5351243,"gate_30",32,FALSE,FALSE
5351304,"gate_40",2,FALSE,FALSE
5351339,"gate_40",5,FALSE,FALSE
5351478,"gate_40",74,TRUE,TRUE
5351555,"gate_30",36,TRUE,FALSE
5351557,"gate_30",0,FALSE,FALSE
5351558,"gate_40",4,FALSE,FALSE
5351673,"gate_30",6,FALSE,FALSE
5352007,"gate_30",44,TRUE,FALSE
5352240,"gate_30",1,FALSE,FALSE
5352256,"gate_30",17,TRUE,FALSE
5352257,"gate_40",3,TRUE,FALSE
5352616,"gate_30",70,TRUE,TRUE
5352633,"gate_40",1,FALSE,FALSE
5352644,"gate_40",340,TRUE,TRUE
5352741,"gate_40",63,TRUE,FALSE
5352748,"gate_40",1,FALSE,FALSE
5352893,"gate_40",122,FALSE,TRUE
5352912,"gate_30",7,TRUE,FALSE
5353126,"gate_30",12,TRUE,FALSE
5353145,"gate_30",151,TRUE,TRUE
5353152,"gate_30",5,FALSE,FALSE
5353181,"gate_40",23,FALSE,FALSE
5353402,"gate_40",107,TRUE,FALSE
5353708,"gate_30",4,FALSE,FALSE
5353735,"gate_40",1,FALSE,FALSE
5353795,"gate_40",72,TRUE,TRUE
5354008,"gate_40",25,FALSE,FALSE
5354014,"gate_30",6,TRUE,FALSE
5354034,"gate_40",15,FALSE,FALSE
5354038,"gate_30",8,TRUE,FALSE
5354327,"gate_30",88,FALSE,FALSE
5354420,"gate_30",155,FALSE,TRUE
5354458,"gate_40",734,TRUE,TRUE
5354605,"gate_40",0,FALSE,FALSE
5354672,"gate_30",26,TRUE,FALSE
5354710,"gate_40",102,TRUE,FALSE
5354789,"gate_30",32,TRUE,FALSE
5354844,"gate_40",30,TRUE,TRUE
5354881,"gate_30",1,FALSE,FALSE
5354966,"gate_40",2,FALSE,FALSE
5354987,"gate_40",14,TRUE,FALSE
5355009,"gate_30",1,TRUE,FALSE
5355069,"gate_30",1,FALSE,FALSE
5355199,"gate_40",94,FALSE,TRUE
5355404,"gate_40",6,FALSE,FALSE
5355424,"gate_30",8,FALSE,FALSE
5355588,"gate_40",259,FALSE,TRUE
5355653,"gate_40",12,TRUE,FALSE
5355707,"gate_40",19,TRUE,TRUE
5356046,"gate_30",2,TRUE,FALSE
5356066,"gate_30",35,FALSE,FALSE
5356212,"gate_30",34,FALSE,FALSE
5356425,"gate_30",404,TRUE,TRUE
5356496,"gate_30",255,TRUE,TRUE
5356705,"gate_30",60,TRUE,FALSE
5356771,"gate_30",116,TRUE,TRUE
5356957,"gate_40",9,TRUE,FALSE
5356980,"gate_40",16,FALSE,FALSE
5357012,"gate_30",12,TRUE,FALSE
5357039,"gate_30",13,FALSE,FALSE
5357219,"gate_40",59,TRUE,FALSE
5357269,"gate_40",405,FALSE,TRUE
5357325,"gate_30",15,FALSE,FALSE
5357486,"gate_40",77,TRUE,FALSE
5357843,"gate_40",18,FALSE,FALSE
5358054,"gate_30",36,TRUE,TRUE
5358123,"gate_40",12,FALSE,FALSE
5358293,"gate_40",7,FALSE,FALSE
5358397,"gate_40",4,FALSE,FALSE
5358448,"gate_30",44,FALSE,FALSE
5358618,"gate_40",39,TRUE,FALSE
5358642,"gate_30",5,FALSE,FALSE
5358650,"gate_40",7,FALSE,FALSE
5358676,"gate_30",13,FALSE,FALSE
5358745,"gate_40",194,TRUE,TRUE
5358935,"gate_30",26,TRUE,FALSE
5358965,"gate_40",12,FALSE,FALSE
5359012,"gate_40",134,TRUE,TRUE
5359019,"gate_30",6,FALSE,FALSE
5359135,"gate_40",54,TRUE,FALSE
5359202,"gate_40",2,FALSE,FALSE
5359211,"gate_30",0,FALSE,FALSE
5359277,"gate_30",114,TRUE,TRUE
5359380,"gate_30",46,TRUE,FALSE
5359412,"gate_40",14,FALSE,FALSE
5359436,"gate_30",8,TRUE,FALSE
5359728,"gate_30",6,FALSE,FALSE
5359804,"gate_40",29,FALSE,FALSE
5359938,"gate_30",38,TRUE,FALSE
5359948,"gate_30",2,FALSE,FALSE
5359969,"gate_30",16,TRUE,FALSE
5360060,"gate_40",0,FALSE,FALSE
5360137,"gate_30",17,TRUE,FALSE
5360224,"gate_40",4,FALSE,FALSE
5360248,"gate_30",0,FALSE,FALSE
5360331,"gate_30",37,TRUE,FALSE
5360343,"gate_30",0,FALSE,FALSE
5360385,"gate_40",20,TRUE,FALSE
5360455,"gate_40",3,FALSE,FALSE
5360702,"gate_30",46,TRUE,FALSE
5360911,"gate_40",9,TRUE,FALSE
5361030,"gate_40",2,FALSE,FALSE
5361121,"gate_40",1,FALSE,FALSE
5361138,"gate_40",1,FALSE,FALSE
5361186,"gate_30",0,FALSE,FALSE
5361313,"gate_40",0,FALSE,FALSE
5361337,"gate_40",125,TRUE,TRUE
5361360,"gate_40",5,FALSE,FALSE
5361402,"gate_30",43,TRUE,FALSE
5361405,"gate_30",18,FALSE,FALSE
5361410,"gate_30",0,FALSE,FALSE
5361505,"gate_40",1,FALSE,FALSE
5361557,"gate_30",6,FALSE,FALSE
5361588,"gate_40",0,FALSE,FALSE
5361766,"gate_40",81,TRUE,FALSE
5361801,"gate_30",26,TRUE,FALSE
5361861,"gate_30",15,TRUE,FALSE
5361917,"gate_40",0,FALSE,FALSE
5361946,"gate_30",1,FALSE,FALSE
5361963,"gate_30",46,FALSE,FALSE
5361967,"gate_40",4,FALSE,FALSE
5362272,"gate_40",9,FALSE,FALSE
5362284,"gate_40",3,FALSE,FALSE
5362297,"gate_40",26,TRUE,FALSE
5362356,"gate_30",32,FALSE,TRUE
5362396,"gate_40",127,TRUE,TRUE
5362623,"gate_40",49,FALSE,TRUE
5362627,"gate_40",319,TRUE,TRUE
5362640,"gate_40",12,FALSE,FALSE
5362653,"gate_40",5,FALSE,FALSE
5363038,"gate_30",27,TRUE,TRUE
5363048,"gate_30",50,FALSE,TRUE
5363067,"gate_40",6,FALSE,FALSE
5363260,"gate_30",23,FALSE,FALSE
5363448,"gate_30",7,FALSE,TRUE
5363489,"gate_30",11,FALSE,FALSE
5363572,"gate_40",95,FALSE,FALSE
5363648,"gate_30",13,FALSE,FALSE
5363679,"gate_40",193,TRUE,FALSE
5363781,"gate_40",12,FALSE,FALSE
5363927,"gate_40",5,FALSE,FALSE
5364010,"gate_40",20,TRUE,FALSE
5364142,"gate_30",48,TRUE,TRUE
5364252,"gate_30",5,TRUE,FALSE
5364388,"gate_40",246,TRUE,FALSE
5364556,"gate_30",30,FALSE,FALSE
5364588,"gate_40",18,TRUE,FALSE
5364680,"gate_40",13,FALSE,FALSE
5364792,"gate_30",567,TRUE,TRUE
5364855,"gate_40",141,TRUE,FALSE
5365012,"gate_30",9,FALSE,FALSE
5365021,"gate_40",26,FALSE,FALSE
5365023,"gate_30",21,TRUE,FALSE
5365167,"gate_40",3,FALSE,FALSE
5365173,"gate_30",35,TRUE,FALSE
5365358,"gate_30",57,TRUE,FALSE
5365462,"gate_30",2,FALSE,FALSE
5365660,"gate_30",18,TRUE,FALSE
5365727,"gate_40",229,TRUE,TRUE
5365755,"gate_40",4,FALSE,FALSE
5365801,"gate_40",3,TRUE,FALSE
5366048,"gate_40",14,FALSE,FALSE
5366316,"gate_30",38,TRUE,FALSE
5366416,"gate_30",1,FALSE,FALSE
5366609,"gate_40",8,FALSE,FALSE
5366657,"gate_30",5,FALSE,FALSE
5366691,"gate_40",366,TRUE,TRUE
5366919,"gate_30",23,FALSE,FALSE
5367054,"gate_30",6,FALSE,FALSE
5367077,"gate_40",14,FALSE,FALSE
5367116,"gate_30",8,TRUE,FALSE
5367220,"gate_30",1,FALSE,FALSE
5367385,"gate_30",37,TRUE,FALSE
5367590,"gate_30",3,FALSE,FALSE
5367611,"gate_30",40,TRUE,FALSE
5367655,"gate_30",242,TRUE,FALSE
5367727,"gate_40",282,TRUE,FALSE
5367845,"gate_30",24,TRUE,FALSE
5367913,"gate_40",42,FALSE,FALSE
5367940,"gate_30",10,TRUE,FALSE
5367970,"gate_40",15,TRUE,FALSE
5367990,"gate_40",38,TRUE,FALSE
5368417,"gate_30",22,TRUE,FALSE
5368751,"gate_40",3,FALSE,FALSE
5368789,"gate_30",2,FALSE,FALSE
5368882,"gate_30",5,TRUE,FALSE
5368883,"gate_30",1,FALSE,FALSE
5369038,"gate_30",8,FALSE,FALSE
5369262,"gate_30",56,TRUE,FALSE
5369350,"gate_40",8,FALSE,FALSE
5369518,"gate_40",12,TRUE,FALSE
5369523,"gate_40",33,TRUE,FALSE
5369616,"gate_30",66,TRUE,FALSE
5369649,"gate_40",4,FALSE,FALSE
5369659,"gate_30",33,TRUE,FALSE
5369778,"gate_40",71,TRUE,FALSE
5369893,"gate_30",4,FALSE,FALSE
5369917,"gate_40",7,FALSE,FALSE
5369923,"gate_30",49,FALSE,FALSE
5370199,"gate_30",17,FALSE,FALSE
5370341,"gate_40",4,FALSE,FALSE
5370388,"gate_40",4,TRUE,FALSE
5370422,"gate_40",70,FALSE,TRUE
5370521,"gate_40",50,TRUE,FALSE
5370576,"gate_40",1,FALSE,FALSE
5370686,"gate_40",222,TRUE,TRUE
5370761,"gate_40",11,TRUE,FALSE
5370787,"gate_40",37,TRUE,FALSE
5370954,"gate_30",8,TRUE,FALSE
5371043,"gate_30",37,FALSE,FALSE
5371460,"gate_30",45,TRUE,FALSE
5371956,"gate_30",28,FALSE,FALSE
5372031,"gate_30",171,TRUE,FALSE
5372298,"gate_40",7,FALSE,FALSE
5372426,"gate_30",8,FALSE,FALSE
5372737,"gate_40",4,TRUE,FALSE
5372775,"gate_40",27,FALSE,FALSE
5372846,"gate_40",30,TRUE,TRUE
5372942,"gate_40",97,TRUE,FALSE
5373095,"gate_30",60,TRUE,FALSE
5373140,"gate_40",4,FALSE,FALSE
5373314,"gate_40",4,FALSE,FALSE
5373583,"gate_40",391,TRUE,TRUE
5373613,"gate_30",49,TRUE,FALSE
5373615,"gate_40",2,FALSE,FALSE
5373659,"gate_40",22,TRUE,FALSE
5373687,"gate_30",1,FALSE,FALSE
5373743,"gate_40",18,TRUE,FALSE
5373907,"gate_30",26,TRUE,TRUE
5374211,"gate_40",44,TRUE,FALSE
5374295,"gate_30",5,FALSE,FALSE
5374424,"gate_40",200,TRUE,FALSE
5375014,"gate_30",19,FALSE,FALSE
5375034,"gate_40",1,FALSE,FALSE
5375181,"gate_30",2,FALSE,FALSE
5375574,"gate_40",14,FALSE,TRUE
5375632,"gate_40",0,FALSE,FALSE
5375763,"gate_30",149,TRUE,FALSE
5375965,"gate_40",10,FALSE,FALSE
5376009,"gate_40",32,TRUE,FALSE
5376205,"gate_40",3,FALSE,FALSE
5376282,"gate_40",6,FALSE,FALSE
5376379,"gate_40",255,TRUE,TRUE
5376464,"gate_30",155,TRUE,TRUE
5376514,"gate_30",3,FALSE,FALSE
5376653,"gate_40",57,TRUE,FALSE
5376723,"gate_40",106,TRUE,TRUE
5376807,"gate_30",25,FALSE,FALSE
5376963,"gate_30",263,TRUE,FALSE
5377228,"gate_30",67,TRUE,FALSE
5377426,"gate_40",9,TRUE,FALSE
5377467,"gate_30",17,FALSE,FALSE
5377588,"gate_30",13,FALSE,FALSE
5377661,"gate_40",64,TRUE,FALSE
5377889,"gate_40",1,FALSE,FALSE
5378018,"gate_40",13,FALSE,FALSE
5378086,"gate_30",1,FALSE,FALSE
5378253,"gate_40",20,FALSE,FALSE
5378308,"gate_40",1,FALSE,FALSE
5378808,"gate_40",4,FALSE,FALSE
5378826,"gate_30",1,FALSE,FALSE
5378840,"gate_40",6,FALSE,FALSE
5378889,"gate_30",14,FALSE,FALSE
5378959,"gate_40",1,FALSE,FALSE
5379053,"gate_40",3,FALSE,FALSE
5379086,"gate_30",4,FALSE,FALSE
5379225,"gate_40",2,FALSE,FALSE
5379287,"gate_30",11,FALSE,FALSE
5379308,"gate_30",4,FALSE,FALSE
5379474,"gate_30",21,FALSE,FALSE
5379596,"gate_30",76,FALSE,TRUE
5379889,"gate_30",15,TRUE,FALSE
5379963,"gate_40",37,TRUE,TRUE
5379991,"gate_30",0,FALSE,FALSE
5380047,"gate_30",227,TRUE,TRUE
5380130,"gate_30",51,TRUE,FALSE
5380305,"gate_30",15,FALSE,FALSE
5380358,"gate_30",5,FALSE,FALSE
5380415,"gate_30",41,TRUE,FALSE
5380480,"gate_30",72,TRUE,TRUE
5380549,"gate_40",28,FALSE,TRUE
5380578,"gate_30",104,TRUE,TRUE
5380644,"gate_40",30,TRUE,FALSE
5380903,"gate_40",0,FALSE,FALSE
5380925,"gate_40",8,FALSE,FALSE
5381188,"gate_30",0,FALSE,FALSE
5381226,"gate_30",16,TRUE,FALSE
5381294,"gate_30",11,FALSE,FALSE
5381325,"gate_40",98,TRUE,FALSE
5381399,"gate_30",122,TRUE,TRUE
5381499,"gate_30",10,FALSE,FALSE
5381520,"gate_40",67,TRUE,TRUE
5381671,"gate_30",63,TRUE,TRUE
5381686,"gate_30",3,FALSE,FALSE
5381732,"gate_40",57,TRUE,FALSE
5381783,"gate_30",33,TRUE,FALSE
5381935,"gate_30",67,TRUE,FALSE
5381985,"gate_40",111,TRUE,FALSE
5382061,"gate_40",57,TRUE,FALSE
5382110,"gate_30",2,FALSE,FALSE
5382210,"gate_30",32,TRUE,FALSE
5382240,"gate_40",70,TRUE,FALSE
5382287,"gate_40",13,TRUE,FALSE
5382427,"gate_40",199,FALSE,TRUE
5382440,"gate_40",15,FALSE,FALSE
5382486,"gate_30",7,FALSE,FALSE
5382564,"gate_30",72,TRUE,TRUE
5382752,"gate_30",4,FALSE,FALSE
5382947,"gate_40",17,FALSE,FALSE
5382976,"gate_40",53,TRUE,FALSE
5383037,"gate_40",107,FALSE,FALSE
5383436,"gate_40",1,FALSE,FALSE
5383443,"gate_40",353,TRUE,TRUE
5383518,"gate_30",22,FALSE,FALSE
5383658,"gate_40",0,FALSE,FALSE
5383805,"gate_30",6,TRUE,FALSE
5383871,"gate_40",391,TRUE,TRUE
5384008,"gate_30",4,FALSE,FALSE
5384207,"gate_40",14,FALSE,TRUE
5384221,"gate_40",150,TRUE,FALSE
5384310,"gate_30",8,FALSE,FALSE
5384348,"gate_40",0,FALSE,FALSE
5384633,"gate_30",34,TRUE,FALSE
5384674,"gate_30",57,TRUE,FALSE
5384885,"gate_40",1,FALSE,FALSE
5384999,"gate_40",112,TRUE,TRUE
5385063,"gate_40",13,TRUE,TRUE
5385313,"gate_40",48,FALSE,TRUE
5385621,"gate_30",258,TRUE,FALSE
5385622,"gate_40",39,TRUE,TRUE
5385627,"gate_30",8,TRUE,FALSE
5385706,"gate_40",7,TRUE,FALSE
5385731,"gate_30",4,FALSE,FALSE
5385829,"gate_30",17,TRUE,FALSE
5385852,"gate_30",0,FALSE,FALSE
5385903,"gate_40",155,TRUE,FALSE
5386000,"gate_40",1,FALSE,FALSE
5386492,"gate_30",0,FALSE,FALSE
5386671,"gate_40",121,TRUE,TRUE
5386679,"gate_30",43,TRUE,FALSE
5386754,"gate_30",395,TRUE,FALSE
5386886,"gate_40",10,FALSE,FALSE
5386900,"gate_30",10,FALSE,FALSE
5386949,"gate_40",5,FALSE,FALSE
5386963,"gate_40",32,TRUE,FALSE
5387118,"gate_30",59,TRUE,FALSE
5387402,"gate_30",41,FALSE,FALSE
5387407,"gate_30",6,FALSE,FALSE
5387449,"gate_30",5,FALSE,FALSE
5387463,"gate_40",325,TRUE,TRUE
5387496,"gate_30",2,FALSE,FALSE
5387621,"gate_40",0,FALSE,FALSE
5387812,"gate_30",7,FALSE,FALSE
5387815,"gate_40",1,FALSE,FALSE
5387819,"gate_30",22,TRUE,FALSE
5387871,"gate_40",17,FALSE,FALSE
5387885,"gate_40",2,FALSE,FALSE
5388065,"gate_30",2,FALSE,FALSE
5388073,"gate_40",43,TRUE,TRUE
5388092,"gate_30",3,FALSE,FALSE
5388224,"gate_40",2,FALSE,FALSE
5388281,"gate_30",2,FALSE,FALSE
5388533,"gate_40",2,FALSE,FALSE
5388737,"gate_30",33,FALSE,TRUE
5388879,"gate_30",0,FALSE,FALSE
5388888,"gate_40",3,FALSE,FALSE
5389056,"gate_30",90,TRUE,FALSE
5389107,"gate_40",14,TRUE,FALSE
5389220,"gate_40",2,FALSE,FALSE
5389314,"gate_40",30,FALSE,FALSE
5389442,"gate_30",3,FALSE,FALSE
5389516,"gate_40",13,FALSE,FALSE
5389953,"gate_40",128,TRUE,FALSE
5390004,"gate_30",5,FALSE,FALSE
5390227,"gate_40",50,TRUE,TRUE
5390291,"gate_40",60,TRUE,FALSE
5390402,"gate_30",81,TRUE,TRUE
5390425,"gate_40",79,TRUE,TRUE
5390437,"gate_30",34,TRUE,FALSE
5390637,"gate_30",22,TRUE,FALSE
5390713,"gate_40",16,TRUE,FALSE
5390740,"gate_40",3,FALSE,FALSE
5391119,"gate_30",41,TRUE,TRUE
5391234,"gate_30",53,FALSE,TRUE
5391304,"gate_30",1,FALSE,FALSE
5391317,"gate_40",2,FALSE,FALSE
5391343,"gate_30",66,TRUE,TRUE
5391427,"gate_40",0,FALSE,FALSE
5391429,"gate_30",5,TRUE,FALSE
5391531,"gate_40",13,FALSE,FALSE
5391737,"gate_40",32,TRUE,FALSE
5391826,"gate_40",4,FALSE,FALSE
5391903,"gate_30",3,FALSE,FALSE
5391945,"gate_30",477,TRUE,TRUE
5392200,"gate_40",8,FALSE,FALSE
5392310,"gate_30",11,TRUE,FALSE
5392393,"gate_30",30,TRUE,FALSE
5392703,"gate_30",23,FALSE,FALSE
5392873,"gate_40",0,FALSE,FALSE
5393008,"gate_40",300,TRUE,TRUE
5393093,"gate_40",77,TRUE,FALSE
5393113,"gate_30",3,FALSE,FALSE
5393114,"gate_40",4,FALSE,FALSE
5393210,"gate_40",55,TRUE,FALSE
5393303,"gate_40",40,TRUE,FALSE
5393340,"gate_30",4,FALSE,FALSE
5393431,"gate_30",16,TRUE,FALSE
5393548,"gate_40",2,FALSE,FALSE
5393570,"gate_40",66,TRUE,FALSE
5393630,"gate_30",24,TRUE,FALSE
5393964,"gate_40",32,FALSE,FALSE
5394020,"gate_40",61,TRUE,FALSE
5394067,"gate_30",9,TRUE,FALSE
5394162,"gate_30",7,FALSE,FALSE
5394205,"gate_30",7,FALSE,FALSE
5394231,"gate_40",10,FALSE,FALSE
5394305,"gate_30",203,TRUE,TRUE
5394447,"gate_30",11,TRUE,FALSE
5394464,"gate_30",6,FALSE,FALSE
5394495,"gate_40",11,FALSE,FALSE
5394516,"gate_30",26,TRUE,FALSE
5394537,"gate_40",6,FALSE,FALSE
5394554,"gate_30",74,FALSE,FALSE
5394718,"gate_40",107,TRUE,FALSE
5394884,"gate_40",119,TRUE,FALSE
5394941,"gate_30",209,TRUE,TRUE
5395068,"gate_30",4,FALSE,FALSE
5395082,"gate_30",7,FALSE,FALSE
5395391,"gate_40",9,FALSE,FALSE
5395601,"gate_30",0,FALSE,FALSE
5395726,"gate_30",23,FALSE,FALSE
5395938,"gate_30",2,FALSE,FALSE
5396102,"gate_30",1,FALSE,FALSE
5396256,"gate_30",44,TRUE,FALSE
5396313,"gate_40",21,TRUE,FALSE
5396384,"gate_40",14,FALSE,FALSE
5396538,"gate_30",37,TRUE,FALSE
5396541,"gate_40",3,FALSE,FALSE
5396605,"gate_40",6,TRUE,TRUE
5396699,"gate_40",12,FALSE,FALSE
5396972,"gate_40",12,FALSE,FALSE
5397009,"gate_30",10,TRUE,FALSE
5397208,"gate_40",93,FALSE,FALSE
5397306,"gate_30",25,FALSE,TRUE
5397489,"gate_40",6,FALSE,FALSE
5397513,"gate_40",9,FALSE,FALSE
5397886,"gate_30",126,TRUE,TRUE
5398160,"gate_30",4,FALSE,FALSE
5398224,"gate_30",8,FALSE,FALSE
5398270,"gate_30",193,TRUE,FALSE
5398320,"gate_40",39,TRUE,FALSE
5398353,"gate_40",1,FALSE,FALSE
5398387,"gate_30",46,FALSE,FALSE
5398391,"gate_40",13,FALSE,FALSE
5398434,"gate_40",19,TRUE,FALSE
5398491,"gate_40",20,FALSE,FALSE
5398521,"gate_30",68,TRUE,TRUE
5398586,"gate_40",420,TRUE,TRUE
5398636,"gate_40",12,FALSE,FALSE
5398637,"gate_40",16,TRUE,FALSE
5398642,"gate_40",78,TRUE,FALSE
5398748,"gate_30",107,TRUE,TRUE
5398908,"gate_40",11,FALSE,FALSE
5398965,"gate_30",109,TRUE,FALSE
5399026,"gate_40",30,TRUE,FALSE
5399053,"gate_30",13,TRUE,FALSE
5399208,"gate_30",3,FALSE,FALSE
5399222,"gate_40",8,FALSE,FALSE
5399246,"gate_30",3,FALSE,FALSE
5399327,"gate_30",18,TRUE,FALSE
5399330,"gate_30",15,TRUE,FALSE
5399362,"gate_40",9,TRUE,FALSE
5399711,"gate_30",18,TRUE,FALSE
5399801,"gate_30",133,FALSE,TRUE
5399978,"gate_40",10,TRUE,FALSE
5400041,"gate_30",3,FALSE,FALSE
5400061,"gate_40",135,TRUE,TRUE
5400223,"gate_30",224,TRUE,TRUE
5400275,"gate_40",194,TRUE,FALSE
5400305,"gate_40",6,FALSE,FALSE
5400353,"gate_40",5,FALSE,FALSE
5400469,"gate_40",1,TRUE,FALSE
5400505,"gate_40",7,FALSE,FALSE
5400562,"gate_30",34,TRUE,TRUE
5400676,"gate_40",72,TRUE,TRUE
5400810,"gate_30",14,FALSE,FALSE
5401170,"gate_40",188,FALSE,TRUE
5401189,"gate_30",23,TRUE,FALSE
5401234,"gate_40",7,FALSE,FALSE
5401267,"gate_30",18,TRUE,FALSE
5401279,"gate_30",2,FALSE,FALSE
5401402,"gate_40",0,FALSE,FALSE
5401479,"gate_30",7,FALSE,FALSE
5401620,"gate_40",12,TRUE,FALSE
5401669,"gate_40",6,FALSE,FALSE
5401772,"gate_30",188,TRUE,TRUE
5401909,"gate_40",203,TRUE,TRUE
5402069,"gate_30",3,FALSE,FALSE
5402090,"gate_30",68,TRUE,FALSE
5402104,"gate_30",18,TRUE,FALSE
5402283,"gate_40",3,TRUE,FALSE
5402317,"gate_40",56,TRUE,FALSE
5402319,"gate_40",20,FALSE,FALSE
5402451,"gate_30",100,FALSE,FALSE
5402534,"gate_30",10,FALSE,FALSE
5402651,"gate_40",1,FALSE,FALSE
5402811,"gate_30",0,FALSE,FALSE
5402812,"gate_30",1,FALSE,FALSE
5402961,"gate_40",42,TRUE,FALSE
5403191,"gate_30",108,TRUE,FALSE
5403299,"gate_30",25,TRUE,FALSE
5403380,"gate_30",199,FALSE,FALSE
5403407,"gate_30",5,FALSE,FALSE
5403417,"gate_30",193,TRUE,TRUE
5403418,"gate_30",4,FALSE,FALSE
5403440,"gate_40",5,FALSE,FALSE
5403499,"gate_30",29,TRUE,FALSE
5403751,"gate_40",15,TRUE,FALSE
5403925,"gate_40",1,FALSE,FALSE
5404098,"gate_30",39,TRUE,FALSE
5404137,"gate_30",40,TRUE,FALSE
5404197,"gate_30",4,FALSE,FALSE
5404594,"gate_30",40,TRUE,TRUE
5404643,"gate_40",75,FALSE,FALSE
5404723,"gate_40",8,FALSE,FALSE
5404766,"gate_40",2,FALSE,FALSE
5404933,"gate_40",8,TRUE,FALSE
5405013,"gate_40",1,FALSE,FALSE
5405160,"gate_30",35,TRUE,FALSE
5405228,"gate_40",257,TRUE,FALSE
5405272,"gate_40",5,FALSE,FALSE
5405324,"gate_40",1,FALSE,FALSE
5405480,"gate_30",28,TRUE,FALSE
5405587,"gate_40",8,FALSE,FALSE
5405636,"gate_30",36,FALSE,FALSE
5405845,"gate_30",275,TRUE,TRUE
5405913,"gate_30",203,TRUE,FALSE
5406057,"gate_30",33,FALSE,FALSE
5406422,"gate_30",15,FALSE,FALSE
5406471,"gate_40",2,FALSE,FALSE
5406524,"gate_40",5,FALSE,FALSE
5406612,"gate_30",2,TRUE,FALSE
5406747,"gate_40",9,TRUE,FALSE
5406922,"gate_40",4,FALSE,FALSE
5407036,"gate_30",1,FALSE,FALSE
5407260,"gate_40",52,TRUE,TRUE
5407357,"gate_40",41,TRUE,FALSE
5407469,"gate_30",91,FALSE,FALSE
5407528,"gate_30",243,FALSE,TRUE
5407718,"gate_40",51,TRUE,FALSE
5407770,"gate_30",21,FALSE,FALSE
5407807,"gate_30",31,FALSE,FALSE
5407865,"gate_40",5,FALSE,FALSE
5407907,"gate_30",12,TRUE,FALSE
5408458,"gate_40",51,TRUE,FALSE
5408496,"gate_30",2,FALSE,FALSE
5408626,"gate_30",94,TRUE,TRUE
5408700,"gate_40",15,FALSE,FALSE
5408874,"gate_40",293,TRUE,TRUE
5408965,"gate_30",7,FALSE,FALSE
5409259,"gate_40",34,FALSE,TRUE
5409326,"gate_40",145,TRUE,TRUE
5409344,"gate_40",8,FALSE,FALSE
5409496,"gate_40",608,TRUE,TRUE
5409657,"gate_30",31,TRUE,FALSE
5409852,"gate_40",64,TRUE,TRUE
5409909,"gate_40",7,TRUE,FALSE
5409923,"gate_40",0,FALSE,FALSE
5410010,"gate_40",3,FALSE,FALSE
5410065,"gate_30",171,TRUE,TRUE
5410086,"gate_40",179,TRUE,FALSE
5410232,"gate_40",5,FALSE,FALSE
5410457,"gate_30",6,FALSE,FALSE
5410496,"gate_30",8,FALSE,FALSE
5410514,"gate_30",38,TRUE,FALSE
5410522,"gate_30",2,FALSE,FALSE
5410584,"gate_40",323,FALSE,TRUE
5410805,"gate_30",0,FALSE,FALSE
5411066,"gate_40",214,FALSE,FALSE
5411299,"gate_30",106,TRUE,FALSE
5411309,"gate_30",21,TRUE,FALSE
5411391,"gate_40",0,FALSE,FALSE
5411420,"gate_40",24,TRUE,TRUE
5411464,"gate_30",1,FALSE,FALSE
5411508,"gate_40",6,TRUE,FALSE
5411521,"gate_40",40,FALSE,FALSE
5411615,"gate_40",3,FALSE,FALSE
5411621,"gate_30",10,FALSE,FALSE
5411731,"gate_40",10,TRUE,FALSE
5411904,"gate_40",5,FALSE,FALSE
5411922,"gate_30",25,FALSE,FALSE
5412145,"gate_40",31,TRUE,FALSE
5412200,"gate_40",60,TRUE,FALSE
5412250,"gate_40",6,FALSE,FALSE
5412628,"gate_40",544,TRUE,TRUE
5412693,"gate_40",689,TRUE,TRUE
5412898,"gate_40",108,FALSE,FALSE
5412934,"gate_40",9,FALSE,FALSE
5413058,"gate_30",38,TRUE,FALSE
5413296,"gate_40",2,FALSE,FALSE
5413486,"gate_40",52,TRUE,FALSE
5413555,"gate_30",22,FALSE,FALSE
5413842,"gate_40",0,FALSE,FALSE
5413901,"gate_40",27,TRUE,FALSE
5413944,"gate_40",16,TRUE,FALSE
5413987,"gate_40",4,FALSE,FALSE
5414027,"gate_30",4,FALSE,FALSE
5414094,"gate_30",20,TRUE,TRUE
5414105,"gate_30",9,FALSE,FALSE
5414130,"gate_30",3,FALSE,FALSE
5414416,"gate_30",58,FALSE,TRUE
5414468,"gate_40",30,TRUE,FALSE
5414635,"gate_40",56,TRUE,TRUE
5414672,"gate_40",51,TRUE,FALSE
5414816,"gate_30",0,FALSE,FALSE
5414959,"gate_40",5,FALSE,FALSE
5415045,"gate_40",118,TRUE,FALSE
5415244,"gate_40",5,FALSE,FALSE
5415258,"gate_30",3,FALSE,FALSE
5415315,"gate_40",36,FALSE,FALSE
5415586,"gate_40",3,FALSE,FALSE
5415684,"gate_40",73,TRUE,FALSE
5415825,"gate_30",13,FALSE,FALSE
5415845,"gate_40",59,TRUE,FALSE
5415856,"gate_40",43,TRUE,FALSE
5416139,"gate_30",39,FALSE,FALSE
5416550,"gate_40",15,FALSE,FALSE
5416850,"gate_40",37,TRUE,FALSE
5416986,"gate_30",8,FALSE,FALSE
5417211,"gate_40",11,FALSE,FALSE
5417293,"gate_30",13,TRUE,FALSE
5417329,"gate_40",7,FALSE,FALSE
5417479,"gate_30",77,TRUE,TRUE
5417490,"gate_30",0,FALSE,FALSE
5417706,"gate_30",0,FALSE,TRUE
5417790,"gate_40",25,TRUE,TRUE
5417864,"gate_30",4,FALSE,FALSE
5417965,"gate_40",0,FALSE,FALSE
5418125,"gate_30",1113,TRUE,TRUE
5418176,"gate_30",40,TRUE,FALSE
5418237,"gate_40",21,TRUE,FALSE
5418407,"gate_30",16,FALSE,FALSE
5418525,"gate_30",9,FALSE,FALSE
5418535,"gate_30",23,FALSE,FALSE
5418561,"gate_30",13,FALSE,FALSE
5418608,"gate_40",93,TRUE,FALSE
5418719,"gate_40",18,TRUE,FALSE
5418869,"gate_30",54,TRUE,TRUE
5419111,"gate_40",14,FALSE,FALSE
5419244,"gate_40",3,FALSE,FALSE
5419386,"gate_40",120,TRUE,TRUE
5419747,"gate_30",9,FALSE,FALSE
5419750,"gate_40",7,FALSE,FALSE
5419767,"gate_30",2,FALSE,FALSE
5420023,"gate_40",96,TRUE,FALSE
5420067,"gate_40",12,FALSE,FALSE
5420111,"gate_40",15,FALSE,FALSE
5420564,"gate_40",10,TRUE,FALSE
5420622,"gate_40",4,TRUE,FALSE
5420837,"gate_40",143,TRUE,FALSE
5420971,"gate_30",0,FALSE,FALSE
5421143,"gate_30",70,TRUE,TRUE
5421222,"gate_30",59,TRUE,TRUE
5421346,"gate_30",128,TRUE,TRUE
5421358,"gate_40",13,FALSE,FALSE
5421362,"gate_40",1,FALSE,FALSE
5421532,"gate_30",36,TRUE,FALSE
5421651,"gate_40",20,FALSE,FALSE
5421938,"gate_30",83,TRUE,FALSE
5421943,"gate_30",223,TRUE,TRUE
5421956,"gate_40",106,TRUE,TRUE
5421985,"gate_40",53,TRUE,FALSE
5422009,"gate_30",46,TRUE,TRUE
5422033,"gate_30",45,TRUE,FALSE
5422095,"gate_30",43,TRUE,FALSE
5422287,"gate_30",15,FALSE,FALSE
5422320,"gate_30",467,TRUE,TRUE
5422552,"gate_30",16,FALSE,FALSE
5422712,"gate_40",15,FALSE,FALSE
5422730,"gate_40",80,TRUE,FALSE
5422789,"gate_30",17,TRUE,TRUE
5422899,"gate_30",73,FALSE,TRUE
5422943,"gate_40",233,TRUE,FALSE
5422953,"gate_30",56,FALSE,FALSE
5423049,"gate_40",52,FALSE,FALSE
5423226,"gate_30",23,TRUE,FALSE
5423607,"gate_40",0,FALSE,FALSE
5423632,"gate_30",6,TRUE,FALSE
5423730,"gate_40",48,TRUE,FALSE
5423739,"gate_40",13,FALSE,TRUE
5424048,"gate_30",26,TRUE,FALSE
5424150,"gate_30",9,FALSE,FALSE
5424203,"gate_30",43,TRUE,FALSE
5424299,"gate_30",1,TRUE,FALSE
5424798,"gate_40",3,FALSE,FALSE
5424870,"gate_40",0,FALSE,FALSE
5424922,"gate_40",12,TRUE,FALSE
5425085,"gate_40",233,TRUE,TRUE
5425128,"gate_40",526,TRUE,TRUE
5425132,"gate_40",494,TRUE,FALSE
5425235,"gate_30",9,TRUE,FALSE
5425695,"gate_40",173,TRUE,TRUE
5425790,"gate_30",42,FALSE,TRUE
5425918,"gate_30",1,FALSE,FALSE
5425937,"gate_30",0,FALSE,FALSE
5425939,"gate_40",1,FALSE,FALSE
5426032,"gate_40",49,TRUE,FALSE
5426130,"gate_30",2,FALSE,FALSE
5426295,"gate_30",6,FALSE,FALSE
5426333,"gate_40",60,TRUE,FALSE
5426406,"gate_40",159,TRUE,TRUE
5426508,"gate_30",3,FALSE,FALSE
5426979,"gate_30",35,TRUE,FALSE
5427026,"gate_30",10,TRUE,FALSE
5427285,"gate_40",13,TRUE,FALSE
5427423,"gate_40",12,TRUE,FALSE
5427476,"gate_40",12,TRUE,FALSE
5427570,"gate_30",1,FALSE,FALSE
5427594,"gate_30",58,TRUE,FALSE
5427686,"gate_40",48,TRUE,FALSE
5427827,"gate_30",124,FALSE,TRUE
5427874,"gate_40",237,TRUE,TRUE
5427927,"gate_30",40,FALSE,FALSE
5429251,"gate_30",17,FALSE,FALSE
5429459,"gate_40",5,FALSE,FALSE
5429610,"gate_30",5,FALSE,FALSE
5429615,"gate_30",6,FALSE,FALSE
5429634,"gate_30",35,TRUE,TRUE
5429663,"gate_40",16,TRUE,FALSE
5429766,"gate_30",2,FALSE,FALSE
5429951,"gate_30",2,FALSE,FALSE
5430004,"gate_30",40,TRUE,FALSE
5430005,"gate_40",81,TRUE,TRUE
5430159,"gate_40",3,FALSE,TRUE
5430291,"gate_40",104,TRUE,FALSE
5430868,"gate_40",7,FALSE,FALSE
5430904,"gate_40",8,TRUE,TRUE
5431119,"gate_30",44,TRUE,TRUE
5431191,"gate_30",63,TRUE,TRUE
5431197,"gate_40",87,TRUE,TRUE
5431239,"gate_40",1,TRUE,FALSE
5431278,"gate_40",30,FALSE,FALSE
5431315,"gate_40",7,FALSE,FALSE
5431538,"gate_40",85,TRUE,TRUE
5431560,"gate_40",6,TRUE,FALSE
5431672,"gate_30",17,TRUE,TRUE
5431720,"gate_40",95,TRUE,TRUE
5431759,"gate_30",2,FALSE,FALSE
5431787,"gate_30",3,FALSE,FALSE
5431851,"gate_30",29,FALSE,FALSE
5431865,"gate_40",2,FALSE,FALSE
5431925,"gate_40",49,TRUE,FALSE
5432088,"gate_40",77,FALSE,FALSE
5432159,"gate_40",24,TRUE,FALSE
5432333,"gate_30",26,TRUE,FALSE
5432405,"gate_40",287,TRUE,TRUE
5432510,"gate_30",13,TRUE,FALSE
5432942,"gate_40",3,FALSE,FALSE
5433639,"gate_40",19,TRUE,FALSE
5433821,"gate_30",0,FALSE,FALSE
5434232,"gate_40",23,TRUE,FALSE
5434477,"gate_30",1,FALSE,FALSE
5434536,"gate_40",9,FALSE,FALSE
5434613,"gate_40",101,TRUE,FALSE
5434654,"gate_40",22,FALSE,FALSE
5434765,"gate_40",42,TRUE,FALSE
5434882,"gate_30",10,TRUE,FALSE
5435087,"gate_40",1,FALSE,FALSE
5435127,"gate_30",47,FALSE,TRUE
5435135,"gate_40",2,FALSE,FALSE
5435201,"gate_30",20,FALSE,FALSE
5435202,"gate_40",17,FALSE,FALSE
5435386,"gate_30",154,TRUE,TRUE
5435565,"gate_30",6,FALSE,FALSE
5435593,"gate_40",56,TRUE,FALSE
5435689,"gate_30",18,TRUE,FALSE
5435790,"gate_40",95,TRUE,FALSE
5435886,"gate_40",18,FALSE,FALSE
5436020,"gate_30",5,FALSE,FALSE
5436048,"gate_40",18,TRUE,FALSE
5436276,"gate_40",219,TRUE,FALSE
5436286,"gate_30",1,FALSE,FALSE
5436407,"gate_40",19,TRUE,FALSE
5436517,"gate_40",3,FALSE,FALSE
5436660,"gate_40",155,TRUE,TRUE
5436833,"gate_40",11,FALSE,FALSE
5436885,"gate_30",19,TRUE,FALSE
5436950,"gate_30",28,TRUE,FALSE
5437194,"gate_30",2,TRUE,FALSE
5437264,"gate_40",2,FALSE,FALSE
5437280,"gate_30",71,TRUE,FALSE
5437281,"gate_30",17,TRUE,FALSE
5437406,"gate_30",40,TRUE,FALSE
5437535,"gate_30",26,FALSE,FALSE
5437814,"gate_30",120,TRUE,TRUE
5437821,"gate_30",1,FALSE,FALSE
5437955,"gate_30",30,TRUE,FALSE
5438061,"gate_40",117,FALSE,TRUE
5438304,"gate_30",6,FALSE,FALSE
5438571,"gate_30",284,TRUE,TRUE
5438632,"gate_30",27,TRUE,FALSE
5438647,"gate_30",111,FALSE,TRUE
5438748,"gate_30",23,FALSE,FALSE
5438915,"gate_40",4,FALSE,FALSE
5438993,"gate_30",22,TRUE,FALSE
5439041,"gate_40",49,TRUE,FALSE
5439250,"gate_30",32,TRUE,FALSE
5439473,"gate_30",15,FALSE,FALSE
5439644,"gate_40",4,FALSE,FALSE
5439784,"gate_40",7,FALSE,FALSE
5439849,"gate_40",14,FALSE,FALSE
5439866,"gate_30",93,TRUE,FALSE
5439909,"gate_30",6,TRUE,FALSE
5440063,"gate_30",33,TRUE,TRUE
5440176,"gate_30",54,TRUE,FALSE
5440255,"gate_30",1,FALSE,FALSE
5440339,"gate_40",60,TRUE,FALSE
5440368,"gate_40",3,FALSE,FALSE
5440463,"gate_40",1,FALSE,FALSE
5440486,"gate_30",146,TRUE,TRUE
5440841,"gate_40",1,FALSE,FALSE
5441346,"gate_40",6,FALSE,FALSE
5441375,"gate_40",36,FALSE,FALSE
5441518,"gate_40",60,TRUE,FALSE
5441522,"gate_40",15,TRUE,FALSE
5441527,"gate_30",5,FALSE,FALSE
5441548,"gate_40",5,FALSE,FALSE
5441567,"gate_40",4,TRUE,FALSE
5441600,"gate_40",37,TRUE,FALSE
5441601,"gate_30",3,FALSE,FALSE
5441652,"gate_40",56,FALSE,TRUE
5441667,"gate_30",5,FALSE,FALSE
5441769,"gate_40",5,FALSE,FALSE
5441861,"gate_40",29,TRUE,FALSE
5442079,"gate_30",209,FALSE,TRUE
5442114,"gate_40",292,TRUE,TRUE
5442668,"gate_30",73,TRUE,FALSE
5442696,"gate_40",17,TRUE,FALSE
5442801,"gate_40",33,FALSE,FALSE
5442915,"gate_30",1,FALSE,FALSE
5442936,"gate_40",9,FALSE,FALSE
5443006,"gate_40",21,TRUE,FALSE
5443014,"gate_40",175,TRUE,FALSE
5443112,"gate_30",402,TRUE,TRUE
5443124,"gate_30",25,FALSE,FALSE
5443132,"gate_30",65,TRUE,FALSE
5443165,"gate_40",0,FALSE,FALSE
5443370,"gate_40",1,FALSE,FALSE
5443555,"gate_30",35,TRUE,FALSE
5443557,"gate_40",0,FALSE,FALSE
5443677,"gate_40",4,FALSE,FALSE
5443683,"gate_30",73,TRUE,FALSE
5443713,"gate_30",8,TRUE,FALSE
5444040,"gate_40",29,FALSE,FALSE
5444060,"gate_40",83,TRUE,FALSE
5444067,"gate_40",1,FALSE,FALSE
5444127,"gate_40",8,FALSE,FALSE
5444307,"gate_30",44,TRUE,TRUE
5444398,"gate_40",85,TRUE,TRUE
5444478,"gate_30",28,TRUE,FALSE
5444537,"gate_30",293,TRUE,TRUE
5444611,"gate_40",18,FALSE,FALSE
5444668,"gate_30",67,TRUE,TRUE
5444688,"gate_40",8,FALSE,FALSE
5444716,"gate_30",3,FALSE,FALSE
5444855,"gate_30",2,FALSE,FALSE
5444968,"gate_40",23,TRUE,FALSE
5444971,"gate_30",31,FALSE,TRUE
5445006,"gate_30",10,TRUE,FALSE
5445040,"gate_40",3,FALSE,FALSE
5445137,"gate_30",2,FALSE,FALSE
5445225,"gate_30",3,FALSE,FALSE
5445232,"gate_40",64,TRUE,FALSE
5445255,"gate_40",21,FALSE,TRUE
5445358,"gate_30",5,FALSE,FALSE
5445390,"gate_30",146,TRUE,TRUE
5445450,"gate_30",1,FALSE,FALSE
5445611,"gate_40",16,TRUE,FALSE
5445899,"gate_40",67,FALSE,TRUE
5446055,"gate_40",8,FALSE,FALSE
5446174,"gate_30",4,FALSE,FALSE
5446192,"gate_40",8,FALSE,FALSE
5446485,"gate_30",2,TRUE,FALSE
5446515,"gate_30",41,FALSE,FALSE
5446695,"gate_30",11,FALSE,FALSE
5446704,"gate_40",0,FALSE,FALSE
5446871,"gate_30",10,FALSE,FALSE
5446942,"gate_40",18,FALSE,FALSE
5446949,"gate_30",123,TRUE,TRUE
5446964,"gate_40",176,TRUE,FALSE
5446976,"gate_30",32,FALSE,FALSE
5447123,"gate_30",3,FALSE,FALSE
5447136,"gate_40",4,TRUE,FALSE
5447306,"gate_40",397,TRUE,TRUE
5447465,"gate_40",6,FALSE,FALSE
5447565,"gate_40",63,TRUE,FALSE
5447689,"gate_30",0,FALSE,TRUE
5447805,"gate_40",10,FALSE,FALSE
5447954,"gate_30",1,FALSE,FALSE
5448406,"gate_30",53,FALSE,FALSE
5448410,"gate_30",35,FALSE,FALSE
5448478,"gate_40",9,FALSE,FALSE
5448645,"gate_30",6,FALSE,FALSE
5448769,"gate_30",8,FALSE,FALSE
5448857,"gate_30",3,FALSE,FALSE
5448875,"gate_40",8,FALSE,FALSE
5449004,"gate_40",347,TRUE,TRUE
5449020,"gate_30",39,FALSE,FALSE
5449040,"gate_40",41,FALSE,TRUE
5449052,"gate_30",12,FALSE,FALSE
5449357,"gate_40",4,TRUE,FALSE
5449429,"gate_30",17,FALSE,FALSE
5449477,"gate_30",233,TRUE,TRUE
5449478,"gate_40",21,FALSE,FALSE
5449541,"gate_40",17,TRUE,FALSE
5449606,"gate_40",30,TRUE,FALSE
5449748,"gate_30",16,FALSE,FALSE
5449894,"gate_40",112,TRUE,FALSE
5449979,"gate_40",0,FALSE,FALSE
5450119,"gate_40",0,FALSE,FALSE
5450203,"gate_30",18,FALSE,FALSE
5450469,"gate_30",3,FALSE,FALSE
5450488,"gate_30",18,FALSE,FALSE
5450491,"gate_30",11,FALSE,FALSE
5450547,"gate_30",217,TRUE,TRUE
5450663,"gate_40",5,FALSE,FALSE
5450725,"gate_30",5,FALSE,FALSE
5450728,"gate_40",145,TRUE,TRUE
5450742,"gate_40",3,FALSE,FALSE
5451171,"gate_30",2,FALSE,FALSE
5451380,"gate_30",2,FALSE,FALSE
5451415,"gate_40",67,TRUE,FALSE
5451437,"gate_30",2,FALSE,FALSE
5451441,"gate_40",3,FALSE,FALSE
5451486,"gate_30",29,FALSE,TRUE
5451545,"gate_40",108,TRUE,FALSE
5451835,"gate_30",256,FALSE,TRUE
5451907,"gate_40",12,FALSE,FALSE
5451921,"gate_30",32,TRUE,FALSE
5451965,"gate_30",0,FALSE,FALSE
5452003,"gate_40",123,TRUE,FALSE
5452281,"gate_40",2,FALSE,FALSE
5452356,"gate_40",18,FALSE,FALSE
5452586,"gate_30",24,FALSE,FALSE
5452703,"gate_40",13,FALSE,FALSE
5452846,"gate_30",12,FALSE,FALSE
5452905,"gate_30",32,FALSE,FALSE
5452912,"gate_30",82,TRUE,TRUE
5453319,"gate_40",13,FALSE,FALSE
5453519,"gate_30",27,FALSE,TRUE
5453529,"gate_40",9,TRUE,FALSE
5453554,"gate_40",8,FALSE,FALSE
5453560,"gate_30",36,TRUE,TRUE
5453571,"gate_40",106,TRUE,FALSE
5453580,"gate_30",0,FALSE,FALSE
5453610,"gate_40",16,TRUE,FALSE
5453652,"gate_40",50,FALSE,TRUE
5453892,"gate_40",79,TRUE,FALSE
5453927,"gate_30",9,TRUE,FALSE
5454209,"gate_30",129,TRUE,FALSE
5454495,"gate_30",6,FALSE,FALSE
5454552,"gate_40",344,TRUE,TRUE
5454646,"gate_40",67,TRUE,FALSE
5454855,"gate_30",130,TRUE,TRUE
5454856,"gate_40",9,FALSE,FALSE
5454982,"gate_40",16,FALSE,FALSE
5455212,"gate_30",19,FALSE,FALSE
5455242,"gate_40",513,TRUE,TRUE
5455301,"gate_30",82,TRUE,TRUE
5455538,"gate_30",4,FALSE,FALSE
5455555,"gate_40",1,FALSE,FALSE
5455562,"gate_30",0,FALSE,FALSE
5455726,"gate_40",2,FALSE,FALSE
5455770,"gate_30",7,TRUE,FALSE
5455871,"gate_40",428,TRUE,TRUE
5455951,"gate_30",38,TRUE,FALSE
5456057,"gate_30",12,FALSE,FALSE
5456230,"gate_30",122,TRUE,TRUE
5456264,"gate_30",1,FALSE,FALSE
5456290,"gate_40",12,FALSE,FALSE
5456304,"gate_40",41,FALSE,FALSE
5456430,"gate_40",210,TRUE,FALSE
5456433,"gate_30",42,TRUE,TRUE
5456897,"gate_40",12,FALSE,FALSE
5456981,"gate_30",1,FALSE,FALSE
5457027,"gate_30",5,FALSE,FALSE
5457125,"gate_30",5,TRUE,FALSE
5457306,"gate_30",25,FALSE,FALSE
5457366,"gate_40",24,TRUE,TRUE
5457515,"gate_30",91,TRUE,FALSE
5457802,"gate_30",5,FALSE,FALSE
5457910,"gate_40",13,FALSE,FALSE
5458031,"gate_40",377,TRUE,FALSE
5458112,"gate_30",370,TRUE,TRUE
5458139,"gate_40",13,FALSE,FALSE
5458389,"gate_30",48,TRUE,FALSE
5458477,"gate_40",55,TRUE,FALSE
5458528,"gate_40",40,TRUE,TRUE
5458538,"gate_40",18,TRUE,FALSE
5458568,"gate_40",0,FALSE,FALSE
5458617,"gate_40",64,TRUE,FALSE
5458641,"gate_40",2,FALSE,FALSE
5458676,"gate_30",48,TRUE,FALSE
5458727,"gate_30",36,TRUE,TRUE
5458751,"gate_30",91,TRUE,FALSE
5458850,"gate_40",24,FALSE,FALSE
5458939,"gate_40",45,TRUE,FALSE
5458950,"gate_30",36,TRUE,FALSE
5459006,"gate_30",15,FALSE,FALSE
5459163,"gate_40",8,FALSE,FALSE
5459346,"gate_40",1,FALSE,FALSE
5459389,"gate_40",12,FALSE,FALSE
5459862,"gate_40",105,TRUE,TRUE
5459944,"gate_40",26,FALSE,FALSE
5460239,"gate_30",13,TRUE,FALSE
5460245,"gate_40",37,TRUE,FALSE
5460261,"gate_40",3,TRUE,FALSE
5460281,"gate_40",55,TRUE,FALSE
5460285,"gate_40",12,FALSE,FALSE
5460308,"gate_40",140,TRUE,TRUE
5460789,"gate_40",3,TRUE,FALSE
5460957,"gate_30",107,TRUE,TRUE
5461215,"gate_30",27,FALSE,FALSE
5461303,"gate_30",4,FALSE,FALSE
5461375,"gate_30",3,FALSE,FALSE
5461426,"gate_40",4,FALSE,FALSE
5461771,"gate_30",13,FALSE,TRUE
5461922,"gate_30",155,TRUE,TRUE
5461960,"gate_40",1,FALSE,FALSE
5461971,"gate_30",24,TRUE,FALSE
5462177,"gate_30",135,TRUE,FALSE
5462196,"gate_40",6,FALSE,FALSE
5462512,"gate_30",1,FALSE,FALSE
5462593,"gate_40",49,TRUE,FALSE
5462643,"gate_40",28,TRUE,FALSE
5462664,"gate_30",9,FALSE,FALSE
5462714,"gate_40",3,FALSE,FALSE
5462802,"gate_40",10,TRUE,FALSE
5463027,"gate_30",1,FALSE,TRUE
5463088,"gate_30",9,FALSE,FALSE
5463172,"gate_40",32,FALSE,FALSE
5463203,"gate_40",54,TRUE,FALSE
5463393,"gate_40",99,TRUE,FALSE
5463732,"gate_40",35,TRUE,FALSE
5464127,"gate_30",236,TRUE,TRUE
5464163,"gate_30",55,TRUE,FALSE
5464252,"gate_30",117,TRUE,TRUE
5464424,"gate_30",26,TRUE,FALSE
5464608,"gate_30",28,TRUE,FALSE
5464726,"gate_30",23,TRUE,FALSE
5464981,"gate_40",101,TRUE,FALSE
5465092,"gate_30",0,FALSE,FALSE
5465100,"gate_40",25,TRUE,FALSE
5465138,"gate_40",1,FALSE,FALSE
5465670,"gate_30",11,FALSE,FALSE
5465789,"gate_30",23,FALSE,FALSE
5466039,"gate_30",36,TRUE,FALSE
5466080,"gate_30",1,FALSE,FALSE
5466203,"gate_30",5,TRUE,FALSE
5466508,"gate_40",40,TRUE,FALSE
5466703,"gate_40",4,FALSE,FALSE
5466732,"gate_40",5,FALSE,FALSE
5466758,"gate_40",25,TRUE,FALSE
5466825,"gate_30",29,FALSE,FALSE
5466838,"gate_40",5,FALSE,FALSE
5466842,"gate_30",3,FALSE,FALSE
5466986,"gate_30",20,FALSE,TRUE
5467089,"gate_30",2,FALSE,FALSE
5467135,"gate_30",4,FALSE,FALSE
5467139,"gate_40",1,FALSE,FALSE
5467434,"gate_40",6,FALSE,FALSE
5467443,"gate_30",1,FALSE,FALSE
5467499,"gate_30",93,FALSE,FALSE
5467692,"gate_30",48,TRUE,FALSE
5467861,"gate_30",97,TRUE,FALSE
5467923,"gate_30",2,FALSE,FALSE
5467955,"gate_40",36,TRUE,FALSE
5468004,"gate_30",28,TRUE,FALSE
5468034,"gate_40",3,FALSE,FALSE
5468097,"gate_30",287,TRUE,TRUE
5468161,"gate_30",1,FALSE,FALSE
5468361,"gate_40",16,FALSE,TRUE
5468406,"gate_40",3,FALSE,FALSE
5468434,"gate_30",12,FALSE,FALSE
5468576,"gate_40",4,FALSE,FALSE
5468827,"gate_30",43,FALSE,FALSE
5468981,"gate_40",3,FALSE,FALSE
5469244,"gate_40",17,TRUE,FALSE
5469251,"gate_30",4,FALSE,FALSE
5469293,"gate_40",44,FALSE,FALSE
5469295,"gate_30",5,FALSE,FALSE
5469606,"gate_40",361,FALSE,FALSE
5469880,"gate_40",1,FALSE,FALSE
5470073,"gate_40",253,TRUE,TRUE
5470589,"gate_30",3,FALSE,FALSE
5470674,"gate_30",21,FALSE,FALSE
5470728,"gate_30",38,TRUE,FALSE
5470900,"gate_40",7,FALSE,FALSE
5471048,"gate_40",4,FALSE,FALSE
5471114,"gate_40",22,FALSE,FALSE
5471338,"gate_30",11,FALSE,FALSE
5471353,"gate_30",10,FALSE,FALSE
5471547,"gate_30",45,FALSE,TRUE
5471557,"gate_40",51,TRUE,FALSE
5471586,"gate_40",9,TRUE,FALSE
5471594,"gate_40",75,TRUE,FALSE
5471692,"gate_40",56,TRUE,FALSE
5471699,"gate_30",1,FALSE,FALSE
5471837,"gate_40",17,FALSE,FALSE
5472201,"gate_30",8,TRUE,FALSE
5472321,"gate_40",8,FALSE,FALSE
5472486,"gate_40",88,TRUE,FALSE
5472665,"gate_30",10,TRUE,FALSE
5472849,"gate_40",194,TRUE,TRUE
5472883,"gate_40",75,FALSE,FALSE
5472935,"gate_30",32,TRUE,FALSE
5473225,"gate_40",52,TRUE,FALSE
5473285,"gate_30",0,FALSE,FALSE
5473470,"gate_40",54,TRUE,FALSE
5473484,"gate_30",5,FALSE,FALSE
5473552,"gate_30",1,FALSE,FALSE
5473578,"gate_40",121,TRUE,TRUE
5473971,"gate_40",7,FALSE,FALSE
5474346,"gate_40",166,TRUE,TRUE
5474547,"gate_40",4,FALSE,FALSE
5474866,"gate_30",3,FALSE,FALSE
5475217,"gate_30",9,FALSE,FALSE
5475225,"gate_40",14,FALSE,FALSE
5475326,"gate_40",241,TRUE,TRUE
5475464,"gate_40",15,TRUE,FALSE
5475554,"gate_30",177,FALSE,FALSE
5475923,"gate_40",3,FALSE,FALSE
5476191,"gate_30",447,TRUE,TRUE
5476210,"gate_40",169,TRUE,FALSE
5476337,"gate_30",19,FALSE,FALSE
5476415,"gate_30",11,FALSE,FALSE
5476627,"gate_30",0,FALSE,FALSE
5476630,"gate_30",25,TRUE,FALSE
5477073,"gate_30",20,FALSE,FALSE
5477228,"gate_40",6,FALSE,FALSE
5477327,"gate_30",16,FALSE,FALSE
5477357,"gate_40",4,FALSE,FALSE
5477413,"gate_40",250,TRUE,TRUE
5477457,"gate_40",19,FALSE,FALSE
5477488,"gate_30",35,TRUE,FALSE
5477658,"gate_30",11,TRUE,FALSE
5477721,"gate_40",74,FALSE,FALSE
5477815,"gate_40",1,FALSE,FALSE
5478097,"gate_30",2,FALSE,FALSE
5478144,"gate_40",222,TRUE,FALSE
5478166,"gate_40",33,FALSE,TRUE
5478181,"gate_30",60,FALSE,TRUE
5478182,"gate_30",1,FALSE,FALSE
5478246,"gate_30",7,TRUE,FALSE
5478521,"gate_40",6,FALSE,FALSE
5478554,"gate_40",52,TRUE,FALSE
5478712,"gate_30",25,FALSE,FALSE
5478893,"gate_30",66,FALSE,FALSE
5478991,"gate_30",156,TRUE,FALSE
5479132,"gate_30",5,FALSE,FALSE
5479151,"gate_40",206,TRUE,TRUE
5479262,"gate_40",30,TRUE,FALSE
5479515,"gate_40",59,TRUE,FALSE
5479662,"gate_40",71,TRUE,FALSE
5479746,"gate_30",63,TRUE,TRUE
5479921,"gate_40",21,TRUE,FALSE
5480302,"gate_40",7,FALSE,FALSE
5480479,"gate_30",36,TRUE,FALSE
5480941,"gate_40",0,FALSE,FALSE
5480972,"gate_40",2,FALSE,FALSE
5481028,"gate_30",5,FALSE,FALSE
5481520,"gate_40",0,FALSE,FALSE
5481646,"gate_40",271,TRUE,TRUE
5481653,"gate_40",0,FALSE,FALSE
5481867,"gate_40",4,FALSE,FALSE
5482066,"gate_40",8,FALSE,FALSE
5482233,"gate_30",450,TRUE,TRUE
5482255,"gate_40",4,FALSE,FALSE
5482460,"gate_30",1,FALSE,FALSE
5482520,"gate_40",6,FALSE,FALSE
5482679,"gate_40",3,TRUE,FALSE
5482821,"gate_30",10,FALSE,FALSE
5482823,"gate_30",21,FALSE,FALSE
5482929,"gate_30",0,FALSE,FALSE
5483109,"gate_40",70,TRUE,FALSE
5483111,"gate_40",58,FALSE,FALSE
5483303,"gate_40",429,TRUE,TRUE
5483404,"gate_40",94,TRUE,FALSE
5483439,"gate_30",0,FALSE,FALSE
5483575,"gate_40",2,FALSE,FALSE
5483608,"gate_30",449,TRUE,TRUE
5483878,"gate_40",19,FALSE,FALSE
5483914,"gate_40",55,TRUE,TRUE
5484108,"gate_30",5,FALSE,FALSE
5484235,"gate_30",7,FALSE,FALSE
5484268,"gate_40",28,FALSE,FALSE
5484501,"gate_40",279,TRUE,TRUE
5484505,"gate_30",8,FALSE,FALSE
5484697,"gate_30",1,FALSE,FALSE
5484744,"gate_40",0,FALSE,FALSE
5484777,"gate_30",82,TRUE,FALSE
5484936,"gate_40",1,FALSE,FALSE
5485057,"gate_40",7,FALSE,FALSE
5485555,"gate_30",26,TRUE,FALSE
5485702,"gate_30",9,FALSE,TRUE
5485715,"gate_40",3,TRUE,FALSE
5485748,"gate_40",0,FALSE,FALSE
5485977,"gate_40",7,FALSE,FALSE
5486017,"gate_30",68,TRUE,FALSE
5486120,"gate_40",5,FALSE,FALSE
5486147,"gate_30",508,TRUE,TRUE
5486238,"gate_40",103,TRUE,FALSE
5486375,"gate_40",5,FALSE,FALSE
5486485,"gate_40",26,FALSE,FALSE
5486528,"gate_30",4,FALSE,FALSE
5486542,"gate_40",28,FALSE,FALSE
5486563,"gate_30",461,TRUE,TRUE
5486570,"gate_30",4,FALSE,FALSE
5486702,"gate_40",23,FALSE,FALSE
5486743,"gate_30",17,TRUE,FALSE
5486760,"gate_40",41,FALSE,FALSE
5486803,"gate_40",10,FALSE,FALSE
5486869,"gate_30",106,TRUE,FALSE
5486925,"gate_40",333,TRUE,TRUE
5487097,"gate_30",245,TRUE,TRUE
5487175,"gate_30",72,TRUE,FALSE
5487245,"gate_30",4,FALSE,FALSE
5487315,"gate_40",175,TRUE,TRUE
5487361,"gate_30",134,TRUE,FALSE
5487452,"gate_30",1,FALSE,FALSE
5487596,"gate_40",15,FALSE,FALSE
5487776,"gate_40",2,FALSE,FALSE
5487800,"gate_40",64,TRUE,FALSE
5487818,"gate_30",1,FALSE,FALSE
5487820,"gate_30",31,TRUE,FALSE
5487876,"gate_30",42,FALSE,TRUE
5487881,"gate_30",9,FALSE,FALSE
5487924,"gate_40",17,FALSE,TRUE
5487976,"gate_30",20,TRUE,TRUE
5487996,"gate_40",156,TRUE,TRUE
5488090,"gate_40",14,TRUE,FALSE
5488097,"gate_30",16,TRUE,FALSE
5488141,"gate_40",5,TRUE,FALSE
5488324,"gate_40",38,TRUE,FALSE
5488607,"gate_30",24,TRUE,TRUE
5488759,"gate_40",43,FALSE,FALSE
5489137,"gate_30",11,FALSE,FALSE
5489153,"gate_40",1,FALSE,FALSE
5489279,"gate_30",35,FALSE,FALSE
5489386,"gate_30",123,TRUE,FALSE
5489510,"gate_40",3,FALSE,FALSE
5489689,"gate_40",66,TRUE,TRUE
5489709,"gate_30",653,TRUE,TRUE
5489853,"gate_40",5,FALSE,FALSE
5489993,"gate_30",4,FALSE,TRUE
5490038,"gate_30",8,FALSE,FALSE
5490220,"gate_40",204,FALSE,TRUE
5490230,"gate_40",14,FALSE,FALSE
5490479,"gate_30",246,TRUE,FALSE
5490556,"gate_30",21,FALSE,FALSE
5490772,"gate_30",35,FALSE,FALSE
5490961,"gate_40",5,TRUE,FALSE
5491086,"gate_30",118,TRUE,FALSE
5491227,"gate_30",86,TRUE,FALSE
5491290,"gate_30",23,TRUE,FALSE
5491475,"gate_30",1,FALSE,FALSE
5491531,"gate_30",311,TRUE,TRUE
5491588,"gate_40",135,TRUE,FALSE
5491739,"gate_40",3,FALSE,FALSE
5491776,"gate_40",23,FALSE,FALSE
5491833,"gate_40",3,FALSE,FALSE
5491836,"gate_30",3,FALSE,FALSE
5492004,"gate_30",2,FALSE,FALSE
5492046,"gate_30",2,FALSE,FALSE
5492159,"gate_30",198,TRUE,TRUE
5492281,"gate_40",48,TRUE,TRUE
5492644,"gate_30",72,TRUE,FALSE
5492656,"gate_40",8,FALSE,FALSE
5492690,"gate_30",5,TRUE,FALSE
5492735,"gate_40",35,TRUE,FALSE
5492873,"gate_30",33,FALSE,FALSE
5493157,"gate_40",2,FALSE,FALSE
5493184,"gate_30",2,FALSE,FALSE
5493233,"gate_30",44,FALSE,FALSE
5493300,"gate_40",3,FALSE,FALSE
5493548,"gate_30",176,FALSE,TRUE
5493603,"gate_30",5,FALSE,FALSE
5493631,"gate_30",155,TRUE,TRUE
5493635,"gate_40",61,TRUE,FALSE
5493639,"gate_40",10,FALSE,FALSE
5493748,"gate_40",23,TRUE,FALSE
5494020,"gate_40",9,FALSE,FALSE
5494116,"gate_40",4,FALSE,FALSE
5494387,"gate_40",29,FALSE,FALSE
5494437,"gate_30",2,FALSE,FALSE
5494508,"gate_40",7,FALSE,FALSE
5494587,"gate_30",10,FALSE,FALSE
5494711,"gate_30",182,TRUE,FALSE
5495250,"gate_30",26,TRUE,FALSE
5495307,"gate_40",28,TRUE,FALSE
5495436,"gate_40",3,FALSE,FALSE
5495638,"gate_40",7,FALSE,FALSE
5495697,"gate_40",78,FALSE,TRUE
5495719,"gate_30",10,TRUE,FALSE
5495779,"gate_40",6,TRUE,FALSE
5496137,"gate_30",12,FALSE,FALSE
5496203,"gate_30",5,FALSE,FALSE
5496247,"gate_30",12,TRUE,FALSE
5496429,"gate_30",40,TRUE,FALSE
5496473,"gate_30",6,FALSE,FALSE
5496481,"gate_30",2,FALSE,FALSE
5496729,"gate_40",89,FALSE,FALSE
5496887,"gate_40",45,FALSE,FALSE
5496967,"gate_40",58,TRUE,FALSE
5497528,"gate_40",10,FALSE,FALSE
5497542,"gate_40",14,FALSE,FALSE
5497724,"gate_40",2,FALSE,FALSE
5497938,"gate_40",6,FALSE,FALSE
5498111,"gate_30",370,TRUE,TRUE
5498160,"gate_30",12,TRUE,FALSE
5498299,"gate_40",4,FALSE,FALSE
5498567,"gate_30",3,FALSE,FALSE
5498591,"gate_30",128,TRUE,TRUE
5498613,"gate_40",1,FALSE,FALSE
5498748,"gate_30",7,FALSE,FALSE
5498769,"gate_30",7,FALSE,FALSE
5498781,"gate_30",7,FALSE,FALSE
5498979,"gate_30",8,FALSE,FALSE
5499021,"gate_40",14,TRUE,FALSE
5499051,"gate_30",47,TRUE,FALSE
5499057,"gate_30",7,FALSE,FALSE
5499064,"gate_40",6,FALSE,FALSE
5499094,"gate_30",10,FALSE,FALSE
5499121,"gate_30",69,TRUE,TRUE
5499213,"gate_30",84,TRUE,TRUE
5499224,"gate_30",115,FALSE,TRUE
5499247,"gate_40",0,FALSE,FALSE
5499269,"gate_30",14,FALSE,FALSE
5499307,"gate_40",0,FALSE,FALSE
5499409,"gate_40",73,TRUE,TRUE
5499441,"gate_40",3,FALSE,FALSE
5499481,"gate_30",151,TRUE,TRUE
5499487,"gate_40",4,FALSE,FALSE
5499566,"gate_40",35,FALSE,FALSE
5499610,"gate_30",80,TRUE,TRUE
5499667,"gate_30",6,TRUE,FALSE
5499733,"gate_30",28,TRUE,TRUE
5499772,"gate_40",367,TRUE,FALSE
5499917,"gate_30",6,FALSE,FALSE
5499970,"gate_30",21,TRUE,FALSE
5499994,"gate_40",2,FALSE,FALSE
5500007,"gate_40",0,FALSE,FALSE
5500021,"gate_40",1,FALSE,FALSE
5500066,"gate_40",22,FALSE,FALSE
5500154,"gate_30",21,FALSE,FALSE
5500236,"gate_40",0,FALSE,FALSE
5500359,"gate_30",2,FALSE,FALSE
5500485,"gate_40",2,FALSE,FALSE
5500689,"gate_30",1,FALSE,FALSE
5500692,"gate_40",36,FALSE,FALSE
5500711,"gate_30",402,TRUE,TRUE
5500786,"gate_40",30,TRUE,FALSE
5500791,"gate_30",6,FALSE,FALSE
5501110,"gate_30",43,FALSE,FALSE
5501240,"gate_40",19,TRUE,FALSE
5501326,"gate_40",45,TRUE,FALSE
5501531,"gate_40",6,FALSE,FALSE
5501698,"gate_30",28,TRUE,FALSE
5501886,"gate_40",72,TRUE,TRUE
5501927,"gate_30",17,TRUE,TRUE
5501956,"gate_30",2,FALSE,FALSE
5502002,"gate_30",58,FALSE,TRUE
5502014,"gate_30",333,TRUE,TRUE
5502031,"gate_30",9,FALSE,FALSE
5502034,"gate_30",23,TRUE,FALSE
5502037,"gate_30",36,FALSE,FALSE
5502095,"gate_30",69,TRUE,TRUE
5502197,"gate_40",3,FALSE,FALSE
5502354,"gate_40",60,TRUE,TRUE
5502537,"gate_30",43,TRUE,FALSE
5502595,"gate_40",0,FALSE,FALSE
5502642,"gate_40",8,TRUE,FALSE
5502701,"gate_30",1,FALSE,FALSE
5502882,"gate_30",81,TRUE,FALSE
5502977,"gate_40",13,FALSE,FALSE
5503066,"gate_30",10,TRUE,FALSE
5503074,"gate_30",22,FALSE,FALSE
5503115,"gate_40",21,TRUE,FALSE
5503180,"gate_30",2,FALSE,FALSE
5503364,"gate_40",6,TRUE,FALSE
5503607,"gate_40",29,TRUE,FALSE
5503671,"gate_40",3,FALSE,FALSE
5503729,"gate_40",3,FALSE,FALSE
5504032,"gate_30",39,TRUE,TRUE
5504083,"gate_30",4,FALSE,FALSE
5504179,"gate_30",104,TRUE,FALSE
5504277,"gate_40",37,TRUE,FALSE
5504435,"gate_40",6,FALSE,FALSE
5504454,"gate_40",8,FALSE,FALSE
5504522,"gate_40",25,FALSE,FALSE
5504606,"gate_40",5,FALSE,FALSE
5504774,"gate_40",9,FALSE,FALSE
5504815,"gate_30",302,TRUE,TRUE
5504907,"gate_40",40,TRUE,TRUE
5504993,"gate_40",72,TRUE,TRUE
5505008,"gate_40",61,TRUE,FALSE
5505046,"gate_40",13,FALSE,FALSE
5505265,"gate_30",1,FALSE,FALSE
5505303,"gate_30",13,TRUE,FALSE
5505348,"gate_40",1,FALSE,FALSE
5505373,"gate_30",4,TRUE,FALSE
5505421,"gate_30",3,TRUE,FALSE
5505432,"gate_40",199,TRUE,TRUE
5505488,"gate_30",8,FALSE,FALSE
5505510,"gate_30",78,TRUE,FALSE
5505532,"gate_40",3,FALSE,FALSE
5505826,"gate_40",4,FALSE,FALSE
5505863,"gate_40",87,TRUE,TRUE
5505984,"gate_40",20,TRUE,FALSE
5506277,"gate_40",300,TRUE,TRUE
5506306,"gate_30",92,TRUE,FALSE
5506428,"gate_40",35,TRUE,FALSE
5506485,"gate_30",0,FALSE,FALSE
5506678,"gate_30",11,FALSE,FALSE
5506730,"gate_40",62,TRUE,TRUE
5506935,"gate_40",79,TRUE,FALSE
5507020,"gate_40",6,FALSE,FALSE
5507045,"gate_40",9,FALSE,FALSE
5507286,"gate_40",0,FALSE,FALSE
5507348,"gate_40",69,TRUE,TRUE
5507551,"gate_40",2,TRUE,FALSE
5507699,"gate_40",10,FALSE,FALSE
5507777,"gate_30",65,TRUE,FALSE
5507865,"gate_40",13,FALSE,FALSE
5507893,"gate_40",2,FALSE,FALSE
5507941,"gate_30",19,FALSE,FALSE
5508023,"gate_40",16,FALSE,FALSE
5508149,"gate_40",4,TRUE,FALSE
5508165,"gate_40",8,FALSE,FALSE
5508195,"gate_40",15,FALSE,TRUE
5508341,"gate_30",12,FALSE,FALSE
5508382,"gate_30",17,FALSE,FALSE
5508428,"gate_40",9,FALSE,FALSE
5508664,"gate_30",128,TRUE,TRUE
5508963,"gate_40",32,TRUE,FALSE
5508997,"gate_30",176,TRUE,TRUE
5509093,"gate_40",6,FALSE,FALSE
5509126,"gate_40",0,FALSE,FALSE
5509602,"gate_40",24,TRUE,FALSE
5509720,"gate_40",1,FALSE,FALSE
5509906,"gate_40",16,FALSE,FALSE
5510090,"gate_40",23,TRUE,FALSE
5510411,"gate_40",14,FALSE,FALSE
5510613,"gate_40",119,TRUE,FALSE
5510876,"gate_30",41,FALSE,FALSE
5511202,"gate_40",14,FALSE,TRUE
5511355,"gate_30",2,FALSE,FALSE
5511505,"gate_40",22,TRUE,FALSE
5511645,"gate_30",135,TRUE,TRUE
5511781,"gate_30",26,FALSE,FALSE
5511870,"gate_30",3,FALSE,FALSE
5511908,"gate_40",3,FALSE,FALSE
5511994,"gate_30",1,FALSE,FALSE
5512281,"gate_30",58,TRUE,FALSE
5512565,"gate_40",50,TRUE,FALSE
5512787,"gate_40",92,TRUE,TRUE
5512884,"gate_30",18,TRUE,FALSE
5513122,"gate_40",12,FALSE,FALSE
5513228,"gate_30",2,FALSE,FALSE
5513258,"gate_40",21,FALSE,FALSE
5513308,"gate_40",3,FALSE,FALSE
5513363,"gate_40",0,FALSE,FALSE
5513502,"gate_30",32,TRUE,TRUE
5513693,"gate_30",34,FALSE,FALSE
5513755,"gate_40",47,TRUE,FALSE
5513776,"gate_40",3,FALSE,FALSE
5513851,"gate_40",35,TRUE,FALSE
5513959,"gate_30",12,FALSE,FALSE
5514081,"gate_40",93,FALSE,TRUE
5514380,"gate_30",13,FALSE,FALSE
5514387,"gate_40",5,TRUE,FALSE
5514485,"gate_30",9,TRUE,FALSE
5514498,"gate_40",91,TRUE,TRUE
5514509,"gate_30",55,TRUE,TRUE
5514532,"gate_40",4,FALSE,TRUE
5514708,"gate_30",40,TRUE,FALSE
5514770,"gate_30",15,TRUE,TRUE
5514934,"gate_40",48,TRUE,TRUE
5515005,"gate_40",33,TRUE,TRUE
5515168,"gate_40",6,FALSE,FALSE
5515189,"gate_30",53,TRUE,FALSE
5515211,"gate_30",92,TRUE,FALSE
5515489,"gate_30",102,FALSE,FALSE
5515545,"gate_30",48,TRUE,FALSE
5516257,"gate_40",3,FALSE,FALSE
5516351,"gate_30",8,FALSE,FALSE
5516388,"gate_30",15,TRUE,FALSE
5516555,"gate_40",182,TRUE,TRUE
5516781,"gate_40",19,FALSE,FALSE
5516942,"gate_40",28,TRUE,FALSE
5516992,"gate_40",12,TRUE,FALSE
5517014,"gate_30",0,FALSE,FALSE
5517080,"gate_40",118,TRUE,TRUE
5517167,"gate_40",46,FALSE,TRUE
5517207,"gate_30",7,FALSE,FALSE
5517252,"gate_40",25,TRUE,TRUE
5517285,"gate_40",1,FALSE,FALSE
5517369,"gate_30",14,FALSE,FALSE
5517526,"gate_40",1,FALSE,FALSE
5517540,"gate_40",27,FALSE,FALSE
5517627,"gate_40",4,FALSE,FALSE
5517646,"gate_40",45,TRUE,FALSE
5517931,"gate_40",2,FALSE,FALSE
5518035,"gate_30",6,FALSE,FALSE
5518046,"gate_40",23,FALSE,FALSE
5518531,"gate_40",1,FALSE,FALSE
5518687,"gate_40",19,TRUE,FALSE
5518790,"gate_40",50,TRUE,FALSE
5519021,"gate_30",191,TRUE,TRUE
5519077,"gate_30",2,FALSE,FALSE
5519221,"gate_40",44,FALSE,FALSE
5519259,"gate_40",22,TRUE,FALSE
5519273,"gate_40",6,FALSE,FALSE
5519547,"gate_40",43,TRUE,TRUE
5519557,"gate_30",1,FALSE,FALSE
5519565,"gate_30",35,TRUE,FALSE
5519674,"gate_40",2,FALSE,FALSE
5519764,"gate_40",329,TRUE,TRUE
5519823,"gate_30",56,TRUE,TRUE
5520147,"gate_30",12,FALSE,FALSE
5520254,"gate_40",639,TRUE,TRUE
5520270,"gate_40",6,FALSE,FALSE
5520373,"gate_30",22,TRUE,FALSE
5520432,"gate_40",71,TRUE,FALSE
5520569,"gate_40",1,FALSE,FALSE
5520676,"gate_30",10,FALSE,FALSE
5520921,"gate_40",3,FALSE,FALSE
5521033,"gate_30",16,TRUE,TRUE
5521131,"gate_30",1091,TRUE,TRUE
5521162,"gate_30",21,FALSE,FALSE
5521181,"gate_30",8,FALSE,FALSE
5521417,"gate_40",22,TRUE,FALSE
5521566,"gate_30",7,FALSE,FALSE
5521630,"gate_40",6,FALSE,FALSE
5521644,"gate_30",61,TRUE,TRUE
5521905,"gate_30",2,FALSE,FALSE
5522051,"gate_40",32,TRUE,FALSE
5522185,"gate_40",33,TRUE,FALSE
5522332,"gate_40",20,TRUE,FALSE
5522397,"gate_40",23,TRUE,FALSE
5522406,"gate_30",27,TRUE,FALSE
5522451,"gate_40",3,FALSE,FALSE
5522538,"gate_40",185,TRUE,TRUE
5522586,"gate_30",80,TRUE,TRUE
5522623,"gate_40",1,FALSE,FALSE
5522911,"gate_40",2,TRUE,FALSE
5523100,"gate_40",249,TRUE,TRUE
5523154,"gate_30",14,FALSE,FALSE
5523326,"gate_30",82,FALSE,TRUE
5523492,"gate_40",85,TRUE,FALSE
5523612,"gate_40",127,TRUE,FALSE
5523756,"gate_40",9,FALSE,FALSE
5523893,"gate_30",3,FALSE,FALSE
5523903,"gate_30",18,FALSE,FALSE
5523904,"gate_30",59,FALSE,FALSE
5523913,"gate_40",25,TRUE,FALSE
5523991,"gate_30",38,TRUE,TRUE
5524036,"gate_30",3,FALSE,FALSE
5524116,"gate_30",10,FALSE,FALSE
5524362,"gate_30",28,FALSE,FALSE
5524400,"gate_30",8,FALSE,FALSE
5524510,"gate_40",156,TRUE,TRUE
5524519,"gate_30",1,FALSE,FALSE
5524551,"gate_30",1,FALSE,FALSE
5524563,"gate_40",15,FALSE,FALSE
5524690,"gate_30",57,TRUE,FALSE
5524704,"gate_40",100,TRUE,FALSE
5524765,"gate_30",50,TRUE,FALSE
5524824,"gate_40",83,TRUE,TRUE
5524923,"gate_40",1,FALSE,FALSE
5525058,"gate_30",30,TRUE,FALSE
5525084,"gate_40",57,TRUE,TRUE
5525125,"gate_40",22,TRUE,TRUE
5525198,"gate_40",183,TRUE,TRUE
5525646,"gate_30",48,FALSE,TRUE
5525740,"gate_40",117,TRUE,TRUE
5525771,"gate_30",9,TRUE,FALSE
5525918,"gate_30",1,FALSE,FALSE
5525957,"gate_40",12,TRUE,FALSE
5525976,"gate_30",209,TRUE,TRUE
5526048,"gate_30",6,FALSE,FALSE
5526074,"gate_30",115,TRUE,TRUE
5526205,"gate_30",3,TRUE,FALSE
5526294,"gate_40",12,FALSE,FALSE
5526345,"gate_30",14,TRUE,FALSE
5526864,"gate_30",8,FALSE,FALSE
5527013,"gate_30",8,FALSE,FALSE
5527048,"gate_30",35,TRUE,FALSE
5527146,"gate_40",6,TRUE,FALSE
5527188,"gate_30",118,TRUE,FALSE
5527263,"gate_30",4,FALSE,FALSE
5527292,"gate_30",17,TRUE,FALSE
5527353,"gate_40",18,TRUE,FALSE
5527450,"gate_30",7,FALSE,TRUE
5527544,"gate_30",0,FALSE,FALSE
5527726,"gate_40",221,TRUE,TRUE
5527778,"gate_40",0,FALSE,FALSE
5527784,"gate_30",152,TRUE,TRUE
5527810,"gate_40",35,TRUE,FALSE
5527865,"gate_40",1,FALSE,FALSE
5527968,"gate_30",1,FALSE,FALSE
5528424,"gate_40",203,TRUE,TRUE
5528538,"gate_40",11,FALSE,FALSE
5528598,"gate_40",31,TRUE,FALSE
5528611,"gate_40",210,TRUE,TRUE
5528879,"gate_40",31,TRUE,FALSE
5528928,"gate_30",332,TRUE,TRUE
5529156,"gate_40",15,FALSE,FALSE
5529430,"gate_40",15,TRUE,FALSE
5529479,"gate_40",19,TRUE,FALSE
5529522,"gate_30",10,FALSE,FALSE
5529774,"gate_30",14,TRUE,FALSE
5529829,"gate_30",5,FALSE,FALSE
5529856,"gate_30",4,FALSE,FALSE
5530107,"gate_40",51,FALSE,TRUE
5530123,"gate_40",3,FALSE,FALSE
5530124,"gate_40",171,TRUE,TRUE
5530357,"gate_40",34,FALSE,FALSE
5530455,"gate_40",144,FALSE,FALSE
5530502,"gate_30",2,FALSE,FALSE
5530522,"gate_30",6,FALSE,FALSE
5530523,"gate_30",7,FALSE,FALSE
5530577,"gate_40",2,FALSE,FALSE
5530579,"gate_30",88,TRUE,FALSE
5530731,"gate_30",8,TRUE,TRUE
5530752,"gate_40",5,TRUE,FALSE
5530768,"gate_30",10,TRUE,FALSE
5530883,"gate_40",16,FALSE,FALSE
5530928,"gate_30",2,TRUE,FALSE
5531405,"gate_40",1,FALSE,FALSE
5531540,"gate_30",25,TRUE,FALSE
5531676,"gate_40",3,FALSE,FALSE
5531680,"gate_30",6,FALSE,FALSE
5531903,"gate_30",30,FALSE,FALSE
5531965,"gate_30",3,FALSE,FALSE
5531967,"gate_40",47,TRUE,TRUE
5531978,"gate_40",4,FALSE,FALSE
5531999,"gate_30",10,FALSE,FALSE
5532030,"gate_40",66,TRUE,FALSE
5532091,"gate_30",14,TRUE,FALSE
5532179,"gate_40",20,FALSE,TRUE
5532655,"gate_30",35,TRUE,FALSE
5532743,"gate_40",66,TRUE,TRUE
5532814,"gate_40",0,FALSE,FALSE
5532923,"gate_40",16,FALSE,FALSE
5533219,"gate_40",73,TRUE,FALSE
5533236,"gate_30",2,FALSE,FALSE
5533271,"gate_30",7,FALSE,FALSE
5533287,"gate_30",3,FALSE,FALSE
5533299,"gate_30",194,TRUE,FALSE
5533303,"gate_30",11,FALSE,TRUE
5533517,"gate_30",19,TRUE,FALSE
5533634,"gate_30",88,FALSE,FALSE
5533731,"gate_40",1,TRUE,FALSE
5533822,"gate_30",4,FALSE,FALSE
5533896,"gate_30",42,TRUE,FALSE
5533913,"gate_40",28,TRUE,FALSE
5533962,"gate_30",51,TRUE,FALSE
5534002,"gate_40",1,FALSE,FALSE
5534173,"gate_30",18,FALSE,FALSE
5534277,"gate_30",1,FALSE,FALSE
5534506,"gate_30",5,FALSE,FALSE
5534514,"gate_30",20,FALSE,FALSE
5534784,"gate_40",73,TRUE,TRUE
5534808,"gate_30",19,FALSE,FALSE
5534857,"gate_40",32,FALSE,FALSE
5535229,"gate_30",5,FALSE,FALSE
5535251,"gate_40",6,FALSE,FALSE
5535381,"gate_30",50,TRUE,FALSE
5535420,"gate_40",30,FALSE,FALSE
5535645,"gate_30",12,FALSE,FALSE
5535947,"gate_40",2,FALSE,FALSE
5536026,"gate_40",2,FALSE,FALSE
5536103,"gate_40",0,FALSE,FALSE
5536177,"gate_30",209,TRUE,TRUE
5536374,"gate_30",13,FALSE,FALSE
5536378,"gate_30",373,TRUE,TRUE
5536496,"gate_40",3,FALSE,TRUE
5536704,"gate_40",96,FALSE,TRUE
5536849,"gate_30",60,TRUE,TRUE
5537112,"gate_30",366,TRUE,FALSE
5537187,"gate_30",5,FALSE,FALSE
5537197,"gate_30",5,FALSE,FALSE
5537198,"gate_30",15,FALSE,FALSE
5537249,"gate_40",89,TRUE,FALSE
5537308,"gate_40",279,TRUE,FALSE
5537392,"gate_30",259,FALSE,TRUE
5537452,"gate_40",89,TRUE,FALSE
5537567,"gate_40",98,FALSE,FALSE
5537672,"gate_40",3,FALSE,FALSE
5537761,"gate_30",27,FALSE,FALSE
5537977,"gate_40",39,FALSE,FALSE
5538117,"gate_40",2,FALSE,FALSE
5538142,"gate_40",17,TRUE,FALSE
5538267,"gate_40",1,FALSE,FALSE
5538431,"gate_30",3,FALSE,FALSE
5538618,"gate_30",1,FALSE,FALSE
5538667,"gate_30",9,TRUE,FALSE
5538754,"gate_30",335,TRUE,TRUE
5538776,"gate_40",2,FALSE,FALSE
5538787,"gate_40",16,FALSE,FALSE
5539027,"gate_30",5,FALSE,FALSE
5539074,"gate_40",22,TRUE,FALSE
5539129,"gate_40",24,TRUE,FALSE
5539256,"gate_30",5,TRUE,FALSE
5539313,"gate_30",29,FALSE,TRUE
5539523,"gate_40",115,FALSE,FALSE
5539619,"gate_30",344,TRUE,TRUE
5539697,"gate_40",34,TRUE,FALSE
5539724,"gate_40",1,TRUE,FALSE
5539739,"gate_40",18,TRUE,TRUE
5539744,"gate_30",89,FALSE,FALSE
5539950,"gate_40",68,TRUE,FALSE
5539972,"gate_40",170,TRUE,TRUE
5540023,"gate_30",20,TRUE,FALSE
5540034,"gate_30",6,FALSE,FALSE
5540255,"gate_30",37,FALSE,FALSE
5540259,"gate_30",9,FALSE,FALSE
5540419,"gate_40",9,FALSE,FALSE
5540485,"gate_30",125,TRUE,TRUE
5540706,"gate_30",24,FALSE,FALSE
5540718,"gate_40",41,TRUE,FALSE
5540931,"gate_30",2,FALSE,FALSE
5540975,"gate_30",0,FALSE,FALSE
5541002,"gate_40",1,FALSE,FALSE
5541038,"gate_40",21,FALSE,FALSE
5541273,"gate_40",15,FALSE,FALSE
5541311,"gate_30",118,TRUE,FALSE
5541354,"gate_30",155,TRUE,FALSE
5541401,"gate_30",171,TRUE,TRUE
5541462,"gate_40",26,TRUE,FALSE
5541464,"gate_30",6,FALSE,FALSE
5541613,"gate_40",5,FALSE,FALSE
5541646,"gate_40",4,FALSE,FALSE
5541697,"gate_30",7,FALSE,FALSE
5541747,"gate_40",43,FALSE,FALSE
5542077,"gate_30",14,TRUE,FALSE
5542095,"gate_40",1,FALSE,FALSE
5542140,"gate_30",11,TRUE,FALSE
5542144,"gate_40",1,FALSE,FALSE
5542194,"gate_40",5,TRUE,FALSE
5542292,"gate_30",43,TRUE,FALSE
5542386,"gate_40",3,TRUE,FALSE
5542406,"gate_40",50,TRUE,FALSE
5542446,"gate_30",4,FALSE,FALSE
5542552,"gate_30",36,TRUE,TRUE
5542632,"gate_40",1,FALSE,FALSE
5542641,"gate_40",137,FALSE,FALSE
5542855,"gate_30",1324,TRUE,TRUE
5542875,"gate_40",27,TRUE,FALSE
5542931,"gate_40",24,TRUE,FALSE
5542934,"gate_30",7,FALSE,FALSE
5543219,"gate_40",0,FALSE,FALSE
5543325,"gate_40",3,FALSE,FALSE
5543487,"gate_30",2,FALSE,FALSE
5543508,"gate_40",2,FALSE,FALSE
5543554,"gate_40",19,FALSE,FALSE
5543773,"gate_30",1,TRUE,FALSE
5543976,"gate_40",18,TRUE,FALSE
5544593,"gate_30",3,FALSE,FALSE
5544668,"gate_30",44,TRUE,TRUE
5544893,"gate_30",3,FALSE,FALSE
5545026,"gate_40",17,TRUE,FALSE
5545034,"gate_40",8,TRUE,FALSE
5545150,"gate_40",13,FALSE,FALSE
5545270,"gate_30",24,TRUE,FALSE
5545424,"gate_40",1,FALSE,FALSE
5545543,"gate_40",146,TRUE,TRUE
5545587,"gate_30",0,FALSE,FALSE
5545647,"gate_30",16,FALSE,FALSE
5545656,"gate_30",233,TRUE,TRUE
5545735,"gate_30",2,FALSE,FALSE
5545773,"gate_40",8,FALSE,FALSE
5545862,"gate_30",30,FALSE,FALSE
5545990,"gate_30",1,FALSE,FALSE
5546003,"gate_40",81,TRUE,TRUE
5546131,"gate_30",5,FALSE,FALSE
5546167,"gate_30",10,TRUE,FALSE
5546303,"gate_30",1,FALSE,FALSE
5546640,"gate_30",3,FALSE,FALSE
5546663,"gate_30",186,TRUE,FALSE
5546834,"gate_40",208,TRUE,TRUE
5546901,"gate_40",36,TRUE,TRUE
5546962,"gate_40",5,FALSE,FALSE
5547002,"gate_40",26,TRUE,FALSE
5547453,"gate_30",39,TRUE,TRUE
5547503,"gate_30",209,TRUE,TRUE
5547588,"gate_40",35,TRUE,FALSE
5547672,"gate_30",38,TRUE,FALSE
5547684,"gate_30",47,FALSE,FALSE
5547744,"gate_30",71,TRUE,TRUE
5547849,"gate_40",10,FALSE,FALSE
5547858,"gate_40",23,TRUE,FALSE
5547866,"gate_40",1,FALSE,FALSE
5547943,"gate_30",71,TRUE,TRUE
5547996,"gate_30",25,FALSE,TRUE
5548261,"gate_40",0,FALSE,FALSE
5548517,"gate_30",9,FALSE,FALSE
5548581,"gate_30",101,TRUE,TRUE
5548615,"gate_30",34,TRUE,FALSE
5548808,"gate_30",12,TRUE,FALSE
5548837,"gate_30",5,TRUE,FALSE
5548942,"gate_40",9,FALSE,FALSE
5548987,"gate_30",4,FALSE,FALSE
5549132,"gate_30",4,FALSE,FALSE
5549237,"gate_40",156,TRUE,TRUE
5549255,"gate_30",0,FALSE,FALSE
5549279,"gate_40",244,TRUE,TRUE
5549280,"gate_30",6,FALSE,FALSE
5549403,"gate_30",33,TRUE,FALSE
5549404,"gate_30",37,FALSE,FALSE
5549499,"gate_40",3,FALSE,FALSE
5549523,"gate_30",23,TRUE,TRUE
5550265,"gate_40",330,TRUE,TRUE
5550450,"gate_40",11,FALSE,FALSE
5550556,"gate_40",7,FALSE,FALSE
5550587,"gate_30",3,FALSE,FALSE
5550668,"gate_40",2,FALSE,FALSE
5550830,"gate_30",112,TRUE,FALSE
5550911,"gate_40",196,TRUE,TRUE
5550921,"gate_30",237,TRUE,TRUE
5551072,"gate_40",74,TRUE,FALSE
5551126,"gate_30",9,TRUE,FALSE
5551435,"gate_40",6,TRUE,FALSE
5551819,"gate_30",97,TRUE,FALSE
5551920,"gate_30",46,TRUE,FALSE
5551956,"gate_30",584,TRUE,TRUE
5552059,"gate_40",114,TRUE,TRUE
5552142,"gate_30",17,FALSE,FALSE
5552175,"gate_40",2,TRUE,FALSE
5552346,"gate_40",17,TRUE,FALSE
5552360,"gate_40",22,FALSE,FALSE
5552555,"gate_30",16,FALSE,FALSE
5552735,"gate_30",5,FALSE,TRUE
5552810,"gate_40",8,FALSE,FALSE
5552819,"gate_30",60,TRUE,FALSE
5553089,"gate_40",26,TRUE,FALSE
5553340,"gate_40",13,TRUE,FALSE
5553349,"gate_40",25,TRUE,FALSE
5553995,"gate_30",68,TRUE,TRUE
5554036,"gate_30",9,TRUE,FALSE
5554170,"gate_40",17,TRUE,FALSE
5554206,"gate_40",13,FALSE,FALSE
5554427,"gate_30",5,FALSE,FALSE
5554501,"gate_30",4,FALSE,FALSE
5554563,"gate_30",1,FALSE,FALSE
5554573,"gate_30",22,FALSE,FALSE
5554738,"gate_40",28,TRUE,FALSE
5554857,"gate_30",18,TRUE,FALSE
5554872,"gate_30",9,FALSE,FALSE
5554952,"gate_30",35,TRUE,FALSE
5554974,"gate_30",326,TRUE,FALSE
5555010,"gate_30",6,FALSE,FALSE
5555026,"gate_30",15,TRUE,FALSE
5555210,"gate_40",7,FALSE,FALSE
5555355,"gate_40",3,FALSE,FALSE
5555423,"gate_30",23,FALSE,FALSE
5555495,"gate_40",2,FALSE,FALSE
5555733,"gate_30",95,TRUE,FALSE
5556019,"gate_40",125,TRUE,TRUE
5556110,"gate_40",11,FALSE,FALSE
5556203,"gate_40",1,FALSE,FALSE
5556533,"gate_30",682,TRUE,TRUE
5556609,"gate_30",154,TRUE,FALSE
5556697,"gate_30",3,FALSE,FALSE
5557041,"gate_30",101,TRUE,FALSE
5557059,"gate_30",18,FALSE,FALSE
5557060,"gate_30",74,TRUE,TRUE
5557115,"gate_30",11,FALSE,FALSE
5557168,"gate_30",63,TRUE,FALSE
5557362,"gate_30",7,FALSE,FALSE
5557367,"gate_40",92,TRUE,TRUE
5557647,"gate_40",6,FALSE,FALSE
5557655,"gate_40",55,TRUE,FALSE
5557812,"gate_30",22,TRUE,FALSE
5557900,"gate_40",16,FALSE,FALSE
5558091,"gate_40",4,FALSE,FALSE
5558411,"gate_40",104,TRUE,TRUE
5558452,"gate_40",12,TRUE,FALSE
5558470,"gate_40",1,FALSE,FALSE
5558579,"gate_30",2,FALSE,FALSE
5558759,"gate_30",6,TRUE,FALSE
5559136,"gate_40",4,FALSE,FALSE
5559200,"gate_30",58,TRUE,FALSE
5559448,"gate_30",14,TRUE,FALSE
5559461,"gate_30",2,TRUE,FALSE
5559611,"gate_40",3,FALSE,FALSE
5559673,"gate_30",29,FALSE,FALSE
5559998,"gate_30",3,FALSE,FALSE
5560065,"gate_40",34,TRUE,FALSE
5560182,"gate_30",7,TRUE,FALSE
5560380,"gate_40",2,FALSE,FALSE
5560381,"gate_30",21,FALSE,FALSE
5560407,"gate_30",37,TRUE,FALSE
5560468,"gate_40",6,TRUE,FALSE
5560505,"gate_30",17,FALSE,FALSE
5560666,"gate_30",3,FALSE,FALSE
5560729,"gate_40",55,TRUE,FALSE
5560841,"gate_30",7,TRUE,FALSE
5560946,"gate_30",24,FALSE,TRUE
5560988,"gate_30",44,FALSE,TRUE
5561030,"gate_30",5,TRUE,FALSE
5561263,"gate_30",11,FALSE,FALSE
5561273,"gate_30",2,FALSE,FALSE
5561318,"gate_40",10,FALSE,FALSE
5561346,"gate_40",3,FALSE,FALSE
5561444,"gate_30",2,FALSE,FALSE
5561630,"gate_30",4,FALSE,FALSE
5561685,"gate_40",15,FALSE,FALSE
5561728,"gate_30",2,FALSE,FALSE
5561733,"gate_30",50,TRUE,FALSE
5561735,"gate_30",28,TRUE,FALSE
5561796,"gate_30",1,FALSE,FALSE
5561988,"gate_30",8,FALSE,FALSE
5562242,"gate_40",42,TRUE,FALSE
5562300,"gate_40",4,TRUE,TRUE
5562416,"gate_30",7,FALSE,FALSE
5562547,"gate_40",7,FALSE,FALSE
5562933,"gate_40",2,FALSE,FALSE
5563087,"gate_40",6,TRUE,FALSE
5563124,"gate_30",14,TRUE,FALSE
5563232,"gate_30",6,FALSE,FALSE
5563263,"gate_40",41,FALSE,FALSE
5563268,"gate_30",0,FALSE,FALSE
5563289,"gate_30",0,FALSE,FALSE
5563408,"gate_40",4,FALSE,FALSE
5563437,"gate_40",9,FALSE,FALSE
5563487,"gate_30",10,TRUE,FALSE
5563506,"gate_30",86,FALSE,TRUE
5563633,"gate_40",1,FALSE,FALSE
5563640,"gate_30",42,FALSE,FALSE
5563682,"gate_30",8,FALSE,FALSE
5563694,"gate_30",1,FALSE,FALSE
5563712,"gate_40",21,TRUE,FALSE
5563717,"gate_30",2,FALSE,FALSE
5563770,"gate_30",444,TRUE,TRUE
5563837,"gate_40",107,TRUE,FALSE
5563895,"gate_30",35,FALSE,FALSE
5563902,"gate_30",7,FALSE,FALSE
5563946,"gate_30",270,TRUE,TRUE
5564020,"gate_40",0,FALSE,FALSE
5564183,"gate_40",9,FALSE,FALSE
5564208,"gate_30",38,TRUE,FALSE
5564210,"gate_40",0,FALSE,FALSE
5564628,"gate_40",89,TRUE,FALSE
5564720,"gate_40",17,FALSE,FALSE
5564885,"gate_30",3,FALSE,FALSE
5564901,"gate_30",0,FALSE,FALSE
5565034,"gate_30",7,FALSE,FALSE
5565358,"gate_30",40,TRUE,FALSE
5565562,"gate_40",1,FALSE,FALSE
5565564,"gate_30",15,FALSE,FALSE
5565658,"gate_40",4,FALSE,FALSE
5565889,"gate_30",7,FALSE,FALSE
5565943,"gate_30",1,FALSE,TRUE
5565959,"gate_40",38,TRUE,FALSE
5566031,"gate_30",25,FALSE,FALSE
5566217,"gate_40",11,FALSE,FALSE
5566442,"gate_40",9,FALSE,TRUE
5566604,"gate_30",8,FALSE,FALSE
5566750,"gate_30",40,TRUE,FALSE
5566758,"gate_40",22,FALSE,FALSE
5566802,"gate_40",56,FALSE,FALSE
5566807,"gate_30",23,TRUE,FALSE
5566822,"gate_30",49,TRUE,FALSE
5567300,"gate_30",36,TRUE,FALSE
5567318,"gate_30",38,FALSE,FALSE
5567352,"gate_30",7,FALSE,FALSE
5567379,"gate_40",27,TRUE,FALSE
5567464,"gate_40",95,TRUE,TRUE
5567716,"gate_40",25,TRUE,FALSE
5567742,"gate_30",136,TRUE,FALSE
5567779,"gate_30",6,FALSE,FALSE
5567919,"gate_30",137,FALSE,TRUE
5567962,"gate_40",52,TRUE,FALSE
5568108,"gate_30",24,FALSE,FALSE
5568241,"gate_40",27,TRUE,TRUE
5568295,"gate_40",25,TRUE,TRUE
5568303,"gate_30",1,FALSE,FALSE
5568355,"gate_40",54,TRUE,FALSE
5568372,"gate_40",51,TRUE,FALSE
5568447,"gate_30",494,TRUE,TRUE
5568531,"gate_40",6,FALSE,FALSE
5568545,"gate_40",111,TRUE,FALSE
5568583,"gate_40",114,TRUE,TRUE
5568657,"gate_30",1,FALSE,FALSE
5568693,"gate_30",81,TRUE,FALSE
5568714,"gate_30",77,TRUE,TRUE
5568718,"gate_30",5,FALSE,FALSE
5568730,"gate_40",8,FALSE,FALSE
5568902,"gate_30",26,FALSE,FALSE
5568929,"gate_30",149,TRUE,TRUE
5569146,"gate_40",88,FALSE,TRUE
5569235,"gate_40",2,FALSE,FALSE
5569256,"gate_30",5,FALSE,FALSE
5569400,"gate_40",1,FALSE,FALSE
5569888,"gate_40",5,FALSE,FALSE
5569990,"gate_40",11,FALSE,FALSE
5570076,"gate_30",34,TRUE,TRUE
5570160,"gate_30",42,FALSE,FALSE
5570790,"gate_40",5,FALSE,FALSE
5570811,"gate_30",2,FALSE,FALSE
5570841,"gate_40",15,TRUE,FALSE
5570899,"gate_40",217,TRUE,TRUE
5570923,"gate_40",64,TRUE,FALSE
5570972,"gate_40",66,TRUE,FALSE
5571032,"gate_40",70,TRUE,FALSE
5571396,"gate_30",39,TRUE,FALSE
5571420,"gate_40",62,TRUE,FALSE
5571524,"gate_30",13,FALSE,FALSE
5571597,"gate_40",99,TRUE,FALSE
5571621,"gate_40",3,FALSE,FALSE
5571761,"gate_40",16,TRUE,FALSE
5571781,"gate_40",28,TRUE,FALSE
5571827,"gate_30",16,TRUE,FALSE
5571897,"gate_30",21,FALSE,FALSE
5571918,"gate_40",1,FALSE,FALSE
5572022,"gate_40",693,TRUE,TRUE
5572098,"gate_30",66,TRUE,FALSE
5572222,"gate_30",29,FALSE,FALSE
5572243,"gate_40",54,TRUE,FALSE
5572251,"gate_30",25,TRUE,FALSE
5572352,"gate_30",18,FALSE,FALSE
5572379,"gate_40",14,FALSE,FALSE
5572615,"gate_40",0,FALSE,FALSE
5572618,"gate_30",11,FALSE,FALSE
5572620,"gate_30",12,FALSE,FALSE
5572667,"gate_30",24,TRUE,FALSE
5573376,"gate_40",0,FALSE,FALSE
5573466,"gate_40",7,FALSE,FALSE
5573560,"gate_30",22,TRUE,FALSE
5573577,"gate_40",46,TRUE,FALSE
5573696,"gate_40",0,FALSE,FALSE
5574071,"gate_40",18,FALSE,TRUE
5574263,"gate_40",40,TRUE,TRUE
5574321,"gate_40",20,FALSE,FALSE
5574445,"gate_40",163,TRUE,FALSE
5574453,"gate_40",24,FALSE,FALSE
5574500,"gate_30",20,FALSE,FALSE
5574764,"gate_40",8,FALSE,FALSE
5574797,"gate_30",126,FALSE,TRUE
5574799,"gate_40",56,TRUE,TRUE
5574940,"gate_30",42,TRUE,FALSE
5575010,"gate_30",52,TRUE,FALSE
5575247,"gate_30",2,FALSE,FALSE
5575345,"gate_40",1,FALSE,FALSE
5575406,"gate_30",1,FALSE,FALSE
5575428,"gate_30",24,TRUE,FALSE
5575797,"gate_30",6,FALSE,FALSE
5576022,"gate_40",6,FALSE,FALSE
5576354,"gate_40",9,FALSE,FALSE
5576394,"gate_30",7,FALSE,FALSE
5576588,"gate_40",10,FALSE,FALSE
5576676,"gate_40",1,FALSE,FALSE
5576887,"gate_30",5,FALSE,FALSE
5577012,"gate_40",48,FALSE,TRUE
5577060,"gate_30",18,TRUE,TRUE
5577496,"gate_30",1,FALSE,FALSE
5577656,"gate_40",10,FALSE,FALSE
5577706,"gate_40",33,FALSE,TRUE
5577796,"gate_40",5,FALSE,FALSE
5577805,"gate_40",6,FALSE,FALSE
5577871,"gate_30",4,FALSE,FALSE
5577907,"gate_40",48,TRUE,FALSE
5577957,"gate_40",7,FALSE,FALSE
5577963,"gate_40",20,FALSE,FALSE
5578125,"gate_40",87,TRUE,TRUE
5578366,"gate_40",2,FALSE,FALSE
5578371,"gate_40",22,TRUE,FALSE
5578415,"gate_40",0,FALSE,FALSE
5578505,"gate_30",0,FALSE,FALSE
5578547,"gate_30",115,TRUE,TRUE
5578762,"gate_40",159,TRUE,TRUE
5579032,"gate_30",5,FALSE,FALSE
5579396,"gate_40",8,FALSE,FALSE
5579415,"gate_40",51,TRUE,FALSE
5579715,"gate_30",5,FALSE,FALSE
5579925,"gate_30",3,FALSE,FALSE
5580035,"gate_30",76,TRUE,FALSE
5580097,"gate_30",199,TRUE,TRUE
5580201,"gate_30",13,FALSE,FALSE
5580530,"gate_30",12,FALSE,FALSE
5580536,"gate_40",8,FALSE,FALSE
5580670,"gate_30",2,FALSE,FALSE
5580750,"gate_30",135,FALSE,TRUE
5580945,"gate_30",5,FALSE,FALSE
5581134,"gate_30",1,FALSE,FALSE
5581350,"gate_40",4,FALSE,FALSE
5581742,"gate_40",14,FALSE,FALSE
5581837,"gate_30",72,TRUE,FALSE
5581989,"gate_30",27,TRUE,FALSE
5582591,"gate_40",132,TRUE,TRUE
5582611,"gate_40",12,TRUE,FALSE
5582765,"gate_30",26,TRUE,FALSE
5582771,"gate_40",6,FALSE,FALSE
5582862,"gate_30",2,TRUE,FALSE
5582928,"gate_40",8,FALSE,FALSE
5582955,"gate_30",3,FALSE,FALSE
5583035,"gate_40",107,TRUE,TRUE
5583096,"gate_30",24,TRUE,FALSE
5583142,"gate_40",147,FALSE,TRUE
5583196,"gate_30",48,TRUE,FALSE
5583269,"gate_40",59,TRUE,TRUE
5583432,"gate_40",28,TRUE,FALSE
5583540,"gate_30",2,FALSE,FALSE
5583549,"gate_40",345,TRUE,TRUE
5583657,"gate_30",6,FALSE,FALSE
5583750,"gate_30",18,TRUE,FALSE
5583760,"gate_40",96,TRUE,FALSE
5583837,"gate_30",317,TRUE,TRUE
5583867,"gate_30",3,FALSE,FALSE
5583934,"gate_40",55,TRUE,FALSE
5584026,"gate_30",5,FALSE,FALSE
5584163,"gate_30",26,FALSE,FALSE
5584195,"gate_40",54,TRUE,TRUE
5584209,"gate_30",28,TRUE,TRUE
5584223,"gate_40",34,TRUE,FALSE
5584239,"gate_40",42,FALSE,FALSE
5584348,"gate_40",27,FALSE,FALSE
5584414,"gate_40",11,FALSE,FALSE
5584420,"gate_40",74,TRUE,TRUE
5584475,"gate_40",10,FALSE,FALSE
5584476,"gate_30",38,FALSE,FALSE
5584486,"gate_40",16,FALSE,FALSE
5584508,"gate_40",88,TRUE,FALSE
5584589,"gate_30",6,FALSE,FALSE
5584591,"gate_40",20,FALSE,FALSE
5584729,"gate_30",4,FALSE,FALSE
5584788,"gate_40",9,FALSE,FALSE
5584829,"gate_40",34,FALSE,FALSE
5584973,"gate_30",16,TRUE,FALSE
5584976,"gate_40",5,FALSE,FALSE
5584986,"gate_40",56,TRUE,TRUE
5585038,"gate_40",37,TRUE,FALSE
5585109,"gate_30",125,TRUE,TRUE
5585177,"gate_30",17,FALSE,FALSE
5585280,"gate_30",15,FALSE,FALSE
5585342,"gate_30",79,TRUE,FALSE
5585528,"gate_40",211,TRUE,TRUE
5585880,"gate_40",457,TRUE,TRUE
5585895,"gate_30",18,FALSE,FALSE
5586218,"gate_30",2,FALSE,FALSE
5586642,"gate_30",15,TRUE,FALSE
5586649,"gate_40",42,TRUE,TRUE
5586772,"gate_30",21,FALSE,FALSE
5586853,"gate_30",24,TRUE,FALSE
5587058,"gate_40",100,TRUE,TRUE
5587396,"gate_30",25,TRUE,FALSE
5587400,"gate_30",3,FALSE,FALSE
5587694,"gate_30",4,FALSE,TRUE
5587793,"gate_30",70,TRUE,FALSE
5587995,"gate_40",134,TRUE,TRUE
5588029,"gate_40",6,FALSE,FALSE
5588210,"gate_30",16,TRUE,FALSE
5588221,"gate_40",7,TRUE,FALSE
5588424,"gate_40",7,FALSE,FALSE
5588735,"gate_40",0,FALSE,FALSE
5588754,"gate_40",48,FALSE,FALSE
5588755,"gate_30",6,FALSE,FALSE
5588910,"gate_30",27,TRUE,FALSE
5588976,"gate_30",83,TRUE,FALSE
5589098,"gate_40",7,FALSE,FALSE
5589174,"gate_30",2,FALSE,FALSE
5589186,"gate_30",5,TRUE,FALSE
5589205,"gate_40",95,TRUE,TRUE
5589271,"gate_30",6,FALSE,FALSE
5589283,"gate_40",4,TRUE,FALSE
5589295,"gate_40",15,TRUE,FALSE
5589610,"gate_40",10,FALSE,FALSE
5589672,"gate_30",0,FALSE,FALSE
5589727,"gate_30",4,FALSE,FALSE
5589734,"gate_40",10,FALSE,FALSE
5589889,"gate_40",118,TRUE,TRUE
5589910,"gate_30",20,FALSE,FALSE
5589977,"gate_30",51,TRUE,FALSE
5590039,"gate_40",299,TRUE,TRUE
5590175,"gate_40",29,FALSE,FALSE
5590316,"gate_30",10,FALSE,FALSE
5590363,"gate_40",561,TRUE,TRUE
5590381,"gate_40",13,TRUE,FALSE
5590773,"gate_30",0,FALSE,FALSE
5590793,"gate_40",35,TRUE,FALSE
5590862,"gate_40",2,FALSE,FALSE
5590870,"gate_40",3,FALSE,FALSE
5590923,"gate_40",10,FALSE,FALSE
5590943,"gate_40",23,FALSE,FALSE
5591549,"gate_30",17,FALSE,FALSE
5591568,"gate_40",43,TRUE,FALSE
5591924,"gate_30",270,TRUE,TRUE
5591965,"gate_40",20,FALSE,FALSE
5592282,"gate_40",14,TRUE,FALSE
5592329,"gate_40",7,FALSE,FALSE
5592469,"gate_40",5,FALSE,FALSE
5592583,"gate_40",43,TRUE,FALSE
5592691,"gate_30",29,TRUE,FALSE
5592751,"gate_40",5,FALSE,FALSE
5592816,"gate_30",3,FALSE,FALSE
5592875,"gate_40",15,FALSE,FALSE
5593107,"gate_30",172,FALSE,TRUE
5593170,"gate_40",2,FALSE,FALSE
5593240,"gate_40",4,FALSE,FALSE
5593282,"gate_30",1,FALSE,FALSE
5593343,"gate_40",44,TRUE,FALSE
5593801,"gate_30",4,FALSE,FALSE
5593835,"gate_40",27,FALSE,FALSE
5594111,"gate_40",10,FALSE,FALSE
5594293,"gate_30",173,TRUE,TRUE
5594366,"gate_40",6,FALSE,FALSE
5594417,"gate_30",27,FALSE,FALSE
5594621,"gate_30",15,FALSE,FALSE
5594630,"gate_40",23,FALSE,TRUE
5594677,"gate_40",68,FALSE,FALSE
5594909,"gate_40",19,FALSE,TRUE
5595087,"gate_30",1,FALSE,FALSE
5595110,"gate_40",14,FALSE,TRUE
5595124,"gate_30",5,FALSE,FALSE
5595224,"gate_30",112,TRUE,FALSE
5595249,"gate_30",0,FALSE,FALSE
5595281,"gate_30",5,FALSE,FALSE
5595282,"gate_40",4,FALSE,FALSE
5595363,"gate_40",371,TRUE,TRUE
5595886,"gate_40",2,FALSE,FALSE
5596120,"gate_40",5,FALSE,FALSE
5596198,"gate_40",24,TRUE,FALSE
5596257,"gate_30",10,TRUE,FALSE
5596276,"gate_30",4,FALSE,FALSE
5596313,"gate_40",9,FALSE,FALSE
5596418,"gate_40",76,TRUE,TRUE
5596650,"gate_40",146,TRUE,TRUE
5596676,"gate_40",7,FALSE,FALSE
5596737,"gate_30",44,TRUE,FALSE
5596764,"gate_30",6,TRUE,FALSE
5596799,"gate_30",47,TRUE,FALSE
5596963,"gate_40",13,FALSE,FALSE
5597012,"gate_40",70,TRUE,TRUE
5597081,"gate_30",194,TRUE,TRUE
5597126,"gate_40",3,FALSE,FALSE
5597134,"gate_30",1,FALSE,FALSE
5597212,"gate_30",11,FALSE,FALSE
5597263,"gate_40",6,FALSE,FALSE
5597310,"gate_40",4,FALSE,FALSE
5597374,"gate_40",109,TRUE,TRUE
5597396,"gate_40",46,TRUE,FALSE
5597596,"gate_30",24,FALSE,TRUE
5597629,"gate_30",56,TRUE,FALSE
5597682,"gate_30",13,FALSE,FALSE
5597720,"gate_40",16,FALSE,FALSE
5598155,"gate_40",18,FALSE,FALSE
5598219,"gate_40",2,FALSE,FALSE
5598227,"gate_30",11,FALSE,FALSE
5598642,"gate_30",88,TRUE,FALSE
5598684,"gate_30",2,FALSE,FALSE
5598809,"gate_40",302,TRUE,TRUE
5598859,"gate_40",234,TRUE,FALSE
5598907,"gate_30",8,FALSE,FALSE
5599016,"gate_40",91,TRUE,FALSE
5599181,"gate_40",1,FALSE,FALSE
5599264,"gate_40",0,FALSE,FALSE
5599476,"gate_30",55,TRUE,FALSE
5599746,"gate_30",8,FALSE,FALSE
5599761,"gate_30",17,FALSE,TRUE
5599983,"gate_40",7,FALSE,FALSE
5600073,"gate_30",8,TRUE,FALSE
5600415,"gate_40",5,TRUE,FALSE
5600535,"gate_30",2,FALSE,FALSE
5600645,"gate_40",40,TRUE,FALSE
5600813,"gate_30",342,TRUE,TRUE
5600844,"gate_30",6,TRUE,FALSE
5600962,"gate_30",18,TRUE,FALSE
5600981,"gate_30",166,TRUE,TRUE
5601245,"gate_30",118,FALSE,TRUE
5601311,"gate_40",65,TRUE,FALSE
5601392,"gate_30",6,TRUE,TRUE
5601586,"gate_30",13,FALSE,FALSE
5601718,"gate_40",0,FALSE,FALSE
5601726,"gate_40",20,FALSE,FALSE
5601818,"gate_30",600,TRUE,TRUE
5601998,"gate_30",15,TRUE,FALSE
5602009,"gate_40",289,TRUE,TRUE
5602092,"gate_40",13,FALSE,FALSE
5602173,"gate_30",39,TRUE,TRUE
5602217,"gate_40",62,TRUE,FALSE
5602255,"gate_30",190,TRUE,TRUE
5602310,"gate_40",24,TRUE,FALSE
5602315,"gate_40",1,FALSE,FALSE
5602324,"gate_30",1,FALSE,FALSE
5602381,"gate_30",46,TRUE,FALSE
5602404,"gate_30",288,TRUE,TRUE
5602706,"gate_30",4,FALSE,FALSE
5602944,"gate_40",90,FALSE,TRUE
5602976,"gate_40",24,FALSE,FALSE
5603175,"gate_40",0,FALSE,FALSE
5603500,"gate_30",17,FALSE,FALSE
5603620,"gate_40",24,TRUE,FALSE
5603737,"gate_40",7,FALSE,FALSE
5603750,"gate_30",8,FALSE,FALSE
5603785,"gate_40",5,FALSE,FALSE
5604032,"gate_30",2,FALSE,FALSE
5604038,"gate_30",30,FALSE,FALSE
5604279,"gate_40",479,TRUE,TRUE
5604287,"gate_40",4,FALSE,FALSE
5604382,"gate_30",8,FALSE,FALSE
5604571,"gate_40",16,TRUE,FALSE
5604684,"gate_30",51,TRUE,TRUE
5604709,"gate_30",10,FALSE,FALSE
5604860,"gate_30",79,TRUE,TRUE
5604875,"gate_40",37,FALSE,FALSE
5604948,"gate_30",131,FALSE,FALSE
5604985,"gate_40",8,FALSE,FALSE
5605057,"gate_40",32,FALSE,FALSE
5605060,"gate_30",14,FALSE,FALSE
5605350,"gate_40",10,FALSE,FALSE
5605458,"gate_40",2,FALSE,FALSE
5605617,"gate_40",7,FALSE,FALSE
5605624,"gate_30",3,FALSE,FALSE
5605877,"gate_30",63,TRUE,FALSE
5605888,"gate_40",743,TRUE,TRUE
5605897,"gate_40",9,FALSE,FALSE
5605963,"gate_30",110,FALSE,TRUE
5606015,"gate_40",10,TRUE,FALSE
5606041,"gate_40",1,FALSE,FALSE
5606084,"gate_30",0,FALSE,FALSE
5606093,"gate_40",2,FALSE,FALSE
5606127,"gate_30",0,FALSE,FALSE
5606234,"gate_40",16,FALSE,FALSE
5606645,"gate_40",16,TRUE,FALSE
5606670,"gate_30",29,FALSE,FALSE
5606720,"gate_30",215,TRUE,TRUE
5606987,"gate_40",1,FALSE,FALSE
5607059,"gate_30",19,FALSE,FALSE
5607093,"gate_40",236,TRUE,TRUE
5607149,"gate_30",1,FALSE,FALSE
5607169,"gate_30",22,FALSE,FALSE
5607182,"gate_40",26,TRUE,TRUE
5607183,"gate_30",43,TRUE,FALSE
5607226,"gate_40",29,FALSE,FALSE
5607246,"gate_40",19,FALSE,FALSE
5607441,"gate_40",2,FALSE,FALSE
5607449,"gate_30",171,TRUE,TRUE
5607638,"gate_30",4,FALSE,FALSE
5607753,"gate_40",123,TRUE,TRUE
5607841,"gate_30",81,TRUE,FALSE
5608054,"gate_30",28,FALSE,FALSE
5608164,"gate_40",2,FALSE,FALSE
5608192,"gate_40",36,TRUE,FALSE
5608193,"gate_30",81,TRUE,FALSE
5608312,"gate_40",9,FALSE,FALSE
5608314,"gate_30",41,TRUE,FALSE
5608517,"gate_40",29,TRUE,FALSE
5608561,"gate_40",9,FALSE,FALSE
5608622,"gate_30",10,FALSE,FALSE
5608698,"gate_40",123,TRUE,FALSE
5608805,"gate_40",156,TRUE,FALSE
5608927,"gate_30",53,FALSE,FALSE
5608960,"gate_40",3,FALSE,FALSE
5608991,"gate_40",39,TRUE,FALSE
5609082,"gate_30",13,TRUE,FALSE
5609236,"gate_40",2,FALSE,FALSE
5609417,"gate_40",9,FALSE,FALSE
5609569,"gate_30",62,FALSE,FALSE
5609575,"gate_30",8,FALSE,FALSE
5609895,"gate_40",35,TRUE,TRUE
5610059,"gate_40",84,TRUE,FALSE
5610270,"gate_30",61,TRUE,FALSE
5610334,"gate_30",17,TRUE,FALSE
5610361,"gate_30",81,FALSE,FALSE
5610384,"gate_30",5,FALSE,FALSE
5610569,"gate_30",133,TRUE,TRUE
5610744,"gate_40",293,FALSE,TRUE
5611013,"gate_40",13,FALSE,FALSE
5611038,"gate_40",15,FALSE,FALSE
5611044,"gate_40",2,FALSE,FALSE
5611087,"gate_40",25,TRUE,FALSE
5611094,"gate_30",1,FALSE,FALSE
5611185,"gate_40",173,FALSE,TRUE
5611331,"gate_30",7,FALSE,TRUE
5611382,"gate_30",615,TRUE,TRUE
5611543,"gate_30",1,FALSE,FALSE
5611546,"gate_40",21,TRUE,FALSE
5611561,"gate_30",122,TRUE,TRUE
5611720,"gate_40",19,FALSE,FALSE
5611773,"gate_40",10,FALSE,FALSE
5611784,"gate_40",89,TRUE,TRUE
5611944,"gate_30",642,TRUE,TRUE
5611997,"gate_40",58,TRUE,FALSE
5612151,"gate_40",2,FALSE,FALSE
5612287,"gate_40",9,FALSE,FALSE
5612457,"gate_40",2,FALSE,FALSE
5612555,"gate_30",226,TRUE,TRUE
5612611,"gate_30",153,FALSE,FALSE
5612789,"gate_30",0,FALSE,FALSE
5612927,"gate_30",15,FALSE,FALSE
5613059,"gate_40",66,TRUE,FALSE
5613087,"gate_30",37,TRUE,FALSE
5613165,"gate_40",125,TRUE,FALSE
5613346,"gate_30",2,FALSE,FALSE
5613359,"gate_30",8,FALSE,FALSE
5613370,"gate_40",0,FALSE,FALSE
5613511,"gate_30",1457,TRUE,TRUE
5613521,"gate_30",125,TRUE,FALSE
5614029,"gate_30",46,FALSE,TRUE
5614168,"gate_40",3,FALSE,FALSE
5614299,"gate_30",199,TRUE,TRUE
5614424,"gate_40",79,TRUE,FALSE
5614517,"gate_40",60,TRUE,FALSE
5614568,"gate_30",18,FALSE,FALSE
5614641,"gate_30",26,TRUE,FALSE
5614817,"gate_30",14,FALSE,FALSE
5614930,"gate_40",20,TRUE,FALSE
5614954,"gate_30",28,TRUE,FALSE
5615065,"gate_30",1,FALSE,FALSE
5615086,"gate_30",39,FALSE,FALSE
5615176,"gate_30",48,TRUE,FALSE
5615312,"gate_40",5,FALSE,FALSE
5615416,"gate_30",46,TRUE,FALSE
5615432,"gate_40",10,FALSE,FALSE
5615465,"gate_40",103,TRUE,FALSE
5615584,"gate_40",73,TRUE,FALSE
5615632,"gate_40",24,TRUE,FALSE
5615902,"gate_40",787,TRUE,TRUE
5616089,"gate_30",5,FALSE,FALSE
5616223,"gate_30",28,TRUE,FALSE
5616462,"gate_40",11,TRUE,FALSE
5616536,"gate_40",4,FALSE,FALSE
5616711,"gate_40",5,FALSE,FALSE
5616875,"gate_40",9,FALSE,FALSE
5617073,"gate_40",149,TRUE,FALSE
5617192,"gate_30",4,FALSE,FALSE
5617372,"gate_40",338,TRUE,FALSE
5617411,"gate_40",7,FALSE,FALSE
5617553,"gate_40",6,FALSE,FALSE
5617960,"gate_30",49,TRUE,TRUE
5618146,"gate_30",23,FALSE,FALSE
5618206,"gate_30",13,TRUE,FALSE
5618743,"gate_40",0,FALSE,FALSE
5618945,"gate_30",4,FALSE,FALSE
5618969,"gate_40",7,FALSE,FALSE
5619257,"gate_40",3,FALSE,FALSE
5619261,"gate_40",98,TRUE,TRUE
5619594,"gate_30",7,FALSE,FALSE
5619617,"gate_30",23,TRUE,FALSE
5619820,"gate_40",0,FALSE,FALSE
5619827,"gate_40",195,TRUE,TRUE
5619901,"gate_40",27,FALSE,FALSE
5620153,"gate_30",4,FALSE,FALSE
5620405,"gate_40",98,TRUE,FALSE
5620485,"gate_40",1,FALSE,FALSE
5620746,"gate_30",18,TRUE,FALSE
5620815,"gate_30",13,TRUE,FALSE
5620828,"gate_30",20,TRUE,FALSE
5620844,"gate_40",336,TRUE,TRUE
5620909,"gate_30",35,TRUE,FALSE
5620946,"gate_40",4,FALSE,FALSE
5620952,"gate_40",0,FALSE,FALSE
5621030,"gate_40",37,TRUE,FALSE
5621203,"gate_30",83,TRUE,FALSE
5621227,"gate_40",84,TRUE,TRUE
5621401,"gate_40",491,TRUE,TRUE
5621414,"gate_40",18,FALSE,FALSE
5621473,"gate_40",15,FALSE,FALSE
5621743,"gate_30",108,TRUE,TRUE
5621799,"gate_40",38,FALSE,FALSE
5622081,"gate_30",56,TRUE,FALSE
5622148,"gate_30",2,FALSE,FALSE
5622295,"gate_40",5,FALSE,FALSE
5622321,"gate_30",15,FALSE,FALSE
5622621,"gate_40",13,FALSE,FALSE
5622637,"gate_40",246,FALSE,TRUE
5622745,"gate_40",11,TRUE,FALSE
5622860,"gate_40",122,FALSE,FALSE
5622887,"gate_40",3,FALSE,FALSE
5623003,"gate_40",2,FALSE,FALSE
5623111,"gate_40",337,TRUE,TRUE
5623119,"gate_30",8,TRUE,FALSE
5623330,"gate_30",19,FALSE,FALSE
5623416,"gate_30",13,FALSE,FALSE
5623477,"gate_40",5,FALSE,TRUE
5623614,"gate_30",2,FALSE,FALSE
5623623,"gate_30",24,TRUE,FALSE
5623631,"gate_40",147,TRUE,FALSE
5623633,"gate_40",10,FALSE,FALSE
5623825,"gate_40",23,FALSE,TRUE
5623890,"gate_40",35,TRUE,FALSE
5623925,"gate_30",13,FALSE,FALSE
5624004,"gate_40",4,FALSE,FALSE
5624099,"gate_40",169,TRUE,TRUE
5624283,"gate_30",3,FALSE,FALSE
5624316,"gate_30",20,TRUE,FALSE
5624330,"gate_30",15,TRUE,TRUE
5624342,"gate_40",177,TRUE,TRUE
5624400,"gate_30",27,TRUE,FALSE
5624569,"gate_40",4,FALSE,FALSE
5624580,"gate_40",52,FALSE,FALSE
5624596,"gate_30",19,FALSE,FALSE
5624608,"gate_30",15,TRUE,FALSE
5624624,"gate_40",3,FALSE,FALSE
5624821,"gate_40",1,FALSE,FALSE
5624872,"gate_30",20,FALSE,FALSE
5624925,"gate_30",45,TRUE,FALSE
5625101,"gate_40",15,FALSE,FALSE
5625118,"gate_30",16,FALSE,FALSE
5625172,"gate_30",8,TRUE,FALSE
5625229,"gate_30",83,TRUE,FALSE
5625319,"gate_40",32,TRUE,FALSE
5625807,"gate_30",2,FALSE,FALSE
5625811,"gate_40",3,FALSE,FALSE
5625873,"gate_40",281,TRUE,TRUE
5626033,"gate_40",125,TRUE,FALSE
5626256,"gate_40",0,FALSE,FALSE
5626314,"gate_30",42,TRUE,FALSE
5626357,"gate_40",168,TRUE,FALSE
5626387,"gate_40",4,FALSE,FALSE
5626472,"gate_30",41,TRUE,FALSE
5626558,"gate_40",47,TRUE,FALSE
5626733,"gate_40",32,FALSE,FALSE
5626869,"gate_30",0,FALSE,FALSE
5626876,"gate_40",1,FALSE,FALSE
5627099,"gate_30",20,TRUE,FALSE
5627166,"gate_40",58,TRUE,FALSE
5627263,"gate_30",12,FALSE,FALSE
5627442,"gate_40",11,FALSE,FALSE
5627481,"gate_30",9,FALSE,FALSE
5627602,"gate_40",10,FALSE,FALSE
5627634,"gate_30",0,FALSE,FALSE
5627813,"gate_30",1,FALSE,FALSE
5627901,"gate_40",12,FALSE,FALSE
5627949,"gate_40",7,FALSE,FALSE
5628070,"gate_30",20,TRUE,FALSE
5628123,"gate_40",14,FALSE,FALSE
5628165,"gate_30",23,FALSE,FALSE
5628254,"gate_40",3,FALSE,FALSE
5628504,"gate_40",10,FALSE,FALSE
5628633,"gate_30",52,TRUE,TRUE
5628719,"gate_30",55,TRUE,TRUE
5628810,"gate_30",20,FALSE,FALSE
5628822,"gate_30",50,TRUE,TRUE
5628869,"gate_40",2,FALSE,FALSE
5628930,"gate_30",14,FALSE,FALSE
5629100,"gate_40",54,FALSE,FALSE
5629161,"gate_30",41,TRUE,FALSE
5629175,"gate_30",54,TRUE,FALSE
5629239,"gate_30",4,TRUE,FALSE
5629357,"gate_30",50,TRUE,FALSE
5629472,"gate_30",2,FALSE,FALSE
5629754,"gate_30",3,FALSE,FALSE
5629855,"gate_30",76,TRUE,TRUE
5629964,"gate_40",531,TRUE,TRUE
5630045,"gate_30",9,TRUE,FALSE
5630081,"gate_40",10,TRUE,FALSE
5630161,"gate_30",4,FALSE,FALSE
5630176,"gate_40",4,FALSE,FALSE
5630263,"gate_30",44,TRUE,FALSE
5630670,"gate_40",0,FALSE,FALSE
5630719,"gate_40",4,FALSE,FALSE
5630933,"gate_40",6,FALSE,FALSE
5631032,"gate_40",2,FALSE,FALSE
5631452,"gate_30",29,TRUE,TRUE
5631498,"gate_30",5,FALSE,FALSE
5631519,"gate_30",1,FALSE,FALSE
5631617,"gate_40",5,FALSE,FALSE
5631636,"gate_30",432,TRUE,TRUE
5631659,"gate_40",82,FALSE,FALSE
5631958,"gate_30",28,TRUE,FALSE
5632111,"gate_30",3,FALSE,FALSE
5632266,"gate_40",64,FALSE,TRUE
5632280,"gate_40",46,FALSE,FALSE
5632317,"gate_30",28,TRUE,FALSE
5632327,"gate_40",10,FALSE,FALSE
5632393,"gate_30",34,TRUE,FALSE
5632407,"gate_30",8,FALSE,FALSE
5632465,"gate_40",146,TRUE,FALSE
5632573,"gate_40",12,FALSE,FALSE
5632783,"gate_40",5,FALSE,FALSE
5633074,"gate_40",44,TRUE,FALSE
5633348,"gate_30",21,FALSE,FALSE
5633388,"gate_40",0,FALSE,FALSE
5633393,"gate_30",25,TRUE,FALSE
5633536,"gate_40",66,TRUE,TRUE
5633569,"gate_30",13,FALSE,FALSE
5633614,"gate_30",19,FALSE,FALSE
5633665,"gate_30",9,FALSE,FALSE
5633829,"gate_40",24,FALSE,FALSE
5633848,"gate_40",4,FALSE,FALSE
5633899,"gate_40",14,FALSE,FALSE
5633969,"gate_40",6,FALSE,FALSE
5634033,"gate_30",41,TRUE,FALSE
5634064,"gate_30",524,TRUE,TRUE
5634286,"gate_30",48,TRUE,FALSE
5634429,"gate_40",89,FALSE,FALSE
5634779,"gate_40",1,FALSE,FALSE
5634916,"gate_30",159,TRUE,TRUE
5634935,"gate_30",37,FALSE,TRUE
5634973,"gate_30",17,FALSE,FALSE
5634980,"gate_40",0,FALSE,FALSE
5635262,"gate_30",9,FALSE,FALSE
5635635,"gate_40",0,FALSE,FALSE
5635663,"gate_30",1,FALSE,FALSE
5635744,"gate_40",255,TRUE,TRUE
5635835,"gate_40",0,FALSE,FALSE
5635883,"gate_30",22,TRUE,TRUE
5636033,"gate_40",28,FALSE,TRUE
5636050,"gate_40",36,TRUE,FALSE
5636167,"gate_30",11,FALSE,FALSE
5636351,"gate_40",4,FALSE,FALSE
5636407,"gate_30",2,FALSE,FALSE
5636698,"gate_30",44,FALSE,FALSE
5636734,"gate_40",2,FALSE,FALSE
5637004,"gate_30",44,TRUE,FALSE
5637010,"gate_30",10,FALSE,FALSE
5637161,"gate_30",4,FALSE,FALSE
5637238,"gate_40",7,FALSE,FALSE
5637532,"gate_40",66,FALSE,FALSE
5637738,"gate_40",25,TRUE,FALSE
5637925,"gate_30",11,FALSE,FALSE
5638044,"gate_40",165,TRUE,TRUE
5638052,"gate_30",251,TRUE,TRUE
5638257,"gate_30",46,TRUE,TRUE
5638742,"gate_30",5,TRUE,FALSE
5638773,"gate_30",20,TRUE,FALSE
5638931,"gate_40",22,FALSE,FALSE
5639086,"gate_40",57,TRUE,FALSE
5639144,"gate_30",2,TRUE,TRUE
5639291,"gate_30",7,FALSE,FALSE
5639388,"gate_40",57,TRUE,FALSE
5639553,"gate_30",48,TRUE,FALSE
5639576,"gate_40",64,TRUE,FALSE
5639804,"gate_40",1,FALSE,FALSE
5639807,"gate_40",42,TRUE,FALSE
5639831,"gate_30",7,FALSE,FALSE
5639867,"gate_30",11,TRUE,FALSE
5639944,"gate_30",23,FALSE,FALSE
5640086,"gate_40",2,FALSE,FALSE
5640149,"gate_40",5,TRUE,FALSE
5640207,"gate_30",9,TRUE,TRUE
5640275,"gate_40",23,TRUE,FALSE
5640283,"gate_30",7,FALSE,FALSE
5640319,"gate_30",68,TRUE,FALSE
5640416,"gate_30",18,FALSE,FALSE
5640470,"gate_30",4,FALSE,FALSE
5640628,"gate_30",16,FALSE,FALSE
5640763,"gate_40",1,FALSE,FALSE
5640801,"gate_30",4,FALSE,FALSE
5640818,"gate_30",11,FALSE,FALSE
5640843,"gate_40",18,FALSE,FALSE
5641146,"gate_30",30,TRUE,FALSE
5641150,"gate_30",50,TRUE,TRUE
5641298,"gate_30",200,TRUE,TRUE
5641342,"gate_40",126,TRUE,TRUE
5641356,"gate_30",42,TRUE,FALSE
5641360,"gate_30",16,TRUE,FALSE
5641396,"gate_30",1,FALSE,FALSE
5641564,"gate_30",4,FALSE,FALSE
5641635,"gate_40",6,FALSE,FALSE
5641735,"gate_30",2,FALSE,FALSE
5641959,"gate_30",29,TRUE,FALSE
5642006,"gate_40",12,FALSE,TRUE
5642156,"gate_30",75,TRUE,FALSE
5642176,"gate_30",9,FALSE,FALSE
5642262,"gate_30",196,TRUE,TRUE
5642292,"gate_30",4,FALSE,FALSE
5642342,"gate_30",3,FALSE,FALSE
5642530,"gate_40",46,TRUE,FALSE
5642591,"gate_30",11,FALSE,FALSE
5642802,"gate_40",48,TRUE,FALSE
5642947,"gate_40",59,TRUE,FALSE
5643156,"gate_30",554,TRUE,TRUE
5643197,"gate_40",65,TRUE,FALSE
5643240,"gate_40",4,FALSE,FALSE
5643264,"gate_40",52,TRUE,TRUE
5643374,"gate_40",363,TRUE,FALSE
5643394,"gate_30",15,TRUE,FALSE
5643606,"gate_30",79,TRUE,TRUE
5643631,"gate_40",0,FALSE,FALSE
5643659,"gate_40",12,FALSE,FALSE
5643663,"gate_40",6,FALSE,FALSE
5643794,"gate_30",151,TRUE,TRUE
5644019,"gate_30",6,FALSE,FALSE
5644036,"gate_30",53,TRUE,FALSE
5644100,"gate_40",11,FALSE,FALSE
5644331,"gate_40",113,TRUE,TRUE
5644638,"gate_40",0,FALSE,FALSE
5644657,"gate_30",16,FALSE,FALSE
5644681,"gate_30",10,FALSE,FALSE
5644683,"gate_30",19,FALSE,FALSE
5645401,"gate_30",6,FALSE,FALSE
5645478,"gate_30",630,TRUE,TRUE
5645669,"gate_40",6,FALSE,FALSE
5645842,"gate_30",25,TRUE,FALSE
5645961,"gate_40",5,FALSE,FALSE
5645963,"gate_40",45,FALSE,FALSE
5646014,"gate_30",93,TRUE,TRUE
5646251,"gate_40",3,FALSE,FALSE
5646324,"gate_40",72,FALSE,TRUE
5646338,"gate_30",19,FALSE,FALSE
5646428,"gate_40",44,TRUE,TRUE
5646482,"gate_40",35,TRUE,FALSE
5646561,"gate_40",3,FALSE,FALSE
5646625,"gate_40",19,FALSE,FALSE
5646752,"gate_40",138,TRUE,TRUE
5646826,"gate_30",1,FALSE,FALSE
5646942,"gate_30",42,FALSE,FALSE
5647169,"gate_30",12,FALSE,TRUE
5647188,"gate_30",109,TRUE,TRUE
5647281,"gate_40",223,TRUE,TRUE
5647309,"gate_30",5,TRUE,FALSE
5647437,"gate_30",3,FALSE,FALSE
5647493,"gate_30",5,TRUE,FALSE
5647521,"gate_40",39,TRUE,FALSE
5647559,"gate_40",60,TRUE,TRUE
5647725,"gate_30",79,TRUE,TRUE
5647739,"gate_30",57,TRUE,TRUE
5647939,"gate_30",35,TRUE,TRUE
5647999,"gate_30",137,TRUE,FALSE
5648127,"gate_40",1,FALSE,FALSE
5648305,"gate_30",3,FALSE,FALSE
5648356,"gate_30",116,TRUE,TRUE
5648479,"gate_40",116,FALSE,TRUE
5648732,"gate_40",6,FALSE,FALSE
5648784,"gate_30",3,FALSE,FALSE
5648810,"gate_40",7,FALSE,FALSE
5649020,"gate_40",53,FALSE,FALSE
5649032,"gate_40",10,TRUE,FALSE
5649501,"gate_30",115,TRUE,FALSE
5649635,"gate_40",22,FALSE,FALSE
5649776,"gate_30",58,TRUE,TRUE
5649878,"gate_40",10,FALSE,FALSE
5649934,"gate_30",25,FALSE,TRUE
5650047,"gate_30",26,TRUE,FALSE
5650229,"gate_30",132,TRUE,TRUE
5650457,"gate_40",83,FALSE,TRUE
5650695,"gate_30",125,TRUE,FALSE
5650817,"gate_40",150,TRUE,TRUE
5650937,"gate_40",115,TRUE,TRUE
5651027,"gate_40",71,TRUE,FALSE
5651067,"gate_30",2,FALSE,FALSE
5651139,"gate_30",6,TRUE,FALSE
5651184,"gate_40",54,FALSE,FALSE
5651305,"gate_30",4,FALSE,FALSE
5651349,"gate_30",16,TRUE,FALSE
5651520,"gate_30",39,FALSE,TRUE
5651625,"gate_30",9,FALSE,FALSE
5651757,"gate_40",5,TRUE,FALSE
5651843,"gate_30",101,TRUE,FALSE
5651845,"gate_40",158,TRUE,TRUE
5652282,"gate_40",225,TRUE,TRUE
5652526,"gate_30",25,TRUE,FALSE
5652867,"gate_30",11,FALSE,FALSE
5653068,"gate_30",79,TRUE,TRUE
5653081,"gate_40",17,TRUE,FALSE
5653274,"gate_30",5,FALSE,FALSE
5653470,"gate_40",1,FALSE,FALSE
5653589,"gate_40",0,FALSE,FALSE
5653645,"gate_30",95,TRUE,FALSE
5653665,"gate_30",102,TRUE,FALSE
5653758,"gate_40",2,FALSE,FALSE
5654030,"gate_40",23,FALSE,FALSE
5654191,"gate_30",7,TRUE,FALSE
5654228,"gate_30",21,TRUE,FALSE
5654316,"gate_30",13,FALSE,FALSE
5654343,"gate_30",34,FALSE,TRUE
5654617,"gate_30",1,FALSE,FALSE
5654762,"gate_40",19,TRUE,FALSE
5654825,"gate_40",3,FALSE,FALSE
5654828,"gate_30",0,FALSE,FALSE
5655071,"gate_40",68,FALSE,TRUE
5655100,"gate_30",4,FALSE,FALSE
5655312,"gate_40",7,FALSE,FALSE
5655480,"gate_40",112,TRUE,FALSE
5656232,"gate_30",27,FALSE,FALSE
5656242,"gate_40",19,FALSE,TRUE
5656288,"gate_40",40,TRUE,FALSE
5656290,"gate_30",7,FALSE,FALSE
5656294,"gate_40",66,TRUE,FALSE
5656387,"gate_30",4,FALSE,FALSE
5656508,"gate_30",20,TRUE,FALSE
5656766,"gate_30",1,FALSE,FALSE
5656969,"gate_40",11,FALSE,FALSE
5657020,"gate_40",94,TRUE,FALSE
5657111,"gate_30",60,TRUE,TRUE
5657156,"gate_40",74,FALSE,TRUE
5657257,"gate_30",19,TRUE,FALSE
5657258,"gate_30",1,FALSE,FALSE
5657374,"gate_40",31,TRUE,TRUE
5657512,"gate_30",19,FALSE,FALSE
5657535,"gate_40",28,FALSE,FALSE
5657590,"gate_40",89,FALSE,FALSE
5657911,"gate_40",3,FALSE,FALSE
5657942,"gate_40",33,FALSE,FALSE
5658002,"gate_30",69,TRUE,FALSE
5658366,"gate_40",55,TRUE,FALSE
5658506,"gate_30",9,FALSE,FALSE
5658618,"gate_40",43,FALSE,FALSE
5658622,"gate_40",14,TRUE,FALSE
5658631,"gate_40",115,FALSE,FALSE
5658657,"gate_30",9,FALSE,FALSE
5658775,"gate_30",7,FALSE,FALSE
5658861,"gate_30",0,FALSE,FALSE
5658871,"gate_40",3,FALSE,FALSE
5659060,"gate_30",20,FALSE,FALSE
5659230,"gate_30",7,TRUE,FALSE
5659371,"gate_30",12,TRUE,FALSE
5659705,"gate_40",0,FALSE,FALSE
5659717,"gate_40",107,TRUE,TRUE
5659756,"gate_30",23,TRUE,FALSE
5659765,"gate_40",1,FALSE,FALSE
5659872,"gate_30",8,FALSE,FALSE
5659899,"gate_40",11,TRUE,FALSE
5659978,"gate_40",86,TRUE,FALSE
5660004,"gate_40",9,FALSE,FALSE
5660247,"gate_40",66,TRUE,TRUE
5660306,"gate_30",28,FALSE,TRUE
5660701,"gate_30",23,FALSE,FALSE
5660760,"gate_40",11,TRUE,FALSE
5660793,"gate_40",5,FALSE,FALSE
5660839,"gate_30",116,TRUE,FALSE
5660860,"gate_30",50,TRUE,FALSE
5660962,"gate_30",298,TRUE,TRUE
5661051,"gate_40",19,TRUE,FALSE
5661138,"gate_40",134,TRUE,TRUE
5661547,"gate_40",12,FALSE,FALSE
5661658,"gate_40",1,FALSE,FALSE
5661803,"gate_40",1,FALSE,FALSE
5661952,"gate_40",5,TRUE,FALSE
5662249,"gate_40",10,TRUE,FALSE
5662301,"gate_40",310,TRUE,TRUE
5662387,"gate_40",1,FALSE,FALSE
5662545,"gate_40",20,TRUE,FALSE
5662596,"gate_40",66,FALSE,FALSE
5662599,"gate_30",13,FALSE,FALSE
5662653,"gate_30",51,FALSE,FALSE
5662718,"gate_30",3,FALSE,FALSE
5662844,"gate_30",47,FALSE,FALSE
5662947,"gate_40",16,FALSE,FALSE
5663025,"gate_30",13,FALSE,FALSE
5663053,"gate_30",127,TRUE,FALSE
5663151,"gate_30",46,TRUE,FALSE
5663166,"gate_30",15,TRUE,FALSE
5663191,"gate_30",9,FALSE,FALSE
5663271,"gate_40",5,TRUE,TRUE
5663336,"gate_40",15,FALSE,FALSE
5663371,"gate_30",20,FALSE,FALSE
5663424,"gate_30",59,TRUE,FALSE
5663522,"gate_30",98,TRUE,TRUE
5663659,"gate_40",12,FALSE,FALSE
5663739,"gate_40",1,FALSE,FALSE
5663875,"gate_40",2,FALSE,FALSE
5663904,"gate_40",5,FALSE,FALSE
5663907,"gate_30",138,TRUE,FALSE
5663912,"gate_40",50,TRUE,FALSE
5663929,"gate_30",5,FALSE,FALSE
5663943,"gate_30",17,TRUE,FALSE
5664020,"gate_40",0,TRUE,FALSE
5664050,"gate_30",134,TRUE,TRUE
5664139,"gate_40",16,FALSE,FALSE
5664326,"gate_30",1,FALSE,FALSE
5664425,"gate_30",0,FALSE,FALSE
5664473,"gate_40",2,FALSE,FALSE
5664679,"gate_30",485,TRUE,TRUE
5664835,"gate_40",16,FALSE,FALSE
5665167,"gate_30",34,FALSE,FALSE
5665434,"gate_40",99,TRUE,TRUE
5665554,"gate_40",1,FALSE,FALSE
5665665,"gate_40",11,FALSE,FALSE
5665775,"gate_40",98,TRUE,FALSE
5665835,"gate_40",2,FALSE,FALSE
5665859,"gate_30",11,FALSE,FALSE
5665950,"gate_30",1170,TRUE,TRUE
5665955,"gate_40",1,FALSE,FALSE
5666190,"gate_40",3,FALSE,FALSE
5666384,"gate_30",7,TRUE,FALSE
5666406,"gate_40",69,TRUE,FALSE
5666579,"gate_40",32,TRUE,FALSE
5666740,"gate_40",143,FALSE,FALSE
5667224,"gate_30",30,FALSE,FALSE
5667285,"gate_30",10,TRUE,FALSE
5667447,"gate_40",4,FALSE,FALSE
5667549,"gate_40",180,TRUE,TRUE
5667596,"gate_30",9,FALSE,FALSE
5667669,"gate_30",1,FALSE,FALSE
5667690,"gate_30",165,TRUE,TRUE
5667707,"gate_40",32,TRUE,FALSE
5667710,"gate_30",46,FALSE,FALSE
5667719,"gate_40",253,TRUE,TRUE
5667842,"gate_30",63,FALSE,FALSE
5668067,"gate_30",281,TRUE,TRUE
5668116,"gate_40",145,TRUE,TRUE
5668243,"gate_40",2,FALSE,FALSE
5668244,"gate_40",6,FALSE,FALSE
5668321,"gate_40",32,FALSE,TRUE
5668525,"gate_30",5,FALSE,FALSE
5668549,"gate_30",68,TRUE,FALSE
5668814,"gate_40",96,TRUE,FALSE
5668818,"gate_30",97,TRUE,TRUE
5669005,"gate_30",43,TRUE,FALSE
5669012,"gate_40",73,FALSE,FALSE
5669123,"gate_40",3,FALSE,FALSE
5669216,"gate_30",3,FALSE,FALSE
5669544,"gate_30",17,FALSE,TRUE
5669975,"gate_40",11,FALSE,FALSE
5669979,"gate_40",8,TRUE,FALSE
5670150,"gate_30",26,FALSE,FALSE
5670417,"gate_30",19,FALSE,FALSE
5670445,"gate_40",1,FALSE,FALSE
5670603,"gate_30",9,FALSE,FALSE
5670616,"gate_30",1,FALSE,FALSE
5670667,"gate_30",5,FALSE,FALSE
5670722,"gate_40",22,FALSE,FALSE
5670891,"gate_40",10,TRUE,FALSE
5670972,"gate_30",55,TRUE,FALSE
5671036,"gate_30",19,TRUE,FALSE
5671064,"gate_30",171,TRUE,TRUE
5671119,"gate_30",283,TRUE,TRUE
5671204,"gate_30",146,TRUE,TRUE
5671284,"gate_30",6,FALSE,FALSE
5671309,"gate_30",32,TRUE,FALSE
5671593,"gate_30",9,FALSE,FALSE
5671599,"gate_30",54,TRUE,FALSE
5671631,"gate_40",71,TRUE,FALSE
5671808,"gate_30",140,TRUE,FALSE
5671940,"gate_40",222,TRUE,TRUE
5672128,"gate_40",17,FALSE,FALSE
5672140,"gate_30",30,FALSE,FALSE
5672308,"gate_40",21,TRUE,FALSE
5672319,"gate_30",6,TRUE,FALSE
5672413,"gate_40",0,FALSE,FALSE
5672437,"gate_40",12,TRUE,FALSE
5672466,"gate_40",18,FALSE,FALSE
5672786,"gate_30",52,FALSE,FALSE
5672909,"gate_40",21,FALSE,FALSE
5673015,"gate_30",1,FALSE,FALSE
5673037,"gate_40",3,FALSE,FALSE
5673089,"gate_40",39,TRUE,FALSE
5673183,"gate_30",68,FALSE,TRUE
5673239,"gate_30",20,FALSE,FALSE
5673255,"gate_40",25,TRUE,FALSE
5673277,"gate_40",4,FALSE,FALSE
5673361,"gate_40",73,TRUE,FALSE
5673516,"gate_30",374,FALSE,FALSE
5673539,"gate_30",16,TRUE,FALSE
5673602,"gate_40",6,TRUE,FALSE
5673829,"gate_40",3,FALSE,FALSE
5673936,"gate_30",4,FALSE,FALSE
5673988,"gate_30",290,TRUE,TRUE
5674159,"gate_40",5,TRUE,FALSE
5674224,"gate_30",3,TRUE,FALSE
5674315,"gate_40",70,TRUE,TRUE
5674495,"gate_30",15,FALSE,FALSE
5674619,"gate_40",4,FALSE,FALSE
5674635,"gate_40",26,FALSE,TRUE
5674663,"gate_40",2,FALSE,FALSE
5674921,"gate_40",76,TRUE,FALSE
5674961,"gate_40",0,FALSE,FALSE
5674995,"gate_30",19,TRUE,FALSE
5675050,"gate_30",13,FALSE,FALSE
5675326,"gate_40",14,TRUE,FALSE
5675380,"gate_30",19,FALSE,FALSE
5675715,"gate_40",3,FALSE,FALSE
5675813,"gate_40",6,FALSE,FALSE
5676098,"gate_30",44,TRUE,FALSE
5676117,"gate_30",6,FALSE,FALSE
5676241,"gate_40",9,FALSE,FALSE
5676425,"gate_40",39,TRUE,FALSE
5676700,"gate_40",9,TRUE,FALSE
5676706,"gate_30",6,FALSE,FALSE
5676873,"gate_30",80,TRUE,TRUE
5676949,"gate_40",38,TRUE,FALSE
5677018,"gate_30",4,FALSE,FALSE
5677057,"gate_40",4,FALSE,FALSE
5677223,"gate_30",12,FALSE,FALSE
5677694,"gate_40",26,FALSE,TRUE
5677752,"gate_40",2,FALSE,FALSE
5677899,"gate_40",34,TRUE,FALSE
5677930,"gate_40",7,FALSE,FALSE
5677948,"gate_40",13,FALSE,FALSE
5677982,"gate_30",68,FALSE,TRUE
5678024,"gate_30",7,FALSE,FALSE
5678251,"gate_40",7,FALSE,FALSE
5678272,"gate_30",144,TRUE,FALSE
5678369,"gate_40",3,FALSE,FALSE
5678483,"gate_40",9,TRUE,FALSE
5678541,"gate_30",48,TRUE,TRUE
5678621,"gate_40",26,TRUE,TRUE
5678891,"gate_40",10,FALSE,FALSE
5678993,"gate_40",47,TRUE,FALSE
5679117,"gate_30",3,FALSE,FALSE
5679564,"gate_40",0,FALSE,FALSE
5679612,"gate_40",10,FALSE,FALSE
5680260,"gate_40",4,FALSE,FALSE
5680328,"gate_40",2,FALSE,FALSE
5680463,"gate_40",3,FALSE,FALSE
5680521,"gate_40",10,FALSE,FALSE
5680540,"gate_30",4,FALSE,FALSE
5680564,"gate_30",70,TRUE,FALSE
5680664,"gate_30",2,FALSE,FALSE
5680873,"gate_40",1,FALSE,FALSE
5681133,"gate_40",38,TRUE,TRUE
5681163,"gate_40",63,FALSE,FALSE
5681200,"gate_40",7,TRUE,FALSE
5681204,"gate_30",0,FALSE,FALSE
5681276,"gate_30",152,TRUE,TRUE
5681438,"gate_40",3,FALSE,FALSE
5681532,"gate_30",27,FALSE,FALSE
5681598,"gate_40",9,FALSE,FALSE
5681706,"gate_40",26,TRUE,FALSE
5682554,"gate_30",13,FALSE,FALSE
5682642,"gate_40",6,FALSE,FALSE
5682657,"gate_30",0,FALSE,FALSE
5682691,"gate_30",13,FALSE,FALSE
5682796,"gate_40",15,TRUE,FALSE
5682836,"gate_30",15,FALSE,FALSE
5682845,"gate_30",18,FALSE,FALSE
5682852,"gate_40",22,FALSE,FALSE
5682876,"gate_40",25,FALSE,FALSE
5683118,"gate_40",33,FALSE,FALSE
5683331,"gate_30",47,TRUE,FALSE
5683661,"gate_30",3,FALSE,FALSE
5683806,"gate_40",31,TRUE,FALSE
5683944,"gate_40",13,FALSE,FALSE
5684056,"gate_40",59,TRUE,TRUE
5684093,"gate_40",4,FALSE,FALSE
5684399,"gate_40",76,TRUE,TRUE
5684710,"gate_40",9,FALSE,FALSE
5684737,"gate_40",6,TRUE,FALSE
5684986,"gate_40",45,FALSE,TRUE
5685093,"gate_40",11,FALSE,FALSE
5685339,"gate_40",31,TRUE,FALSE
5685345,"gate_30",14,FALSE,FALSE
5685469,"gate_30",93,TRUE,FALSE
5685702,"gate_30",106,TRUE,TRUE
5685722,"gate_30",2,FALSE,FALSE
5685759,"gate_40",6,FALSE,FALSE
5685761,"gate_30",2,FALSE,FALSE
5685975,"gate_30",10,FALSE,FALSE
5686119,"gate_40",89,TRUE,FALSE
5686187,"gate_30",27,TRUE,FALSE
5686211,"gate_30",5,FALSE,FALSE
5686253,"gate_40",4,FALSE,FALSE
5686282,"gate_40",15,FALSE,FALSE
5686301,"gate_40",8,FALSE,FALSE
5686356,"gate_30",1,FALSE,FALSE
5686452,"gate_30",184,TRUE,FALSE
5686455,"gate_40",7,FALSE,FALSE
5686776,"gate_30",5,TRUE,FALSE
5686794,"gate_40",3,FALSE,FALSE
5686893,"gate_40",31,TRUE,TRUE
5686922,"gate_30",52,TRUE,TRUE
5686938,"gate_30",833,TRUE,TRUE
5686987,"gate_40",10,FALSE,FALSE
5687020,"gate_30",16,TRUE,FALSE
5687043,"gate_30",93,TRUE,TRUE
5687230,"gate_40",14,FALSE,FALSE
5687371,"gate_40",105,TRUE,FALSE
5687477,"gate_40",471,TRUE,TRUE
5687485,"gate_40",0,FALSE,FALSE
5687552,"gate_40",83,TRUE,FALSE
5687629,"gate_30",7,FALSE,FALSE
5687635,"gate_30",18,TRUE,TRUE
5687650,"gate_40",18,FALSE,FALSE
5687760,"gate_40",59,TRUE,FALSE
5687954,"gate_30",7,FALSE,FALSE
5688026,"gate_40",72,TRUE,FALSE
5688128,"gate_40",11,FALSE,FALSE
5688314,"gate_30",8,FALSE,FALSE
5688381,"gate_30",34,TRUE,FALSE
5688464,"gate_30",16,FALSE,FALSE
5688530,"gate_40",0,FALSE,TRUE
5688627,"gate_30",102,TRUE,FALSE
5688962,"gate_30",137,TRUE,FALSE
5688986,"gate_30",111,TRUE,TRUE
5689018,"gate_30",32,TRUE,FALSE
5689046,"gate_40",21,FALSE,FALSE
5689138,"gate_30",19,FALSE,TRUE
5689245,"gate_30",13,FALSE,FALSE
5689447,"gate_30",193,FALSE,TRUE
5689943,"gate_40",8,FALSE,FALSE
5689955,"gate_40",2,FALSE,FALSE
5690006,"gate_30",1,FALSE,FALSE
5690134,"gate_40",170,TRUE,TRUE
5690215,"gate_40",2,FALSE,FALSE
5690388,"gate_40",79,TRUE,FALSE
5690511,"gate_40",92,TRUE,FALSE
5690534,"gate_30",3,FALSE,FALSE
5690608,"gate_40",15,FALSE,FALSE
5690623,"gate_40",1,FALSE,FALSE
5690632,"gate_40",83,FALSE,TRUE
5690824,"gate_40",1,FALSE,FALSE
5690923,"gate_30",246,TRUE,FALSE
5690966,"gate_30",14,TRUE,FALSE
5691055,"gate_40",22,TRUE,FALSE
5691206,"gate_40",41,FALSE,FALSE
5691625,"gate_30",36,FALSE,TRUE
5692044,"gate_40",4,TRUE,FALSE
5692057,"gate_30",8,FALSE,FALSE
5692115,"gate_30",3,FALSE,FALSE
5692150,"gate_40",24,TRUE,FALSE
5692367,"gate_40",2,FALSE,FALSE
5692368,"gate_30",69,FALSE,FALSE
5692426,"gate_40",0,FALSE,FALSE
5692458,"gate_30",71,TRUE,TRUE
5692621,"gate_30",18,FALSE,FALSE
5692742,"gate_30",80,TRUE,FALSE
5692955,"gate_40",1,FALSE,FALSE
5693099,"gate_40",14,FALSE,FALSE
5693104,"gate_30",19,TRUE,TRUE
5693260,"gate_40",30,TRUE,FALSE
5693340,"gate_30",33,TRUE,FALSE
5693524,"gate_30",59,FALSE,TRUE
5693537,"gate_30",41,TRUE,FALSE
5693678,"gate_30",29,FALSE,FALSE
5693754,"gate_30",36,TRUE,FALSE
5694266,"gate_30",8,FALSE,FALSE
5694316,"gate_40",72,FALSE,FALSE
5694517,"gate_40",174,TRUE,FALSE
5694617,"gate_40",27,TRUE,FALSE
5694686,"gate_40",5,FALSE,FALSE
5694740,"gate_40",10,FALSE,FALSE
5694889,"gate_30",4,FALSE,FALSE
5695049,"gate_30",0,FALSE,FALSE
5695195,"gate_30",4,FALSE,FALSE
5695370,"gate_30",20,TRUE,FALSE
5695371,"gate_40",35,TRUE,FALSE
5695415,"gate_40",70,TRUE,TRUE
5695498,"gate_30",3,FALSE,FALSE
5695528,"gate_40",6,TRUE,FALSE
5695696,"gate_30",28,FALSE,FALSE
5695758,"gate_40",1,FALSE,FALSE
5695840,"gate_30",9,TRUE,FALSE
5696213,"gate_40",3,FALSE,FALSE
5696302,"gate_40",4,FALSE,FALSE
5696479,"gate_40",3,FALSE,FALSE
5696745,"gate_30",4,FALSE,FALSE
5696825,"gate_30",43,FALSE,FALSE
5696993,"gate_30",12,FALSE,FALSE
5697152,"gate_30",58,FALSE,TRUE
5697162,"gate_40",9,FALSE,FALSE
5697235,"gate_30",18,FALSE,TRUE
5697331,"gate_30",1,FALSE,FALSE
5697423,"gate_30",8,FALSE,FALSE
5697523,"gate_30",63,TRUE,TRUE
5697551,"gate_40",60,TRUE,FALSE
5697914,"gate_30",36,FALSE,FALSE
5697939,"gate_30",20,TRUE,TRUE
5698243,"gate_40",12,FALSE,FALSE
5698285,"gate_30",23,TRUE,FALSE
5698573,"gate_40",0,FALSE,FALSE
5698711,"gate_30",112,TRUE,FALSE
5698718,"gate_30",5,FALSE,FALSE
5698772,"gate_30",3,FALSE,FALSE
5699286,"gate_40",57,TRUE,FALSE
5699747,"gate_30",100,TRUE,TRUE
5699881,"gate_30",0,FALSE,FALSE
5700176,"gate_30",22,TRUE,FALSE
5700237,"gate_30",504,TRUE,TRUE
5700292,"gate_30",3,FALSE,FALSE
5700364,"gate_30",2,FALSE,FALSE
5700438,"gate_40",15,TRUE,TRUE
5700651,"gate_40",309,TRUE,TRUE
5700848,"gate_40",14,TRUE,FALSE
5700946,"gate_30",14,TRUE,FALSE
5701033,"gate_30",0,FALSE,FALSE
5701040,"gate_40",40,TRUE,FALSE
5701488,"gate_30",4,FALSE,FALSE
5701546,"gate_30",7,FALSE,FALSE
5701611,"gate_40",28,FALSE,FALSE
5701657,"gate_40",85,TRUE,FALSE
5701667,"gate_30",2,FALSE,FALSE
5701753,"gate_40",12,FALSE,FALSE
5701813,"gate_40",4,FALSE,FALSE
5701957,"gate_40",138,TRUE,TRUE
5701961,"gate_40",1,FALSE,FALSE
5701982,"gate_40",8,FALSE,FALSE
5702093,"gate_40",0,FALSE,FALSE
5702179,"gate_40",70,TRUE,FALSE
5702377,"gate_30",16,FALSE,FALSE
5702537,"gate_40",115,TRUE,TRUE
5703019,"gate_40",56,TRUE,FALSE
5703096,"gate_30",13,TRUE,TRUE
5703115,"gate_40",15,FALSE,FALSE
5703118,"gate_40",2,FALSE,FALSE
5703129,"gate_30",6,FALSE,FALSE
5703234,"gate_30",0,FALSE,FALSE
5703365,"gate_40",58,TRUE,FALSE
5703445,"gate_30",132,TRUE,TRUE
5703476,"gate_30",33,FALSE,FALSE
5703534,"gate_40",254,TRUE,FALSE
5703695,"gate_30",40,FALSE,FALSE
5703901,"gate_30",12,FALSE,FALSE
5703985,"gate_40",1,FALSE,FALSE
5704254,"gate_30",3,FALSE,FALSE
5704310,"gate_30",399,FALSE,TRUE
5704439,"gate_30",12,FALSE,FALSE
5704507,"gate_30",1,FALSE,FALSE
5704515,"gate_30",62,TRUE,TRUE
5704516,"gate_30",95,TRUE,FALSE
5704570,"gate_40",19,FALSE,FALSE
5704694,"gate_30",20,FALSE,FALSE
5704750,"gate_40",101,TRUE,FALSE
5704838,"gate_30",33,TRUE,FALSE
5704843,"gate_30",5,FALSE,FALSE
5704908,"gate_30",12,FALSE,FALSE
5705027,"gate_40",7,FALSE,FALSE
5705138,"gate_30",12,TRUE,FALSE
5705308,"gate_40",130,TRUE,FALSE
5705717,"gate_40",4,FALSE,FALSE
5705768,"gate_30",89,TRUE,FALSE
5705829,"gate_40",7,TRUE,FALSE
5705906,"gate_40",15,FALSE,FALSE
5705916,"gate_40",2,FALSE,FALSE
5705973,"gate_30",214,FALSE,TRUE
5705999,"gate_30",14,FALSE,FALSE
5706026,"gate_30",6,TRUE,FALSE
5706097,"gate_40",1,FALSE,FALSE
5706136,"gate_40",9,FALSE,FALSE
5706150,"gate_30",9,TRUE,FALSE
5706285,"gate_40",3,FALSE,FALSE
5706327,"gate_40",12,FALSE,FALSE
5706576,"gate_40",5,FALSE,FALSE
5706660,"gate_40",25,FALSE,FALSE
5706732,"gate_30",22,FALSE,TRUE
5706761,"gate_40",6,FALSE,FALSE
5706835,"gate_30",40,TRUE,FALSE
5706921,"gate_30",1,FALSE,FALSE
5707281,"gate_30",1,FALSE,FALSE
5707316,"gate_30",55,TRUE,FALSE
5707689,"gate_30",19,FALSE,FALSE
5707705,"gate_30",31,TRUE,FALSE
5707961,"gate_40",316,FALSE,TRUE
5707968,"gate_40",28,TRUE,FALSE
5708070,"gate_30",7,TRUE,FALSE
5708155,"gate_30",35,TRUE,FALSE
5708212,"gate_40",5,FALSE,FALSE
5708343,"gate_30",3,FALSE,FALSE
5708399,"gate_40",2,FALSE,FALSE
5708470,"gate_40",13,FALSE,FALSE
5708499,"gate_40",1,FALSE,FALSE
5708505,"gate_40",52,TRUE,FALSE
5708541,"gate_40",24,FALSE,TRUE
5708574,"gate_40",118,TRUE,TRUE
5708608,"gate_30",1,FALSE,FALSE
5708623,"gate_40",12,TRUE,FALSE
5708632,"gate_30",34,TRUE,FALSE
5708716,"gate_30",177,TRUE,TRUE
5708795,"gate_40",101,FALSE,TRUE
5708873,"gate_30",81,TRUE,TRUE
5708947,"gate_40",3,TRUE,FALSE
5708989,"gate_40",16,TRUE,FALSE
5709027,"gate_40",24,FALSE,FALSE
5709174,"gate_40",10,FALSE,FALSE
5709186,"gate_40",3,FALSE,FALSE
5709232,"gate_40",131,TRUE,TRUE
5709662,"gate_30",0,FALSE,FALSE
5709792,"gate_40",5,FALSE,FALSE
5710011,"gate_30",6,FALSE,FALSE
5710061,"gate_30",0,FALSE,FALSE
5710118,"gate_30",32,TRUE,TRUE
5710317,"gate_40",8,FALSE,FALSE
5710700,"gate_30",58,FALSE,FALSE
5710709,"gate_40",102,TRUE,TRUE
5710823,"gate_30",4,FALSE,FALSE
5710848,"gate_30",7,FALSE,FALSE
5711013,"gate_30",3,FALSE,FALSE
5711055,"gate_30",34,FALSE,FALSE
5711130,"gate_30",12,FALSE,FALSE
5711162,"gate_40",5,TRUE,FALSE
5711398,"gate_30",2,FALSE,FALSE
5711496,"gate_40",12,FALSE,FALSE
5711800,"gate_30",5,FALSE,FALSE
5711909,"gate_40",332,TRUE,TRUE
5712016,"gate_30",109,TRUE,TRUE
5712029,"gate_30",168,TRUE,TRUE
5712071,"gate_40",5,FALSE,FALSE
5712136,"gate_30",5,TRUE,FALSE
5712137,"gate_30",24,TRUE,FALSE
5712142,"gate_40",230,TRUE,FALSE
5712305,"gate_40",142,TRUE,FALSE
5712325,"gate_40",14,FALSE,FALSE
5712640,"gate_30",4,FALSE,FALSE
5712755,"gate_30",4,TRUE,FALSE
5712828,"gate_40",5,FALSE,FALSE
5712947,"gate_40",585,TRUE,TRUE
5713203,"gate_40",1,FALSE,FALSE
5713686,"gate_30",47,TRUE,FALSE
5713846,"gate_30",13,FALSE,FALSE
5713988,"gate_30",48,TRUE,FALSE
5714095,"gate_40",2,FALSE,FALSE
5714175,"gate_30",16,FALSE,FALSE
5714441,"gate_40",4,FALSE,FALSE
5714527,"gate_30",1,FALSE,FALSE
5714759,"gate_40",89,TRUE,FALSE
5714927,"gate_30",46,TRUE,FALSE
5715426,"gate_40",39,FALSE,TRUE
5715546,"gate_30",7,FALSE,FALSE
5715776,"gate_30",0,FALSE,FALSE
5715816,"gate_30",42,TRUE,FALSE
5715995,"gate_40",10,FALSE,FALSE
5716201,"gate_40",359,TRUE,TRUE
5716214,"gate_30",0,FALSE,FALSE
5716274,"gate_40",193,TRUE,TRUE
5716482,"gate_30",49,FALSE,TRUE
5716616,"gate_30",1,FALSE,FALSE
5716698,"gate_30",22,FALSE,FALSE
5716773,"gate_40",6,FALSE,FALSE
5716965,"gate_30",225,TRUE,TRUE
5717110,"gate_30",111,TRUE,TRUE
5717130,"gate_40",299,TRUE,FALSE
5717145,"gate_30",1,FALSE,FALSE
5717534,"gate_40",5,FALSE,FALSE
5717587,"gate_30",227,TRUE,TRUE
5717598,"gate_30",23,FALSE,FALSE
5717621,"gate_40",23,TRUE,FALSE
5717774,"gate_30",2,FALSE,FALSE
5718048,"gate_40",18,FALSE,FALSE
5718102,"gate_30",95,TRUE,TRUE
5718104,"gate_30",1,FALSE,FALSE
5718214,"gate_40",2,FALSE,TRUE
5718311,"gate_30",8,FALSE,FALSE
5718529,"gate_30",19,FALSE,FALSE
5718667,"gate_30",78,TRUE,FALSE
5718710,"gate_40",4,FALSE,FALSE
5718829,"gate_40",58,TRUE,FALSE
5718976,"gate_40",8,FALSE,FALSE
5719069,"gate_40",20,FALSE,FALSE
5719276,"gate_40",38,TRUE,FALSE
5719499,"gate_40",16,FALSE,FALSE
5719670,"gate_40",4,FALSE,FALSE
5720185,"gate_40",323,TRUE,FALSE
5720208,"gate_40",4,FALSE,FALSE
5720312,"gate_40",18,FALSE,FALSE
5720343,"gate_30",93,TRUE,FALSE
5720445,"gate_40",90,TRUE,TRUE
5720576,"gate_30",44,FALSE,FALSE
5720624,"gate_40",166,TRUE,TRUE
5721077,"gate_40",2,FALSE,FALSE
5721163,"gate_40",18,FALSE,FALSE
5721247,"gate_30",39,FALSE,FALSE
5721366,"gate_30",20,FALSE,TRUE
5721507,"gate_30",37,TRUE,FALSE
5721645,"gate_40",49,FALSE,FALSE
5721654,"gate_40",80,TRUE,FALSE
5721718,"gate_30",7,FALSE,FALSE
5722080,"gate_40",1,FALSE,TRUE
5722235,"gate_30",16,FALSE,FALSE
5722308,"gate_30",7,FALSE,FALSE
5722408,"gate_40",4,FALSE,FALSE
5722725,"gate_40",8,FALSE,FALSE
5722844,"gate_30",178,TRUE,TRUE
5722848,"gate_40",10,TRUE,FALSE
5722950,"gate_30",31,TRUE,FALSE
5723097,"gate_40",0,FALSE,FALSE
5723190,"gate_30",59,FALSE,FALSE
5723222,"gate_40",0,FALSE,FALSE
5723233,"gate_40",5,FALSE,FALSE
5723292,"gate_30",17,FALSE,TRUE
5723332,"gate_40",1,FALSE,FALSE
5723351,"gate_40",2,FALSE,FALSE
5723515,"gate_30",7,FALSE,FALSE
5723674,"gate_30",24,TRUE,TRUE
5723757,"gate_40",16,TRUE,FALSE
5723798,"gate_40",12,TRUE,FALSE
5723849,"gate_30",12,TRUE,FALSE
5723934,"gate_40",89,TRUE,TRUE
5724057,"gate_40",38,TRUE,FALSE
5724062,"gate_30",55,TRUE,FALSE
5724508,"gate_30",56,TRUE,TRUE
5724799,"gate_40",8,FALSE,FALSE
5724838,"gate_30",1,FALSE,FALSE
5725050,"gate_40",112,TRUE,TRUE
5725083,"gate_40",10,TRUE,FALSE
5725341,"gate_30",3,FALSE,FALSE
5725602,"gate_30",172,TRUE,TRUE
5725688,"gate_40",200,FALSE,TRUE
5725725,"gate_40",14,TRUE,FALSE
5725945,"gate_30",30,FALSE,TRUE
5725952,"gate_40",7,FALSE,FALSE
5726047,"gate_40",2,FALSE,FALSE
5726280,"gate_40",2,FALSE,FALSE
5726405,"gate_30",7,FALSE,FALSE
5726573,"gate_30",2,TRUE,FALSE
5726664,"gate_30",47,FALSE,FALSE
5726784,"gate_30",243,FALSE,TRUE
5726851,"gate_30",82,TRUE,TRUE
5726960,"gate_30",48,TRUE,FALSE
5727267,"gate_40",3,FALSE,FALSE
5727284,"gate_40",61,TRUE,TRUE
5727314,"gate_40",7,FALSE,FALSE
5727378,"gate_30",26,TRUE,TRUE
5727453,"gate_30",20,TRUE,FALSE
5727496,"gate_30",3,FALSE,FALSE
5727553,"gate_30",109,TRUE,FALSE
5727681,"gate_40",0,FALSE,FALSE
5727726,"gate_30",1,FALSE,FALSE
5727735,"gate_40",1,FALSE,FALSE
5727935,"gate_40",4,FALSE,FALSE
5728109,"gate_30",7,FALSE,FALSE
5728218,"gate_40",56,TRUE,FALSE
5728254,"gate_30",25,TRUE,FALSE
5728348,"gate_30",12,FALSE,FALSE
5728395,"gate_40",5,FALSE,FALSE
5728398,"gate_40",2,FALSE,FALSE
5728409,"gate_30",13,FALSE,FALSE
5728462,"gate_40",143,TRUE,FALSE
5729195,"gate_40",3,FALSE,FALSE
5729197,"gate_40",21,FALSE,FALSE
5729206,"gate_40",147,FALSE,FALSE
5729235,"gate_40",22,FALSE,TRUE
5729318,"gate_30",29,FALSE,TRUE
5729329,"gate_40",29,TRUE,FALSE
5729387,"gate_30",123,TRUE,TRUE
5729436,"gate_40",16,FALSE,FALSE
5729494,"gate_30",110,TRUE,FALSE
5729496,"gate_40",103,TRUE,TRUE
5729620,"gate_30",61,TRUE,FALSE
5729674,"gate_30",61,TRUE,FALSE
5729724,"gate_30",40,TRUE,FALSE
5730079,"gate_40",12,FALSE,FALSE
5730206,"gate_30",144,TRUE,FALSE
5730248,"gate_40",114,TRUE,TRUE
5730284,"gate_30",5,FALSE,FALSE
5730303,"gate_40",192,FALSE,FALSE
5730355,"gate_30",24,TRUE,FALSE
5730435,"gate_30",2,FALSE,FALSE
5730464,"gate_40",57,TRUE,FALSE
5730508,"gate_30",3,FALSE,FALSE
5730677,"gate_30",36,FALSE,FALSE
5731044,"gate_30",21,FALSE,FALSE
5731099,"gate_40",4,FALSE,FALSE
5731234,"gate_40",19,TRUE,FALSE
5731402,"gate_30",23,FALSE,FALSE
5731560,"gate_40",5,FALSE,FALSE
5731576,"gate_30",102,TRUE,FALSE
5731622,"gate_30",21,FALSE,FALSE
5731663,"gate_40",115,TRUE,FALSE
5731816,"gate_30",14,TRUE,FALSE
5731963,"gate_30",23,TRUE,FALSE
5731969,"gate_40",9,FALSE,FALSE
5732406,"gate_40",60,TRUE,FALSE
5732418,"gate_30",2,FALSE,FALSE
5732652,"gate_30",19,FALSE,FALSE
5732723,"gate_30",21,FALSE,FALSE
5732809,"gate_40",7,FALSE,FALSE
5732945,"gate_30",200,FALSE,TRUE
5733116,"gate_40",3,FALSE,FALSE
5733193,"gate_30",14,TRUE,FALSE
5733211,"gate_30",1,FALSE,FALSE
5733221,"gate_30",221,TRUE,FALSE
5733282,"gate_40",5,FALSE,FALSE
5733301,"gate_40",5,FALSE,FALSE
5733467,"gate_40",7,FALSE,FALSE
5733516,"gate_30",7,FALSE,FALSE
5733583,"gate_30",2,FALSE,FALSE
5733761,"gate_30",65,TRUE,TRUE
5733786,"gate_40",29,TRUE,FALSE
5733823,"gate_40",4,FALSE,FALSE
5733906,"gate_30",47,TRUE,FALSE
5734379,"gate_30",4,FALSE,FALSE
5734459,"gate_30",17,TRUE,FALSE
5734577,"gate_40",37,TRUE,TRUE
5734610,"gate_40",39,TRUE,FALSE
5734665,"gate_30",6,FALSE,FALSE
5734688,"gate_30",251,TRUE,TRUE
5734893,"gate_40",221,TRUE,FALSE
5734919,"gate_40",5,FALSE,FALSE
5734983,"gate_30",4,FALSE,FALSE
5734992,"gate_30",0,FALSE,FALSE
5735065,"gate_40",23,TRUE,FALSE
5735277,"gate_30",21,FALSE,FALSE
5735540,"gate_30",31,TRUE,TRUE
5735636,"gate_30",1061,TRUE,TRUE
5735651,"gate_40",35,TRUE,FALSE
5735681,"gate_40",23,FALSE,FALSE
5735693,"gate_40",459,TRUE,TRUE
5735894,"gate_30",8,TRUE,FALSE
5736054,"gate_30",6,FALSE,FALSE
5736082,"gate_30",7,FALSE,FALSE
5736207,"gate_30",35,FALSE,TRUE
5736229,"gate_40",3,FALSE,FALSE
5736382,"gate_30",8,FALSE,FALSE
5736451,"gate_40",1,FALSE,FALSE
5736651,"gate_30",149,TRUE,TRUE
5736669,"gate_40",9,FALSE,FALSE
5736670,"gate_40",70,TRUE,FALSE
5736758,"gate_30",24,FALSE,FALSE
5736929,"gate_30",8,FALSE,FALSE
5737016,"gate_30",78,TRUE,FALSE
5737171,"gate_30",1,FALSE,FALSE
5737241,"gate_30",3,FALSE,FALSE
5737317,"gate_40",4,FALSE,FALSE
5737372,"gate_40",34,TRUE,FALSE
5737398,"gate_30",11,FALSE,FALSE
5737492,"gate_40",1,FALSE,FALSE
5737803,"gate_30",1,FALSE,FALSE
5737861,"gate_30",25,TRUE,FALSE
5737891,"gate_40",109,FALSE,FALSE
5737906,"gate_40",1,FALSE,FALSE
5737994,"gate_30",33,FALSE,FALSE
5738744,"gate_30",16,TRUE,FALSE
5738835,"gate_40",73,TRUE,FALSE
5739454,"gate_30",50,TRUE,FALSE
5739568,"gate_40",16,FALSE,FALSE
5739607,"gate_30",453,TRUE,TRUE
5739641,"gate_40",18,FALSE,FALSE
5739700,"gate_30",82,TRUE,FALSE
5739940,"gate_30",4,FALSE,FALSE
5740096,"gate_40",262,TRUE,TRUE
5740296,"gate_30",11,FALSE,FALSE
5740529,"gate_40",7,TRUE,FALSE
5740533,"gate_40",9,FALSE,FALSE
5740743,"gate_30",3,FALSE,FALSE
5740799,"gate_40",131,TRUE,FALSE
5740803,"gate_40",25,FALSE,FALSE
5740811,"gate_40",1,FALSE,FALSE
5740920,"gate_40",37,TRUE,FALSE
5740976,"gate_40",45,FALSE,FALSE
5740992,"gate_40",246,TRUE,FALSE
5741025,"gate_40",40,FALSE,FALSE
5741065,"gate_30",47,TRUE,FALSE
5741197,"gate_30",23,TRUE,FALSE
5741259,"gate_30",0,FALSE,FALSE
5741326,"gate_30",17,FALSE,FALSE
5741443,"gate_30",35,FALSE,FALSE
5741671,"gate_40",21,FALSE,TRUE
5741723,"gate_30",10,FALSE,FALSE
5741740,"gate_30",12,FALSE,FALSE
5741801,"gate_30",5,FALSE,FALSE
5741860,"gate_40",38,TRUE,FALSE
5741885,"gate_30",0,FALSE,FALSE
5741940,"gate_30",4,TRUE,FALSE
5741991,"gate_40",136,FALSE,TRUE
5742022,"gate_30",28,TRUE,FALSE
5742030,"gate_30",0,FALSE,FALSE
5742079,"gate_30",0,FALSE,FALSE
5742170,"gate_30",7,FALSE,FALSE
5742283,"gate_40",4,FALSE,FALSE
5742293,"gate_30",21,TRUE,FALSE
5742304,"gate_40",155,TRUE,TRUE
5742440,"gate_40",10,FALSE,FALSE
5742638,"gate_30",11,TRUE,FALSE
5742671,"gate_40",13,FALSE,FALSE
5742858,"gate_40",13,TRUE,FALSE
5743100,"gate_40",593,TRUE,TRUE
5743206,"gate_40",24,TRUE,FALSE
5743431,"gate_30",25,TRUE,FALSE
5743489,"gate_40",128,TRUE,TRUE
5743523,"gate_40",20,TRUE,FALSE
5743553,"gate_30",14,TRUE,FALSE
5743608,"gate_40",5,TRUE,FALSE
5743971,"gate_30",25,TRUE,FALSE
5744033,"gate_40",2,FALSE,FALSE
5744471,"gate_40",108,FALSE,TRUE
5744480,"gate_40",212,FALSE,TRUE
5744606,"gate_30",34,FALSE,TRUE
5744616,"gate_30",101,TRUE,TRUE
5744737,"gate_30",4,TRUE,FALSE
5744988,"gate_30",36,TRUE,FALSE
5745088,"gate_40",228,TRUE,FALSE
5745098,"gate_30",22,FALSE,FALSE
5745365,"gate_40",62,FALSE,TRUE
5745603,"gate_40",18,FALSE,FALSE
5745702,"gate_30",12,TRUE,FALSE
5745811,"gate_30",40,TRUE,FALSE
5746016,"gate_30",6,FALSE,FALSE
5746250,"gate_40",10,FALSE,TRUE
5746670,"gate_40",98,FALSE,FALSE
5746747,"gate_40",2,FALSE,FALSE
5746772,"gate_40",153,TRUE,TRUE
5746781,"gate_40",10,TRUE,FALSE
5746816,"gate_40",13,TRUE,FALSE
5746830,"gate_30",33,TRUE,FALSE
5746847,"gate_30",2,FALSE,FALSE
5747178,"gate_40",0,FALSE,FALSE
5747216,"gate_40",281,TRUE,TRUE
5747336,"gate_30",4,TRUE,FALSE
5747435,"gate_40",408,TRUE,TRUE
5747489,"gate_40",88,TRUE,FALSE
5747509,"gate_30",653,TRUE,TRUE
5747534,"gate_30",109,FALSE,TRUE
5747565,"gate_40",5,FALSE,FALSE
5747948,"gate_40",28,FALSE,TRUE
5748090,"gate_40",1,FALSE,FALSE
5748200,"gate_40",195,TRUE,TRUE
5748288,"gate_40",3,FALSE,FALSE
5748327,"gate_40",16,FALSE,TRUE
5748385,"gate_30",7,FALSE,FALSE
5748390,"gate_40",10,FALSE,FALSE
5748441,"gate_30",14,TRUE,FALSE
5748488,"gate_30",1,FALSE,FALSE
5748489,"gate_40",172,FALSE,TRUE
5748572,"gate_40",3,FALSE,FALSE
5748703,"gate_40",1,FALSE,FALSE
5748738,"gate_40",15,TRUE,FALSE
5748846,"gate_40",20,FALSE,FALSE
5748882,"gate_30",11,TRUE,FALSE
5749272,"gate_40",800,TRUE,TRUE
5749325,"gate_40",37,TRUE,FALSE
5749424,"gate_30",301,TRUE,TRUE
5749520,"gate_30",1044,TRUE,TRUE
5749706,"gate_30",108,TRUE,TRUE
5749715,"gate_40",81,TRUE,FALSE
5749787,"gate_30",3,FALSE,FALSE
5749853,"gate_30",25,TRUE,FALSE
5749918,"gate_30",2,FALSE,FALSE
5750016,"gate_30",15,TRUE,FALSE
5750023,"gate_40",65,TRUE,FALSE
5750088,"gate_30",18,FALSE,FALSE
5750108,"gate_30",14,FALSE,FALSE
5750135,"gate_40",40,TRUE,FALSE
5750341,"gate_40",16,TRUE,FALSE
5750438,"gate_30",0,FALSE,FALSE
5750441,"gate_30",31,FALSE,FALSE
5750654,"gate_40",29,TRUE,FALSE
5750668,"gate_30",27,FALSE,TRUE
5750787,"gate_40",81,TRUE,TRUE
5750833,"gate_40",2,FALSE,FALSE
5751142,"gate_30",3,FALSE,FALSE
5751154,"gate_40",163,TRUE,TRUE
5751163,"gate_30",44,TRUE,FALSE
5751242,"gate_40",1,FALSE,FALSE
5751298,"gate_40",29,FALSE,FALSE
5751427,"gate_40",1,FALSE,FALSE
5751582,"gate_30",8,TRUE,FALSE
5751608,"gate_40",10,FALSE,FALSE
5751881,"gate_40",0,FALSE,FALSE
5751892,"gate_30",2,FALSE,FALSE
5752048,"gate_40",44,TRUE,FALSE
5752164,"gate_40",12,FALSE,TRUE
5752258,"gate_40",37,TRUE,FALSE
5752344,"gate_40",76,TRUE,FALSE
5752413,"gate_30",2,FALSE,FALSE
5752420,"gate_40",6,FALSE,FALSE
5752464,"gate_30",1,FALSE,FALSE
5752819,"gate_40",189,TRUE,FALSE
5752843,"gate_40",8,FALSE,FALSE
5752862,"gate_40",6,FALSE,FALSE
5752907,"gate_30",23,TRUE,FALSE
5753035,"gate_40",253,FALSE,FALSE
5753234,"gate_40",25,TRUE,FALSE
5753439,"gate_40",7,FALSE,FALSE
5753569,"gate_30",48,TRUE,FALSE
5753597,"gate_30",15,TRUE,FALSE
5753641,"gate_40",84,TRUE,TRUE
5753691,"gate_40",31,TRUE,FALSE
5753796,"gate_30",11,FALSE,FALSE
5753982,"gate_30",31,FALSE,TRUE
5754117,"gate_30",2,FALSE,FALSE
5754253,"gate_40",17,FALSE,FALSE
5754318,"gate_40",6,FALSE,FALSE
5754336,"gate_40",1,FALSE,FALSE
5754421,"gate_30",4,FALSE,FALSE
5754450,"gate_30",16,FALSE,FALSE
5754641,"gate_30",6,FALSE,FALSE
5754718,"gate_30",3,FALSE,FALSE
5754859,"gate_40",6,FALSE,FALSE
5754927,"gate_40",9,FALSE,FALSE
5755169,"gate_30",7,FALSE,FALSE
5755427,"gate_40",464,TRUE,TRUE
5755627,"gate_40",23,FALSE,FALSE
5755768,"gate_40",10,TRUE,TRUE
5755811,"gate_40",58,TRUE,TRUE
5755850,"gate_40",6,FALSE,FALSE
5756118,"gate_40",148,TRUE,FALSE
5756121,"gate_30",361,TRUE,TRUE
5756369,"gate_40",7,TRUE,FALSE
5756379,"gate_40",0,FALSE,FALSE
5756398,"gate_40",8,TRUE,FALSE
5756507,"gate_30",143,TRUE,FALSE
5756621,"gate_40",22,TRUE,FALSE
5756690,"gate_30",411,TRUE,TRUE
5756698,"gate_40",0,FALSE,FALSE
5756827,"gate_40",121,TRUE,TRUE
5756857,"gate_40",58,TRUE,TRUE
5756946,"gate_30",1,FALSE,FALSE
5756960,"gate_30",2,FALSE,FALSE
5756981,"gate_30",58,TRUE,TRUE
5757298,"gate_40",21,TRUE,FALSE
5757416,"gate_30",20,FALSE,FALSE
5757442,"gate_40",3,FALSE,FALSE
5757633,"gate_40",0,FALSE,FALSE
5757702,"gate_40",11,FALSE,FALSE
5757727,"gate_40",5,FALSE,FALSE
5757737,"gate_30",14,TRUE,FALSE
5757780,"gate_40",2,FALSE,FALSE
5758022,"gate_30",43,TRUE,TRUE
5758188,"gate_30",2,FALSE,FALSE
5758196,"gate_40",242,TRUE,FALSE
5758274,"gate_40",0,FALSE,FALSE
5758377,"gate_40",0,FALSE,FALSE
5758500,"gate_40",22,FALSE,FALSE
5759208,"gate_30",132,FALSE,FALSE
5759220,"gate_30",15,TRUE,FALSE
5759483,"gate_40",34,FALSE,TRUE
5759521,"gate_30",30,FALSE,FALSE
5759656,"gate_40",288,TRUE,TRUE
5759767,"gate_30",2,FALSE,FALSE
5759905,"gate_30",44,TRUE,FALSE
5760041,"gate_30",14,FALSE,FALSE
5760083,"gate_40",17,FALSE,FALSE
5760506,"gate_40",17,FALSE,FALSE
5760628,"gate_40",8,FALSE,FALSE
5760642,"gate_30",1,FALSE,FALSE
5760738,"gate_40",30,FALSE,FALSE
5760885,"gate_40",113,TRUE,TRUE
5760891,"gate_40",4,FALSE,FALSE
5760903,"gate_30",38,TRUE,FALSE
5761138,"gate_40",22,FALSE,FALSE
5761327,"gate_30",76,FALSE,FALSE
5761362,"gate_30",58,TRUE,TRUE
5761371,"gate_40",322,TRUE,TRUE
5761410,"gate_30",13,TRUE,FALSE
5761593,"gate_30",0,FALSE,FALSE
5761605,"gate_30",223,TRUE,TRUE
5761618,"gate_40",80,TRUE,TRUE
5761835,"gate_40",358,TRUE,TRUE
5761971,"gate_40",14,FALSE,FALSE
5762082,"gate_40",535,TRUE,TRUE
5762194,"gate_40",87,TRUE,FALSE
5762242,"gate_40",237,TRUE,TRUE
5762385,"gate_30",43,FALSE,FALSE
5762411,"gate_40",130,FALSE,FALSE
5762512,"gate_40",0,FALSE,FALSE
5762900,"gate_40",108,FALSE,TRUE
5763047,"gate_40",22,TRUE,FALSE
5763249,"gate_40",177,TRUE,TRUE
5763298,"gate_40",18,FALSE,FALSE
5763435,"gate_40",207,TRUE,TRUE
5763602,"gate_30",19,TRUE,FALSE
5763698,"gate_40",73,TRUE,TRUE
5763817,"gate_30",32,FALSE,FALSE
5763927,"gate_40",2,FALSE,FALSE
5764456,"gate_40",11,FALSE,FALSE
5764480,"gate_30",25,TRUE,FALSE
5764491,"gate_30",32,FALSE,FALSE
5764651,"gate_30",1544,TRUE,TRUE
5764970,"gate_40",8,FALSE,FALSE
5764998,"gate_40",93,TRUE,FALSE
5765068,"gate_30",11,FALSE,FALSE
5765217,"gate_30",466,TRUE,TRUE
5765307,"gate_30",7,FALSE,FALSE
5765319,"gate_40",41,TRUE,FALSE
5765323,"gate_40",1,FALSE,FALSE
5765341,"gate_30",36,FALSE,FALSE
5765411,"gate_30",16,TRUE,FALSE
5765449,"gate_30",57,TRUE,TRUE
5765472,"gate_40",4,FALSE,TRUE
5765520,"gate_30",18,FALSE,FALSE
5765610,"gate_40",98,FALSE,TRUE
5765654,"gate_30",553,TRUE,TRUE
5765863,"gate_30",21,TRUE,FALSE
5765979,"gate_30",153,TRUE,TRUE
5766110,"gate_40",16,FALSE,FALSE
5766182,"gate_30",9,FALSE,FALSE
5766286,"gate_40",146,TRUE,TRUE
5766414,"gate_40",2,FALSE,FALSE
5766415,"gate_40",0,FALSE,FALSE
5766440,"gate_30",4,FALSE,FALSE
5766558,"gate_40",31,FALSE,TRUE
5766583,"gate_40",58,TRUE,FALSE
5766623,"gate_40",1,FALSE,FALSE
5766664,"gate_40",209,TRUE,TRUE
5766764,"gate_30",25,TRUE,FALSE
5766814,"gate_30",9,FALSE,FALSE
5766898,"gate_40",4,FALSE,FALSE
5767564,"gate_30",21,TRUE,FALSE
5767774,"gate_30",25,TRUE,FALSE
5767780,"gate_40",200,TRUE,TRUE
5767878,"gate_30",19,FALSE,FALSE
5767905,"gate_30",42,TRUE,FALSE
5767942,"gate_40",167,TRUE,TRUE
5767949,"gate_30",7,FALSE,FALSE
5768056,"gate_40",1,FALSE,FALSE
5768059,"gate_40",13,FALSE,FALSE
5768170,"gate_40",24,TRUE,FALSE
5768514,"gate_40",4,FALSE,FALSE
5768569,"gate_30",147,TRUE,FALSE
5768611,"gate_30",25,TRUE,FALSE
5768626,"gate_40",45,TRUE,FALSE
5768743,"gate_30",12,FALSE,FALSE
5768755,"gate_40",35,FALSE,FALSE
5768851,"gate_40",121,TRUE,FALSE
5768923,"gate_30",142,TRUE,TRUE
5768969,"gate_40",30,FALSE,FALSE
5769088,"gate_30",33,FALSE,FALSE
5769089,"gate_30",4,FALSE,FALSE
5769587,"gate_40",0,FALSE,FALSE
5769601,"gate_40",11,FALSE,FALSE
5769647,"gate_30",239,TRUE,FALSE
5770179,"gate_40",30,TRUE,FALSE
5770254,"gate_30",9,FALSE,FALSE
5770319,"gate_30",37,FALSE,FALSE
5770413,"gate_30",3,FALSE,FALSE
5770532,"gate_40",73,TRUE,TRUE
5770710,"gate_40",73,FALSE,FALSE
5770827,"gate_30",0,FALSE,FALSE
5771039,"gate_40",12,TRUE,FALSE
5771055,"gate_30",3,FALSE,FALSE
5771064,"gate_30",1,FALSE,FALSE
5771152,"gate_40",6,FALSE,FALSE
5771258,"gate_40",514,TRUE,TRUE
5771385,"gate_30",23,TRUE,TRUE
5771529,"gate_40",7,TRUE,FALSE
5771533,"gate_40",51,TRUE,TRUE
5771539,"gate_30",43,TRUE,TRUE
5772033,"gate_40",17,FALSE,FALSE
5772205,"gate_40",81,TRUE,FALSE
5772400,"gate_30",30,TRUE,FALSE
5772675,"gate_40",15,TRUE,FALSE
5772738,"gate_40",6,FALSE,FALSE
5772752,"gate_40",94,TRUE,TRUE
5772783,"gate_30",24,FALSE,FALSE
5772991,"gate_30",0,FALSE,FALSE
5773016,"gate_30",22,TRUE,FALSE
5773029,"gate_30",19,TRUE,FALSE
5773137,"gate_40",55,TRUE,TRUE
5773295,"gate_30",4,FALSE,FALSE
5773321,"gate_40",2,FALSE,FALSE
5773335,"gate_40",19,FALSE,FALSE
5773550,"gate_40",7,TRUE,FALSE
5773753,"gate_40",77,TRUE,TRUE
5773772,"gate_40",65,TRUE,FALSE
5773802,"gate_40",30,TRUE,TRUE
5773837,"gate_40",61,TRUE,FALSE
5774077,"gate_30",89,TRUE,FALSE
5774521,"gate_30",4,FALSE,FALSE
5774705,"gate_30",111,TRUE,FALSE
5774761,"gate_30",407,TRUE,FALSE
5774792,"gate_40",1,FALSE,FALSE
5774793,"gate_40",6,FALSE,FALSE
5774906,"gate_40",18,FALSE,FALSE
5775191,"gate_30",86,TRUE,TRUE
5775281,"gate_30",9,FALSE,FALSE
5775333,"gate_40",0,FALSE,FALSE
5775348,"gate_30",17,TRUE,FALSE
5775389,"gate_40",89,TRUE,FALSE
5775398,"gate_30",43,TRUE,TRUE
5775496,"gate_30",0,FALSE,FALSE
5775914,"gate_40",158,TRUE,TRUE
5775939,"gate_30",10,FALSE,FALSE
5775946,"gate_30",10,TRUE,FALSE
5775986,"gate_40",23,FALSE,FALSE
5776149,"gate_40",100,TRUE,FALSE
5776150,"gate_30",9,TRUE,FALSE
5776151,"gate_30",8,FALSE,FALSE
5776193,"gate_40",25,TRUE,FALSE
5776482,"gate_30",2,FALSE,FALSE
5776815,"gate_40",0,FALSE,FALSE
5776818,"gate_30",94,TRUE,TRUE
5776886,"gate_30",172,TRUE,TRUE
5777126,"gate_30",90,TRUE,TRUE
5777296,"gate_40",0,FALSE,FALSE
5777319,"gate_40",243,TRUE,TRUE
5777414,"gate_30",361,TRUE,TRUE
5777636,"gate_40",4,FALSE,FALSE
5777983,"gate_30",26,TRUE,FALSE
5778010,"gate_40",55,TRUE,TRUE
5778261,"gate_40",627,TRUE,TRUE
5778302,"gate_30",45,TRUE,FALSE
5778540,"gate_30",13,FALSE,FALSE
5778585,"gate_30",60,TRUE,FALSE
5778721,"gate_40",273,TRUE,FALSE
5778744,"gate_40",4,FALSE,FALSE
5779057,"gate_40",17,FALSE,FALSE
5779163,"gate_40",5,FALSE,FALSE
5779265,"gate_40",44,FALSE,FALSE
5779282,"gate_30",4,FALSE,FALSE
5779317,"gate_30",1,FALSE,FALSE
5779331,"gate_40",50,TRUE,TRUE
5779362,"gate_40",13,FALSE,FALSE
5779369,"gate_30",7,TRUE,FALSE
5780041,"gate_30",54,FALSE,FALSE
5780117,"gate_40",14,TRUE,FALSE
5780253,"gate_40",248,TRUE,TRUE
5780284,"gate_40",210,TRUE,TRUE
5780496,"gate_30",16,TRUE,FALSE
5780615,"gate_40",31,TRUE,FALSE
5780692,"gate_40",6,FALSE,FALSE
5780840,"gate_40",4,FALSE,FALSE
5780846,"gate_40",478,TRUE,TRUE
5780867,"gate_40",7,FALSE,FALSE
5781057,"gate_40",96,FALSE,TRUE
5781114,"gate_30",37,TRUE,FALSE
5781315,"gate_40",3,FALSE,FALSE
5781346,"gate_30",4,FALSE,FALSE
5781473,"gate_40",3,FALSE,FALSE
5781735,"gate_40",9,FALSE,FALSE
5781857,"gate_40",13,FALSE,FALSE
5781870,"gate_30",30,FALSE,TRUE
5782234,"gate_40",217,TRUE,TRUE
5782235,"gate_40",111,FALSE,FALSE
5782240,"gate_30",3,TRUE,FALSE
5782255,"gate_30",6,FALSE,FALSE
5782343,"gate_30",40,TRUE,FALSE
5782349,"gate_30",3,FALSE,FALSE
5782487,"gate_40",14,TRUE,FALSE
5782545,"gate_40",3,FALSE,FALSE
5782818,"gate_30",3,FALSE,FALSE
5782909,"gate_40",80,TRUE,FALSE
5782918,"gate_30",8,FALSE,FALSE
5782973,"gate_30",0,FALSE,FALSE
5782998,"gate_40",5,FALSE,FALSE
5783117,"gate_40",31,TRUE,TRUE
5783129,"gate_30",3,FALSE,FALSE
5783142,"gate_30",26,TRUE,FALSE
5783161,"gate_30",7,FALSE,FALSE
5783522,"gate_40",51,TRUE,FALSE
5783607,"gate_40",4,TRUE,FALSE
5783714,"gate_30",583,TRUE,TRUE
5783723,"gate_30",51,TRUE,FALSE
5783752,"gate_30",35,TRUE,FALSE
5783773,"gate_40",1,FALSE,FALSE
5783826,"gate_30",38,TRUE,FALSE
5783982,"gate_30",18,FALSE,FALSE
5784609,"gate_40",21,FALSE,FALSE
5784624,"gate_30",40,TRUE,TRUE
5785225,"gate_30",32,FALSE,FALSE
5785786,"gate_40",2,FALSE,FALSE
5785962,"gate_30",6,FALSE,FALSE
5786017,"gate_30",3,FALSE,FALSE
5786204,"gate_30",7,FALSE,FALSE
5786582,"gate_40",8,FALSE,FALSE
5786931,"gate_40",76,TRUE,FALSE
5786973,"gate_40",4,FALSE,FALSE
5786979,"gate_30",2,FALSE,FALSE
5787320,"gate_40",5,FALSE,FALSE
5787328,"gate_30",16,TRUE,FALSE
5787416,"gate_40",86,TRUE,TRUE
5787658,"gate_30",1,FALSE,FALSE
5787767,"gate_30",5,FALSE,FALSE
5787919,"gate_40",13,FALSE,FALSE
5788003,"gate_40",103,TRUE,FALSE
5788173,"gate_30",10,FALSE,FALSE
5788477,"gate_40",52,TRUE,TRUE
5788484,"gate_40",229,TRUE,FALSE
5788843,"gate_40",3,FALSE,FALSE
5788963,"gate_40",4,FALSE,FALSE
5789057,"gate_40",6,TRUE,FALSE
5789190,"gate_30",58,TRUE,TRUE
5789568,"gate_40",15,FALSE,FALSE
5789637,"gate_40",182,TRUE,TRUE
5789661,"gate_30",55,TRUE,FALSE
5789704,"gate_40",99,TRUE,TRUE
5789898,"gate_30",2,FALSE,FALSE
5789916,"gate_30",11,FALSE,FALSE
5790289,"gate_30",65,TRUE,FALSE
5790489,"gate_30",62,TRUE,FALSE
5790603,"gate_40",265,TRUE,FALSE
5790606,"gate_30",96,TRUE,TRUE
5790652,"gate_30",228,TRUE,TRUE
5790681,"gate_30",4,FALSE,FALSE
5790751,"gate_30",0,FALSE,FALSE
5790977,"gate_40",0,FALSE,FALSE
5791005,"gate_40",242,TRUE,TRUE
5791103,"gate_30",2,FALSE,FALSE
5791176,"gate_40",3,FALSE,FALSE
5791188,"gate_40",5,FALSE,FALSE
5791266,"gate_40",6,TRUE,FALSE
5791624,"gate_30",345,TRUE,TRUE
5791693,"gate_40",109,TRUE,FALSE
5791767,"gate_40",12,TRUE,FALSE
5792076,"gate_40",77,TRUE,FALSE
5792079,"gate_30",18,TRUE,TRUE
5792372,"gate_40",7,TRUE,FALSE
5792389,"gate_40",3,FALSE,FALSE
5792500,"gate_30",5,TRUE,FALSE
5792763,"gate_40",12,FALSE,FALSE
5792807,"gate_40",8,FALSE,FALSE
5792907,"gate_40",90,TRUE,TRUE
5793317,"gate_40",1215,TRUE,TRUE
5793417,"gate_30",25,TRUE,FALSE
5793628,"gate_30",2,FALSE,FALSE
5793735,"gate_40",1,FALSE,FALSE
5793753,"gate_30",2,FALSE,FALSE
5793878,"gate_30",0,FALSE,FALSE
5793976,"gate_40",14,FALSE,FALSE
5794040,"gate_30",264,TRUE,TRUE
5794673,"gate_40",4,FALSE,FALSE
5794676,"gate_30",184,TRUE,TRUE
5794690,"gate_40",81,FALSE,TRUE
5794724,"gate_30",34,FALSE,TRUE
5794811,"gate_30",3,TRUE,FALSE
5794846,"gate_40",5,FALSE,FALSE
5794906,"gate_30",44,TRUE,TRUE
5795142,"gate_30",9,FALSE,FALSE
5795162,"gate_40",44,TRUE,FALSE
5795304,"gate_40",116,TRUE,TRUE
5795560,"gate_40",10,FALSE,FALSE
5795570,"gate_40",27,TRUE,FALSE
5795666,"gate_40",117,TRUE,TRUE
5795727,"gate_40",17,FALSE,FALSE
5796389,"gate_40",45,TRUE,FALSE
5796492,"gate_40",18,TRUE,FALSE
5796714,"gate_40",29,TRUE,FALSE
5796786,"gate_40",21,TRUE,FALSE
5796908,"gate_30",2,FALSE,FALSE
5796926,"gate_30",55,TRUE,TRUE
5797163,"gate_40",95,FALSE,FALSE
5797313,"gate_40",5,TRUE,FALSE
5797352,"gate_40",382,TRUE,TRUE
5797436,"gate_40",7,FALSE,FALSE
5797462,"gate_40",3,FALSE,FALSE
5797505,"gate_40",0,FALSE,FALSE
5797524,"gate_30",4,FALSE,FALSE
5797652,"gate_30",2,FALSE,FALSE
5798023,"gate_40",10,FALSE,FALSE
5798081,"gate_40",23,TRUE,FALSE
5798108,"gate_30",5,FALSE,FALSE
5798140,"gate_30",24,TRUE,TRUE
5798264,"gate_30",0,FALSE,FALSE
5798274,"gate_30",98,FALSE,FALSE
5798505,"gate_40",19,FALSE,FALSE
5798532,"gate_40",33,FALSE,FALSE
5798621,"gate_40",330,TRUE,TRUE
5798629,"gate_30",18,TRUE,FALSE
5798671,"gate_40",88,TRUE,TRUE
5798681,"gate_40",266,TRUE,TRUE
5798762,"gate_30",6,TRUE,FALSE
5798943,"gate_30",13,FALSE,FALSE
5799241,"gate_40",12,TRUE,FALSE
5799364,"gate_30",3,FALSE,FALSE
5799528,"gate_40",37,TRUE,FALSE
5799625,"gate_40",66,TRUE,FALSE
5799931,"gate_30",16,TRUE,FALSE
5799978,"gate_30",6,FALSE,FALSE
5799981,"gate_30",6,TRUE,FALSE
5800142,"gate_30",7,FALSE,FALSE
5800146,"gate_30",12,FALSE,FALSE
5800228,"gate_40",1,FALSE,FALSE
5800318,"gate_40",52,TRUE,FALSE
5800427,"gate_40",67,FALSE,TRUE
5800510,"gate_30",6,FALSE,FALSE
5800550,"gate_30",7,FALSE,FALSE
5800569,"gate_30",198,TRUE,TRUE
5800699,"gate_30",86,TRUE,TRUE
5800741,"gate_30",17,FALSE,FALSE
5800912,"gate_40",3,FALSE,FALSE
5800964,"gate_30",158,TRUE,FALSE
5801006,"gate_40",29,TRUE,FALSE
5801028,"gate_40",51,TRUE,FALSE
5801170,"gate_30",2,FALSE,FALSE
5801374,"gate_40",2,FALSE,FALSE
5801453,"gate_30",2,FALSE,FALSE
5801674,"gate_40",7,FALSE,FALSE
5801774,"gate_30",157,TRUE,TRUE
5801933,"gate_40",6,TRUE,FALSE
5802507,"gate_40",11,TRUE,FALSE
5802772,"gate_40",148,TRUE,FALSE
5802791,"gate_40",0,FALSE,FALSE
5802856,"gate_30",4,FALSE,FALSE
5803090,"gate_40",7,FALSE,FALSE
5803120,"gate_30",9,FALSE,FALSE
5803132,"gate_30",27,FALSE,FALSE
5803184,"gate_30",353,TRUE,TRUE
5803189,"gate_40",5,FALSE,FALSE
5803261,"gate_40",9,FALSE,FALSE
5803452,"gate_30",3,FALSE,FALSE
5803476,"gate_40",153,FALSE,FALSE
5803547,"gate_30",3,FALSE,FALSE
5803591,"gate_30",407,TRUE,TRUE
5803773,"gate_30",61,TRUE,TRUE
5804060,"gate_40",60,TRUE,FALSE
5804134,"gate_40",6,FALSE,FALSE
5804182,"gate_40",15,FALSE,FALSE
5804186,"gate_30",1,FALSE,FALSE
5804520,"gate_30",6,TRUE,FALSE
5804553,"gate_30",27,TRUE,FALSE
5804568,"gate_30",17,FALSE,FALSE
5804569,"gate_30",13,TRUE,FALSE
5804607,"gate_40",46,TRUE,FALSE
5804628,"gate_30",34,TRUE,FALSE
5804676,"gate_30",3,FALSE,FALSE
5805193,"gate_40",83,TRUE,TRUE
5805345,"gate_40",215,TRUE,FALSE
5805498,"gate_40",5,FALSE,FALSE
5805502,"gate_30",14,TRUE,FALSE
5805673,"gate_30",1,FALSE,FALSE
5806019,"gate_40",51,FALSE,FALSE
5806399,"gate_30",2,FALSE,FALSE
5806433,"gate_40",0,FALSE,FALSE
5806562,"gate_40",14,FALSE,FALSE
5806625,"gate_40",4,FALSE,FALSE
5806754,"gate_40",19,FALSE,FALSE
5806905,"gate_40",30,TRUE,FALSE
5807027,"gate_40",0,FALSE,FALSE
5807085,"gate_30",2,FALSE,FALSE
5807295,"gate_30",148,TRUE,FALSE
5807391,"gate_40",12,TRUE,FALSE
5807452,"gate_40",10,TRUE,TRUE
5807617,"gate_40",9,FALSE,FALSE
5807647,"gate_30",3,FALSE,FALSE
5807663,"gate_30",44,TRUE,FALSE
5807979,"gate_40",3,FALSE,FALSE
5807992,"gate_40",0,FALSE,FALSE
5808304,"gate_40",16,FALSE,FALSE
5808452,"gate_40",2,FALSE,FALSE
5808487,"gate_40",48,FALSE,FALSE
5808664,"gate_40",4,FALSE,FALSE
5808686,"gate_40",5,FALSE,FALSE
5808863,"gate_40",19,FALSE,FALSE
5808927,"gate_40",22,TRUE,FALSE
5809009,"gate_30",370,TRUE,FALSE
5809032,"gate_30",27,TRUE,TRUE
5809136,"gate_30",19,TRUE,FALSE
5809226,"gate_40",66,TRUE,FALSE
5809282,"gate_40",70,TRUE,TRUE
5809481,"gate_40",2,FALSE,FALSE
5809498,"gate_40",0,FALSE,FALSE
5809653,"gate_40",6,FALSE,FALSE
5809812,"gate_40",16,TRUE,FALSE
5810229,"gate_40",3,FALSE,FALSE
5810306,"gate_40",11,FALSE,FALSE
5810372,"gate_40",1,FALSE,FALSE
5810422,"gate_40",99,FALSE,FALSE
5810577,"gate_30",12,FALSE,FALSE
5810594,"gate_30",7,FALSE,FALSE
5810663,"gate_40",126,TRUE,TRUE
5810672,"gate_30",48,FALSE,FALSE
5810714,"gate_40",16,FALSE,FALSE
5810805,"gate_30",10,TRUE,FALSE
5810858,"gate_30",10,TRUE,FALSE
5810959,"gate_40",46,FALSE,FALSE
5811168,"gate_30",30,FALSE,FALSE
5811372,"gate_40",57,TRUE,FALSE
5811409,"gate_40",515,TRUE,TRUE
5811546,"gate_40",4,FALSE,FALSE
5811558,"gate_30",16,FALSE,FALSE
5811565,"gate_30",153,TRUE,TRUE
5811747,"gate_40",30,FALSE,FALSE
5811766,"gate_30",17,FALSE,FALSE
5811823,"gate_30",35,FALSE,FALSE
5811942,"gate_30",0,FALSE,FALSE
5811985,"gate_30",9,FALSE,FALSE
5812230,"gate_40",1,FALSE,FALSE
5812378,"gate_40",2,FALSE,FALSE
5812414,"gate_30",54,TRUE,TRUE
5812484,"gate_30",6,FALSE,FALSE
5812759,"gate_40",23,FALSE,FALSE
5812903,"gate_30",196,FALSE,TRUE
5812906,"gate_30",96,TRUE,TRUE
5813032,"gate_30",3,FALSE,FALSE
5813047,"gate_40",22,TRUE,FALSE
5813167,"gate_40",295,TRUE,TRUE
5813242,"gate_30",1,FALSE,FALSE
5813362,"gate_40",23,TRUE,FALSE
5813404,"gate_30",30,TRUE,FALSE
5813713,"gate_30",30,TRUE,TRUE
5813732,"gate_40",9,FALSE,FALSE
5813977,"gate_30",38,FALSE,FALSE
5814132,"gate_40",51,FALSE,FALSE
5814159,"gate_40",2,FALSE,FALSE
5814786,"gate_40",68,FALSE,TRUE
5814907,"gate_30",15,FALSE,FALSE
5815010,"gate_40",4,FALSE,FALSE
5815018,"gate_40",2,FALSE,FALSE
5815025,"gate_40",68,FALSE,FALSE
5815118,"gate_40",3,FALSE,FALSE
5815397,"gate_30",71,TRUE,FALSE
5815542,"gate_30",1,FALSE,FALSE
5815666,"gate_40",111,TRUE,FALSE
5815826,"gate_40",149,TRUE,FALSE
5815941,"gate_30",172,FALSE,TRUE
5816083,"gate_30",89,TRUE,FALSE
5816148,"gate_40",109,TRUE,TRUE
5816685,"gate_30",25,TRUE,FALSE
5816703,"gate_40",52,FALSE,FALSE
5816800,"gate_40",333,TRUE,TRUE
5816913,"gate_30",36,FALSE,FALSE
5817045,"gate_40",6,TRUE,FALSE
5817422,"gate_30",289,TRUE,TRUE
5817485,"gate_40",13,FALSE,FALSE
5817639,"gate_40",23,FALSE,FALSE
5817666,"gate_30",1,FALSE,FALSE
5817760,"gate_40",20,FALSE,FALSE
5817765,"gate_30",2,FALSE,FALSE
5817960,"gate_30",1,FALSE,FALSE
5818085,"gate_40",12,FALSE,FALSE
5818111,"gate_40",106,TRUE,TRUE
5818313,"gate_30",1,FALSE,FALSE
5818340,"gate_40",2,FALSE,FALSE
5818368,"gate_40",6,TRUE,FALSE
5818520,"gate_30",4,FALSE,FALSE
5818546,"gate_40",6,FALSE,FALSE
5819101,"gate_30",2,FALSE,TRUE
5819329,"gate_30",257,TRUE,TRUE
5819499,"gate_40",361,TRUE,TRUE
5819541,"gate_30",76,TRUE,TRUE
5819613,"gate_40",1,FALSE,FALSE
5819621,"gate_30",589,TRUE,TRUE
5819632,"gate_30",20,TRUE,FALSE
5819718,"gate_30",5,FALSE,FALSE
5819730,"gate_30",4,FALSE,FALSE
5820051,"gate_30",594,TRUE,TRUE
5820225,"gate_40",3,FALSE,FALSE
5820245,"gate_30",23,TRUE,TRUE
5820411,"gate_40",34,FALSE,FALSE
5820456,"gate_30",6,FALSE,FALSE
5820649,"gate_30",35,TRUE,FALSE
5820699,"gate_40",14,FALSE,FALSE
5820829,"gate_40",1,FALSE,FALSE
5820851,"gate_30",3,FALSE,FALSE
5821061,"gate_30",200,TRUE,TRUE
5821236,"gate_40",26,TRUE,FALSE
5821282,"gate_40",60,FALSE,TRUE
5821425,"gate_40",0,FALSE,FALSE
5821506,"gate_30",28,TRUE,FALSE
5821567,"gate_30",58,FALSE,FALSE
5821569,"gate_30",28,TRUE,FALSE
5821621,"gate_40",240,TRUE,TRUE
5821834,"gate_30",1,TRUE,FALSE
5821954,"gate_40",26,TRUE,FALSE
5822029,"gate_30",23,FALSE,FALSE
5822040,"gate_40",0,FALSE,FALSE
5822045,"gate_30",56,TRUE,FALSE
5822083,"gate_40",13,FALSE,TRUE
5822303,"gate_30",151,TRUE,FALSE
5822306,"gate_30",14,TRUE,TRUE
5822536,"gate_30",3,FALSE,FALSE
5822728,"gate_40",22,TRUE,FALSE
5822805,"gate_30",6,FALSE,FALSE
5822938,"gate_40",7,TRUE,FALSE
5822947,"gate_40",19,TRUE,TRUE
5823086,"gate_30",3,FALSE,FALSE
5823294,"gate_30",145,FALSE,FALSE
5823413,"gate_40",2,FALSE,FALSE
5823468,"gate_30",2,FALSE,FALSE
5823589,"gate_30",35,TRUE,FALSE
5823610,"gate_40",4,FALSE,FALSE
5823912,"gate_30",1,FALSE,FALSE
5824288,"gate_40",3,FALSE,FALSE
5824355,"gate_30",429,TRUE,TRUE
5824814,"gate_40",24,FALSE,FALSE
5825034,"gate_30",26,TRUE,FALSE
5825371,"gate_40",47,TRUE,FALSE
5825382,"gate_40",16,TRUE,FALSE
5825441,"gate_40",12,FALSE,FALSE
5825465,"gate_40",37,FALSE,FALSE
5825756,"gate_40",457,TRUE,TRUE
5825783,"gate_30",186,FALSE,TRUE
5825857,"gate_30",50,TRUE,FALSE
5825902,"gate_30",13,FALSE,FALSE
5826081,"gate_40",59,FALSE,FALSE
5826216,"gate_30",22,FALSE,FALSE
5826286,"gate_40",18,FALSE,FALSE
5826656,"gate_30",0,FALSE,FALSE
5826702,"gate_40",7,FALSE,TRUE
5826725,"gate_30",23,TRUE,FALSE
5826743,"gate_40",1,FALSE,FALSE
5827214,"gate_40",31,FALSE,FALSE
5827322,"gate_30",589,TRUE,TRUE
5827417,"gate_30",14,FALSE,FALSE
5827563,"gate_40",118,TRUE,FALSE
5827604,"gate_30",3,FALSE,FALSE
5827612,"gate_30",347,TRUE,FALSE
5827635,"gate_30",5,TRUE,FALSE
5827699,"gate_40",61,FALSE,FALSE
5827747,"gate_40",2,FALSE,FALSE
5827849,"gate_30",3,FALSE,FALSE
5827966,"gate_30",39,TRUE,FALSE
5828001,"gate_40",9,FALSE,FALSE
5828055,"gate_30",353,TRUE,TRUE
5828098,"gate_30",11,FALSE,FALSE
5828199,"gate_30",5,FALSE,FALSE
5828370,"gate_40",3,FALSE,FALSE
5828626,"gate_40",2,FALSE,FALSE
5828733,"gate_30",73,FALSE,FALSE
5828875,"gate_30",22,TRUE,FALSE
5829276,"gate_30",116,TRUE,TRUE
5829373,"gate_30",246,TRUE,TRUE
5829465,"gate_40",22,TRUE,FALSE
5829714,"gate_30",13,TRUE,FALSE
5829822,"gate_40",5,FALSE,FALSE
5829981,"gate_30",2,FALSE,FALSE
5830015,"gate_40",7,TRUE,FALSE
5830230,"gate_30",144,TRUE,FALSE
5830258,"gate_40",3,FALSE,FALSE
5830325,"gate_40",67,TRUE,TRUE
5830342,"gate_40",57,TRUE,FALSE
5830349,"gate_30",41,FALSE,TRUE
5830558,"gate_40",17,FALSE,FALSE
5830570,"gate_40",17,FALSE,FALSE
5830676,"gate_30",1,FALSE,FALSE
5830836,"gate_40",34,TRUE,TRUE
5830883,"gate_30",21,TRUE,FALSE
5831082,"gate_40",31,TRUE,FALSE
5831181,"gate_30",34,TRUE,FALSE
5831264,"gate_30",60,TRUE,FALSE
5831312,"gate_40",28,TRUE,FALSE
5831597,"gate_30",5,TRUE,FALSE
5831774,"gate_40",17,TRUE,FALSE
5831900,"gate_30",0,FALSE,FALSE
5832113,"gate_40",21,TRUE,TRUE
5832180,"gate_40",2,FALSE,FALSE
5832435,"gate_30",7,FALSE,FALSE
5832621,"gate_30",1,FALSE,FALSE
5832679,"gate_40",31,FALSE,TRUE
5832719,"gate_40",3,FALSE,FALSE
5832803,"gate_40",10,FALSE,FALSE
5832848,"gate_30",13,TRUE,FALSE
5832975,"gate_30",1,FALSE,FALSE
5833236,"gate_30",451,TRUE,TRUE
5833243,"gate_40",0,FALSE,FALSE
5833452,"gate_40",10,FALSE,FALSE
5833803,"gate_40",29,TRUE,FALSE
5833902,"gate_40",165,TRUE,TRUE
5833909,"gate_40",169,TRUE,FALSE
5833944,"gate_30",31,TRUE,FALSE
5833956,"gate_30",69,FALSE,TRUE
5833977,"gate_40",1,FALSE,FALSE
5834041,"gate_30",322,TRUE,TRUE
5834245,"gate_40",8,FALSE,FALSE
5834286,"gate_40",12,FALSE,FALSE
5834343,"gate_40",356,FALSE,TRUE
5834351,"gate_40",32,TRUE,FALSE
5834797,"gate_40",2,FALSE,FALSE
5834830,"gate_40",1,FALSE,FALSE
5834930,"gate_40",6,FALSE,FALSE
5834971,"gate_30",26,FALSE,FALSE
5835078,"gate_30",37,FALSE,FALSE
5835312,"gate_40",33,FALSE,FALSE
5835707,"gate_30",81,TRUE,FALSE
5835721,"gate_40",1,FALSE,FALSE
5835829,"gate_30",19,TRUE,TRUE
5835995,"gate_40",38,TRUE,FALSE
5836003,"gate_40",22,FALSE,FALSE
5836104,"gate_40",267,TRUE,TRUE
5836135,"gate_40",57,TRUE,TRUE
5836141,"gate_30",1,FALSE,FALSE
5836322,"gate_40",74,FALSE,FALSE
5836377,"gate_40",11,FALSE,FALSE
5836378,"gate_30",11,FALSE,FALSE
5836444,"gate_30",1,FALSE,FALSE
5837113,"gate_30",1,FALSE,FALSE
5837167,"gate_30",7,FALSE,FALSE
5837247,"gate_30",100,TRUE,TRUE
5837554,"gate_30",101,TRUE,TRUE
5837557,"gate_40",12,FALSE,FALSE
5838044,"gate_30",28,TRUE,FALSE
5838146,"gate_40",76,TRUE,FALSE
5838173,"gate_40",8,FALSE,FALSE
5838177,"gate_40",0,FALSE,FALSE
5838179,"gate_30",4,FALSE,FALSE
5838194,"gate_30",57,TRUE,TRUE
5838231,"gate_40",34,TRUE,FALSE
5838548,"gate_40",8,FALSE,FALSE
5838853,"gate_40",201,TRUE,TRUE
5838929,"gate_30",36,FALSE,FALSE
5838971,"gate_30",2,FALSE,FALSE
5839182,"gate_40",9,FALSE,FALSE
5839277,"gate_40",55,TRUE,FALSE
5839350,"gate_30",72,TRUE,TRUE
5839377,"gate_30",13,TRUE,FALSE
5839515,"gate_30",76,TRUE,FALSE
5839544,"gate_30",2,FALSE,FALSE
5839655,"gate_30",17,TRUE,FALSE
5839747,"gate_40",9,TRUE,FALSE
5839759,"gate_40",16,TRUE,FALSE
5839918,"gate_40",2,FALSE,FALSE
5839931,"gate_30",12,FALSE,FALSE
5840199,"gate_40",59,FALSE,FALSE
5840247,"gate_40",9,FALSE,FALSE
5840286,"gate_30",1,FALSE,FALSE
5840333,"gate_30",32,TRUE,FALSE
5840408,"gate_40",65,TRUE,FALSE
5840532,"gate_30",4,FALSE,FALSE
5840671,"gate_40",4,FALSE,FALSE
5840791,"gate_40",56,TRUE,FALSE
5840974,"gate_40",1,FALSE,FALSE
5841012,"gate_40",109,FALSE,FALSE
5841184,"gate_30",17,FALSE,FALSE
5841239,"gate_40",155,TRUE,TRUE
5841397,"gate_30",0,FALSE,FALSE
5841584,"gate_30",1,FALSE,FALSE
5841709,"gate_40",110,TRUE,FALSE
5841751,"gate_40",23,TRUE,TRUE
5841850,"gate_40",11,FALSE,FALSE
5842057,"gate_40",11,FALSE,FALSE
5842078,"gate_40",10,TRUE,FALSE
5842166,"gate_40",58,TRUE,TRUE
5842212,"gate_30",46,FALSE,FALSE
5842233,"gate_40",143,TRUE,FALSE
5842257,"gate_40",17,FALSE,FALSE
5842472,"gate_40",324,TRUE,TRUE
5842618,"gate_30",16,TRUE,FALSE
5842931,"gate_30",189,TRUE,TRUE
5842974,"gate_40",131,TRUE,FALSE
5843083,"gate_30",98,TRUE,TRUE
5843320,"gate_30",1,FALSE,FALSE
5843407,"gate_30",56,TRUE,FALSE
5843431,"gate_40",67,TRUE,FALSE
5843479,"gate_40",8,FALSE,FALSE
5843552,"gate_40",13,FALSE,FALSE
5843567,"gate_30",4,FALSE,FALSE
5843758,"gate_40",0,FALSE,FALSE
5843804,"gate_30",17,FALSE,TRUE
5843820,"gate_40",22,FALSE,FALSE
5843855,"gate_30",19,FALSE,FALSE
5843963,"gate_30",453,FALSE,TRUE
5844240,"gate_30",31,FALSE,FALSE
5844318,"gate_30",25,TRUE,FALSE
5844322,"gate_40",9,TRUE,FALSE
5844568,"gate_40",42,TRUE,FALSE
5844607,"gate_30",16,FALSE,FALSE
5844713,"gate_30",25,TRUE,FALSE
5844873,"gate_30",271,TRUE,TRUE
5845077,"gate_40",3,FALSE,FALSE
5845159,"gate_40",29,TRUE,FALSE
5845564,"gate_30",239,TRUE,FALSE
5845609,"gate_40",29,TRUE,FALSE
5845688,"gate_30",14,FALSE,FALSE
5845955,"gate_30",12,TRUE,FALSE
5846067,"gate_40",176,TRUE,TRUE
5846084,"gate_40",118,TRUE,FALSE
5846131,"gate_30",4,FALSE,FALSE
5846142,"gate_40",44,TRUE,FALSE
5846247,"gate_30",63,FALSE,TRUE
5846315,"gate_40",3,FALSE,FALSE
5846337,"gate_30",16,FALSE,FALSE
5846372,"gate_40",3,FALSE,FALSE
5846645,"gate_40",26,TRUE,FALSE
5846763,"gate_30",1,FALSE,FALSE
5847090,"gate_30",8,TRUE,FALSE
5847184,"gate_40",32,TRUE,FALSE
5847430,"gate_40",1,FALSE,FALSE
5847444,"gate_40",6,FALSE,FALSE
5847521,"gate_40",0,FALSE,FALSE
5847563,"gate_30",39,TRUE,FALSE
5847619,"gate_30",196,TRUE,TRUE
5847679,"gate_40",5,FALSE,FALSE
5847783,"gate_40",0,FALSE,FALSE
5847892,"gate_40",17,FALSE,FALSE
5847942,"gate_40",42,TRUE,FALSE
5848021,"gate_40",60,TRUE,FALSE
5848076,"gate_30",321,TRUE,TRUE
5848119,"gate_40",22,TRUE,FALSE
5848200,"gate_30",47,TRUE,FALSE
5848363,"gate_40",3,FALSE,FALSE
5848425,"gate_30",1,FALSE,FALSE
5848926,"gate_40",12,TRUE,TRUE
5848987,"gate_40",2,FALSE,FALSE
5848996,"gate_30",7,FALSE,FALSE
5849155,"gate_40",15,FALSE,FALSE
5849210,"gate_30",6,TRUE,FALSE
5849279,"gate_30",16,TRUE,FALSE
5849607,"gate_30",266,TRUE,TRUE
5849624,"gate_30",30,TRUE,FALSE
5849671,"gate_30",1,FALSE,FALSE
5849716,"gate_30",25,TRUE,FALSE
5849762,"gate_40",113,FALSE,FALSE
5849805,"gate_30",13,TRUE,FALSE
5849934,"gate_40",13,FALSE,FALSE
5849969,"gate_30",8,FALSE,FALSE
5850060,"gate_40",6,FALSE,FALSE
5850236,"gate_30",35,TRUE,FALSE
5850647,"gate_40",199,TRUE,TRUE
5850678,"gate_30",17,FALSE,FALSE
5850746,"gate_40",793,TRUE,TRUE
5850875,"gate_30",205,TRUE,FALSE
5851202,"gate_30",28,TRUE,FALSE
5851232,"gate_30",7,TRUE,FALSE
5851331,"gate_40",12,FALSE,FALSE
5851361,"gate_40",4,FALSE,FALSE
5851388,"gate_40",5,FALSE,FALSE
5851432,"gate_40",1,FALSE,FALSE
5851601,"gate_40",345,TRUE,TRUE
5851713,"gate_40",2,FALSE,FALSE
5851899,"gate_40",2,FALSE,FALSE
5851950,"gate_40",5,FALSE,FALSE
5852593,"gate_40",11,FALSE,FALSE
5852922,"gate_40",2,TRUE,FALSE
5853068,"gate_40",592,TRUE,TRUE
5853195,"gate_30",175,TRUE,FALSE
5853332,"gate_40",268,TRUE,TRUE
5853641,"gate_30",40,TRUE,FALSE
5853853,"gate_30",3,TRUE,FALSE
5853952,"gate_30",21,FALSE,FALSE
5854051,"gate_40",53,TRUE,FALSE
5854440,"gate_30",73,FALSE,FALSE
5854547,"gate_40",26,FALSE,FALSE
5854571,"gate_30",10,FALSE,FALSE
5854599,"gate_40",4,TRUE,FALSE
5854710,"gate_40",14,FALSE,FALSE
5855424,"gate_40",2,FALSE,FALSE
5855752,"gate_30",12,FALSE,FALSE
5855846,"gate_40",6,TRUE,FALSE
5855850,"gate_30",30,TRUE,FALSE
5856068,"gate_40",3,TRUE,FALSE
5856141,"gate_40",2,FALSE,FALSE
5856149,"gate_40",8,TRUE,FALSE
5856432,"gate_40",187,TRUE,TRUE
5856434,"gate_30",4,FALSE,FALSE
5856883,"gate_40",34,TRUE,FALSE
5856925,"gate_40",37,TRUE,FALSE
5856969,"gate_40",5,FALSE,FALSE
5857077,"gate_40",0,FALSE,FALSE
5857081,"gate_30",0,FALSE,FALSE
5857169,"gate_30",112,TRUE,FALSE
5857279,"gate_30",0,FALSE,FALSE
5857441,"gate_40",13,FALSE,FALSE
5857444,"gate_30",149,TRUE,TRUE
5857658,"gate_30",32,TRUE,FALSE
5857792,"gate_30",65,TRUE,FALSE
5857873,"gate_30",0,FALSE,FALSE
5857884,"gate_40",3,TRUE,FALSE
5857963,"gate_40",4,FALSE,FALSE
5857969,"gate_30",130,TRUE,TRUE
5858359,"gate_30",157,TRUE,TRUE
5858470,"gate_30",34,TRUE,FALSE
5858498,"gate_40",25,FALSE,FALSE
5858507,"gate_30",122,TRUE,TRUE
5858518,"gate_30",120,TRUE,TRUE
5858555,"gate_30",37,TRUE,TRUE
5858606,"gate_30",39,FALSE,FALSE
5858684,"gate_30",475,TRUE,TRUE
5858792,"gate_30",521,TRUE,TRUE
5858848,"gate_40",38,FALSE,TRUE
5858957,"gate_30",4,FALSE,FALSE
5859003,"gate_30",19,TRUE,FALSE
5859082,"gate_30",48,TRUE,FALSE
5859215,"gate_40",102,TRUE,TRUE
5859681,"gate_40",0,FALSE,FALSE
5859930,"gate_40",12,FALSE,FALSE
5859989,"gate_40",2,FALSE,FALSE
5860230,"gate_40",28,TRUE,FALSE
5860382,"gate_40",6,FALSE,FALSE
5860557,"gate_40",44,TRUE,FALSE
5860563,"gate_40",385,TRUE,TRUE
5860597,"gate_40",12,FALSE,FALSE
5860901,"gate_40",3,FALSE,FALSE
5860904,"gate_40",69,TRUE,FALSE
5860943,"gate_30",12,TRUE,FALSE
5861036,"gate_30",14,FALSE,FALSE
5861072,"gate_40",86,TRUE,FALSE
5861141,"gate_30",1,FALSE,FALSE
5861160,"gate_40",337,TRUE,TRUE
5861302,"gate_40",151,TRUE,TRUE
5861334,"gate_40",205,TRUE,TRUE
5861510,"gate_30",1,TRUE,FALSE
5861599,"gate_40",67,TRUE,FALSE
5861637,"gate_30",19,FALSE,TRUE
5861746,"gate_30",50,TRUE,FALSE
5861851,"gate_40",4,TRUE,FALSE
5861921,"gate_30",52,FALSE,TRUE
5862179,"gate_30",80,TRUE,TRUE
5862324,"gate_40",23,TRUE,FALSE
5862327,"gate_40",4,FALSE,FALSE
5862694,"gate_40",28,TRUE,FALSE
5862875,"gate_40",5,FALSE,FALSE
5862922,"gate_30",11,TRUE,FALSE
5863009,"gate_30",53,TRUE,FALSE
5863122,"gate_30",3,FALSE,FALSE
5863159,"gate_40",1,FALSE,FALSE
5863231,"gate_40",25,FALSE,FALSE
5863381,"gate_30",10,FALSE,FALSE
5863492,"gate_40",0,FALSE,FALSE
5863511,"gate_40",15,TRUE,FALSE
5863607,"gate_30",35,FALSE,FALSE
5863618,"gate_30",10,FALSE,TRUE
5863819,"gate_40",2,FALSE,FALSE
5863959,"gate_30",38,TRUE,FALSE
5864011,"gate_40",0,FALSE,FALSE
5864040,"gate_30",747,TRUE,TRUE
5864070,"gate_40",25,TRUE,FALSE
5864123,"gate_40",44,TRUE,FALSE
5864229,"gate_40",23,TRUE,FALSE
5864282,"gate_30",37,TRUE,FALSE
5864290,"gate_40",5,FALSE,FALSE
5864541,"gate_40",34,TRUE,FALSE
5864573,"gate_40",0,FALSE,FALSE
5864689,"gate_30",112,FALSE,TRUE
5864804,"gate_30",31,TRUE,FALSE
5864852,"gate_40",116,FALSE,TRUE
5864996,"gate_30",5,TRUE,FALSE
5865086,"gate_30",16,TRUE,FALSE
5865111,"gate_40",234,TRUE,FALSE
5865118,"gate_40",2,FALSE,FALSE
5865294,"gate_40",42,TRUE,FALSE
5865368,"gate_30",27,TRUE,FALSE
5865482,"gate_30",13,FALSE,FALSE
5865546,"gate_30",11,FALSE,FALSE
5865650,"gate_30",4,FALSE,FALSE
5865737,"gate_30",0,FALSE,FALSE
5865911,"gate_40",16,TRUE,TRUE
5865939,"gate_40",5,FALSE,FALSE
5866120,"gate_40",17,FALSE,TRUE
5866277,"gate_30",2,FALSE,FALSE
5866278,"gate_40",26,FALSE,FALSE
5866316,"gate_30",21,TRUE,FALSE
5866435,"gate_30",19,FALSE,FALSE
5866556,"gate_30",95,FALSE,FALSE
5866769,"gate_40",2,FALSE,FALSE
5866846,"gate_30",4,FALSE,FALSE
5866876,"gate_30",242,TRUE,TRUE
5866904,"gate_30",5,FALSE,FALSE
5866914,"gate_30",0,FALSE,FALSE
5867064,"gate_30",4,FALSE,FALSE
5867287,"gate_30",18,FALSE,TRUE
5867380,"gate_40",26,TRUE,FALSE
5867397,"gate_40",37,TRUE,FALSE
5867478,"gate_40",70,TRUE,FALSE
5867502,"gate_40",18,TRUE,FALSE
5867700,"gate_30",13,FALSE,FALSE
5867761,"gate_40",1,FALSE,FALSE
5867894,"gate_40",3,FALSE,FALSE
5867936,"gate_40",82,TRUE,FALSE
5867967,"gate_30",1,FALSE,FALSE
5868126,"gate_40",11,FALSE,FALSE
5868872,"gate_30",2,FALSE,FALSE
5869081,"gate_40",13,FALSE,FALSE
5869089,"gate_30",15,TRUE,FALSE
5869253,"gate_40",0,FALSE,FALSE
5869386,"gate_30",10,FALSE,FALSE
5869844,"gate_30",2,FALSE,TRUE
5869948,"gate_30",8,FALSE,FALSE
5870070,"gate_40",9,FALSE,FALSE
5870078,"gate_40",1,FALSE,FALSE
5870085,"gate_30",152,TRUE,TRUE
5870104,"gate_40",4,FALSE,FALSE
5870152,"gate_40",30,FALSE,TRUE
5870193,"gate_30",59,TRUE,TRUE
5870356,"gate_30",46,TRUE,TRUE
5870391,"gate_40",6,FALSE,FALSE
5870398,"gate_40",0,FALSE,FALSE
5870531,"gate_40",32,TRUE,FALSE
5870573,"gate_30",0,FALSE,FALSE
5870687,"gate_40",4,FALSE,FALSE
5870761,"gate_30",4,FALSE,FALSE
5871049,"gate_30",8,FALSE,FALSE
5871094,"gate_30",13,TRUE,FALSE
5871152,"gate_30",25,TRUE,FALSE
5871231,"gate_40",1028,TRUE,TRUE
5871436,"gate_30",7,FALSE,FALSE
5871578,"gate_30",3,FALSE,FALSE
5871614,"gate_30",8,FALSE,FALSE
5871792,"gate_30",18,TRUE,FALSE
5871795,"gate_40",3,FALSE,FALSE
5871873,"gate_40",4,FALSE,FALSE
5872114,"gate_30",7,FALSE,FALSE
5872124,"gate_30",35,TRUE,FALSE
5872427,"gate_40",13,FALSE,FALSE
5873061,"gate_40",1,FALSE,FALSE
5873318,"gate_30",466,TRUE,TRUE
5873508,"gate_40",11,TRUE,FALSE
5873690,"gate_40",6,TRUE,FALSE
5873781,"gate_30",17,TRUE,FALSE
5873835,"gate_40",497,TRUE,TRUE
5873939,"gate_30",2,FALSE,FALSE
5874033,"gate_30",1,FALSE,FALSE
5874132,"gate_30",24,TRUE,FALSE
5874269,"gate_30",70,FALSE,TRUE
5874324,"gate_30",9,FALSE,FALSE
5874351,"gate_30",39,TRUE,TRUE
5874378,"gate_40",16,FALSE,FALSE
5874390,"gate_30",2,FALSE,FALSE
5874395,"gate_40",2,FALSE,FALSE
5874660,"gate_40",18,TRUE,FALSE
5874671,"gate_40",2,FALSE,FALSE
5874912,"gate_40",58,TRUE,TRUE
5875055,"gate_30",4,FALSE,FALSE
5875102,"gate_40",27,FALSE,FALSE
5875327,"gate_40",8,FALSE,FALSE
5875429,"gate_40",0,FALSE,FALSE
5875500,"gate_30",15,FALSE,TRUE
5875554,"gate_40",8,FALSE,FALSE
5875763,"gate_40",5,FALSE,FALSE
5875850,"gate_30",8,FALSE,FALSE
5875877,"gate_40",45,TRUE,TRUE
5875878,"gate_30",28,TRUE,FALSE
5875974,"gate_40",16,TRUE,FALSE
5875983,"gate_30",2,FALSE,FALSE
5876367,"gate_40",91,TRUE,TRUE
5876532,"gate_40",76,FALSE,TRUE
5876553,"gate_40",8,FALSE,FALSE
5876749,"gate_30",2,TRUE,FALSE
5876757,"gate_30",75,TRUE,FALSE
5876934,"gate_30",44,TRUE,FALSE
5877109,"gate_40",0,FALSE,FALSE
5877204,"gate_30",103,TRUE,TRUE
5877250,"gate_40",2,FALSE,FALSE
5877291,"gate_40",20,FALSE,FALSE
5877324,"gate_40",6,FALSE,FALSE
5877595,"gate_30",8,FALSE,FALSE
5877747,"gate_30",61,TRUE,TRUE
5877863,"gate_40",96,TRUE,TRUE
5878317,"gate_30",6,FALSE,FALSE
5878741,"gate_30",75,TRUE,FALSE
5879061,"gate_30",3,FALSE,FALSE
5879099,"gate_30",40,FALSE,FALSE
5879106,"gate_40",3,FALSE,FALSE
5879186,"gate_30",39,TRUE,FALSE
5879210,"gate_30",4,FALSE,FALSE
5879425,"gate_30",35,TRUE,FALSE
5879586,"gate_40",3,FALSE,FALSE
5879674,"gate_30",49,TRUE,FALSE
5879686,"gate_40",10,FALSE,FALSE
5879972,"gate_40",4,FALSE,FALSE
5880024,"gate_30",40,TRUE,TRUE
5880028,"gate_40",22,TRUE,FALSE
5880145,"gate_40",39,TRUE,TRUE
5880193,"gate_30",11,TRUE,FALSE
5880238,"gate_30",6,FALSE,FALSE
5880343,"gate_40",81,TRUE,TRUE
5880457,"gate_30",16,TRUE,FALSE
5880535,"gate_30",25,FALSE,FALSE
5881149,"gate_30",235,TRUE,TRUE
5881152,"gate_30",4,FALSE,FALSE
5881189,"gate_30",50,TRUE,FALSE
5881317,"gate_30",8,FALSE,FALSE
5881325,"gate_40",87,TRUE,TRUE
5881439,"gate_40",22,TRUE,FALSE
5881564,"gate_30",6,FALSE,FALSE
5881756,"gate_30",14,FALSE,FALSE
5881919,"gate_30",5,FALSE,FALSE
5881945,"gate_40",19,FALSE,FALSE
5882188,"gate_40",11,FALSE,FALSE
5882202,"gate_40",125,TRUE,FALSE
5882352,"gate_40",152,TRUE,FALSE
5882408,"gate_30",48,TRUE,FALSE
5882575,"gate_40",42,FALSE,FALSE
5882594,"gate_30",20,TRUE,FALSE
5882682,"gate_40",1,FALSE,FALSE
5882743,"gate_30",32,FALSE,FALSE
5882771,"gate_40",16,FALSE,FALSE
5882954,"gate_40",6,FALSE,FALSE
5883013,"gate_30",7,FALSE,FALSE
5883076,"gate_30",4,FALSE,FALSE
5883094,"gate_40",14,TRUE,FALSE
5883183,"gate_30",2,TRUE,FALSE
5883468,"gate_40",2,FALSE,FALSE
5883644,"gate_30",19,FALSE,TRUE
5883773,"gate_30",239,TRUE,FALSE
5884026,"gate_40",183,TRUE,TRUE
5884081,"gate_40",39,TRUE,TRUE
5884196,"gate_40",5,TRUE,FALSE
5884254,"gate_40",21,FALSE,FALSE
5884590,"gate_30",176,TRUE,FALSE
5884872,"gate_40",1,FALSE,FALSE
5884980,"gate_30",34,TRUE,FALSE
5885201,"gate_30",202,FALSE,FALSE
5885249,"gate_40",28,TRUE,FALSE
5885287,"gate_30",114,TRUE,FALSE
5885371,"gate_30",36,TRUE,FALSE
5885462,"gate_30",30,TRUE,FALSE
5885565,"gate_30",25,TRUE,FALSE
5885575,"gate_40",3,FALSE,FALSE
5885612,"gate_30",8,FALSE,FALSE
5885655,"gate_30",22,TRUE,FALSE
5885784,"gate_30",9,TRUE,FALSE
5885914,"gate_30",41,FALSE,FALSE
5885954,"gate_30",5,TRUE,FALSE
5886162,"gate_30",38,TRUE,TRUE
5886236,"gate_40",8,FALSE,FALSE
5886354,"gate_40",0,FALSE,FALSE
5886357,"gate_40",4,FALSE,FALSE
5886379,"gate_40",1132,TRUE,TRUE
5886407,"gate_40",6,TRUE,FALSE
5886527,"gate_40",12,FALSE,FALSE
5886530,"gate_30",220,TRUE,TRUE
5886557,"gate_30",52,TRUE,FALSE
5886571,"gate_30",7,FALSE,FALSE
5886627,"gate_30",56,TRUE,FALSE
5886662,"gate_40",26,FALSE,FALSE
5886701,"gate_40",356,TRUE,TRUE
5887070,"gate_30",0,TRUE,FALSE
5887127,"gate_30",3,FALSE,FALSE
5887169,"gate_40",10,FALSE,FALSE
5887205,"gate_40",28,TRUE,FALSE
5887237,"gate_40",63,TRUE,FALSE
5887256,"gate_30",54,TRUE,FALSE
5887408,"gate_40",69,TRUE,TRUE
5887410,"gate_40",27,FALSE,FALSE
5887448,"gate_40",2,FALSE,FALSE
5887772,"gate_30",1,FALSE,FALSE
5887917,"gate_40",15,FALSE,FALSE
5888037,"gate_40",6,FALSE,FALSE
5888076,"gate_40",4,FALSE,FALSE
5888214,"gate_30",43,FALSE,FALSE
5888412,"gate_40",17,FALSE,FALSE
5888589,"gate_30",0,FALSE,FALSE
5888703,"gate_30",6,FALSE,FALSE
5888709,"gate_40",74,TRUE,FALSE
5888806,"gate_30",15,TRUE,FALSE
5888831,"gate_30",41,FALSE,TRUE
5888846,"gate_30",19,FALSE,FALSE
5889036,"gate_30",12,FALSE,FALSE
5889081,"gate_30",1,FALSE,FALSE
5889111,"gate_30",32,FALSE,FALSE
5889189,"gate_30",3,FALSE,FALSE
5889242,"gate_40",434,TRUE,TRUE
5889710,"gate_40",28,FALSE,FALSE
5889773,"gate_40",34,TRUE,FALSE
5889849,"gate_30",160,TRUE,TRUE
5890332,"gate_30",152,TRUE,FALSE
5890406,"gate_30",5,FALSE,FALSE
5890500,"gate_40",7,FALSE,FALSE
5890699,"gate_40",53,TRUE,FALSE
5890728,"gate_30",43,TRUE,FALSE
5890770,"gate_30",16,TRUE,FALSE
5890798,"gate_30",68,TRUE,FALSE
5890945,"gate_40",55,TRUE,TRUE
5890949,"gate_30",9,TRUE,TRUE
5891090,"gate_40",7,TRUE,FALSE
5891239,"gate_40",20,FALSE,FALSE
5891274,"gate_40",32,TRUE,FALSE
5891412,"gate_30",4,TRUE,TRUE
5891562,"gate_40",5,TRUE,FALSE
5891579,"gate_30",24,FALSE,FALSE
5891585,"gate_30",4,FALSE,FALSE
5891758,"gate_30",23,FALSE,FALSE
5891841,"gate_30",6,FALSE,FALSE
5891943,"gate_30",9,TRUE,FALSE
5892009,"gate_30",80,FALSE,FALSE
5892039,"gate_40",5,FALSE,FALSE
5892086,"gate_40",116,FALSE,FALSE
5892091,"gate_30",44,FALSE,FALSE
5892206,"gate_40",14,FALSE,FALSE
5892207,"gate_30",129,FALSE,FALSE
5892320,"gate_30",3,FALSE,FALSE
5892346,"gate_40",42,FALSE,FALSE
5892355,"gate_30",334,TRUE,TRUE
5892418,"gate_30",10,FALSE,FALSE
5892558,"gate_30",22,TRUE,FALSE
5892571,"gate_30",8,TRUE,FALSE
5892624,"gate_40",27,FALSE,FALSE
5892695,"gate_40",2,FALSE,FALSE
5892776,"gate_40",11,FALSE,FALSE
5892933,"gate_30",14,FALSE,FALSE
5892938,"gate_30",7,FALSE,FALSE
5893024,"gate_40",32,TRUE,FALSE
5893048,"gate_40",19,FALSE,FALSE
5893050,"gate_30",82,TRUE,FALSE
5893111,"gate_30",12,FALSE,FALSE
5893183,"gate_30",18,TRUE,FALSE
5893555,"gate_30",420,TRUE,TRUE
5893687,"gate_30",238,TRUE,TRUE
5893708,"gate_30",5,FALSE,FALSE
5893805,"gate_30",3,FALSE,FALSE
5893841,"gate_40",8,TRUE,FALSE
5894058,"gate_30",1,FALSE,FALSE
5894205,"gate_40",0,FALSE,FALSE
5894364,"gate_30",5,FALSE,FALSE
5894553,"gate_30",12,FALSE,FALSE
5894640,"gate_30",1,FALSE,FALSE
5894652,"gate_30",94,TRUE,TRUE
5894730,"gate_30",22,TRUE,FALSE
5894771,"gate_40",5,FALSE,FALSE
5894966,"gate_40",70,TRUE,TRUE
5894978,"gate_30",22,TRUE,FALSE
5894996,"gate_40",132,TRUE,TRUE
5895050,"gate_30",3,FALSE,FALSE
5895104,"gate_30",156,FALSE,FALSE
5895219,"gate_40",121,TRUE,FALSE
5895233,"gate_30",47,TRUE,FALSE
5895333,"gate_40",272,TRUE,TRUE
5895565,"gate_40",3,FALSE,FALSE
5895589,"gate_30",7,TRUE,FALSE
5896190,"gate_40",3,FALSE,FALSE
5896362,"gate_40",0,FALSE,FALSE
5896416,"gate_40",1,FALSE,FALSE
5896507,"gate_40",2,FALSE,FALSE
5896737,"gate_30",1,FALSE,FALSE
5896957,"gate_40",64,TRUE,FALSE
5897005,"gate_40",5,FALSE,FALSE
5897164,"gate_30",187,TRUE,TRUE
5897251,"gate_30",1,FALSE,FALSE
5897320,"gate_40",8,FALSE,FALSE
5897369,"gate_40",20,FALSE,FALSE
5897437,"gate_30",49,TRUE,FALSE
5897440,"gate_40",372,TRUE,TRUE
5897480,"gate_30",11,FALSE,FALSE
5897514,"gate_40",15,FALSE,FALSE
5897831,"gate_30",6,TRUE,FALSE
5898192,"gate_30",69,TRUE,FALSE
5898546,"gate_40",13,TRUE,FALSE
5898814,"gate_30",53,TRUE,FALSE
5898828,"gate_40",36,TRUE,TRUE
5898859,"gate_30",12,FALSE,FALSE
5899037,"gate_40",29,FALSE,FALSE
5899053,"gate_30",25,FALSE,FALSE
5899158,"gate_30",34,TRUE,FALSE
5899388,"gate_40",24,FALSE,FALSE
5899479,"gate_30",91,TRUE,TRUE
5899577,"gate_30",2,FALSE,TRUE
5899725,"gate_30",21,TRUE,FALSE
5899915,"gate_40",8,FALSE,FALSE
5899931,"gate_40",75,TRUE,FALSE
5900015,"gate_30",18,FALSE,FALSE
5900020,"gate_40",17,TRUE,FALSE
5900079,"gate_30",5,FALSE,FALSE
5900288,"gate_30",31,FALSE,FALSE
5900322,"gate_40",161,TRUE,TRUE
5900385,"gate_40",47,TRUE,FALSE
5900716,"gate_40",38,TRUE,FALSE
5900980,"gate_40",2,FALSE,FALSE
5900997,"gate_40",2,TRUE,FALSE
5901302,"gate_40",18,TRUE,FALSE
5901322,"gate_40",6,FALSE,FALSE
5901338,"gate_30",4,TRUE,FALSE
5901388,"gate_30",80,FALSE,TRUE
5901427,"gate_40",279,TRUE,TRUE
5901500,"gate_30",19,TRUE,FALSE
5901519,"gate_40",286,TRUE,FALSE
5901525,"gate_40",11,FALSE,FALSE
5901532,"gate_30",1,FALSE,FALSE
5901565,"gate_40",40,FALSE,FALSE
5901576,"gate_30",9,TRUE,FALSE
5901669,"gate_40",126,TRUE,TRUE
5901750,"gate_40",54,FALSE,FALSE
5901866,"gate_30",5,FALSE,FALSE
5902058,"gate_30",30,FALSE,TRUE
5902386,"gate_40",81,TRUE,TRUE
5902543,"gate_40",16,FALSE,FALSE
5902557,"gate_30",92,TRUE,FALSE
5902594,"gate_40",75,TRUE,FALSE
5902632,"gate_40",9,FALSE,FALSE
5902672,"gate_40",18,FALSE,FALSE
5902682,"gate_40",167,TRUE,TRUE
5902695,"gate_30",65,TRUE,FALSE
5902945,"gate_30",4,FALSE,FALSE
5902989,"gate_40",49,TRUE,FALSE
5903110,"gate_30",1,FALSE,FALSE
5903111,"gate_40",125,TRUE,TRUE
5903389,"gate_40",2,FALSE,FALSE
5903493,"gate_40",3,FALSE,TRUE
5903519,"gate_40",17,FALSE,TRUE
5903761,"gate_30",4,FALSE,FALSE
5903818,"gate_30",18,FALSE,FALSE
5903849,"gate_30",5,FALSE,FALSE
5903876,"gate_30",4,FALSE,FALSE
5903944,"gate_30",4,FALSE,FALSE
5904042,"gate_30",8,FALSE,FALSE
5904043,"gate_30",1,FALSE,FALSE
5904164,"gate_30",32,TRUE,TRUE
5904319,"gate_40",54,TRUE,FALSE
5904325,"gate_30",1,FALSE,FALSE
5904565,"gate_40",34,FALSE,FALSE
5904586,"gate_30",138,TRUE,FALSE
5904805,"gate_40",29,TRUE,FALSE
5904900,"gate_40",71,TRUE,TRUE
5904942,"gate_30",15,FALSE,FALSE
5905184,"gate_40",0,FALSE,FALSE
5905252,"gate_30",65,TRUE,FALSE
5905346,"gate_40",148,TRUE,TRUE
5905367,"gate_30",21,FALSE,TRUE
5905396,"gate_40",42,TRUE,TRUE
5905563,"gate_40",19,TRUE,FALSE
5905615,"gate_40",1,FALSE,FALSE
5905716,"gate_30",42,TRUE,FALSE
5905749,"gate_30",23,TRUE,FALSE
5906330,"gate_40",4,FALSE,TRUE
5906352,"gate_30",13,FALSE,TRUE
5906493,"gate_40",58,TRUE,TRUE
5906581,"gate_40",21,TRUE,FALSE
5906584,"gate_40",66,FALSE,FALSE
5906646,"gate_30",6,TRUE,FALSE
5906812,"gate_30",42,TRUE,TRUE
5906823,"gate_30",12,FALSE,FALSE
5906954,"gate_40",382,TRUE,TRUE
5907053,"gate_30",6,FALSE,FALSE
5907228,"gate_30",5,FALSE,FALSE
5907327,"gate_30",7,FALSE,FALSE
5907360,"gate_40",91,TRUE,TRUE
5907621,"gate_30",0,FALSE,FALSE
5907644,"gate_40",29,TRUE,TRUE
5907675,"gate_40",9,FALSE,FALSE
5907760,"gate_30",16,FALSE,FALSE
5907845,"gate_40",13,FALSE,FALSE
5907966,"gate_40",67,TRUE,TRUE
5908146,"gate_30",9,FALSE,FALSE
5908364,"gate_30",20,FALSE,TRUE
5908520,"gate_30",13,TRUE,TRUE
5908741,"gate_30",493,TRUE,TRUE
5908973,"gate_40",30,TRUE,FALSE
5909170,"gate_30",0,FALSE,FALSE
5909244,"gate_40",2,FALSE,FALSE
5909270,"gate_40",369,TRUE,TRUE
5909462,"gate_40",4,FALSE,FALSE
5909524,"gate_40",116,FALSE,TRUE
5909527,"gate_40",9,FALSE,FALSE
5909997,"gate_40",6,FALSE,FALSE
5910013,"gate_30",16,TRUE,FALSE
5910150,"gate_30",9,FALSE,FALSE
5910168,"gate_30",49,TRUE,FALSE
5910376,"gate_30",39,TRUE,FALSE
5910757,"gate_30",25,FALSE,TRUE
5910838,"gate_30",6,FALSE,FALSE
5910954,"gate_30",141,TRUE,TRUE
5910982,"gate_40",81,FALSE,TRUE
5911264,"gate_40",53,FALSE,FALSE
5911330,"gate_30",2,FALSE,FALSE
5911384,"gate_30",21,FALSE,FALSE
5911473,"gate_40",36,TRUE,FALSE
5911577,"gate_30",12,FALSE,FALSE
5911716,"gate_30",8,TRUE,FALSE
5911810,"gate_30",37,TRUE,FALSE
5911845,"gate_40",17,FALSE,FALSE
5911966,"gate_40",201,TRUE,TRUE
5912182,"gate_40",28,TRUE,FALSE
5912226,"gate_30",91,FALSE,TRUE
5912244,"gate_40",0,FALSE,FALSE
5912257,"gate_40",2,TRUE,FALSE
5912355,"gate_40",26,FALSE,FALSE
5912402,"gate_30",15,FALSE,FALSE
5912412,"gate_30",207,TRUE,TRUE
5912435,"gate_40",19,FALSE,FALSE
5912489,"gate_40",29,TRUE,FALSE
5912529,"gate_30",3,FALSE,FALSE
5912631,"gate_40",20,TRUE,FALSE
5912711,"gate_30",0,FALSE,FALSE
5912753,"gate_30",114,TRUE,FALSE
5912762,"gate_30",4,FALSE,FALSE
5912862,"gate_40",11,FALSE,FALSE
5913029,"gate_40",85,TRUE,FALSE
5913049,"gate_30",2,FALSE,FALSE
5913168,"gate_30",17,FALSE,FALSE
5913432,"gate_30",4,FALSE,FALSE
5913519,"gate_40",20,TRUE,FALSE
5913611,"gate_40",6,FALSE,FALSE
5913619,"gate_30",1,FALSE,FALSE
5913689,"gate_30",15,FALSE,FALSE
5913832,"gate_30",93,TRUE,FALSE
5914007,"gate_30",12,TRUE,TRUE
5914021,"gate_40",21,FALSE,FALSE
5914165,"gate_30",11,FALSE,FALSE
5914198,"gate_40",3,FALSE,FALSE
5914236,"gate_40",12,TRUE,FALSE
5914260,"gate_40",7,FALSE,TRUE
5914430,"gate_40",210,TRUE,TRUE
5914565,"gate_30",0,FALSE,FALSE
5914592,"gate_30",2,FALSE,FALSE
5914640,"gate_40",39,TRUE,FALSE
5914722,"gate_30",2,FALSE,FALSE
5914772,"gate_30",20,TRUE,FALSE
5914775,"gate_40",25,FALSE,FALSE
5914913,"gate_30",14,FALSE,FALSE
5914967,"gate_30",6,FALSE,FALSE
5915145,"gate_40",37,TRUE,FALSE
5915328,"gate_30",6,FALSE,FALSE
5915441,"gate_30",2,TRUE,FALSE
5915497,"gate_30",20,FALSE,FALSE
5915555,"gate_40",1,FALSE,FALSE
5915772,"gate_40",44,FALSE,FALSE
5915962,"gate_40",4,FALSE,FALSE
5916533,"gate_30",5,FALSE,FALSE
5916561,"gate_30",36,TRUE,TRUE
5916729,"gate_40",126,TRUE,FALSE
5916730,"gate_40",132,TRUE,TRUE
5916816,"gate_40",113,FALSE,FALSE
5916898,"gate_40",10,FALSE,TRUE
5916941,"gate_30",101,TRUE,TRUE
5917118,"gate_30",41,TRUE,FALSE
5917186,"gate_40",20,FALSE,TRUE
5917388,"gate_40",15,FALSE,FALSE
5917437,"gate_30",0,FALSE,FALSE
5917509,"gate_30",18,FALSE,FALSE
5917691,"gate_30",3,FALSE,FALSE
5917719,"gate_40",14,FALSE,FALSE
5917725,"gate_30",30,TRUE,FALSE
5917967,"gate_30",17,FALSE,FALSE
5918013,"gate_40",8,FALSE,FALSE
5918303,"gate_40",2,FALSE,FALSE
5918356,"gate_30",15,FALSE,FALSE
5918572,"gate_30",12,FALSE,FALSE
5918670,"gate_30",32,TRUE,TRUE
5918808,"gate_40",0,FALSE,FALSE
5918832,"gate_40",2,FALSE,FALSE
5918887,"gate_30",46,TRUE,FALSE
5918908,"gate_30",114,TRUE,FALSE
5918936,"gate_40",3,FALSE,FALSE
5918942,"gate_30",31,TRUE,FALSE
5919036,"gate_30",7,FALSE,FALSE
5919234,"gate_40",5,FALSE,FALSE
5919312,"gate_40",146,TRUE,FALSE
5919357,"gate_30",3,FALSE,FALSE
5919418,"gate_40",4,FALSE,FALSE
5919430,"gate_30",64,TRUE,FALSE
5919679,"gate_40",70,TRUE,FALSE
5919717,"gate_40",2,FALSE,FALSE
5919803,"gate_40",14,FALSE,FALSE
5919850,"gate_40",8,FALSE,FALSE
5919874,"gate_40",159,TRUE,TRUE
5920176,"gate_30",3,FALSE,FALSE
5920204,"gate_30",2,FALSE,FALSE
5920239,"gate_40",50,TRUE,FALSE
5920374,"gate_40",102,FALSE,TRUE
5920398,"gate_30",193,FALSE,TRUE
5920437,"gate_40",12,FALSE,FALSE
5920723,"gate_30",27,TRUE,FALSE
5921073,"gate_30",14,FALSE,FALSE
5921354,"gate_30",0,FALSE,FALSE
5921518,"gate_30",11,TRUE,FALSE
5921584,"gate_40",1,FALSE,FALSE
5921666,"gate_30",1,FALSE,FALSE
5921761,"gate_40",29,TRUE,TRUE
5921897,"gate_40",19,TRUE,FALSE
5922033,"gate_30",3,FALSE,FALSE
5922379,"gate_30",17,TRUE,TRUE
5922527,"gate_40",34,TRUE,FALSE
5922704,"gate_40",6,TRUE,FALSE
5922854,"gate_30",19,TRUE,FALSE
5923020,"gate_30",99,TRUE,FALSE
5923086,"gate_40",2,FALSE,FALSE
5923133,"gate_30",108,TRUE,FALSE
5923258,"gate_30",14,FALSE,FALSE
5923330,"gate_30",11,FALSE,FALSE
5923439,"gate_40",3,FALSE,FALSE
5923538,"gate_30",16,TRUE,FALSE
5923664,"gate_30",83,TRUE,FALSE
5923745,"gate_40",31,FALSE,FALSE
5924110,"gate_40",10,TRUE,FALSE
5924143,"gate_30",71,FALSE,FALSE
5924225,"gate_30",4,FALSE,FALSE
5924452,"gate_30",20,FALSE,FALSE
5924609,"gate_40",10,TRUE,TRUE
5924696,"gate_40",120,TRUE,TRUE
5924699,"gate_30",29,TRUE,FALSE
5924731,"gate_40",3,FALSE,FALSE
5924878,"gate_40",23,FALSE,FALSE
5925123,"gate_40",5,FALSE,FALSE
5925232,"gate_30",12,TRUE,FALSE
5925385,"gate_30",1,FALSE,FALSE
5925529,"gate_30",13,TRUE,FALSE
5925790,"gate_40",4,FALSE,FALSE
5925833,"gate_30",29,FALSE,FALSE
5925847,"gate_40",3,FALSE,FALSE
5925946,"gate_30",487,TRUE,TRUE
5926072,"gate_30",89,TRUE,TRUE
5926123,"gate_30",26,FALSE,FALSE
5926202,"gate_40",19,FALSE,FALSE
5926272,"gate_40",12,FALSE,FALSE
5926332,"gate_30",37,TRUE,TRUE
5926444,"gate_40",1,FALSE,FALSE
5926447,"gate_40",11,FALSE,FALSE
5926528,"gate_30",136,TRUE,FALSE
5926849,"gate_30",3,TRUE,FALSE
5927274,"gate_30",24,FALSE,FALSE
5927316,"gate_40",167,TRUE,TRUE
5927337,"gate_40",35,TRUE,FALSE
5927399,"gate_30",117,FALSE,TRUE
5927413,"gate_30",15,FALSE,FALSE
5927580,"gate_30",33,TRUE,FALSE
5927716,"gate_30",15,TRUE,FALSE
5927924,"gate_40",1,FALSE,FALSE
5927954,"gate_30",18,TRUE,FALSE
5928151,"gate_40",3,FALSE,FALSE
5928247,"gate_30",53,TRUE,FALSE
5928274,"gate_40",7,FALSE,FALSE
5928359,"gate_40",234,TRUE,TRUE
5928466,"gate_40",24,TRUE,FALSE
5928468,"gate_30",2,FALSE,FALSE
5928499,"gate_40",18,FALSE,FALSE
5928559,"gate_30",0,FALSE,FALSE
5928795,"gate_30",44,TRUE,TRUE
5929032,"gate_30",1,FALSE,FALSE
5929140,"gate_40",279,TRUE,TRUE
5929198,"gate_40",56,TRUE,FALSE
5929247,"gate_30",165,TRUE,FALSE
5929537,"gate_30",87,TRUE,FALSE
5929583,"gate_30",5,FALSE,FALSE
5929639,"gate_40",44,FALSE,FALSE
5929667,"gate_40",1,FALSE,FALSE
5929821,"gate_40",15,TRUE,FALSE
5929893,"gate_40",25,TRUE,FALSE
5929894,"gate_40",25,TRUE,TRUE
5929900,"gate_40",5,FALSE,FALSE
5930003,"gate_40",6,FALSE,FALSE
5930073,"gate_30",1,FALSE,FALSE
5930198,"gate_40",36,TRUE,FALSE
5930301,"gate_30",1,FALSE,FALSE
5930313,"gate_30",1,FALSE,FALSE
5930364,"gate_30",1,FALSE,FALSE
5931176,"gate_40",29,TRUE,FALSE
5931225,"gate_40",11,FALSE,FALSE
5931229,"gate_40",345,TRUE,FALSE
5931257,"gate_30",16,TRUE,FALSE
5931322,"gate_30",3,FALSE,FALSE
5931406,"gate_30",6,FALSE,FALSE
5931546,"gate_40",11,FALSE,FALSE
5931612,"gate_40",0,FALSE,FALSE
5931666,"gate_40",85,FALSE,FALSE
5931904,"gate_40",5,TRUE,FALSE
5932033,"gate_30",5,FALSE,FALSE
5932266,"gate_40",14,FALSE,FALSE
5932469,"gate_40",1,FALSE,FALSE
5932587,"gate_40",322,TRUE,TRUE
5932612,"gate_30",4,FALSE,FALSE
5932723,"gate_40",45,TRUE,FALSE
5932760,"gate_40",46,TRUE,TRUE
5932797,"gate_40",198,TRUE,TRUE
5932868,"gate_30",6,FALSE,FALSE
5932970,"gate_40",5,FALSE,FALSE
5933018,"gate_30",2,FALSE,FALSE
5933132,"gate_30",9,TRUE,FALSE
5933135,"gate_30",178,FALSE,FALSE
5933168,"gate_30",6,FALSE,FALSE
5933173,"gate_40",6,TRUE,FALSE
5933217,"gate_40",41,TRUE,FALSE
5933330,"gate_30",3,FALSE,FALSE
5933514,"gate_40",2,FALSE,FALSE
5933583,"gate_30",45,FALSE,TRUE
5933664,"gate_40",21,FALSE,FALSE
5933936,"gate_30",0,FALSE,FALSE
5934018,"gate_30",79,TRUE,TRUE
5934044,"gate_30",1,TRUE,FALSE
5934114,"gate_40",0,FALSE,FALSE
5934213,"gate_40",2,FALSE,FALSE
5934472,"gate_30",36,TRUE,FALSE
5934543,"gate_30",65,TRUE,TRUE
5934707,"gate_40",17,FALSE,FALSE
5934824,"gate_40",50,FALSE,TRUE
5934825,"gate_30",65,TRUE,TRUE
5934878,"gate_40",14,TRUE,FALSE
5934894,"gate_40",1,FALSE,FALSE
5935515,"gate_30",2,FALSE,FALSE
5936082,"gate_40",109,FALSE,FALSE
5936159,"gate_40",2,FALSE,FALSE
5936613,"gate_40",30,FALSE,FALSE
5936624,"gate_30",6,FALSE,FALSE
5936676,"gate_30",30,TRUE,FALSE
5936748,"gate_30",2,FALSE,FALSE
5936871,"gate_40",14,FALSE,FALSE
5936897,"gate_30",10,FALSE,FALSE
5937206,"gate_30",39,FALSE,FALSE
5937305,"gate_30",9,FALSE,FALSE
5937557,"gate_40",20,FALSE,FALSE
5937929,"gate_30",135,FALSE,TRUE
5937934,"gate_30",15,FALSE,FALSE
5937935,"gate_40",1,FALSE,FALSE
5938042,"gate_30",1272,TRUE,TRUE
5938079,"gate_40",15,FALSE,FALSE
5938240,"gate_40",125,TRUE,FALSE
5938354,"gate_30",47,FALSE,FALSE
5938462,"gate_40",26,FALSE,FALSE
5938675,"gate_30",12,FALSE,FALSE
5938700,"gate_40",0,FALSE,FALSE
5938710,"gate_40",61,FALSE,FALSE
5938787,"gate_40",8,TRUE,FALSE
5938899,"gate_40",24,FALSE,FALSE
5938974,"gate_40",3,FALSE,FALSE
5939241,"gate_40",3,FALSE,FALSE
5939243,"gate_40",10,FALSE,FALSE
5939320,"gate_40",17,TRUE,FALSE
5939324,"gate_40",33,TRUE,FALSE
5939338,"gate_40",58,FALSE,TRUE
5939745,"gate_40",0,FALSE,FALSE
5939767,"gate_40",5,FALSE,FALSE
5940030,"gate_40",26,FALSE,FALSE
5940162,"gate_40",4,FALSE,FALSE
5940311,"gate_30",8,FALSE,FALSE
5940397,"gate_40",7,FALSE,FALSE
5940401,"gate_40",17,FALSE,FALSE
5940433,"gate_30",35,TRUE,TRUE
5940440,"gate_30",5,TRUE,FALSE
5940443,"gate_30",56,TRUE,FALSE
5940480,"gate_30",7,FALSE,FALSE
5940827,"gate_40",37,FALSE,FALSE
5941291,"gate_30",6,FALSE,FALSE
5941400,"gate_30",6,FALSE,FALSE
5941459,"gate_30",17,FALSE,FALSE
5941548,"gate_30",11,TRUE,TRUE
5941700,"gate_30",128,TRUE,FALSE
5941821,"gate_40",1,FALSE,FALSE
5941894,"gate_30",1,FALSE,FALSE
5941912,"gate_30",28,FALSE,FALSE
5942034,"gate_40",12,TRUE,FALSE
5942272,"gate_40",11,FALSE,FALSE
5942324,"gate_30",103,TRUE,TRUE
5942489,"gate_40",38,TRUE,FALSE
5942616,"gate_30",480,TRUE,FALSE
5942637,"gate_40",3,FALSE,FALSE
5942811,"gate_30",140,TRUE,TRUE
5943274,"gate_30",43,TRUE,TRUE
5943289,"gate_40",275,FALSE,TRUE
5943470,"gate_40",0,FALSE,FALSE
5943614,"gate_30",82,FALSE,FALSE
5943689,"gate_40",180,TRUE,FALSE
5943693,"gate_30",2,FALSE,FALSE
5943759,"gate_30",1,FALSE,FALSE
5943970,"gate_30",2,FALSE,FALSE
5944002,"gate_40",4,FALSE,FALSE
5944068,"gate_30",408,TRUE,TRUE
5944257,"gate_40",48,TRUE,FALSE
5944468,"gate_30",148,TRUE,FALSE
5944538,"gate_30",12,FALSE,FALSE
5944760,"gate_30",23,TRUE,FALSE
5944795,"gate_30",12,TRUE,TRUE
5944810,"gate_40",0,FALSE,FALSE
5944849,"gate_30",12,TRUE,FALSE
5945001,"gate_40",72,TRUE,FALSE
5945227,"gate_30",34,TRUE,FALSE
5945239,"gate_30",25,FALSE,FALSE
5945354,"gate_40",6,FALSE,FALSE
5945708,"gate_30",26,FALSE,FALSE
5945812,"gate_30",46,TRUE,TRUE
5945918,"gate_30",6,FALSE,FALSE
5946053,"gate_40",2,FALSE,FALSE
5946067,"gate_30",11,FALSE,FALSE
5946099,"gate_40",82,FALSE,FALSE
5946229,"gate_30",10,TRUE,FALSE
5946268,"gate_40",0,FALSE,FALSE
5946298,"gate_30",68,TRUE,TRUE
5946488,"gate_30",17,FALSE,FALSE
5946644,"gate_40",2,FALSE,FALSE
5946924,"gate_40",7,FALSE,FALSE
5947044,"gate_30",229,TRUE,FALSE
5947071,"gate_30",191,TRUE,TRUE
5947072,"gate_30",33,TRUE,TRUE
5947094,"gate_40",48,TRUE,FALSE
5947227,"gate_40",19,FALSE,FALSE
5947256,"gate_40",66,FALSE,FALSE
5947353,"gate_30",5,FALSE,FALSE
5947389,"gate_30",8,FALSE,TRUE
5947463,"gate_40",0,FALSE,FALSE
5947540,"gate_30",1,FALSE,FALSE
5947719,"gate_40",59,TRUE,FALSE
5947743,"gate_30",11,FALSE,FALSE
5947759,"gate_30",74,TRUE,TRUE
5947770,"gate_30",18,TRUE,FALSE
5947792,"gate_40",9,FALSE,FALSE
5947831,"gate_40",81,TRUE,FALSE
5948044,"gate_40",37,TRUE,FALSE
5948298,"gate_30",42,TRUE,FALSE
5948303,"gate_30",105,TRUE,TRUE
5948402,"gate_30",32,TRUE,FALSE
5948450,"gate_40",1,FALSE,FALSE
5948665,"gate_30",11,FALSE,FALSE
5948760,"gate_30",6,TRUE,FALSE
5948762,"gate_40",25,FALSE,FALSE
5948932,"gate_40",3,FALSE,FALSE
5949010,"gate_30",33,TRUE,FALSE
5949104,"gate_40",13,FALSE,FALSE
5949123,"gate_30",101,TRUE,FALSE
5949155,"gate_30",0,FALSE,FALSE
5949177,"gate_30",2,FALSE,FALSE
5949224,"gate_40",543,TRUE,TRUE
5949341,"gate_30",20,FALSE,FALSE
5949391,"gate_30",4,FALSE,FALSE
5949410,"gate_40",11,TRUE,FALSE
5949576,"gate_40",38,TRUE,FALSE
5949635,"gate_40",0,FALSE,FALSE
5949747,"gate_30",39,TRUE,TRUE
5949816,"gate_40",22,TRUE,FALSE
5949842,"gate_30",47,FALSE,FALSE
5949969,"gate_40",152,TRUE,FALSE
5950059,"gate_30",3,FALSE,FALSE
5950180,"gate_40",26,FALSE,FALSE
5950218,"gate_40",203,TRUE,TRUE
5950247,"gate_30",1,FALSE,FALSE
5950454,"gate_30",33,TRUE,FALSE
5950592,"gate_30",4,FALSE,FALSE
5950634,"gate_40",8,TRUE,FALSE
5950658,"gate_30",6,FALSE,FALSE
5950757,"gate_40",12,FALSE,FALSE
5950782,"gate_30",129,TRUE,TRUE
5950838,"gate_30",100,TRUE,TRUE
5950867,"gate_30",0,FALSE,FALSE
5950999,"gate_30",542,TRUE,TRUE
5951147,"gate_30",1,FALSE,FALSE
5951238,"gate_30",6,FALSE,FALSE
5951246,"gate_40",34,TRUE,FALSE
5951295,"gate_40",146,FALSE,FALSE
5951357,"gate_30",12,FALSE,FALSE
5951482,"gate_40",28,FALSE,FALSE
5951515,"gate_30",18,FALSE,FALSE
5951516,"gate_40",14,TRUE,FALSE
5951544,"gate_30",0,FALSE,FALSE
5951562,"gate_40",440,TRUE,TRUE
5951564,"gate_40",7,FALSE,FALSE
5951593,"gate_30",9,FALSE,FALSE
5951636,"gate_30",5,FALSE,FALSE
5951637,"gate_40",22,TRUE,FALSE
5951830,"gate_30",19,FALSE,FALSE
5951859,"gate_30",1,FALSE,FALSE
5952091,"gate_30",21,TRUE,FALSE
5952099,"gate_30",13,TRUE,FALSE
5952175,"gate_30",71,TRUE,FALSE
5952272,"gate_40",1,FALSE,FALSE
5952315,"gate_30",57,TRUE,TRUE
5952359,"gate_40",33,TRUE,TRUE
5952462,"gate_40",479,TRUE,TRUE
5952848,"gate_40",17,TRUE,FALSE
5952890,"gate_40",12,FALSE,FALSE
5952929,"gate_40",2,FALSE,FALSE
5953006,"gate_30",70,TRUE,FALSE
5953007,"gate_40",8,TRUE,FALSE
5953116,"gate_30",59,TRUE,FALSE
5953118,"gate_30",743,TRUE,TRUE
5953135,"gate_40",27,TRUE,FALSE
5953193,"gate_40",3,FALSE,FALSE
5953354,"gate_30",79,FALSE,FALSE
5953356,"gate_30",98,TRUE,FALSE
5953436,"gate_30",73,TRUE,FALSE
5953465,"gate_40",388,TRUE,FALSE
5953519,"gate_40",8,FALSE,FALSE
5953806,"gate_30",5,FALSE,FALSE
5954197,"gate_30",4,FALSE,FALSE
5954336,"gate_40",4,FALSE,FALSE
5954432,"gate_30",44,FALSE,FALSE
5954461,"gate_30",2,FALSE,FALSE
5954538,"gate_30",2,FALSE,FALSE
5954865,"gate_40",0,FALSE,FALSE
5954897,"gate_30",90,TRUE,TRUE
5954926,"gate_40",23,TRUE,FALSE
5954932,"gate_30",3,FALSE,FALSE
5955222,"gate_40",3,FALSE,FALSE
5955241,"gate_40",0,FALSE,FALSE
5955669,"gate_30",39,FALSE,TRUE
5955766,"gate_40",2,FALSE,FALSE
5955954,"gate_30",5,FALSE,FALSE
5956282,"gate_40",2,FALSE,FALSE
5956428,"gate_30",26,TRUE,FALSE
5956554,"gate_30",6,FALSE,FALSE
5956755,"gate_40",0,FALSE,FALSE
5956794,"gate_30",15,FALSE,FALSE
5956868,"gate_40",121,TRUE,FALSE
5956873,"gate_30",137,TRUE,TRUE
5957066,"gate_30",6,TRUE,FALSE
5957227,"gate_40",14,TRUE,FALSE
5957287,"gate_40",71,TRUE,FALSE
5957593,"gate_40",13,FALSE,FALSE
5957847,"gate_40",5,FALSE,FALSE
5957902,"gate_30",4,FALSE,FALSE
5958023,"gate_40",1,FALSE,FALSE
5958034,"gate_30",12,FALSE,FALSE
5958409,"gate_30",9,FALSE,FALSE
5958431,"gate_30",39,FALSE,FALSE
5958505,"gate_40",112,TRUE,TRUE
5958570,"gate_40",80,TRUE,FALSE
5958735,"gate_40",31,TRUE,FALSE
5958807,"gate_40",72,TRUE,TRUE
5958832,"gate_30",14,TRUE,FALSE
5958843,"gate_30",51,FALSE,FALSE
5958931,"gate_30",224,TRUE,TRUE
5958978,"gate_40",10,FALSE,FALSE
5959218,"gate_40",147,TRUE,FALSE
5959734,"gate_40",19,TRUE,FALSE
5959763,"gate_30",41,FALSE,TRUE
5959887,"gate_30",88,TRUE,TRUE
5959904,"gate_30",7,FALSE,FALSE
5959936,"gate_30",3,FALSE,FALSE
5960087,"gate_30",11,TRUE,TRUE
5960119,"gate_30",46,TRUE,FALSE
5960180,"gate_40",2,FALSE,FALSE
5960235,"gate_40",8,TRUE,FALSE
5960429,"gate_30",6,FALSE,FALSE
5960530,"gate_30",77,TRUE,TRUE
5960549,"gate_30",35,TRUE,FALSE
5960654,"gate_30",10,TRUE,FALSE
5960697,"gate_40",31,TRUE,FALSE
5960776,"gate_30",1,FALSE,FALSE
5960784,"gate_30",35,FALSE,FALSE
5961381,"gate_30",55,TRUE,TRUE
5961390,"gate_30",81,TRUE,TRUE
5961414,"gate_40",21,TRUE,FALSE
5961494,"gate_30",23,TRUE,FALSE
5961574,"gate_40",7,FALSE,FALSE
5961687,"gate_40",98,TRUE,FALSE
5961966,"gate_40",42,FALSE,FALSE
5961998,"gate_30",64,TRUE,FALSE
5962066,"gate_30",42,FALSE,FALSE
5962078,"gate_30",7,TRUE,FALSE
5962120,"gate_40",2,FALSE,FALSE
5962421,"gate_30",8,FALSE,FALSE
5962824,"gate_30",1,FALSE,FALSE
5962930,"gate_30",69,TRUE,FALSE
5962994,"gate_30",213,TRUE,FALSE
5963070,"gate_30",139,TRUE,TRUE
5963113,"gate_40",10,FALSE,FALSE
5963137,"gate_40",25,TRUE,FALSE
5963220,"gate_40",4,FALSE,FALSE
5963352,"gate_30",2,FALSE,FALSE
5963455,"gate_40",7,TRUE,TRUE
5963509,"gate_40",31,TRUE,TRUE
5963623,"gate_40",2,FALSE,FALSE
5963739,"gate_40",14,FALSE,TRUE
5964107,"gate_30",5,FALSE,FALSE
5964327,"gate_40",456,TRUE,TRUE
5964352,"gate_30",90,FALSE,TRUE
5964639,"gate_40",39,TRUE,FALSE
5964753,"gate_40",0,FALSE,FALSE
5964787,"gate_40",32,TRUE,FALSE
5964890,"gate_40",3,FALSE,FALSE
5965106,"gate_40",2,FALSE,FALSE
5965218,"gate_30",39,TRUE,FALSE
5965296,"gate_40",2,FALSE,FALSE
5965520,"gate_30",0,FALSE,FALSE
5965542,"gate_30",5,FALSE,FALSE
5965566,"gate_30",42,TRUE,FALSE
5965596,"gate_40",3,FALSE,FALSE
5965603,"gate_40",0,FALSE,FALSE
5965888,"gate_30",6,FALSE,FALSE
5965931,"gate_40",1,FALSE,FALSE
5966079,"gate_40",96,TRUE,FALSE
5966123,"gate_30",0,FALSE,FALSE
5966235,"gate_40",380,TRUE,TRUE
5966364,"gate_30",8,FALSE,FALSE
5966865,"gate_40",13,FALSE,FALSE
5967074,"gate_30",32,FALSE,TRUE
5967105,"gate_40",8,FALSE,FALSE
5967173,"gate_40",71,TRUE,FALSE
5967330,"gate_40",15,FALSE,FALSE
5967411,"gate_30",10,TRUE,FALSE
5967451,"gate_40",40,FALSE,FALSE
5967635,"gate_30",33,FALSE,TRUE
5967679,"gate_30",22,TRUE,FALSE
5967703,"gate_40",32,FALSE,FALSE
5967792,"gate_40",28,FALSE,FALSE
5967991,"gate_30",100,TRUE,TRUE
5968371,"gate_30",22,TRUE,FALSE
5968828,"gate_30",35,FALSE,FALSE
5969001,"gate_30",5,FALSE,FALSE
5969025,"gate_40",148,TRUE,TRUE
5969057,"gate_30",24,FALSE,FALSE
5969065,"gate_40",6,FALSE,FALSE
5969103,"gate_40",3,FALSE,FALSE
5969354,"gate_40",15,TRUE,FALSE
5969516,"gate_40",24,TRUE,FALSE
5969561,"gate_30",22,FALSE,FALSE
5969866,"gate_30",5,FALSE,FALSE
5969921,"gate_40",3,FALSE,FALSE
5970061,"gate_40",49,TRUE,FALSE
5970072,"gate_30",58,TRUE,TRUE
5970130,"gate_40",5,FALSE,FALSE
5970239,"gate_30",127,TRUE,TRUE
5970329,"gate_40",10,TRUE,FALSE
5970580,"gate_40",20,TRUE,FALSE
5970641,"gate_30",55,TRUE,FALSE
5970785,"gate_40",1,FALSE,FALSE
5970787,"gate_40",3,FALSE,FALSE
5970916,"gate_30",3,FALSE,FALSE
5971064,"gate_30",15,TRUE,FALSE
5971099,"gate_30",1,FALSE,FALSE
5971172,"gate_40",430,TRUE,TRUE
5971191,"gate_40",5,FALSE,FALSE
5971324,"gate_40",5,FALSE,FALSE
5971578,"gate_30",7,FALSE,TRUE
5971740,"gate_30",413,TRUE,TRUE
5971780,"gate_40",95,TRUE,FALSE
5971921,"gate_40",13,FALSE,FALSE
5971939,"gate_40",293,TRUE,TRUE
5972165,"gate_30",7,FALSE,FALSE
5972188,"gate_30",266,TRUE,TRUE
5972224,"gate_30",4,FALSE,FALSE
5972278,"gate_40",49,TRUE,FALSE
5972612,"gate_40",1,FALSE,FALSE
5972669,"gate_30",11,FALSE,FALSE
5972671,"gate_40",42,FALSE,FALSE
5972785,"gate_40",2,TRUE,FALSE
5972909,"gate_30",0,FALSE,FALSE
5973025,"gate_40",22,FALSE,FALSE
5973037,"gate_40",57,TRUE,TRUE
5973105,"gate_30",48,FALSE,TRUE
5973371,"gate_30",1,FALSE,FALSE
5973419,"gate_30",3,FALSE,FALSE
5973425,"gate_40",15,TRUE,FALSE
5973513,"gate_40",22,FALSE,FALSE
5973555,"gate_30",47,FALSE,FALSE
5973667,"gate_30",29,TRUE,FALSE
5973740,"gate_30",32,TRUE,FALSE
5974020,"gate_30",33,FALSE,FALSE
5974027,"gate_30",8,FALSE,FALSE
5974041,"gate_40",2,FALSE,FALSE
5974279,"gate_30",1,FALSE,FALSE
5974468,"gate_30",83,TRUE,TRUE
5974494,"gate_40",4,FALSE,FALSE
5974712,"gate_30",50,FALSE,TRUE
5975494,"gate_30",10,FALSE,FALSE
5975729,"gate_30",6,TRUE,FALSE
5975739,"gate_30",46,TRUE,FALSE
5975752,"gate_30",19,FALSE,FALSE
5975762,"gate_30",26,TRUE,FALSE
5975822,"gate_30",1,FALSE,FALSE
5975863,"gate_30",32,TRUE,FALSE
5975917,"gate_30",55,FALSE,FALSE
5975966,"gate_30",48,TRUE,TRUE
5976000,"gate_40",3,TRUE,FALSE
5976046,"gate_30",1,FALSE,FALSE
5976175,"gate_30",3,TRUE,FALSE
5976283,"gate_30",3,FALSE,FALSE
5976360,"gate_40",3,FALSE,FALSE
5976387,"gate_30",14,FALSE,FALSE
5976634,"gate_30",160,TRUE,TRUE
5976640,"gate_30",21,FALSE,FALSE
5976686,"gate_30",33,FALSE,FALSE
5976859,"gate_40",22,FALSE,FALSE
5977047,"gate_30",34,TRUE,FALSE
5977099,"gate_30",3,FALSE,FALSE
5977160,"gate_40",1,FALSE,FALSE
5977307,"gate_40",16,FALSE,FALSE
5977408,"gate_30",8,FALSE,FALSE
5977459,"gate_40",39,TRUE,FALSE
5977494,"gate_30",6,FALSE,FALSE
5977717,"gate_40",32,TRUE,FALSE
5977820,"gate_40",29,TRUE,FALSE
5977900,"gate_30",90,TRUE,TRUE
5978168,"gate_30",38,FALSE,TRUE
5978299,"gate_30",34,TRUE,FALSE
5978369,"gate_40",539,TRUE,TRUE
5978412,"gate_40",2,FALSE,FALSE
5978553,"gate_30",25,FALSE,FALSE
5978598,"gate_40",3,FALSE,FALSE
5978602,"gate_30",19,FALSE,FALSE
5978659,"gate_30",6,FALSE,FALSE
5978813,"gate_30",5,FALSE,FALSE
5978840,"gate_40",31,TRUE,TRUE
5978890,"gate_30",11,FALSE,FALSE
5978905,"gate_40",246,TRUE,FALSE
5978954,"gate_30",31,FALSE,FALSE
5979050,"gate_40",2,FALSE,FALSE
5979170,"gate_40",157,TRUE,FALSE
5979185,"gate_40",0,FALSE,FALSE
5979331,"gate_40",187,TRUE,TRUE
5979363,"gate_30",324,TRUE,TRUE
5979640,"gate_30",0,FALSE,FALSE
5979690,"gate_30",36,TRUE,TRUE
5980050,"gate_30",6,FALSE,FALSE
5980087,"gate_30",12,FALSE,FALSE
5980132,"gate_40",2,FALSE,FALSE
5980213,"gate_30",38,TRUE,FALSE
5980230,"gate_40",43,TRUE,FALSE
5980322,"gate_40",68,FALSE,FALSE
5980409,"gate_30",105,TRUE,TRUE
5980410,"gate_40",0,FALSE,FALSE
5980413,"gate_40",5,TRUE,FALSE
5980595,"gate_40",9,FALSE,FALSE
5980618,"gate_30",20,TRUE,FALSE
5980726,"gate_40",5,FALSE,FALSE
5980734,"gate_30",9,FALSE,FALSE
5980781,"gate_40",12,FALSE,FALSE
5980865,"gate_40",14,FALSE,FALSE
5980934,"gate_40",365,TRUE,TRUE
5980958,"gate_40",2,FALSE,FALSE
5980960,"gate_40",59,TRUE,FALSE
5981065,"gate_30",3,FALSE,FALSE
5981107,"gate_40",601,TRUE,TRUE
5981150,"gate_40",81,TRUE,FALSE
5981366,"gate_40",20,TRUE,FALSE
5981370,"gate_30",5,FALSE,FALSE
5981399,"gate_30",8,FALSE,FALSE
5981431,"gate_30",4,FALSE,FALSE
5981465,"gate_40",14,FALSE,FALSE
5981475,"gate_30",4,FALSE,FALSE
5981645,"gate_30",69,TRUE,TRUE
5981668,"gate_30",16,TRUE,TRUE
5981708,"gate_30",2,FALSE,FALSE
5981735,"gate_30",3,TRUE,FALSE
5981774,"gate_40",2,TRUE,TRUE
5981992,"gate_40",1,FALSE,FALSE
5982041,"gate_30",42,TRUE,TRUE
5982104,"gate_40",19,FALSE,FALSE
5982451,"gate_30",2,FALSE,FALSE
5982616,"gate_30",8,FALSE,FALSE
5982650,"gate_30",44,TRUE,FALSE
5982653,"gate_40",1,FALSE,FALSE
5982717,"gate_40",22,TRUE,FALSE
5982773,"gate_30",6,FALSE,FALSE
5982864,"gate_40",42,TRUE,FALSE
5982885,"gate_40",97,TRUE,FALSE
5982926,"gate_30",56,TRUE,TRUE
5983156,"gate_30",4,FALSE,FALSE
5983495,"gate_40",14,FALSE,FALSE
5983806,"gate_30",14,TRUE,FALSE
5983898,"gate_30",29,FALSE,FALSE
5984012,"gate_40",74,FALSE,FALSE
5984046,"gate_40",8,FALSE,FALSE
5984052,"gate_40",1,FALSE,FALSE
5984079,"gate_30",0,FALSE,FALSE
5984251,"gate_30",43,FALSE,FALSE
5984326,"gate_40",1,FALSE,FALSE
5984365,"gate_30",125,TRUE,TRUE
5984430,"gate_40",5,FALSE,FALSE
5984437,"gate_30",16,FALSE,FALSE
5984513,"gate_40",8,FALSE,FALSE
5984587,"gate_40",4,FALSE,FALSE
5984620,"gate_30",1,FALSE,FALSE
5984826,"gate_40",28,TRUE,TRUE
5984935,"gate_40",81,TRUE,FALSE
5984974,"gate_40",71,TRUE,TRUE
5985162,"gate_40",1,FALSE,FALSE
5985237,"gate_40",5,FALSE,FALSE
5985243,"gate_40",16,FALSE,FALSE
5985303,"gate_40",25,FALSE,FALSE
5985395,"gate_40",3,FALSE,FALSE
5985444,"gate_30",47,TRUE,FALSE
5985773,"gate_40",97,TRUE,FALSE
5986015,"gate_30",0,FALSE,FALSE
5986108,"gate_40",28,FALSE,FALSE
5986459,"gate_30",1,FALSE,FALSE
5986483,"gate_40",1,FALSE,FALSE
5986612,"gate_30",2,FALSE,FALSE
5986703,"gate_40",54,FALSE,FALSE
5986770,"gate_30",116,TRUE,FALSE
5987025,"gate_30",89,TRUE,TRUE
5987051,"gate_30",272,TRUE,TRUE
5987058,"gate_30",125,FALSE,FALSE
5987078,"gate_40",70,TRUE,FALSE
5987145,"gate_30",15,FALSE,FALSE
5987355,"gate_40",38,FALSE,FALSE
5987458,"gate_40",21,TRUE,FALSE
5987704,"gate_40",120,TRUE,TRUE
5987893,"gate_30",13,FALSE,FALSE
5988070,"gate_30",54,TRUE,TRUE
5988091,"gate_40",14,FALSE,FALSE
5988279,"gate_40",149,TRUE,TRUE
5988433,"gate_40",1,FALSE,FALSE
5988887,"gate_30",22,TRUE,FALSE
5988984,"gate_30",3,FALSE,FALSE
5989050,"gate_40",210,TRUE,TRUE
5989103,"gate_40",0,FALSE,FALSE
5989223,"gate_40",3,FALSE,FALSE
5989409,"gate_30",0,FALSE,FALSE
5989437,"gate_30",2,FALSE,FALSE
5989554,"gate_40",5,FALSE,FALSE
5989614,"gate_40",100,TRUE,FALSE
5989747,"gate_30",14,FALSE,FALSE
5990206,"gate_30",9,FALSE,FALSE
5990293,"gate_40",71,TRUE,TRUE
5990419,"gate_40",76,TRUE,TRUE
5990605,"gate_30",8,FALSE,FALSE
5990653,"gate_40",7,FALSE,FALSE
5990817,"gate_40",27,FALSE,FALSE
5990870,"gate_40",4,FALSE,FALSE
5991015,"gate_40",9,TRUE,FALSE
5991119,"gate_40",4,FALSE,FALSE
5991677,"gate_30",80,TRUE,TRUE
5991806,"gate_30",101,TRUE,TRUE
5992024,"gate_40",44,FALSE,FALSE
5992109,"gate_40",0,FALSE,FALSE
5992122,"gate_40",41,TRUE,FALSE
5992168,"gate_40",30,TRUE,FALSE
5992199,"gate_30",8,FALSE,FALSE
5992279,"gate_30",11,FALSE,FALSE
5992345,"gate_40",2,FALSE,FALSE
5992436,"gate_40",2,FALSE,FALSE
5992570,"gate_30",5,FALSE,FALSE
5992745,"gate_40",6,FALSE,FALSE
5992992,"gate_30",36,TRUE,TRUE
5993000,"gate_30",1,FALSE,FALSE
5993190,"gate_40",5,TRUE,FALSE
5993232,"gate_30",3,FALSE,FALSE
5993312,"gate_40",211,TRUE,TRUE
5993378,"gate_40",19,FALSE,FALSE
5993510,"gate_40",0,FALSE,FALSE
5993532,"gate_30",1,FALSE,FALSE
5993657,"gate_40",62,TRUE,FALSE
5993678,"gate_30",11,FALSE,FALSE
5993715,"gate_30",13,TRUE,FALSE
5993868,"gate_40",6,FALSE,FALSE
5993875,"gate_40",22,FALSE,FALSE
5994205,"gate_40",19,TRUE,TRUE
5994347,"gate_30",2,FALSE,FALSE
5994566,"gate_30",3,FALSE,FALSE
5994682,"gate_30",18,FALSE,FALSE
5994688,"gate_40",13,FALSE,FALSE
5994835,"gate_40",4,TRUE,FALSE
5994840,"gate_30",40,TRUE,FALSE
5995016,"gate_30",21,TRUE,FALSE
5995156,"gate_30",3,FALSE,FALSE
5995279,"gate_30",9,FALSE,FALSE
5995366,"gate_30",90,TRUE,TRUE
5995418,"gate_30",0,FALSE,FALSE
5995492,"gate_30",9,TRUE,FALSE
5995541,"gate_30",45,FALSE,FALSE
5995572,"gate_30",12,FALSE,FALSE
5995584,"gate_30",5,TRUE,FALSE
5995615,"gate_40",10,FALSE,FALSE
5995755,"gate_30",64,TRUE,FALSE
5995905,"gate_30",9,FALSE,FALSE
5996101,"gate_30",158,TRUE,FALSE
5996208,"gate_30",8,FALSE,FALSE
5996403,"gate_30",0,FALSE,FALSE
5996415,"gate_30",6,FALSE,FALSE
5996558,"gate_30",7,FALSE,FALSE
5996570,"gate_30",4,FALSE,FALSE
5996600,"gate_40",109,TRUE,FALSE
5996676,"gate_30",8,FALSE,FALSE
5996805,"gate_30",19,FALSE,FALSE
5996817,"gate_40",74,TRUE,FALSE
5996875,"gate_40",16,FALSE,TRUE
5997704,"gate_30",46,TRUE,FALSE
5997935,"gate_30",15,FALSE,FALSE
5997972,"gate_40",4,FALSE,FALSE
5997975,"gate_40",0,FALSE,FALSE
5998090,"gate_30",6,FALSE,FALSE
5998167,"gate_40",20,FALSE,FALSE
5998329,"gate_40",1,FALSE,FALSE
5998493,"gate_40",8,FALSE,FALSE
5998516,"gate_40",23,FALSE,TRUE
5998556,"gate_40",73,TRUE,TRUE
5998557,"gate_40",9,FALSE,FALSE
5998558,"gate_30",6,FALSE,FALSE
5998682,"gate_30",84,TRUE,FALSE
5998847,"gate_30",1,FALSE,FALSE
5998962,"gate_30",4,FALSE,FALSE
5999159,"gate_40",236,TRUE,TRUE
5999300,"gate_40",95,FALSE,TRUE
5999624,"gate_40",15,FALSE,FALSE
5999731,"gate_30",0,FALSE,FALSE
5999806,"gate_30",42,FALSE,FALSE
5999814,"gate_30",20,TRUE,FALSE
5999911,"gate_40",4,FALSE,FALSE
6000013,"gate_40",7,TRUE,FALSE
6000056,"gate_30",40,TRUE,FALSE
6000080,"gate_40",0,FALSE,FALSE
6000118,"gate_40",0,FALSE,FALSE
6000459,"gate_40",5,TRUE,FALSE
6000469,"gate_40",11,FALSE,TRUE
6000498,"gate_30",1,FALSE,FALSE
6000587,"gate_40",12,FALSE,FALSE
6000676,"gate_40",7,FALSE,FALSE
6000866,"gate_30",2,FALSE,FALSE
6000913,"gate_40",0,FALSE,FALSE
6001172,"gate_40",64,FALSE,FALSE
6001390,"gate_40",42,TRUE,FALSE
6001708,"gate_30",116,TRUE,FALSE
6001746,"gate_40",17,FALSE,FALSE
6001925,"gate_30",28,TRUE,FALSE
6002093,"gate_30",137,TRUE,FALSE
6002413,"gate_40",20,FALSE,FALSE
6002798,"gate_40",9,FALSE,FALSE
6002817,"gate_30",0,FALSE,FALSE
6002967,"gate_30",5,FALSE,FALSE
6002977,"gate_30",8,FALSE,FALSE
6003107,"gate_30",64,FALSE,TRUE
6003109,"gate_40",11,TRUE,FALSE
6003221,"gate_30",17,TRUE,FALSE
6003257,"gate_40",111,TRUE,FALSE
6003376,"gate_40",67,TRUE,FALSE
6003462,"gate_40",2,FALSE,FALSE
6003634,"gate_30",46,TRUE,FALSE
6003793,"gate_40",66,TRUE,TRUE
6003803,"gate_40",48,TRUE,TRUE
6003846,"gate_30",12,TRUE,FALSE
6003895,"gate_30",2,FALSE,FALSE
6003946,"gate_30",41,FALSE,TRUE
6004140,"gate_30",125,TRUE,TRUE
6004325,"gate_30",53,FALSE,FALSE
6004347,"gate_40",59,TRUE,TRUE
6004534,"gate_40",222,TRUE,TRUE
6004557,"gate_30",3,FALSE,FALSE
6004747,"gate_40",0,FALSE,FALSE
6004845,"gate_30",193,TRUE,TRUE
6004967,"gate_30",36,TRUE,TRUE
6005529,"gate_30",1,FALSE,FALSE
6005784,"gate_40",12,FALSE,FALSE
6005801,"gate_30",59,TRUE,FALSE
6005855,"gate_30",1,FALSE,FALSE
6005999,"gate_30",2,FALSE,FALSE
6006229,"gate_40",7,FALSE,FALSE
6006263,"gate_30",14,FALSE,FALSE
6006274,"gate_30",48,TRUE,FALSE
6006359,"gate_30",5,FALSE,FALSE
6006460,"gate_30",303,TRUE,TRUE
6006695,"gate_30",0,FALSE,FALSE
6006759,"gate_40",3,FALSE,FALSE
6007144,"gate_40",160,TRUE,FALSE
6007254,"gate_30",28,FALSE,FALSE
6007287,"gate_30",3,FALSE,FALSE
6007368,"gate_40",18,TRUE,FALSE
6007528,"gate_30",4,FALSE,FALSE
6007546,"gate_30",88,TRUE,TRUE
6007612,"gate_40",557,TRUE,TRUE
6007670,"gate_40",86,TRUE,TRUE
6007813,"gate_40",31,TRUE,FALSE
6008162,"gate_40",1,FALSE,FALSE
6008223,"gate_30",283,TRUE,TRUE
6008317,"gate_40",5,FALSE,FALSE
6008428,"gate_40",214,TRUE,TRUE
6008593,"gate_30",16,FALSE,FALSE
6008673,"gate_40",14,FALSE,FALSE
6008689,"gate_40",1427,TRUE,TRUE
6008824,"gate_30",20,FALSE,FALSE
6008836,"gate_30",24,TRUE,FALSE
6008919,"gate_40",55,TRUE,FALSE
6009026,"gate_30",7,FALSE,FALSE
6009121,"gate_30",9,TRUE,FALSE
6009554,"gate_40",16,FALSE,FALSE
6009558,"gate_30",7,TRUE,FALSE
6009736,"gate_30",43,FALSE,FALSE
6009927,"gate_30",7,FALSE,FALSE
6009961,"gate_40",94,TRUE,FALSE
6010073,"gate_30",2,TRUE,FALSE
6010160,"gate_40",9,FALSE,FALSE
6010206,"gate_40",21,FALSE,FALSE
6010304,"gate_30",18,FALSE,FALSE
6010450,"gate_40",27,TRUE,FALSE
6010451,"gate_30",59,FALSE,TRUE
6010482,"gate_30",395,TRUE,FALSE
6010686,"gate_30",11,FALSE,FALSE
6010742,"gate_30",31,TRUE,FALSE
6010743,"gate_30",9,TRUE,FALSE
6010755,"gate_30",19,FALSE,FALSE
6010760,"gate_30",9,FALSE,FALSE
6010853,"gate_30",22,FALSE,FALSE
6011211,"gate_30",114,TRUE,FALSE
6011516,"gate_40",8,FALSE,FALSE
6011674,"gate_30",8,FALSE,FALSE
6011775,"gate_40",1,FALSE,FALSE
6011861,"gate_30",27,TRUE,FALSE
6012587,"gate_30",19,FALSE,FALSE
6012644,"gate_40",119,TRUE,FALSE
6012843,"gate_40",0,FALSE,FALSE
6012846,"gate_30",19,FALSE,FALSE
6012867,"gate_30",17,FALSE,FALSE
6012880,"gate_30",117,TRUE,FALSE
6013182,"gate_30",39,FALSE,FALSE
6013393,"gate_40",8,FALSE,FALSE
6013727,"gate_40",13,FALSE,FALSE
6013925,"gate_30",168,TRUE,FALSE
6013965,"gate_40",74,TRUE,FALSE
6014005,"gate_40",6,FALSE,FALSE
6014134,"gate_40",2,FALSE,FALSE
6014136,"gate_40",17,FALSE,FALSE
6014143,"gate_40",23,FALSE,FALSE
6014236,"gate_40",5,FALSE,FALSE
6014485,"gate_40",1,FALSE,FALSE
6014528,"gate_30",216,TRUE,TRUE
6014554,"gate_30",43,TRUE,FALSE
6014575,"gate_30",8,FALSE,FALSE
6014608,"gate_30",53,TRUE,FALSE
6014627,"gate_40",1,FALSE,FALSE
6014698,"gate_30",7,FALSE,FALSE
6015002,"gate_30",4,TRUE,FALSE
6015054,"gate_30",1,FALSE,FALSE
6015123,"gate_40",1,FALSE,FALSE
6015201,"gate_40",21,FALSE,FALSE
6015629,"gate_30",15,FALSE,FALSE
6015657,"gate_40",765,TRUE,TRUE
6015927,"gate_30",3,TRUE,FALSE
6016016,"gate_30",24,FALSE,FALSE
6016102,"gate_40",37,TRUE,FALSE
6016467,"gate_40",36,TRUE,FALSE
6016546,"gate_30",17,FALSE,FALSE
6016655,"gate_40",1,FALSE,FALSE
6016724,"gate_30",41,TRUE,FALSE
6017193,"gate_40",9,FALSE,FALSE
6017326,"gate_30",100,TRUE,FALSE
6017383,"gate_40",38,TRUE,TRUE
6017442,"gate_30",0,FALSE,FALSE
6017531,"gate_40",22,FALSE,FALSE
6017554,"gate_30",1,FALSE,FALSE
6017655,"gate_30",9,FALSE,FALSE
6017708,"gate_30",0,FALSE,FALSE
6017813,"gate_40",56,FALSE,FALSE
6017849,"gate_30",25,FALSE,FALSE
6017991,"gate_40",206,TRUE,TRUE
6018059,"gate_30",8,FALSE,FALSE
6018082,"gate_30",15,FALSE,FALSE
6018101,"gate_40",18,FALSE,FALSE
6018123,"gate_40",23,FALSE,FALSE
6018129,"gate_30",6,FALSE,FALSE
6018690,"gate_40",156,TRUE,TRUE
6018814,"gate_40",7,FALSE,FALSE
6018968,"gate_40",32,TRUE,FALSE
6019141,"gate_40",101,TRUE,FALSE
6019437,"gate_40",314,TRUE,FALSE
6019642,"gate_30",34,TRUE,FALSE
6019649,"gate_40",21,FALSE,TRUE
6019659,"gate_30",9,FALSE,FALSE
6019725,"gate_30",5,FALSE,FALSE
6019860,"gate_40",15,FALSE,FALSE
6020052,"gate_40",0,FALSE,FALSE
6020063,"gate_30",228,TRUE,TRUE
6020161,"gate_40",47,FALSE,FALSE
6020200,"gate_40",12,TRUE,FALSE
6020382,"gate_40",51,TRUE,TRUE
6020759,"gate_30",32,FALSE,FALSE
6020861,"gate_40",431,TRUE,TRUE
6020877,"gate_30",9,FALSE,TRUE
6020958,"gate_40",49,TRUE,TRUE
6021032,"gate_30",4,FALSE,FALSE
6021110,"gate_30",0,FALSE,FALSE
6021153,"gate_40",72,TRUE,TRUE
6021251,"gate_40",48,TRUE,FALSE
6021256,"gate_30",48,FALSE,FALSE
6021300,"gate_30",6,FALSE,FALSE
6021376,"gate_30",4,FALSE,FALSE
6021411,"gate_30",0,FALSE,FALSE
6021427,"gate_40",101,FALSE,TRUE
6021708,"gate_30",83,TRUE,TRUE
6021804,"gate_30",54,TRUE,FALSE
6021987,"gate_40",130,TRUE,FALSE
6022029,"gate_30",27,TRUE,FALSE
6022057,"gate_40",78,TRUE,TRUE
6022129,"gate_30",19,FALSE,FALSE
6022144,"gate_30",11,TRUE,FALSE
6022445,"gate_40",20,TRUE,FALSE
6022566,"gate_30",11,TRUE,TRUE
6022657,"gate_40",21,FALSE,FALSE
6022713,"gate_30",1,FALSE,FALSE
6022787,"gate_40",19,TRUE,FALSE
6022845,"gate_40",47,FALSE,FALSE
6022940,"gate_30",4,FALSE,TRUE
6022948,"gate_30",1,FALSE,FALSE
6022971,"gate_40",65,TRUE,FALSE
6023072,"gate_40",64,FALSE,TRUE
6023111,"gate_40",252,TRUE,TRUE
6023172,"gate_30",2,FALSE,FALSE
6023248,"gate_30",108,TRUE,FALSE
6023483,"gate_40",94,TRUE,TRUE
6023499,"gate_30",74,FALSE,TRUE
6023540,"gate_30",1,FALSE,FALSE
6023663,"gate_40",16,TRUE,FALSE
6023961,"gate_40",2,FALSE,FALSE
6024010,"gate_30",24,FALSE,FALSE
6024059,"gate_30",27,TRUE,FALSE
6024065,"gate_30",58,FALSE,TRUE
6024205,"gate_40",457,TRUE,TRUE
6024307,"gate_40",479,TRUE,TRUE
6024412,"gate_40",24,FALSE,TRUE
6024462,"gate_30",281,TRUE,TRUE
6024820,"gate_40",11,FALSE,TRUE
6024911,"gate_30",290,TRUE,TRUE
6024967,"gate_40",16,FALSE,FALSE
6024973,"gate_40",58,TRUE,FALSE
6025018,"gate_40",371,TRUE,TRUE
6025229,"gate_30",3,FALSE,FALSE
6025353,"gate_40",125,TRUE,TRUE
6025380,"gate_40",232,TRUE,TRUE
6025425,"gate_40",8,TRUE,FALSE
6025443,"gate_40",6,FALSE,FALSE
6025647,"gate_30",9,FALSE,FALSE
6025700,"gate_30",2,FALSE,FALSE
6025709,"gate_30",9,FALSE,FALSE
6025719,"gate_40",1,FALSE,FALSE
6026043,"gate_40",4,FALSE,FALSE
6026055,"gate_30",12,FALSE,FALSE
6026068,"gate_30",5,FALSE,FALSE
6026074,"gate_30",26,FALSE,FALSE
6026080,"gate_30",5,FALSE,FALSE
6026114,"gate_30",109,TRUE,TRUE
6026291,"gate_40",16,TRUE,FALSE
6026308,"gate_30",111,TRUE,TRUE
6026313,"gate_30",191,TRUE,TRUE
6026508,"gate_30",17,FALSE,FALSE
6026576,"gate_30",8,FALSE,FALSE
6026691,"gate_40",114,TRUE,TRUE
6026715,"gate_40",16,TRUE,FALSE
6026765,"gate_40",57,TRUE,TRUE
6026802,"gate_30",21,FALSE,FALSE
6026826,"gate_40",85,TRUE,FALSE
6026902,"gate_40",160,TRUE,TRUE
6026903,"gate_40",344,TRUE,TRUE
6027347,"gate_40",13,FALSE,FALSE
6027357,"gate_40",23,FALSE,FALSE
6027531,"gate_30",2,FALSE,FALSE
6027532,"gate_30",105,FALSE,TRUE
6027647,"gate_30",3,FALSE,FALSE
6027650,"gate_40",9,FALSE,FALSE
6027889,"gate_30",45,TRUE,TRUE
6027959,"gate_30",141,TRUE,TRUE
6028088,"gate_40",24,TRUE,TRUE
6028110,"gate_40",7,FALSE,FALSE
6028165,"gate_40",85,TRUE,FALSE
6028243,"gate_30",3,FALSE,FALSE
6028414,"gate_40",44,FALSE,TRUE
6028482,"gate_30",3,FALSE,FALSE
6028527,"gate_40",2,FALSE,FALSE
6028793,"gate_40",22,FALSE,FALSE
6029352,"gate_30",1,FALSE,FALSE
6029390,"gate_30",45,TRUE,FALSE
6029579,"gate_40",12,TRUE,FALSE
6029661,"gate_30",254,FALSE,TRUE
6029794,"gate_30",7,FALSE,FALSE
6029877,"gate_40",87,TRUE,FALSE
6029880,"gate_30",33,TRUE,FALSE
6029988,"gate_30",1,FALSE,FALSE
6030181,"gate_40",116,TRUE,TRUE
6030233,"gate_30",10,TRUE,FALSE
6030392,"gate_40",22,FALSE,FALSE
6030533,"gate_40",26,TRUE,FALSE
6030781,"gate_40",106,TRUE,TRUE
6030812,"gate_30",1,FALSE,FALSE
6030844,"gate_40",12,FALSE,FALSE
6030866,"gate_40",7,FALSE,FALSE
6030908,"gate_30",26,FALSE,FALSE
6031077,"gate_30",204,TRUE,TRUE
6031110,"gate_40",12,FALSE,FALSE
6031122,"gate_40",121,FALSE,TRUE
6031326,"gate_30",63,TRUE,FALSE
6031386,"gate_40",12,FALSE,FALSE
6031564,"gate_30",89,TRUE,FALSE
6031726,"gate_40",10,TRUE,FALSE
6031772,"gate_30",1,FALSE,FALSE
6031931,"gate_30",182,TRUE,TRUE
6032126,"gate_30",88,FALSE,TRUE
6032297,"gate_30",37,TRUE,FALSE
6032324,"gate_40",192,TRUE,FALSE
6032676,"gate_30",34,TRUE,FALSE
6032875,"gate_30",41,FALSE,TRUE
6032896,"gate_40",15,FALSE,FALSE
6032982,"gate_40",32,TRUE,FALSE
6033004,"gate_30",18,TRUE,FALSE
6033020,"gate_40",11,FALSE,FALSE
6033117,"gate_40",0,FALSE,FALSE
6033133,"gate_30",3,FALSE,FALSE
6033393,"gate_40",14,FALSE,FALSE
6033490,"gate_40",271,TRUE,TRUE
6033737,"gate_40",127,FALSE,FALSE
6033926,"gate_30",32,FALSE,FALSE
6034095,"gate_40",26,TRUE,FALSE
6034177,"gate_40",36,TRUE,TRUE
6034200,"gate_30",20,FALSE,FALSE
6034209,"gate_30",137,TRUE,TRUE
6034256,"gate_30",14,FALSE,FALSE
6034756,"gate_40",4,FALSE,FALSE
6034760,"gate_30",90,TRUE,TRUE
6034796,"gate_30",36,TRUE,FALSE
6034847,"gate_40",5,FALSE,TRUE
6035071,"gate_40",43,FALSE,TRUE
6035082,"gate_30",13,FALSE,FALSE
6035104,"gate_40",71,TRUE,TRUE
6035250,"gate_30",104,TRUE,TRUE
6035269,"gate_40",34,TRUE,FALSE
6035298,"gate_40",48,TRUE,FALSE
6035348,"gate_40",10,FALSE,FALSE
6035418,"gate_40",139,TRUE,TRUE
6035741,"gate_30",25,TRUE,FALSE
6035954,"gate_30",3,FALSE,FALSE
6036145,"gate_40",126,TRUE,TRUE
6036469,"gate_40",5,FALSE,FALSE
6036472,"gate_30",235,TRUE,TRUE
6036498,"gate_30",6,FALSE,FALSE
6036691,"gate_30",4,FALSE,FALSE
6036698,"gate_40",36,FALSE,FALSE
6036728,"gate_30",62,TRUE,FALSE
6036745,"gate_40",48,TRUE,TRUE
6037039,"gate_30",1,FALSE,FALSE
6037043,"gate_30",112,TRUE,TRUE
6037172,"gate_40",177,TRUE,TRUE
6037179,"gate_30",13,FALSE,FALSE
6037184,"gate_30",15,TRUE,FALSE
6037202,"gate_30",6,FALSE,FALSE
6037234,"gate_30",14,FALSE,FALSE
6037255,"gate_40",12,TRUE,FALSE
6037326,"gate_30",15,TRUE,FALSE
6037473,"gate_30",48,FALSE,FALSE
6037515,"gate_30",4,FALSE,FALSE
6037625,"gate_30",7,TRUE,FALSE
6037636,"gate_40",9,FALSE,FALSE
6037755,"gate_40",2,FALSE,FALSE
6037771,"gate_40",13,TRUE,FALSE
6037873,"gate_30",303,TRUE,TRUE
6037991,"gate_30",4,FALSE,FALSE
6038061,"gate_30",4,FALSE,TRUE
6038125,"gate_30",1,FALSE,FALSE
6038161,"gate_30",4,FALSE,FALSE
6038171,"gate_30",52,FALSE,FALSE
6038187,"gate_30",95,TRUE,TRUE
6038191,"gate_30",94,TRUE,TRUE
6038304,"gate_30",60,TRUE,TRUE
6038478,"gate_30",15,FALSE,FALSE
6038783,"gate_40",50,FALSE,FALSE
6039020,"gate_40",16,FALSE,TRUE
6039105,"gate_30",240,TRUE,TRUE
6039142,"gate_30",4,FALSE,FALSE
6039248,"gate_40",9,TRUE,FALSE
6039341,"gate_30",5,FALSE,FALSE
6039527,"gate_40",10,TRUE,TRUE
6039546,"gate_30",20,FALSE,FALSE
6039604,"gate_40",32,FALSE,FALSE
6039747,"gate_40",14,TRUE,FALSE
6039754,"gate_30",51,TRUE,FALSE
6039846,"gate_40",277,TRUE,TRUE
6039898,"gate_30",0,FALSE,FALSE
6040060,"gate_40",15,FALSE,FALSE
6040089,"gate_40",5,FALSE,FALSE
6040219,"gate_30",14,FALSE,FALSE
6040222,"gate_40",25,TRUE,FALSE
6040236,"gate_30",11,TRUE,TRUE
6040402,"gate_30",21,TRUE,FALSE
6040738,"gate_30",115,TRUE,TRUE
6040956,"gate_40",2,FALSE,FALSE
6041116,"gate_40",1,FALSE,FALSE
6041165,"gate_30",8,TRUE,FALSE
6041178,"gate_30",177,TRUE,FALSE
6041235,"gate_30",33,TRUE,FALSE
6041367,"gate_40",141,TRUE,FALSE
6041376,"gate_40",25,TRUE,FALSE
6041594,"gate_30",3,FALSE,FALSE
6041639,"gate_40",12,FALSE,FALSE
6041734,"gate_30",5,FALSE,FALSE
6041910,"gate_40",0,FALSE,FALSE
6042311,"gate_40",7,FALSE,FALSE
6042838,"gate_40",12,FALSE,FALSE
6042922,"gate_30",2,FALSE,FALSE
6042928,"gate_30",4,TRUE,FALSE
6043027,"gate_40",6,FALSE,FALSE
6043237,"gate_40",37,TRUE,FALSE
6043406,"gate_30",245,TRUE,TRUE
6043512,"gate_30",93,TRUE,TRUE
6043654,"gate_40",10,TRUE,FALSE
6043865,"gate_30",23,TRUE,FALSE
6043888,"gate_30",8,FALSE,FALSE
6043919,"gate_30",8,FALSE,FALSE
6044016,"gate_40",3,FALSE,FALSE
6044111,"gate_40",2,FALSE,FALSE
6044320,"gate_40",2,TRUE,FALSE
6044359,"gate_30",33,TRUE,FALSE
6044396,"gate_40",83,TRUE,TRUE
6044404,"gate_40",3,TRUE,FALSE
6044459,"gate_30",13,FALSE,FALSE
6044510,"gate_40",227,TRUE,FALSE
6044757,"gate_30",12,FALSE,FALSE
6045028,"gate_40",70,TRUE,TRUE
6045069,"gate_40",6,TRUE,FALSE
6045166,"gate_30",60,TRUE,FALSE
6045190,"gate_40",5,FALSE,FALSE
6045234,"gate_40",1,FALSE,FALSE
6045307,"gate_40",93,TRUE,TRUE
6045552,"gate_40",95,TRUE,TRUE
6045635,"gate_40",4,FALSE,FALSE
6045899,"gate_30",178,TRUE,FALSE
6045901,"gate_40",69,TRUE,TRUE
6045941,"gate_40",43,TRUE,FALSE
6046002,"gate_40",150,FALSE,TRUE
6046072,"gate_40",47,FALSE,FALSE
6046092,"gate_30",99,TRUE,FALSE
6046266,"gate_40",54,TRUE,FALSE
6046405,"gate_30",15,FALSE,FALSE
6046502,"gate_30",4,FALSE,FALSE
6046573,"gate_40",16,FALSE,FALSE
6046635,"gate_40",61,TRUE,FALSE
6046641,"gate_40",1,FALSE,FALSE
6046693,"gate_30",25,TRUE,FALSE
6046892,"gate_30",0,FALSE,FALSE
6046915,"gate_40",189,TRUE,FALSE
6046919,"gate_40",20,TRUE,FALSE
6047193,"gate_40",74,TRUE,FALSE
6047313,"gate_40",298,TRUE,TRUE
6047712,"gate_30",230,TRUE,TRUE
6047809,"gate_30",21,TRUE,FALSE
6047863,"gate_40",2,FALSE,FALSE
6047878,"gate_40",432,FALSE,TRUE
6047934,"gate_30",27,FALSE,FALSE
6048091,"gate_30",3,FALSE,FALSE
6048144,"gate_40",75,FALSE,TRUE
6048223,"gate_30",10,FALSE,TRUE
6048260,"gate_30",31,TRUE,FALSE
6048270,"gate_40",13,FALSE,FALSE
6048649,"gate_30",1,FALSE,FALSE
6048712,"gate_40",23,TRUE,FALSE
6049122,"gate_40",12,FALSE,TRUE
6049164,"gate_40",167,TRUE,TRUE
6049376,"gate_30",8,FALSE,FALSE
6049520,"gate_40",25,FALSE,FALSE
6049563,"gate_30",122,TRUE,FALSE
6049685,"gate_40",2,FALSE,FALSE
6049804,"gate_40",12,TRUE,FALSE
6049935,"gate_40",1,FALSE,FALSE
6049956,"gate_30",305,TRUE,TRUE
6050342,"gate_30",0,FALSE,FALSE
6050805,"gate_40",51,TRUE,FALSE
6050924,"gate_30",300,TRUE,TRUE
6050948,"gate_40",168,TRUE,FALSE
6051192,"gate_30",33,TRUE,FALSE
6051453,"gate_30",1,FALSE,FALSE
6051482,"gate_40",287,TRUE,TRUE
6051523,"gate_40",5,TRUE,FALSE
6051684,"gate_40",53,TRUE,FALSE
6051869,"gate_30",41,TRUE,FALSE
6051870,"gate_40",15,FALSE,FALSE
6051949,"gate_40",3,FALSE,FALSE
6051995,"gate_30",509,TRUE,TRUE
6052009,"gate_30",99,TRUE,TRUE
6052035,"gate_30",27,FALSE,FALSE
6052101,"gate_30",23,FALSE,FALSE
6052118,"gate_30",254,TRUE,TRUE
6052168,"gate_40",4,FALSE,FALSE
6052332,"gate_40",180,TRUE,FALSE
6052464,"gate_30",56,FALSE,FALSE
6052487,"gate_30",5,FALSE,FALSE
6052570,"gate_40",116,TRUE,TRUE
6052657,"gate_40",100,TRUE,TRUE
6052743,"gate_30",16,FALSE,FALSE
6052853,"gate_30",5,FALSE,FALSE
6052890,"gate_40",24,TRUE,FALSE
6053011,"gate_40",20,FALSE,FALSE
6053135,"gate_40",9,TRUE,FALSE
6053242,"gate_40",13,TRUE,FALSE
6053290,"gate_30",4,FALSE,FALSE
6053495,"gate_30",2,FALSE,FALSE
6053530,"gate_30",8,FALSE,FALSE
6053625,"gate_40",8,FALSE,FALSE
6053643,"gate_40",2,FALSE,FALSE
6053775,"gate_40",105,FALSE,TRUE
6054042,"gate_30",3,FALSE,FALSE
6054202,"gate_30",13,TRUE,FALSE
6054245,"gate_30",31,FALSE,FALSE
6054415,"gate_40",0,FALSE,FALSE
6054480,"gate_40",28,TRUE,TRUE
6054602,"gate_30",20,FALSE,FALSE
6054611,"gate_40",137,TRUE,FALSE
6054881,"gate_40",3,FALSE,FALSE
6055023,"gate_40",5,TRUE,FALSE
6055031,"gate_30",1,FALSE,FALSE
6055033,"gate_30",17,FALSE,FALSE
6055071,"gate_40",6,FALSE,FALSE
6055222,"gate_40",45,TRUE,FALSE
6055252,"gate_30",440,TRUE,TRUE
6055279,"gate_40",27,FALSE,FALSE
6055316,"gate_40",371,FALSE,TRUE
6055449,"gate_30",2,FALSE,FALSE
6055458,"gate_40",46,TRUE,TRUE
6055612,"gate_30",1,FALSE,FALSE
6055855,"gate_40",9,FALSE,FALSE
6055887,"gate_40",58,TRUE,FALSE
6055950,"gate_30",41,TRUE,TRUE
6055988,"gate_40",4,FALSE,FALSE
6056097,"gate_40",21,FALSE,FALSE
6056105,"gate_30",4,FALSE,FALSE
6056124,"gate_40",151,TRUE,TRUE
6056313,"gate_40",32,TRUE,FALSE
6056386,"gate_40",6,FALSE,TRUE
6056475,"gate_30",284,TRUE,TRUE
6056505,"gate_30",8,TRUE,FALSE
6056512,"gate_30",33,TRUE,TRUE
6056640,"gate_40",11,FALSE,FALSE
6056688,"gate_40",0,FALSE,FALSE
6056715,"gate_40",349,TRUE,TRUE
6056741,"gate_40",7,FALSE,FALSE
6057188,"gate_30",44,FALSE,TRUE
6057233,"gate_40",0,FALSE,FALSE
6057678,"gate_30",1072,FALSE,TRUE
6057855,"gate_30",15,FALSE,FALSE
6058009,"gate_30",6,FALSE,FALSE
6058061,"gate_40",22,TRUE,FALSE
6058375,"gate_30",52,TRUE,FALSE
6058421,"gate_40",37,TRUE,FALSE
6058455,"gate_30",32,FALSE,TRUE
6058588,"gate_30",7,FALSE,FALSE
6058611,"gate_40",23,FALSE,FALSE
6058952,"gate_40",32,FALSE,FALSE
6059100,"gate_40",35,TRUE,FALSE
6059111,"gate_30",23,FALSE,FALSE
6059161,"gate_30",75,TRUE,TRUE
6059197,"gate_30",22,FALSE,FALSE
6059313,"gate_40",20,FALSE,FALSE
6059322,"gate_40",94,TRUE,FALSE
6059355,"gate_40",78,TRUE,TRUE
6059412,"gate_40",26,TRUE,FALSE
6059546,"gate_40",6,FALSE,FALSE
6059551,"gate_40",1,TRUE,FALSE
6059583,"gate_30",39,TRUE,FALSE
6059593,"gate_40",21,TRUE,FALSE
6059797,"gate_30",21,TRUE,FALSE
6059914,"gate_30",2,FALSE,FALSE
6059921,"gate_40",44,TRUE,FALSE
6060075,"gate_30",26,FALSE,FALSE
6060279,"gate_30",8,FALSE,FALSE
6060369,"gate_40",8,FALSE,FALSE
6060371,"gate_40",6,TRUE,FALSE
6060402,"gate_40",20,FALSE,FALSE
6060468,"gate_30",3,FALSE,FALSE
6060730,"gate_40",15,FALSE,FALSE
6060788,"gate_40",87,TRUE,TRUE
6060867,"gate_40",99,FALSE,FALSE
6060992,"gate_30",51,FALSE,TRUE
6061021,"gate_40",30,TRUE,FALSE
6061097,"gate_40",81,TRUE,TRUE
6061120,"gate_30",27,TRUE,FALSE
6061207,"gate_30",7,FALSE,FALSE
6061214,"gate_40",6,FALSE,FALSE
6061470,"gate_40",4,FALSE,FALSE
6061638,"gate_30",7,FALSE,FALSE
6061706,"gate_30",20,TRUE,FALSE
6061762,"gate_40",77,TRUE,TRUE
6061812,"gate_40",142,TRUE,FALSE
6061842,"gate_40",86,TRUE,TRUE
6061878,"gate_40",3,FALSE,FALSE
6062043,"gate_40",330,TRUE,TRUE
6062323,"gate_30",283,TRUE,TRUE
6062646,"gate_40",6,FALSE,FALSE
6062923,"gate_40",6,FALSE,FALSE
6063297,"gate_40",20,FALSE,FALSE
6063396,"gate_30",5,FALSE,FALSE
6063399,"gate_40",1,FALSE,FALSE
6063400,"gate_40",4,FALSE,FALSE
6063544,"gate_40",158,TRUE,TRUE
6063630,"gate_30",3,FALSE,FALSE
6063656,"gate_30",19,FALSE,FALSE
6063868,"gate_40",3,FALSE,FALSE
6063930,"gate_40",37,TRUE,FALSE
6064356,"gate_40",20,TRUE,FALSE
6064422,"gate_40",35,FALSE,FALSE
6064448,"gate_30",56,TRUE,FALSE
6064483,"gate_30",84,TRUE,TRUE
6064490,"gate_30",28,TRUE,FALSE
6064847,"gate_40",7,FALSE,FALSE
6064868,"gate_30",3,FALSE,FALSE
6064936,"gate_30",20,TRUE,FALSE
6065065,"gate_40",12,FALSE,FALSE
6065308,"gate_40",3,FALSE,FALSE
6065436,"gate_40",60,TRUE,FALSE
6065546,"gate_30",0,FALSE,FALSE
6065677,"gate_30",36,TRUE,FALSE
6065739,"gate_30",5,FALSE,FALSE
6065790,"gate_30",14,FALSE,FALSE
6065880,"gate_30",50,FALSE,FALSE
6066062,"gate_30",20,FALSE,FALSE
6066098,"gate_40",68,FALSE,FALSE
6066158,"gate_30",1,FALSE,FALSE
6066197,"gate_30",5,TRUE,FALSE
6066273,"gate_30",543,TRUE,TRUE
6066279,"gate_40",2,FALSE,FALSE
6066425,"gate_40",66,TRUE,TRUE
6066768,"gate_40",3,FALSE,FALSE
6067008,"gate_30",38,TRUE,FALSE
6067168,"gate_30",41,TRUE,FALSE
6067304,"gate_30",8,FALSE,FALSE
6067319,"gate_30",1,FALSE,FALSE
6067326,"gate_30",16,TRUE,FALSE
6067366,"gate_40",8,FALSE,FALSE
6067432,"gate_40",38,FALSE,FALSE
6067457,"gate_40",15,FALSE,FALSE
6067643,"gate_40",31,FALSE,TRUE
6067648,"gate_30",2,FALSE,FALSE
6067753,"gate_40",4,FALSE,FALSE
6067800,"gate_40",9,FALSE,FALSE
6067830,"gate_40",4,FALSE,FALSE
6067950,"gate_30",83,FALSE,TRUE
6067953,"gate_30",10,FALSE,FALSE
6067979,"gate_40",95,TRUE,TRUE
6067991,"gate_30",7,FALSE,FALSE
6068033,"gate_40",2,FALSE,FALSE
6068210,"gate_40",11,TRUE,FALSE
6068283,"gate_30",80,TRUE,TRUE
6068317,"gate_30",70,TRUE,FALSE
6068387,"gate_30",14,FALSE,FALSE
6068419,"gate_40",8,FALSE,FALSE
6068480,"gate_30",10,FALSE,FALSE
6068481,"gate_30",24,FALSE,FALSE
6068509,"gate_30",14,FALSE,FALSE
6068795,"gate_40",1,FALSE,FALSE
6068824,"gate_40",47,TRUE,FALSE
6069004,"gate_40",139,FALSE,FALSE
6069266,"gate_30",4,FALSE,FALSE
6069529,"gate_40",16,TRUE,TRUE
6069531,"gate_30",1095,TRUE,TRUE
6069620,"gate_40",4,FALSE,FALSE
6069834,"gate_30",1,FALSE,FALSE
6069944,"gate_40",41,TRUE,FALSE
6070081,"gate_30",12,TRUE,FALSE
6070091,"gate_40",0,FALSE,FALSE
6070176,"gate_40",86,FALSE,FALSE
6070224,"gate_30",84,TRUE,TRUE
6070339,"gate_30",21,FALSE,FALSE
6070342,"gate_30",733,TRUE,TRUE
6070546,"gate_40",10,FALSE,FALSE
6070549,"gate_30",3,FALSE,FALSE
6070555,"gate_30",6,FALSE,FALSE
6070582,"gate_40",57,FALSE,TRUE
6070659,"gate_40",18,FALSE,FALSE
6070698,"gate_40",9,FALSE,FALSE
6070805,"gate_30",120,TRUE,TRUE
6070828,"gate_40",148,TRUE,FALSE
6070876,"gate_40",6,FALSE,FALSE
6071122,"gate_30",8,FALSE,FALSE
6071164,"gate_40",4,FALSE,FALSE
6071336,"gate_40",112,TRUE,TRUE
6071671,"gate_40",268,TRUE,TRUE
6071846,"gate_40",142,FALSE,TRUE
6071961,"gate_40",4,FALSE,FALSE
6072234,"gate_40",7,TRUE,FALSE
6072245,"gate_30",9,FALSE,FALSE
6072312,"gate_30",20,TRUE,FALSE
6072606,"gate_40",5,FALSE,FALSE
6072773,"gate_30",9,FALSE,FALSE
6072907,"gate_30",9,TRUE,FALSE
6073225,"gate_30",8,FALSE,FALSE
6073327,"gate_40",1,FALSE,FALSE
6073481,"gate_30",2,FALSE,FALSE
6073490,"gate_40",17,FALSE,FALSE
6073657,"gate_40",45,TRUE,FALSE
6073684,"gate_30",1,FALSE,FALSE
6073689,"gate_30",36,TRUE,FALSE
6073805,"gate_40",201,TRUE,TRUE
6074035,"gate_30",150,TRUE,TRUE
6074407,"gate_40",2,FALSE,FALSE
6074457,"gate_40",20,FALSE,FALSE
6074492,"gate_40",20,FALSE,FALSE
6074558,"gate_40",62,FALSE,FALSE
6074858,"gate_30",39,TRUE,FALSE
6074889,"gate_40",4,FALSE,FALSE
6074984,"gate_30",11,FALSE,FALSE
6075182,"gate_40",3,FALSE,FALSE
6075521,"gate_30",77,TRUE,TRUE
6075626,"gate_40",317,TRUE,TRUE
6075648,"gate_30",0,FALSE,FALSE
6075700,"gate_40",54,TRUE,FALSE
6075801,"gate_40",43,TRUE,FALSE
6075928,"gate_30",51,TRUE,FALSE
6075950,"gate_40",69,TRUE,TRUE
6076027,"gate_30",143,TRUE,TRUE
6076156,"gate_40",135,TRUE,FALSE
6076221,"gate_40",3,FALSE,FALSE
6076257,"gate_40",5,FALSE,FALSE
6076629,"gate_30",98,TRUE,FALSE
6076786,"gate_40",2,FALSE,FALSE
6076875,"gate_40",55,TRUE,FALSE
6076902,"gate_30",457,TRUE,TRUE
6077057,"gate_40",1,FALSE,FALSE
6077229,"gate_30",3,FALSE,FALSE
6077250,"gate_40",102,TRUE,TRUE
6077440,"gate_30",116,TRUE,FALSE
6077813,"gate_30",120,TRUE,FALSE
6077881,"gate_40",43,FALSE,FALSE
6077932,"gate_40",2,FALSE,FALSE
6077934,"gate_40",12,FALSE,FALSE
6077973,"gate_30",7,FALSE,FALSE
6078047,"gate_30",2,FALSE,FALSE
6078064,"gate_40",2,FALSE,FALSE
6078185,"gate_40",0,FALSE,FALSE
6078220,"gate_30",9,FALSE,FALSE
6078226,"gate_30",36,TRUE,TRUE
6078370,"gate_30",215,TRUE,TRUE
6078532,"gate_30",0,FALSE,FALSE
6078536,"gate_40",17,TRUE,FALSE
6078621,"gate_40",2,FALSE,FALSE
6078693,"gate_30",32,FALSE,TRUE
6078705,"gate_30",61,TRUE,FALSE
6078751,"gate_40",51,TRUE,FALSE
6078853,"gate_30",77,TRUE,FALSE
6078857,"gate_40",57,TRUE,FALSE
6078879,"gate_40",9,FALSE,FALSE
6079184,"gate_30",131,TRUE,TRUE
6079185,"gate_30",11,TRUE,FALSE
6079301,"gate_30",80,TRUE,TRUE
6079546,"gate_40",27,TRUE,FALSE
6079738,"gate_40",16,FALSE,FALSE
6079754,"gate_40",1,FALSE,FALSE
6079799,"gate_40",125,TRUE,TRUE
6079976,"gate_40",2,TRUE,FALSE
6080098,"gate_40",1,FALSE,FALSE
6080140,"gate_40",4,FALSE,FALSE
6080301,"gate_30",244,TRUE,TRUE
6080632,"gate_40",48,TRUE,TRUE
6080859,"gate_40",164,TRUE,FALSE
6080981,"gate_30",26,FALSE,FALSE
6081018,"gate_30",37,FALSE,FALSE
6081411,"gate_40",58,TRUE,FALSE
6081467,"gate_40",1,FALSE,FALSE
6081498,"gate_30",4,FALSE,FALSE
6081564,"gate_40",39,TRUE,TRUE
6081747,"gate_30",129,TRUE,FALSE
6081855,"gate_30",43,FALSE,FALSE
6082032,"gate_30",0,FALSE,FALSE
6082050,"gate_40",18,TRUE,FALSE
6082082,"gate_30",2,FALSE,FALSE
6082094,"gate_30",136,TRUE,TRUE
6082280,"gate_40",17,FALSE,FALSE
6082315,"gate_30",11,FALSE,FALSE
6082602,"gate_30",64,TRUE,FALSE
6082712,"gate_40",3,FALSE,FALSE
6082761,"gate_40",21,TRUE,FALSE
6082784,"gate_40",19,FALSE,FALSE
6082894,"gate_40",12,TRUE,FALSE
6082899,"gate_40",20,FALSE,FALSE
6082932,"gate_40",33,TRUE,FALSE
6082970,"gate_30",13,FALSE,FALSE
6082972,"gate_40",24,FALSE,FALSE
6083056,"gate_30",57,TRUE,FALSE
6083170,"gate_40",30,FALSE,FALSE
6083306,"gate_30",15,TRUE,FALSE
6083571,"gate_30",50,TRUE,FALSE
6083602,"gate_30",4,TRUE,FALSE
6083665,"gate_40",36,TRUE,FALSE
6083817,"gate_30",26,TRUE,FALSE
6083955,"gate_30",25,FALSE,FALSE
6084070,"gate_30",22,FALSE,FALSE
6084227,"gate_30",100,TRUE,FALSE
6084392,"gate_30",18,TRUE,FALSE
6084526,"gate_30",0,FALSE,FALSE
6084640,"gate_30",78,TRUE,TRUE
6084710,"gate_30",75,TRUE,FALSE
6084772,"gate_30",2,FALSE,FALSE
6084819,"gate_40",5,FALSE,FALSE
6084898,"gate_40",41,FALSE,FALSE
6084910,"gate_40",21,TRUE,FALSE
6084913,"gate_40",51,TRUE,TRUE
6085187,"gate_40",35,TRUE,FALSE
6085228,"gate_40",100,TRUE,TRUE
6085302,"gate_40",9,TRUE,FALSE
6085371,"gate_30",14,TRUE,FALSE
6085414,"gate_30",1,FALSE,FALSE
6085467,"gate_40",14,FALSE,FALSE
6085586,"gate_40",26,TRUE,FALSE
6085727,"gate_40",44,FALSE,FALSE
6085728,"gate_40",14,FALSE,FALSE
6085753,"gate_30",30,FALSE,FALSE
6085783,"gate_30",84,FALSE,FALSE
6085840,"gate_40",40,FALSE,FALSE
6086137,"gate_40",17,TRUE,FALSE
6086245,"gate_40",46,TRUE,FALSE
6086394,"gate_30",14,FALSE,FALSE
6086417,"gate_30",1,FALSE,FALSE
6086466,"gate_30",12,TRUE,FALSE
6086499,"gate_30",0,FALSE,FALSE
6086648,"gate_40",4,FALSE,FALSE
6086784,"gate_30",543,TRUE,FALSE
6086811,"gate_30",17,TRUE,FALSE
6086867,"gate_30",6,FALSE,FALSE
6086975,"gate_40",149,TRUE,FALSE
6087019,"gate_40",5,FALSE,FALSE
6087105,"gate_40",9,TRUE,FALSE
6087185,"gate_30",111,FALSE,FALSE
6087203,"gate_30",15,TRUE,TRUE
6087295,"gate_30",11,FALSE,FALSE
6087443,"gate_30",7,FALSE,FALSE
6087456,"gate_40",14,TRUE,FALSE
6087489,"gate_30",59,TRUE,TRUE
6087597,"gate_40",33,TRUE,FALSE
6087796,"gate_40",0,FALSE,FALSE
6087819,"gate_40",1,FALSE,FALSE
6088052,"gate_40",69,TRUE,FALSE
6088085,"gate_40",14,TRUE,FALSE
6088215,"gate_30",62,FALSE,FALSE
6088336,"gate_30",7,FALSE,FALSE
6088499,"gate_30",43,TRUE,FALSE
6088575,"gate_40",2,FALSE,FALSE
6088697,"gate_40",6,FALSE,FALSE
6088946,"gate_30",569,TRUE,TRUE
6089054,"gate_30",6,TRUE,FALSE
6089129,"gate_30",4,FALSE,FALSE
6089413,"gate_40",87,TRUE,FALSE
6089517,"gate_40",5,FALSE,FALSE
6089528,"gate_40",3,FALSE,FALSE
6089530,"gate_30",6,FALSE,FALSE
6089565,"gate_30",234,TRUE,TRUE
6089649,"gate_30",0,FALSE,FALSE
6089821,"gate_30",27,TRUE,FALSE
6089929,"gate_40",4,FALSE,FALSE
6089935,"gate_40",2,FALSE,FALSE
6090123,"gate_40",0,FALSE,FALSE
6090236,"gate_40",21,TRUE,FALSE
6090303,"gate_40",2,FALSE,FALSE
6090386,"gate_40",6,FALSE,FALSE
6090419,"gate_40",27,TRUE,FALSE
6090432,"gate_30",73,TRUE,TRUE
6090451,"gate_30",1,FALSE,FALSE
6090472,"gate_40",3,FALSE,FALSE
6090480,"gate_30",20,FALSE,FALSE
6090541,"gate_40",1,FALSE,FALSE
6090625,"gate_40",272,TRUE,TRUE
6090639,"gate_40",143,FALSE,TRUE
6090673,"gate_30",11,FALSE,FALSE
6090739,"gate_40",42,TRUE,TRUE
6090913,"gate_30",28,TRUE,FALSE
6091015,"gate_30",19,TRUE,FALSE
6091050,"gate_40",2,FALSE,FALSE
6091088,"gate_30",8,TRUE,FALSE
6091134,"gate_40",8,FALSE,FALSE
6091255,"gate_30",19,TRUE,FALSE
6091271,"gate_30",0,FALSE,FALSE
6091291,"gate_40",9,FALSE,FALSE
6091299,"gate_30",459,TRUE,TRUE
6091429,"gate_30",19,TRUE,FALSE
6091688,"gate_30",2,FALSE,FALSE
6091777,"gate_30",172,TRUE,TRUE
6091908,"gate_40",10,FALSE,FALSE
6091977,"gate_30",82,TRUE,FALSE
6092139,"gate_30",0,FALSE,FALSE
6092193,"gate_30",68,TRUE,TRUE
6092284,"gate_30",18,TRUE,FALSE
6092330,"gate_30",0,FALSE,FALSE
6092370,"gate_40",5,FALSE,FALSE
6092413,"gate_40",40,TRUE,FALSE
6092459,"gate_30",3,FALSE,FALSE
6092486,"gate_30",9,FALSE,FALSE
6092570,"gate_30",3,FALSE,FALSE
6092616,"gate_30",3,FALSE,FALSE
6092621,"gate_30",36,FALSE,FALSE
6092670,"gate_40",24,FALSE,FALSE
6092687,"gate_40",71,TRUE,TRUE
6092729,"gate_30",51,TRUE,FALSE
6092830,"gate_40",2,FALSE,FALSE
6092903,"gate_30",90,TRUE,FALSE
6092913,"gate_40",51,TRUE,FALSE
6092932,"gate_30",1,FALSE,FALSE
6093200,"gate_40",6,FALSE,FALSE
6093308,"gate_40",8,FALSE,FALSE
6093590,"gate_30",21,TRUE,FALSE
6093836,"gate_40",3,FALSE,FALSE
6093882,"gate_40",23,FALSE,FALSE
6094040,"gate_30",247,TRUE,TRUE
6094093,"gate_30",5,FALSE,FALSE
6094118,"gate_40",5,TRUE,FALSE
6094167,"gate_30",1,FALSE,FALSE
6094363,"gate_30",190,TRUE,TRUE
6094491,"gate_40",6,FALSE,FALSE
6094646,"gate_40",3,FALSE,FALSE
6094663,"gate_40",88,TRUE,FALSE
6094816,"gate_40",70,TRUE,FALSE
6094830,"gate_30",0,FALSE,FALSE
6094833,"gate_40",55,TRUE,FALSE
6094941,"gate_30",66,FALSE,FALSE
6094978,"gate_30",8,FALSE,FALSE
6095034,"gate_40",94,TRUE,TRUE
6095155,"gate_40",4,FALSE,FALSE
6095160,"gate_30",245,TRUE,TRUE
6095241,"gate_40",10,FALSE,FALSE
6095526,"gate_30",14,TRUE,FALSE
6095793,"gate_30",28,FALSE,FALSE
6095844,"gate_30",37,FALSE,FALSE
6095896,"gate_30",108,TRUE,FALSE
6095938,"gate_30",199,TRUE,FALSE
6096147,"gate_40",159,TRUE,FALSE
6096176,"gate_40",0,FALSE,FALSE
6096366,"gate_30",54,FALSE,FALSE
6096378,"gate_30",16,FALSE,FALSE
6096536,"gate_30",33,FALSE,FALSE
6096598,"gate_30",45,TRUE,FALSE
6096704,"gate_40",40,TRUE,FALSE
6096769,"gate_30",125,TRUE,FALSE
6096799,"gate_30",90,FALSE,TRUE
6096804,"gate_40",2,FALSE,FALSE
6096903,"gate_40",44,TRUE,FALSE
6096976,"gate_30",58,FALSE,FALSE
6097040,"gate_30",15,TRUE,FALSE
6097157,"gate_40",76,TRUE,FALSE
6097246,"gate_40",29,TRUE,FALSE
6097265,"gate_40",21,FALSE,FALSE
6097419,"gate_40",271,TRUE,TRUE
6097888,"gate_30",112,TRUE,TRUE
6097890,"gate_30",4,FALSE,FALSE
6098195,"gate_30",8,FALSE,FALSE
6098243,"gate_30",3,FALSE,FALSE
6098475,"gate_40",1,FALSE,FALSE
6098477,"gate_30",3,FALSE,FALSE
6098760,"gate_30",27,TRUE,FALSE
6098765,"gate_40",7,FALSE,FALSE
6099273,"gate_30",12,FALSE,FALSE
6099326,"gate_30",41,FALSE,FALSE
6099369,"gate_30",4,FALSE,FALSE
6099474,"gate_40",11,TRUE,FALSE
6099560,"gate_30",183,TRUE,TRUE
6099602,"gate_30",133,TRUE,FALSE
6099715,"gate_30",84,TRUE,FALSE
6099740,"gate_40",33,TRUE,FALSE
6100020,"gate_40",99,TRUE,TRUE
6100280,"gate_40",68,FALSE,FALSE
6100453,"gate_40",12,TRUE,FALSE
6100637,"gate_40",9,FALSE,FALSE
6100671,"gate_30",11,FALSE,FALSE
6100718,"gate_30",19,TRUE,FALSE
6100827,"gate_40",94,TRUE,TRUE
6100895,"gate_30",3,FALSE,TRUE
6100984,"gate_40",5,FALSE,FALSE
6101005,"gate_30",60,TRUE,TRUE
6101318,"gate_30",6,TRUE,FALSE
6101341,"gate_40",2,FALSE,FALSE
6101567,"gate_30",21,FALSE,TRUE
6101657,"gate_30",8,FALSE,FALSE
6101829,"gate_40",53,TRUE,FALSE
6101843,"gate_30",83,TRUE,TRUE
6102084,"gate_40",83,FALSE,FALSE
6102148,"gate_40",5,FALSE,FALSE
6102191,"gate_40",6,FALSE,FALSE
6102248,"gate_40",1,FALSE,FALSE
6102346,"gate_40",6,TRUE,FALSE
6102636,"gate_40",135,TRUE,TRUE
6102648,"gate_40",1,FALSE,FALSE
6102960,"gate_40",48,TRUE,FALSE
6102973,"gate_40",51,TRUE,FALSE
6102981,"gate_40",5,FALSE,FALSE
6103002,"gate_30",6,FALSE,FALSE
6103108,"gate_30",557,TRUE,TRUE
6103234,"gate_30",20,FALSE,FALSE
6103300,"gate_40",79,TRUE,FALSE
6103456,"gate_30",50,TRUE,TRUE
6103507,"gate_40",18,TRUE,FALSE
6103683,"gate_30",14,FALSE,FALSE
6104041,"gate_30",168,TRUE,FALSE
6104283,"gate_40",130,TRUE,FALSE
6104313,"gate_40",0,FALSE,FALSE
6104347,"gate_40",34,TRUE,FALSE
6104417,"gate_30",1,FALSE,FALSE
6104475,"gate_30",50,TRUE,FALSE
6104651,"gate_30",216,TRUE,FALSE
6104664,"gate_40",8,FALSE,FALSE
6104682,"gate_30",23,FALSE,FALSE
6104700,"gate_30",10,FALSE,FALSE
6104800,"gate_40",101,TRUE,FALSE
6104815,"gate_30",1,FALSE,FALSE
6104964,"gate_40",1,FALSE,FALSE
6105272,"gate_40",25,TRUE,FALSE
6105291,"gate_40",199,TRUE,TRUE
6105318,"gate_30",92,TRUE,TRUE
6105320,"gate_30",25,FALSE,FALSE
6105352,"gate_30",106,TRUE,TRUE
6105358,"gate_40",4,FALSE,FALSE
6105929,"gate_30",58,FALSE,TRUE
6106172,"gate_30",24,FALSE,FALSE
6106405,"gate_40",21,FALSE,FALSE
6106412,"gate_40",15,TRUE,FALSE
6106959,"gate_40",1,FALSE,FALSE
6106974,"gate_30",107,TRUE,FALSE
6107202,"gate_30",59,TRUE,FALSE
6107394,"gate_30",1,FALSE,FALSE
6107464,"gate_40",4,FALSE,FALSE
6107467,"gate_40",1,FALSE,FALSE
6107475,"gate_30",3,TRUE,FALSE
6107553,"gate_40",31,TRUE,TRUE
6107564,"gate_40",725,TRUE,TRUE
6107780,"gate_30",4,TRUE,FALSE
6107905,"gate_40",259,TRUE,TRUE
6107936,"gate_30",4,FALSE,FALSE
6107951,"gate_30",10,FALSE,FALSE
6108037,"gate_30",100,TRUE,TRUE
6108093,"gate_40",36,TRUE,TRUE
6108210,"gate_40",11,FALSE,FALSE
6108443,"gate_40",1,FALSE,FALSE
6108600,"gate_40",6,FALSE,FALSE
6108729,"gate_40",283,TRUE,FALSE
6108764,"gate_40",11,FALSE,FALSE
6108790,"gate_40",8,FALSE,FALSE
6108992,"gate_30",5,FALSE,FALSE
6109166,"gate_30",31,FALSE,FALSE
6109203,"gate_30",470,TRUE,TRUE
6109240,"gate_30",134,TRUE,FALSE
6109773,"gate_30",24,TRUE,FALSE
6109783,"gate_30",0,FALSE,FALSE
6109803,"gate_30",4,TRUE,FALSE
6109891,"gate_40",16,FALSE,FALSE
6110023,"gate_30",17,FALSE,FALSE
6110025,"gate_40",10,TRUE,FALSE
6110111,"gate_40",1,TRUE,FALSE
6110173,"gate_40",10,FALSE,TRUE
6110319,"gate_30",1,FALSE,FALSE
6110342,"gate_40",5,TRUE,FALSE
6110434,"gate_30",6,FALSE,FALSE
6110620,"gate_30",0,FALSE,FALSE
6110697,"gate_30",0,FALSE,FALSE
6110715,"gate_40",2,FALSE,FALSE
6110716,"gate_30",71,TRUE,TRUE
6110830,"gate_40",41,TRUE,FALSE
6110898,"gate_40",62,TRUE,FALSE
6110937,"gate_40",18,TRUE,FALSE
6110977,"gate_30",145,TRUE,TRUE
6111016,"gate_40",19,FALSE,FALSE
6111067,"gate_30",42,TRUE,FALSE
6111516,"gate_40",6,FALSE,FALSE
6111703,"gate_40",11,FALSE,FALSE
6111775,"gate_40",6,FALSE,FALSE
6111907,"gate_30",2,FALSE,FALSE
6112068,"gate_40",13,TRUE,FALSE
6112460,"gate_30",6,FALSE,FALSE
6112772,"gate_30",26,TRUE,FALSE
6112783,"gate_40",1,FALSE,FALSE
6113006,"gate_30",2,FALSE,FALSE
6113048,"gate_40",2,FALSE,FALSE
6113062,"gate_40",30,FALSE,FALSE
6113229,"gate_30",14,FALSE,FALSE
6113349,"gate_40",3,FALSE,FALSE
6113433,"gate_30",432,TRUE,TRUE
6113512,"gate_30",6,FALSE,FALSE
6113661,"gate_40",20,TRUE,FALSE
6113665,"gate_30",25,TRUE,FALSE
6113856,"gate_30",0,FALSE,FALSE
6114111,"gate_30",48,FALSE,FALSE
6114156,"gate_30",27,FALSE,FALSE
6114195,"gate_30",1,FALSE,FALSE
6114500,"gate_30",15,FALSE,FALSE
6114634,"gate_40",10,FALSE,FALSE
6114684,"gate_30",124,TRUE,FALSE
6114714,"gate_40",5,FALSE,FALSE
6114808,"gate_30",16,TRUE,FALSE
6114937,"gate_40",4,FALSE,FALSE
6115131,"gate_40",24,TRUE,FALSE
6115191,"gate_40",525,TRUE,TRUE
6115335,"gate_40",29,TRUE,FALSE
6115378,"gate_30",0,FALSE,FALSE
6115400,"gate_30",6,FALSE,FALSE
6115407,"gate_40",567,TRUE,TRUE
6115559,"gate_40",2,FALSE,FALSE
6115626,"gate_40",99,FALSE,FALSE
6115714,"gate_30",8,FALSE,FALSE
6115734,"gate_40",18,TRUE,FALSE
6115749,"gate_30",1,FALSE,FALSE
6116271,"gate_30",69,TRUE,FALSE
6116315,"gate_40",23,FALSE,FALSE
6116324,"gate_30",43,TRUE,FALSE
6116395,"gate_40",4,TRUE,FALSE
6116397,"gate_30",352,TRUE,TRUE
6116494,"gate_40",18,TRUE,FALSE
6116725,"gate_30",1,FALSE,FALSE
6116882,"gate_30",40,TRUE,TRUE
6116916,"gate_30",111,TRUE,TRUE
6116964,"gate_30",2,FALSE,FALSE
6117025,"gate_40",87,FALSE,FALSE
6117101,"gate_30",3,FALSE,FALSE
6117164,"gate_30",10,FALSE,FALSE
6117195,"gate_30",1,FALSE,FALSE
6117296,"gate_40",1,FALSE,FALSE
6117788,"gate_40",77,TRUE,TRUE
6117833,"gate_30",93,TRUE,FALSE
6117846,"gate_40",2,FALSE,FALSE
6118020,"gate_40",2,FALSE,FALSE
6118288,"gate_40",19,TRUE,FALSE
6118291,"gate_30",7,TRUE,FALSE
6118601,"gate_30",5,FALSE,FALSE
6118620,"gate_40",32,TRUE,TRUE
6118820,"gate_40",2,FALSE,FALSE
6118914,"gate_40",5,FALSE,FALSE
6119002,"gate_30",2,FALSE,FALSE
6119031,"gate_40",22,FALSE,FALSE
6119079,"gate_40",2,FALSE,FALSE
6119114,"gate_40",108,FALSE,TRUE
6119172,"gate_30",39,TRUE,FALSE
6119242,"gate_40",5,FALSE,FALSE
6119320,"gate_40",33,TRUE,FALSE
6119372,"gate_40",8,TRUE,FALSE
6119557,"gate_30",25,FALSE,FALSE
6119649,"gate_30",46,FALSE,FALSE
6119712,"gate_30",138,TRUE,TRUE
6119808,"gate_40",1,FALSE,FALSE
6119960,"gate_40",36,TRUE,FALSE
6119962,"gate_30",12,TRUE,FALSE
6119984,"gate_40",4,FALSE,FALSE
6119993,"gate_30",14,TRUE,FALSE
6120327,"gate_40",244,TRUE,TRUE
6120494,"gate_30",0,FALSE,FALSE
6120709,"gate_30",4,FALSE,FALSE
6120738,"gate_30",59,TRUE,FALSE
6120853,"gate_30",4,FALSE,FALSE
6120912,"gate_40",8,TRUE,FALSE
6120975,"gate_40",19,TRUE,FALSE
6121041,"gate_30",7,FALSE,FALSE
6121179,"gate_30",18,FALSE,FALSE
6121212,"gate_30",10,FALSE,FALSE
6121218,"gate_30",35,FALSE,TRUE
6121315,"gate_40",2,TRUE,FALSE
6121412,"gate_30",4,FALSE,FALSE
6121464,"gate_30",0,FALSE,FALSE
6121539,"gate_30",1,FALSE,FALSE
6121865,"gate_30",3,FALSE,FALSE
6122029,"gate_30",19,TRUE,FALSE
6122112,"gate_40",26,TRUE,FALSE
6122164,"gate_30",8,TRUE,FALSE
6122468,"gate_40",96,TRUE,TRUE
6122534,"gate_30",109,TRUE,TRUE
6122606,"gate_30",5,FALSE,FALSE
6122713,"gate_30",21,TRUE,FALSE
6122759,"gate_40",7,FALSE,FALSE
6122940,"gate_30",14,TRUE,FALSE
6123021,"gate_30",358,TRUE,TRUE
6123072,"gate_40",52,TRUE,FALSE
6123241,"gate_40",5,FALSE,FALSE
6123270,"gate_30",26,TRUE,FALSE
6123809,"gate_30",33,TRUE,FALSE
6123830,"gate_30",93,TRUE,FALSE
6123844,"gate_30",50,TRUE,FALSE
6123956,"gate_30",9,FALSE,FALSE
6124060,"gate_40",8,FALSE,FALSE
6124316,"gate_30",1,FALSE,FALSE
6124347,"gate_40",20,TRUE,FALSE
6124359,"gate_30",0,FALSE,FALSE
6124509,"gate_40",46,TRUE,TRUE
6124658,"gate_30",11,TRUE,FALSE
6124745,"gate_40",37,TRUE,FALSE
6124780,"gate_30",35,FALSE,FALSE
6124848,"gate_30",509,TRUE,TRUE
6124960,"gate_40",181,TRUE,TRUE
6125069,"gate_40",28,FALSE,FALSE
6125103,"gate_30",2,FALSE,FALSE
6125190,"gate_30",83,TRUE,FALSE
6125214,"gate_40",6,FALSE,FALSE
6125366,"gate_30",2,FALSE,FALSE
6125707,"gate_30",0,FALSE,FALSE
6125711,"gate_40",7,FALSE,FALSE
6125748,"gate_30",130,TRUE,TRUE
6125891,"gate_40",15,TRUE,FALSE
6126033,"gate_30",67,TRUE,FALSE
6126045,"gate_30",13,FALSE,FALSE
6126099,"gate_40",16,FALSE,FALSE
6126331,"gate_30",21,TRUE,FALSE
6126496,"gate_40",18,FALSE,FALSE
6126516,"gate_30",26,FALSE,FALSE
6126555,"gate_40",25,TRUE,FALSE
6126891,"gate_30",0,FALSE,FALSE
6126947,"gate_30",4,FALSE,FALSE
6127215,"gate_40",0,FALSE,FALSE
6127232,"gate_30",115,TRUE,TRUE
6127322,"gate_40",3,TRUE,FALSE
6127367,"gate_40",5,FALSE,FALSE
6127449,"gate_30",3,FALSE,FALSE
6127452,"gate_40",0,FALSE,FALSE
6127515,"gate_30",24,FALSE,FALSE
6127540,"gate_30",3,FALSE,FALSE
6127561,"gate_40",1,FALSE,FALSE
6127600,"gate_40",43,TRUE,FALSE
6127615,"gate_40",383,FALSE,TRUE
6127678,"gate_30",1,FALSE,FALSE
6127695,"gate_40",300,TRUE,TRUE
6127704,"gate_40",0,FALSE,FALSE
6127895,"gate_40",97,FALSE,TRUE
6127928,"gate_40",0,FALSE,FALSE
6128057,"gate_40",110,TRUE,FALSE
6128219,"gate_30",10,TRUE,FALSE
6128220,"gate_40",100,TRUE,TRUE
6128223,"gate_30",31,TRUE,FALSE
6128304,"gate_30",10,FALSE,FALSE
6128309,"gate_40",33,TRUE,FALSE
6128407,"gate_40",35,TRUE,FALSE
6128454,"gate_30",3,FALSE,FALSE
6128516,"gate_40",31,TRUE,FALSE
6128550,"gate_40",42,TRUE,FALSE
6128578,"gate_30",35,TRUE,FALSE
6128608,"gate_40",47,TRUE,TRUE
6128735,"gate_40",54,TRUE,TRUE
6128816,"gate_40",37,FALSE,FALSE
6128876,"gate_30",42,TRUE,FALSE
6128957,"gate_30",55,TRUE,FALSE
6129026,"gate_40",4,FALSE,FALSE
6129159,"gate_40",47,FALSE,FALSE
6129197,"gate_30",18,FALSE,FALSE
6129208,"gate_40",25,TRUE,FALSE
6129297,"gate_30",287,TRUE,TRUE
6129337,"gate_40",7,FALSE,FALSE
6129363,"gate_40",17,TRUE,FALSE
6129454,"gate_30",32,FALSE,FALSE
6129484,"gate_30",20,FALSE,FALSE
6129638,"gate_30",8,TRUE,FALSE
6129665,"gate_30",65,TRUE,FALSE
6129676,"gate_30",137,TRUE,FALSE
6129716,"gate_30",81,FALSE,FALSE
6129856,"gate_30",26,TRUE,FALSE
6129984,"gate_40",69,TRUE,TRUE
6130122,"gate_40",193,TRUE,FALSE
6130246,"gate_40",90,TRUE,FALSE
6130316,"gate_30",2,FALSE,FALSE
6130365,"gate_30",12,TRUE,FALSE
6130448,"gate_30",0,FALSE,FALSE
6130471,"gate_30",0,FALSE,FALSE
6130622,"gate_40",2,FALSE,FALSE
6130665,"gate_40",0,FALSE,FALSE
6130860,"gate_30",68,TRUE,TRUE
6130951,"gate_30",10,FALSE,FALSE
6131269,"gate_40",30,TRUE,FALSE
6131322,"gate_30",0,FALSE,FALSE
6131346,"gate_30",43,TRUE,FALSE
6131470,"gate_40",10,FALSE,FALSE
6131703,"gate_30",27,TRUE,FALSE
6131782,"gate_40",23,FALSE,FALSE
6131838,"gate_40",8,FALSE,FALSE
6131927,"gate_30",86,TRUE,FALSE
6132057,"gate_40",2,FALSE,FALSE
6132068,"gate_40",34,TRUE,FALSE
6132085,"gate_30",61,TRUE,TRUE
6132219,"gate_40",6,FALSE,FALSE
6132260,"gate_40",12,FALSE,FALSE
6132311,"gate_30",10,TRUE,FALSE
6132354,"gate_30",136,TRUE,FALSE
6132363,"gate_40",121,TRUE,FALSE
6132413,"gate_40",3,TRUE,FALSE
6132432,"gate_30",123,FALSE,FALSE
6132606,"gate_30",1,FALSE,FALSE
6132686,"gate_30",36,TRUE,FALSE
6132751,"gate_30",15,FALSE,FALSE
6132840,"gate_40",13,TRUE,FALSE
6132997,"gate_40",0,FALSE,FALSE
6133010,"gate_40",2,FALSE,FALSE
6133062,"gate_40",9,FALSE,FALSE
6133236,"gate_40",20,FALSE,FALSE
6133323,"gate_40",44,FALSE,FALSE
6133630,"gate_30",3,FALSE,FALSE
6133715,"gate_30",4,FALSE,FALSE
6133717,"gate_30",5,FALSE,FALSE
6133753,"gate_40",1,FALSE,FALSE
6133817,"gate_40",0,FALSE,FALSE
6134178,"gate_30",612,TRUE,FALSE
6134233,"gate_30",9,TRUE,FALSE
6134477,"gate_30",3,FALSE,FALSE
6134550,"gate_30",12,FALSE,FALSE
6134564,"gate_30",13,FALSE,FALSE
6134881,"gate_40",214,TRUE,FALSE
6134986,"gate_30",4,FALSE,FALSE
6135130,"gate_30",5,FALSE,TRUE
6135216,"gate_40",324,TRUE,TRUE
6135229,"gate_30",18,FALSE,FALSE
6135256,"gate_40",2,FALSE,FALSE
6135285,"gate_40",6,FALSE,FALSE
6135393,"gate_30",46,TRUE,FALSE
6135455,"gate_40",83,TRUE,TRUE
6135638,"gate_40",19,TRUE,FALSE
6135680,"gate_40",69,TRUE,TRUE
6135736,"gate_30",19,TRUE,FALSE
6135784,"gate_30",1,FALSE,FALSE
6136018,"gate_40",1,FALSE,FALSE
6136054,"gate_30",35,FALSE,FALSE
6136268,"gate_30",1,FALSE,FALSE
6136315,"gate_40",72,TRUE,TRUE
6136360,"gate_40",102,FALSE,TRUE
6136519,"gate_30",13,FALSE,FALSE
6136520,"gate_30",28,TRUE,FALSE
6136625,"gate_30",0,FALSE,FALSE
6136697,"gate_30",221,TRUE,TRUE
6137228,"gate_40",374,TRUE,TRUE
6137328,"gate_40",3,FALSE,FALSE
6137373,"gate_30",12,FALSE,FALSE
6137794,"gate_30",34,TRUE,FALSE
6137901,"gate_40",125,FALSE,TRUE
6137911,"gate_30",4,FALSE,FALSE
6137942,"gate_40",0,FALSE,TRUE
6138188,"gate_40",27,FALSE,FALSE
6138233,"gate_40",14,TRUE,TRUE
6138693,"gate_30",64,TRUE,FALSE
6138779,"gate_40",40,FALSE,TRUE
6138877,"gate_30",47,FALSE,FALSE
6139017,"gate_30",154,FALSE,TRUE
6139075,"gate_30",38,FALSE,TRUE
6139089,"gate_30",66,TRUE,FALSE
6139145,"gate_40",106,FALSE,FALSE
6139177,"gate_30",2,FALSE,FALSE
6139277,"gate_30",2,FALSE,FALSE
6139593,"gate_30",54,TRUE,FALSE
6139606,"gate_40",44,TRUE,FALSE
6139638,"gate_40",234,TRUE,TRUE
6139854,"gate_40",3,FALSE,FALSE
6139928,"gate_40",10,TRUE,FALSE
6140027,"gate_30",18,TRUE,FALSE
6140043,"gate_30",31,TRUE,TRUE
6140110,"gate_30",4,FALSE,FALSE
6140518,"gate_30",0,FALSE,FALSE
6140692,"gate_40",24,TRUE,FALSE
6140735,"gate_30",1,FALSE,FALSE
6140825,"gate_30",18,FALSE,FALSE
6141289,"gate_40",5,FALSE,FALSE
6141321,"gate_40",18,TRUE,FALSE
6141328,"gate_40",3,TRUE,FALSE
6141392,"gate_30",93,TRUE,TRUE
6141433,"gate_40",3,FALSE,FALSE
6141529,"gate_40",363,TRUE,TRUE
6141533,"gate_30",29,TRUE,FALSE
6141583,"gate_40",23,TRUE,FALSE
6141727,"gate_30",117,TRUE,TRUE
6141781,"gate_30",22,FALSE,FALSE
6141956,"gate_30",2,FALSE,FALSE
6142094,"gate_40",59,TRUE,FALSE
6142355,"gate_30",531,TRUE,TRUE
6142467,"gate_30",4,FALSE,FALSE
6142492,"gate_40",1,FALSE,FALSE
6142496,"gate_40",15,TRUE,FALSE
6142640,"gate_40",74,TRUE,FALSE
6142750,"gate_30",71,TRUE,FALSE
6142827,"gate_40",3,FALSE,FALSE
6142880,"gate_30",290,TRUE,TRUE
6142979,"gate_30",124,TRUE,FALSE
6143061,"gate_30",3,FALSE,FALSE
6143201,"gate_30",32,TRUE,FALSE
6143333,"gate_40",34,TRUE,FALSE
6143569,"gate_30",18,FALSE,FALSE
6143604,"gate_40",5,FALSE,FALSE
6143632,"gate_30",2,FALSE,FALSE
6143773,"gate_30",7,FALSE,FALSE
6143860,"gate_30",0,FALSE,FALSE
6143976,"gate_40",110,TRUE,TRUE
6143982,"gate_40",7,FALSE,FALSE
6144376,"gate_30",19,TRUE,TRUE
6144455,"gate_40",5,FALSE,FALSE
6144498,"gate_30",5,FALSE,FALSE
6144650,"gate_30",56,FALSE,FALSE
6144783,"gate_30",28,TRUE,FALSE
6144825,"gate_40",0,FALSE,FALSE
6145014,"gate_30",16,TRUE,FALSE
6145159,"gate_30",6,FALSE,FALSE
6145373,"gate_30",3,TRUE,FALSE
6145383,"gate_30",23,TRUE,FALSE
6145968,"gate_30",43,TRUE,FALSE
6146032,"gate_40",66,FALSE,TRUE
6146059,"gate_30",52,FALSE,TRUE
6146097,"gate_40",111,TRUE,FALSE
6146127,"gate_40",67,TRUE,FALSE
6146172,"gate_30",41,TRUE,FALSE
6146233,"gate_40",49,TRUE,TRUE
6146323,"gate_40",9,FALSE,FALSE
6146328,"gate_40",115,TRUE,TRUE
6146415,"gate_30",0,FALSE,FALSE
6146464,"gate_40",830,TRUE,TRUE
6146475,"gate_30",4,FALSE,FALSE
6146574,"gate_30",37,TRUE,FALSE
6146580,"gate_30",215,TRUE,TRUE
6146829,"gate_30",12,FALSE,FALSE
6146891,"gate_40",73,TRUE,FALSE
6146973,"gate_40",3,FALSE,FALSE
6147023,"gate_40",2,FALSE,FALSE
6147126,"gate_40",150,TRUE,TRUE
6147134,"gate_30",9,FALSE,FALSE
6147421,"gate_40",86,TRUE,FALSE
6147535,"gate_30",244,TRUE,TRUE
6147634,"gate_30",10,TRUE,FALSE
6147703,"gate_30",42,TRUE,FALSE
6147725,"gate_40",7,FALSE,FALSE
6148024,"gate_30",7,FALSE,FALSE
6148073,"gate_30",2,FALSE,FALSE
6148087,"gate_40",14,FALSE,FALSE
6148279,"gate_30",74,TRUE,FALSE
6148347,"gate_30",8,FALSE,FALSE
6148552,"gate_40",566,TRUE,FALSE
6148575,"gate_40",207,TRUE,TRUE
6148593,"gate_30",2,FALSE,FALSE
6148620,"gate_30",1,FALSE,FALSE
6148820,"gate_40",18,TRUE,FALSE
6148825,"gate_30",9,TRUE,FALSE
6149120,"gate_40",95,TRUE,FALSE
6149155,"gate_40",148,TRUE,FALSE
6149167,"gate_40",19,FALSE,FALSE
6149498,"gate_30",17,FALSE,FALSE
6149563,"gate_30",9,FALSE,FALSE
6149584,"gate_30",281,TRUE,TRUE
6149815,"gate_30",55,FALSE,TRUE
6149908,"gate_40",2,FALSE,FALSE
6149942,"gate_30",0,FALSE,FALSE
6149953,"gate_40",53,TRUE,FALSE
6149982,"gate_40",4,FALSE,FALSE
6150124,"gate_30",70,TRUE,FALSE
6150529,"gate_30",3,FALSE,FALSE
6150660,"gate_40",35,TRUE,TRUE
6151070,"gate_40",163,TRUE,TRUE
6151160,"gate_40",1,FALSE,FALSE
6151174,"gate_40",357,TRUE,TRUE
6151239,"gate_30",35,TRUE,TRUE
6151251,"gate_40",9,FALSE,FALSE
6151290,"gate_30",6,FALSE,FALSE
6151520,"gate_40",58,TRUE,FALSE
6151551,"gate_30",1,FALSE,FALSE
6151636,"gate_30",11,FALSE,FALSE
6151668,"gate_40",0,FALSE,TRUE
6151773,"gate_30",3,FALSE,FALSE
6151829,"gate_40",40,TRUE,FALSE
6152044,"gate_30",118,TRUE,TRUE
6152127,"gate_30",7,FALSE,FALSE
6152143,"gate_40",94,TRUE,FALSE
6152157,"gate_40",3,FALSE,FALSE
6152222,"gate_40",1,FALSE,FALSE
6152247,"gate_40",154,TRUE,FALSE
6152311,"gate_30",29,FALSE,FALSE
6152478,"gate_30",54,TRUE,FALSE
6152564,"gate_30",0,FALSE,FALSE
6152678,"gate_30",1,FALSE,FALSE
6152699,"gate_40",18,FALSE,FALSE
6152799,"gate_40",15,FALSE,FALSE
6152867,"gate_30",18,TRUE,FALSE
6152916,"gate_30",16,FALSE,FALSE
6152919,"gate_30",8,FALSE,FALSE
6153227,"gate_30",53,TRUE,FALSE
6153263,"gate_30",20,TRUE,FALSE
6153291,"gate_40",4,TRUE,FALSE
6153608,"gate_40",20,FALSE,FALSE
6153628,"gate_30",4,FALSE,FALSE
6153642,"gate_30",82,TRUE,TRUE
6153645,"gate_40",0,FALSE,FALSE
6153800,"gate_40",14,FALSE,FALSE
6153908,"gate_30",64,TRUE,FALSE
6154063,"gate_40",0,FALSE,FALSE
6154381,"gate_40",6,FALSE,FALSE
6154474,"gate_40",11,FALSE,FALSE
6154728,"gate_30",166,TRUE,TRUE
6154867,"gate_40",6,FALSE,FALSE
6154910,"gate_40",119,TRUE,TRUE
6155212,"gate_40",6,FALSE,FALSE
6155758,"gate_30",157,TRUE,TRUE
6155872,"gate_40",112,TRUE,TRUE
6155962,"gate_40",11,FALSE,FALSE
6156018,"gate_40",42,FALSE,FALSE
6156119,"gate_30",26,FALSE,FALSE
6156293,"gate_30",55,TRUE,FALSE
6156684,"gate_40",4,TRUE,FALSE
6156795,"gate_40",130,TRUE,TRUE
6156929,"gate_40",99,TRUE,TRUE
6157087,"gate_40",2,FALSE,FALSE
6157162,"gate_30",13,FALSE,FALSE
6157556,"gate_30",1,FALSE,FALSE
6157582,"gate_40",57,TRUE,FALSE
6157704,"gate_40",16,FALSE,FALSE
6157758,"gate_40",113,TRUE,FALSE
6157780,"gate_40",2,FALSE,FALSE
6157811,"gate_30",18,FALSE,FALSE
6157891,"gate_40",76,TRUE,FALSE
6158032,"gate_40",4,FALSE,FALSE
6158053,"gate_40",107,FALSE,TRUE
6158293,"gate_40",1,FALSE,FALSE
6158391,"gate_40",8,FALSE,FALSE
6158723,"gate_30",691,TRUE,TRUE
6158743,"gate_30",22,FALSE,FALSE
6158819,"gate_40",5,FALSE,FALSE
6159151,"gate_30",310,TRUE,TRUE
6159354,"gate_30",16,TRUE,FALSE
6159364,"gate_40",10,FALSE,FALSE
6159390,"gate_30",76,TRUE,FALSE
6159447,"gate_30",56,TRUE,FALSE
6159575,"gate_40",2,FALSE,FALSE
6159687,"gate_30",40,TRUE,FALSE
6159764,"gate_40",22,FALSE,FALSE
6159806,"gate_40",55,FALSE,TRUE
6159824,"gate_40",4,FALSE,FALSE
6160077,"gate_30",11,FALSE,FALSE
6160085,"gate_30",33,FALSE,FALSE
6160096,"gate_40",2,FALSE,FALSE
6160138,"gate_30",10,FALSE,FALSE
6160190,"gate_30",2,FALSE,FALSE
6160196,"gate_40",14,FALSE,FALSE
6160235,"gate_40",12,FALSE,FALSE
6160293,"gate_40",1,FALSE,FALSE
6160406,"gate_30",18,TRUE,FALSE
6160445,"gate_40",106,TRUE,TRUE
6160517,"gate_30",3,FALSE,FALSE
6160521,"gate_40",3,TRUE,FALSE
6160588,"gate_30",132,TRUE,FALSE
6160642,"gate_30",27,TRUE,FALSE
6160804,"gate_40",114,TRUE,FALSE
6160995,"gate_30",107,TRUE,TRUE
6161008,"gate_40",92,FALSE,FALSE
6161122,"gate_40",1,FALSE,FALSE
6161223,"gate_40",155,TRUE,TRUE
6161420,"gate_30",9,TRUE,FALSE
6161794,"gate_30",70,TRUE,TRUE
6161957,"gate_40",53,TRUE,FALSE
6161994,"gate_40",184,TRUE,FALSE
6162025,"gate_40",13,TRUE,FALSE
6162106,"gate_40",1,FALSE,FALSE
6162147,"gate_40",7,FALSE,FALSE
6162178,"gate_40",0,FALSE,FALSE
6162206,"gate_30",81,TRUE,FALSE
6162364,"gate_40",23,FALSE,FALSE
6162488,"gate_30",65,TRUE,FALSE
6162587,"gate_40",14,FALSE,FALSE
6162605,"gate_30",10,FALSE,FALSE
6162673,"gate_40",1,FALSE,FALSE
6162823,"gate_40",77,TRUE,FALSE
6162851,"gate_40",60,TRUE,FALSE
6162880,"gate_40",7,TRUE,FALSE
6162889,"gate_40",3,FALSE,FALSE
6162933,"gate_30",55,TRUE,FALSE
6163235,"gate_30",10,FALSE,FALSE
6163287,"gate_40",10,FALSE,FALSE
6163316,"gate_40",2,FALSE,FALSE
6163419,"gate_40",1,FALSE,FALSE
6163489,"gate_30",91,TRUE,FALSE
6163498,"gate_30",6,TRUE,FALSE
6163678,"gate_40",21,FALSE,FALSE
6163801,"gate_30",28,FALSE,FALSE
6163818,"gate_30",51,TRUE,FALSE
6163883,"gate_40",21,TRUE,FALSE
6163902,"gate_30",289,TRUE,TRUE
6163958,"gate_40",45,TRUE,FALSE
6164016,"gate_30",62,FALSE,TRUE
6164054,"gate_40",3,FALSE,FALSE
6164112,"gate_30",13,FALSE,FALSE
6164228,"gate_40",0,FALSE,FALSE
6164238,"gate_30",87,TRUE,FALSE
6164282,"gate_40",42,TRUE,FALSE
6164443,"gate_30",3,FALSE,FALSE
6164541,"gate_30",12,FALSE,FALSE
6164666,"gate_40",1,FALSE,FALSE
6164767,"gate_30",40,TRUE,FALSE
6164796,"gate_30",2,FALSE,FALSE
6164811,"gate_40",8,FALSE,FALSE
6164928,"gate_40",10,TRUE,FALSE
6164978,"gate_40",3,FALSE,FALSE
6165106,"gate_40",9,FALSE,FALSE
6165112,"gate_30",28,TRUE,FALSE
6165202,"gate_30",4,FALSE,FALSE
6165234,"gate_30",53,TRUE,FALSE
6165797,"gate_40",31,FALSE,FALSE
6165848,"gate_30",56,TRUE,FALSE
6166032,"gate_30",6,FALSE,FALSE
6166071,"gate_40",3,FALSE,FALSE
6166313,"gate_30",17,TRUE,FALSE
6166336,"gate_30",16,FALSE,FALSE
6166371,"gate_40",62,TRUE,FALSE
6166598,"gate_40",66,TRUE,FALSE
6166630,"gate_40",4,TRUE,FALSE
6166717,"gate_30",10,FALSE,FALSE
6166811,"gate_40",3,TRUE,FALSE
6166830,"gate_30",34,FALSE,FALSE
6166887,"gate_40",4,FALSE,FALSE
6167085,"gate_30",43,TRUE,TRUE
6167160,"gate_30",10,FALSE,FALSE
6167347,"gate_40",49,FALSE,FALSE
6167360,"gate_30",103,TRUE,TRUE
6167556,"gate_30",48,TRUE,FALSE
6167588,"gate_30",0,FALSE,FALSE
6167815,"gate_30",1,FALSE,FALSE
6167930,"gate_40",45,TRUE,FALSE
6168009,"gate_40",16,TRUE,FALSE
6168116,"gate_30",2,FALSE,FALSE
6168253,"gate_30",0,TRUE,FALSE
6168254,"gate_40",1,FALSE,FALSE
6168696,"gate_40",4,FALSE,FALSE
6168704,"gate_30",18,TRUE,FALSE
6168950,"gate_30",14,TRUE,FALSE
6169309,"gate_30",16,FALSE,FALSE
6169385,"gate_30",142,TRUE,FALSE
6169500,"gate_30",6,FALSE,FALSE
6169683,"gate_30",3,FALSE,FALSE
6169763,"gate_40",16,FALSE,FALSE
6169914,"gate_40",16,FALSE,FALSE
6170020,"gate_30",3,FALSE,FALSE
6170052,"gate_40",8,TRUE,FALSE
6170064,"gate_30",23,TRUE,FALSE
6170119,"gate_40",9,FALSE,FALSE
6170539,"gate_40",32,FALSE,FALSE
6170568,"gate_30",19,TRUE,TRUE
6170619,"gate_40",73,TRUE,FALSE
6170717,"gate_40",3,FALSE,FALSE
6170741,"gate_30",156,TRUE,TRUE
6170750,"gate_40",1,FALSE,FALSE
6170794,"gate_30",638,TRUE,FALSE
6170898,"gate_30",10,FALSE,FALSE
6171193,"gate_40",81,TRUE,FALSE
6171297,"gate_40",0,TRUE,FALSE
6171417,"gate_40",75,TRUE,FALSE
6171578,"gate_30",8,FALSE,FALSE
6171677,"gate_30",53,FALSE,TRUE
6171721,"gate_30",4,FALSE,FALSE
6171832,"gate_40",39,TRUE,TRUE
6171858,"gate_30",44,TRUE,FALSE
6171934,"gate_30",1,FALSE,FALSE
6172098,"gate_30",10,FALSE,FALSE
6172182,"gate_30",95,TRUE,FALSE
6172189,"gate_30",5,FALSE,FALSE
6172371,"gate_30",134,TRUE,TRUE
6172373,"gate_40",74,TRUE,FALSE
6172558,"gate_40",15,TRUE,FALSE
6172590,"gate_40",16,TRUE,FALSE
6172858,"gate_40",29,FALSE,TRUE
6172972,"gate_40",37,TRUE,FALSE
6172996,"gate_30",13,FALSE,FALSE
6173060,"gate_40",47,FALSE,FALSE
6173072,"gate_40",1,FALSE,TRUE
6173261,"gate_30",6,FALSE,FALSE
6173377,"gate_40",26,FALSE,FALSE
6173458,"gate_40",166,TRUE,TRUE
6173591,"gate_40",6,FALSE,FALSE
6173877,"gate_40",14,FALSE,FALSE
6174028,"gate_40",21,TRUE,FALSE
6174083,"gate_30",5,FALSE,FALSE
6174111,"gate_30",27,TRUE,FALSE
6174233,"gate_30",7,FALSE,FALSE
6174506,"gate_40",122,TRUE,FALSE
6174622,"gate_40",15,FALSE,FALSE
6174731,"gate_40",18,TRUE,FALSE
6175003,"gate_30",41,TRUE,FALSE
6175026,"gate_40",86,TRUE,FALSE
6175068,"gate_40",0,FALSE,FALSE
6175082,"gate_30",3,FALSE,FALSE
6175163,"gate_30",12,TRUE,FALSE
6175225,"gate_40",11,FALSE,FALSE
6175403,"gate_30",129,FALSE,FALSE
6175465,"gate_30",42,TRUE,FALSE
6175627,"gate_30",6,FALSE,FALSE
6176223,"gate_30",10,TRUE,FALSE
6176247,"gate_30",85,TRUE,FALSE
6176325,"gate_30",1,FALSE,FALSE
6176357,"gate_40",1,FALSE,FALSE
6176406,"gate_30",7,FALSE,FALSE
6176469,"gate_30",9,FALSE,FALSE
6176890,"gate_40",76,TRUE,FALSE
6176970,"gate_40",47,TRUE,FALSE
6177056,"gate_40",18,TRUE,TRUE
6177096,"gate_30",43,TRUE,TRUE
6177423,"gate_40",18,FALSE,FALSE
6177440,"gate_40",386,TRUE,FALSE
6177552,"gate_40",0,FALSE,FALSE
6177578,"gate_40",3,TRUE,FALSE
6177602,"gate_40",4,FALSE,FALSE
6177625,"gate_30",1,FALSE,FALSE
6177742,"gate_30",1,FALSE,FALSE
6177803,"gate_40",71,TRUE,FALSE
6177812,"gate_30",7,TRUE,FALSE
6177855,"gate_40",4,FALSE,FALSE
6177874,"gate_40",3,FALSE,FALSE
6177951,"gate_40",52,TRUE,FALSE
6177987,"gate_30",19,FALSE,FALSE
6178061,"gate_40",70,TRUE,TRUE
6178204,"gate_30",1,FALSE,FALSE
6178264,"gate_30",22,TRUE,FALSE
6178308,"gate_30",11,FALSE,FALSE
6178504,"gate_40",11,FALSE,FALSE
6178656,"gate_40",7,TRUE,FALSE
6178693,"gate_30",70,TRUE,FALSE
6178723,"gate_40",56,FALSE,TRUE
6178871,"gate_30",5,TRUE,FALSE
6178936,"gate_40",95,TRUE,FALSE
6179129,"gate_40",18,FALSE,FALSE
6179242,"gate_30",84,TRUE,TRUE
6179271,"gate_40",13,FALSE,FALSE
6179351,"gate_30",21,FALSE,FALSE
6179378,"gate_30",9,TRUE,FALSE
6179382,"gate_30",307,TRUE,TRUE
6179498,"gate_40",8,TRUE,FALSE
6179852,"gate_40",88,TRUE,FALSE
6179945,"gate_40",47,FALSE,TRUE
6179962,"gate_40",6,FALSE,FALSE
6179984,"gate_40",2,FALSE,FALSE
6180005,"gate_40",6,FALSE,FALSE
6180276,"gate_30",173,TRUE,TRUE
6180374,"gate_30",6,FALSE,FALSE
6180459,"gate_40",0,FALSE,FALSE
6180526,"gate_30",2,FALSE,FALSE
6180529,"gate_30",2,FALSE,FALSE
6180534,"gate_30",134,TRUE,TRUE
6180556,"gate_30",109,TRUE,TRUE
6180594,"gate_40",287,TRUE,TRUE
6180608,"gate_30",58,TRUE,TRUE
6180818,"gate_40",2,FALSE,FALSE
6180862,"gate_30",54,TRUE,FALSE
6180886,"gate_40",368,TRUE,TRUE
6180994,"gate_40",39,FALSE,FALSE
6181215,"gate_40",87,TRUE,FALSE
6181275,"gate_30",12,TRUE,FALSE
6181305,"gate_40",290,TRUE,TRUE
6181505,"gate_30",8,FALSE,FALSE
6181526,"gate_30",1,FALSE,FALSE
6181582,"gate_30",4,FALSE,FALSE
6181596,"gate_40",7,FALSE,FALSE
6181673,"gate_30",50,TRUE,TRUE
6181780,"gate_30",5,FALSE,FALSE
6181923,"gate_40",2,FALSE,FALSE
6181957,"gate_40",16,FALSE,FALSE
6181967,"gate_30",4,FALSE,FALSE
6182087,"gate_40",9,FALSE,FALSE
6182125,"gate_30",290,TRUE,TRUE
6182130,"gate_30",5,FALSE,FALSE
6182193,"gate_30",163,TRUE,FALSE
6182297,"gate_40",53,TRUE,TRUE
6182404,"gate_40",18,TRUE,FALSE
6182590,"gate_30",30,TRUE,FALSE
6182923,"gate_30",54,FALSE,TRUE
6183135,"gate_30",1,FALSE,FALSE
6183483,"gate_30",42,TRUE,FALSE
6183522,"gate_30",411,TRUE,TRUE
6183545,"gate_40",10,FALSE,FALSE
6183555,"gate_40",116,TRUE,TRUE
6183580,"gate_30",0,FALSE,FALSE
6183617,"gate_30",282,TRUE,FALSE
6183866,"gate_40",17,TRUE,FALSE
6183983,"gate_30",89,FALSE,TRUE
6184000,"gate_40",27,TRUE,FALSE
6184165,"gate_40",5,FALSE,FALSE
6184303,"gate_30",2,FALSE,FALSE
6184311,"gate_40",5,FALSE,FALSE
6184365,"gate_40",79,TRUE,FALSE
6184371,"gate_30",13,FALSE,FALSE
6184410,"gate_30",3,FALSE,FALSE
6184583,"gate_40",21,TRUE,FALSE
6184605,"gate_30",1,FALSE,FALSE
6184828,"gate_40",17,FALSE,FALSE
6185006,"gate_40",11,FALSE,FALSE
6185020,"gate_40",3,FALSE,FALSE
6185091,"gate_30",3,FALSE,FALSE
6185144,"gate_30",2,FALSE,FALSE
6185346,"gate_30",3,FALSE,FALSE
6185436,"gate_40",33,TRUE,FALSE
6185454,"gate_40",100,TRUE,FALSE
6185673,"gate_30",74,TRUE,TRUE
6185855,"gate_40",51,TRUE,FALSE
6186161,"gate_40",64,TRUE,FALSE
6186205,"gate_40",39,TRUE,TRUE
6186420,"gate_30",17,FALSE,FALSE
6186528,"gate_40",6,FALSE,FALSE
6186580,"gate_40",13,FALSE,FALSE
6186686,"gate_40",7,FALSE,FALSE
6186703,"gate_40",40,TRUE,FALSE
6186923,"gate_40",0,FALSE,FALSE
6187155,"gate_30",28,FALSE,FALSE
6187346,"gate_40",16,TRUE,FALSE
6187448,"gate_30",1,TRUE,FALSE
6187629,"gate_30",0,FALSE,FALSE
6187662,"gate_30",44,TRUE,TRUE
6187880,"gate_40",4,TRUE,FALSE
6188190,"gate_30",36,TRUE,FALSE
6188335,"gate_40",61,TRUE,FALSE
6188355,"gate_30",6,FALSE,FALSE
6188686,"gate_40",0,FALSE,FALSE
6188773,"gate_40",8,TRUE,FALSE
6188786,"gate_40",52,FALSE,FALSE
6188834,"gate_30",71,FALSE,FALSE
6188843,"gate_40",38,TRUE,FALSE
6188875,"gate_40",2,FALSE,FALSE
6188911,"gate_30",4,FALSE,FALSE
6188913,"gate_30",5,FALSE,FALSE
6189010,"gate_40",217,TRUE,TRUE
6189014,"gate_40",0,FALSE,FALSE
6189268,"gate_40",6,FALSE,FALSE
6189352,"gate_40",4,FALSE,FALSE
6189483,"gate_40",14,FALSE,FALSE
6189504,"gate_30",101,TRUE,TRUE
6189738,"gate_40",48,TRUE,FALSE
6189853,"gate_30",9,FALSE,FALSE
6190018,"gate_30",6,FALSE,FALSE
6190090,"gate_40",103,TRUE,FALSE
6190307,"gate_40",3,FALSE,FALSE
6190578,"gate_40",111,TRUE,TRUE
6190726,"gate_40",3,FALSE,FALSE
6190857,"gate_30",389,TRUE,TRUE
6190911,"gate_40",1,FALSE,FALSE
6190915,"gate_40",2,FALSE,FALSE
6191067,"gate_40",23,FALSE,FALSE
6191257,"gate_30",25,FALSE,FALSE
6191285,"gate_30",178,FALSE,TRUE
6191412,"gate_30",87,FALSE,TRUE
6191413,"gate_40",21,FALSE,FALSE
6191442,"gate_30",37,TRUE,FALSE
6191495,"gate_40",2,TRUE,FALSE
6191516,"gate_40",47,FALSE,TRUE
6191526,"gate_40",9,FALSE,FALSE
6191675,"gate_30",19,FALSE,FALSE
6191874,"gate_40",1,FALSE,FALSE
6192046,"gate_40",2,FALSE,FALSE
6192214,"gate_40",12,FALSE,FALSE
6192559,"gate_40",0,FALSE,FALSE
6192573,"gate_30",50,TRUE,TRUE
6192593,"gate_40",4,FALSE,FALSE
6192619,"gate_30",3,FALSE,FALSE
6192628,"gate_40",59,TRUE,FALSE
6192838,"gate_30",22,TRUE,FALSE
6192905,"gate_40",29,TRUE,FALSE
6192991,"gate_40",68,TRUE,FALSE
6193014,"gate_40",19,FALSE,FALSE
6193183,"gate_40",60,TRUE,FALSE
6193238,"gate_40",13,FALSE,FALSE
6193285,"gate_40",3,FALSE,FALSE
6193313,"gate_40",51,FALSE,FALSE
6193375,"gate_40",0,FALSE,FALSE
6193601,"gate_30",39,FALSE,FALSE
6193646,"gate_40",47,TRUE,FALSE
6193657,"gate_30",0,FALSE,FALSE
6193808,"gate_40",3,FALSE,FALSE
6193830,"gate_40",47,FALSE,FALSE
6194060,"gate_40",16,FALSE,FALSE
6194079,"gate_30",8,FALSE,FALSE
6194237,"gate_30",4,FALSE,FALSE
6194370,"gate_40",42,TRUE,FALSE
6194372,"gate_40",71,TRUE,FALSE
6194565,"gate_40",19,FALSE,FALSE
6194645,"gate_30",33,TRUE,TRUE
6194652,"gate_40",5,TRUE,TRUE
6194685,"gate_40",10,FALSE,FALSE
6194786,"gate_40",0,FALSE,FALSE
6194868,"gate_40",4,FALSE,FALSE
6195035,"gate_30",33,TRUE,FALSE
6195125,"gate_30",3,FALSE,FALSE
6195365,"gate_30",47,FALSE,FALSE
6195577,"gate_40",24,FALSE,FALSE
6195739,"gate_40",4,FALSE,FALSE
6195838,"gate_30",2,FALSE,FALSE
6195923,"gate_40",11,FALSE,FALSE
6195961,"gate_30",1,FALSE,FALSE
6195990,"gate_40",234,TRUE,TRUE
6196091,"gate_30",11,TRUE,FALSE
6196395,"gate_40",235,TRUE,FALSE
6196411,"gate_40",60,TRUE,FALSE
6196451,"gate_30",28,FALSE,FALSE
6196747,"gate_40",385,TRUE,TRUE
6196796,"gate_40",7,FALSE,FALSE
6196881,"gate_40",73,FALSE,FALSE
6196925,"gate_40",114,FALSE,TRUE
6197187,"gate_30",9,TRUE,FALSE
6197223,"gate_30",27,FALSE,TRUE
6197463,"gate_40",15,FALSE,FALSE
6197701,"gate_40",3,FALSE,FALSE
6197793,"gate_40",6,FALSE,FALSE
6197797,"gate_30",1,FALSE,FALSE
6197852,"gate_40",6,FALSE,FALSE
6198054,"gate_30",14,FALSE,FALSE
6198055,"gate_40",4,FALSE,TRUE
6198162,"gate_30",47,TRUE,FALSE
6198587,"gate_40",25,FALSE,FALSE
6198602,"gate_30",23,TRUE,FALSE
6198640,"gate_30",24,TRUE,FALSE
6198824,"gate_40",31,FALSE,FALSE
6198852,"gate_30",1,FALSE,FALSE
6198921,"gate_40",60,FALSE,FALSE
6198953,"gate_40",16,FALSE,FALSE
6199071,"gate_40",13,TRUE,FALSE
6199110,"gate_30",1,FALSE,FALSE
6199241,"gate_40",1,FALSE,FALSE
6199315,"gate_30",338,TRUE,TRUE
6199362,"gate_40",34,FALSE,FALSE
6199386,"gate_40",2,FALSE,FALSE
6199556,"gate_30",23,FALSE,FALSE
6199710,"gate_40",13,FALSE,FALSE
6199779,"gate_30",52,TRUE,FALSE
6199860,"gate_30",38,TRUE,FALSE
6200043,"gate_30",19,FALSE,FALSE
6200257,"gate_30",1,FALSE,FALSE
6200331,"gate_40",87,TRUE,FALSE
6200333,"gate_40",21,TRUE,FALSE
6200340,"gate_30",99,TRUE,FALSE
6200375,"gate_30",31,FALSE,FALSE
6200396,"gate_30",31,TRUE,FALSE
6200499,"gate_30",13,FALSE,FALSE
6200530,"gate_40",2,FALSE,FALSE
6200572,"gate_30",14,FALSE,FALSE
6200589,"gate_40",40,TRUE,FALSE
6200778,"gate_30",140,TRUE,TRUE
6200881,"gate_30",52,FALSE,TRUE
6200905,"gate_30",27,TRUE,FALSE
6200969,"gate_40",21,TRUE,FALSE
6200981,"gate_30",47,TRUE,FALSE
6201029,"gate_40",2,FALSE,FALSE
6201167,"gate_40",298,TRUE,TRUE
6201292,"gate_40",3,FALSE,FALSE
6201495,"gate_30",115,TRUE,FALSE
6201514,"gate_40",80,TRUE,FALSE
6201737,"gate_30",120,TRUE,FALSE
6201792,"gate_40",1,FALSE,FALSE
6201879,"gate_40",0,FALSE,FALSE
6202019,"gate_30",1,FALSE,FALSE
6202260,"gate_40",2,TRUE,TRUE
6202265,"gate_40",5,FALSE,FALSE
6202292,"gate_40",4,FALSE,FALSE
6202310,"gate_40",136,FALSE,TRUE
6202404,"gate_40",75,TRUE,FALSE
6202607,"gate_30",60,TRUE,FALSE
6202648,"gate_30",18,TRUE,FALSE
6202666,"gate_40",70,TRUE,FALSE
6202717,"gate_30",19,TRUE,FALSE
6202854,"gate_30",0,FALSE,FALSE
6202877,"gate_30",48,TRUE,TRUE
6202963,"gate_30",20,TRUE,TRUE
6203149,"gate_40",169,TRUE,TRUE
6203162,"gate_40",113,TRUE,TRUE
6203195,"gate_30",37,FALSE,FALSE
6203231,"gate_40",9,FALSE,FALSE
6203335,"gate_40",1,FALSE,FALSE
6203399,"gate_30",129,TRUE,TRUE
6203539,"gate_30",26,FALSE,FALSE
6203553,"gate_30",15,TRUE,FALSE
6204062,"gate_40",4,FALSE,FALSE
6204086,"gate_30",199,TRUE,TRUE
6204183,"gate_30",1,FALSE,FALSE
6204387,"gate_30",24,TRUE,TRUE
6204607,"gate_30",40,FALSE,FALSE
6204762,"gate_40",235,TRUE,FALSE
6205038,"gate_30",50,TRUE,FALSE
6205255,"gate_40",19,FALSE,FALSE
6205273,"gate_30",499,TRUE,TRUE
6205453,"gate_40",21,FALSE,TRUE
6205455,"gate_30",9,TRUE,FALSE
6205562,"gate_40",2,FALSE,FALSE
6205624,"gate_30",4,FALSE,FALSE
6205723,"gate_30",25,TRUE,TRUE
6205793,"gate_40",21,TRUE,FALSE
6205828,"gate_30",2,FALSE,FALSE
6205846,"gate_40",1,FALSE,FALSE
6205872,"gate_30",63,TRUE,TRUE
6205910,"gate_30",1,FALSE,FALSE
6205917,"gate_30",10,TRUE,FALSE
6206152,"gate_30",1,FALSE,FALSE
6206154,"gate_40",121,FALSE,FALSE
6206200,"gate_30",0,FALSE,FALSE
6206355,"gate_30",0,FALSE,FALSE
6206392,"gate_30",10,TRUE,FALSE
6206454,"gate_40",7,FALSE,FALSE
6206603,"gate_40",8,FALSE,FALSE
6206653,"gate_30",4,FALSE,FALSE
6206912,"gate_40",7,FALSE,FALSE
6207037,"gate_30",43,TRUE,FALSE
6207216,"gate_30",90,TRUE,TRUE
6207309,"gate_30",3,FALSE,FALSE
6207329,"gate_30",117,FALSE,FALSE
6207595,"gate_40",10,FALSE,FALSE
6207610,"gate_40",17,TRUE,FALSE
6207618,"gate_40",2,FALSE,FALSE
6207774,"gate_40",1,FALSE,FALSE
6207873,"gate_30",95,TRUE,FALSE
6207883,"gate_40",31,TRUE,FALSE
6208222,"gate_30",2,FALSE,FALSE
6208279,"gate_40",13,FALSE,FALSE
6208393,"gate_30",20,FALSE,FALSE
6208448,"gate_30",13,TRUE,FALSE
6208559,"gate_30",82,TRUE,TRUE
6208961,"gate_30",19,FALSE,FALSE
6209124,"gate_40",36,TRUE,FALSE
6209385,"gate_30",18,FALSE,FALSE
6209519,"gate_40",106,TRUE,FALSE
6209610,"gate_40",50,TRUE,TRUE
6209697,"gate_30",48,TRUE,FALSE
6209733,"gate_40",81,TRUE,FALSE
6209770,"gate_40",23,FALSE,FALSE
6209849,"gate_30",1,FALSE,FALSE
6210056,"gate_30",1,FALSE,FALSE
6210174,"gate_30",45,TRUE,FALSE
6210334,"gate_30",17,TRUE,FALSE
6210452,"gate_30",0,FALSE,FALSE
6210474,"gate_30",44,FALSE,FALSE
6210489,"gate_40",50,FALSE,FALSE
6210551,"gate_30",7,FALSE,FALSE
6210938,"gate_40",22,TRUE,FALSE
6211075,"gate_40",21,TRUE,FALSE
6211141,"gate_40",36,TRUE,FALSE
6211252,"gate_30",4,FALSE,FALSE
6211409,"gate_40",1,FALSE,FALSE
6211572,"gate_30",159,TRUE,TRUE
6211683,"gate_30",118,TRUE,TRUE
6211747,"gate_30",1,FALSE,FALSE
6211834,"gate_30",144,TRUE,FALSE
6211958,"gate_30",97,TRUE,TRUE
6211971,"gate_40",11,FALSE,FALSE
6212106,"gate_40",3,FALSE,FALSE
6212210,"gate_40",102,FALSE,TRUE
6212297,"gate_30",18,TRUE,TRUE
6212335,"gate_30",30,TRUE,FALSE
6212526,"gate_40",5,FALSE,FALSE
6212582,"gate_30",33,TRUE,FALSE
6212589,"gate_40",281,TRUE,TRUE
6212705,"gate_40",6,TRUE,FALSE
6212828,"gate_40",41,TRUE,FALSE
6212907,"gate_40",0,FALSE,FALSE
6213068,"gate_40",38,TRUE,FALSE
6213154,"gate_30",2,FALSE,FALSE
6213175,"gate_40",106,TRUE,TRUE
6213213,"gate_40",2,FALSE,FALSE
6213236,"gate_40",373,TRUE,TRUE
6213285,"gate_30",3,FALSE,TRUE
6213333,"gate_40",17,TRUE,FALSE
6213469,"gate_30",8,FALSE,FALSE
6213855,"gate_30",3,FALSE,FALSE
6214024,"gate_30",113,FALSE,FALSE
6214095,"gate_40",3,FALSE,FALSE
6214113,"gate_30",49,TRUE,FALSE
6214354,"gate_30",9,FALSE,FALSE
6214359,"gate_30",4,FALSE,FALSE
6214362,"gate_40",7,TRUE,FALSE
6214633,"gate_40",10,FALSE,FALSE
6214782,"gate_30",119,TRUE,FALSE
6215050,"gate_40",1,FALSE,FALSE
6215103,"gate_40",7,FALSE,FALSE
6215357,"gate_40",139,TRUE,FALSE
6215434,"gate_30",2,FALSE,FALSE
6215443,"gate_40",11,TRUE,FALSE
6215463,"gate_40",32,FALSE,FALSE
6215616,"gate_40",2,FALSE,FALSE
6215627,"gate_30",20,FALSE,FALSE
6215668,"gate_40",41,FALSE,FALSE
6215791,"gate_30",111,TRUE,TRUE
6216083,"gate_40",92,TRUE,FALSE
6216113,"gate_40",8,FALSE,FALSE
6216125,"gate_30",18,TRUE,FALSE
6216264,"gate_30",5,FALSE,TRUE
6216577,"gate_30",91,TRUE,FALSE
6216638,"gate_30",12,FALSE,FALSE
6216676,"gate_30",21,FALSE,FALSE
6216717,"gate_40",17,FALSE,FALSE
6216804,"gate_40",79,TRUE,FALSE
6216847,"gate_40",12,TRUE,FALSE
6216964,"gate_40",4,FALSE,FALSE
6217074,"gate_40",30,TRUE,TRUE
6217119,"gate_40",9,FALSE,FALSE
6217204,"gate_40",13,FALSE,FALSE
6217205,"gate_40",11,TRUE,FALSE
6217333,"gate_30",1,FALSE,FALSE
6217359,"gate_40",29,FALSE,FALSE
6217506,"gate_40",22,TRUE,FALSE
6217615,"gate_40",7,TRUE,FALSE
6217847,"gate_40",10,TRUE,FALSE
6218044,"gate_40",0,FALSE,FALSE
6218067,"gate_30",36,TRUE,FALSE
6218199,"gate_30",15,FALSE,FALSE
6218248,"gate_40",0,FALSE,FALSE
6218276,"gate_30",10,TRUE,FALSE
6218521,"gate_40",17,TRUE,FALSE
6218586,"gate_30",18,FALSE,FALSE
6218668,"gate_30",219,TRUE,TRUE
6218727,"gate_30",6,TRUE,FALSE
6218781,"gate_40",127,TRUE,TRUE
6218794,"gate_30",27,TRUE,FALSE
6218808,"gate_40",22,TRUE,FALSE
6218855,"gate_30",2,FALSE,FALSE
6219327,"gate_30",34,TRUE,FALSE
6219572,"gate_40",158,FALSE,FALSE
6219847,"gate_30",4,FALSE,FALSE
6219998,"gate_30",117,TRUE,FALSE
6220101,"gate_40",55,TRUE,FALSE
6220288,"gate_30",4,FALSE,FALSE
6220323,"gate_30",35,TRUE,FALSE
6220363,"gate_30",30,TRUE,FALSE
6220431,"gate_30",21,FALSE,FALSE
6220453,"gate_40",4,FALSE,FALSE
6220619,"gate_40",326,TRUE,TRUE
6220665,"gate_30",23,FALSE,TRUE
6220695,"gate_30",22,FALSE,FALSE
6220793,"gate_30",5,FALSE,FALSE
6220878,"gate_40",491,TRUE,FALSE
6221113,"gate_40",5,FALSE,FALSE
6221118,"gate_40",30,FALSE,FALSE
6221288,"gate_30",29,TRUE,TRUE
6221305,"gate_40",4,FALSE,FALSE
6221324,"gate_40",217,TRUE,TRUE
6221723,"gate_30",219,TRUE,FALSE
6221784,"gate_30",33,TRUE,TRUE
6221982,"gate_30",5,TRUE,FALSE
6221999,"gate_30",3,FALSE,FALSE
6222021,"gate_30",57,TRUE,FALSE
6222030,"gate_40",15,TRUE,FALSE
6222085,"gate_40",47,TRUE,FALSE
6222185,"gate_30",12,FALSE,FALSE
6222308,"gate_40",147,TRUE,TRUE
6222418,"gate_40",1,FALSE,FALSE
6222485,"gate_40",1,FALSE,FALSE
6222612,"gate_40",5,FALSE,FALSE
6222620,"gate_30",3,FALSE,FALSE
6222710,"gate_30",1,FALSE,FALSE
6222729,"gate_30",0,FALSE,FALSE
6222952,"gate_40",14,TRUE,FALSE
6223108,"gate_30",9,FALSE,FALSE
6223148,"gate_40",94,TRUE,TRUE
6223208,"gate_30",1,FALSE,FALSE
6223481,"gate_40",194,TRUE,TRUE
6223529,"gate_40",36,TRUE,FALSE
6223532,"gate_40",5,FALSE,FALSE
6223609,"gate_40",27,FALSE,FALSE
6223848,"gate_30",117,FALSE,TRUE
6223854,"gate_30",39,TRUE,TRUE
6224067,"gate_40",2,FALSE,FALSE
6224106,"gate_40",2,TRUE,FALSE
6224224,"gate_40",0,FALSE,FALSE
6224288,"gate_30",94,TRUE,FALSE
6224580,"gate_40",86,FALSE,FALSE
6224628,"gate_40",3,FALSE,FALSE
6224942,"gate_30",9,FALSE,FALSE
6225004,"gate_40",34,TRUE,TRUE
6225045,"gate_40",1,FALSE,FALSE
6225139,"gate_30",0,FALSE,FALSE
6225210,"gate_40",64,FALSE,FALSE
6225258,"gate_30",8,FALSE,FALSE
6225260,"gate_30",14,TRUE,FALSE
6225311,"gate_30",3,FALSE,FALSE
6225336,"gate_30",42,FALSE,FALSE
6225596,"gate_40",5,FALSE,FALSE
6225961,"gate_40",163,TRUE,TRUE
6226012,"gate_30",52,TRUE,TRUE
6226091,"gate_40",0,FALSE,FALSE
6226303,"gate_30",24,TRUE,FALSE
6226379,"gate_40",19,FALSE,FALSE
6226401,"gate_30",53,FALSE,FALSE
6226474,"gate_30",77,TRUE,FALSE
6226551,"gate_40",5,FALSE,FALSE
6226559,"gate_40",2,FALSE,FALSE
6226586,"gate_40",0,FALSE,FALSE
6226722,"gate_40",98,FALSE,FALSE
6226774,"gate_30",18,TRUE,FALSE
6226810,"gate_40",194,TRUE,FALSE
6226909,"gate_30",1,FALSE,FALSE
6226915,"gate_30",25,TRUE,FALSE
6227036,"gate_40",6,TRUE,FALSE
6227145,"gate_40",3,FALSE,FALSE
6227157,"gate_30",0,FALSE,FALSE
6227654,"gate_40",14,FALSE,FALSE
6227793,"gate_30",8,TRUE,FALSE
6227847,"gate_30",25,TRUE,FALSE
6227893,"gate_40",1,FALSE,FALSE
6228798,"gate_30",92,FALSE,FALSE
6228931,"gate_30",43,TRUE,FALSE
6229196,"gate_30",20,FALSE,FALSE
6229456,"gate_40",24,TRUE,FALSE
6229539,"gate_40",10,FALSE,FALSE
6229581,"gate_30",6,FALSE,FALSE
6229598,"gate_40",16,FALSE,FALSE
6229611,"gate_40",14,FALSE,TRUE
6229746,"gate_30",224,TRUE,TRUE
6229789,"gate_40",93,FALSE,TRUE
6229794,"gate_30",70,FALSE,FALSE
6229796,"gate_40",78,TRUE,FALSE
6229950,"gate_30",0,FALSE,FALSE
6230059,"gate_40",559,TRUE,TRUE
6230062,"gate_40",2,FALSE,FALSE
6230066,"gate_30",45,TRUE,FALSE
6230120,"gate_30",374,TRUE,TRUE
6230224,"gate_40",14,FALSE,TRUE
6230507,"gate_30",1,FALSE,FALSE
6230636,"gate_30",0,FALSE,FALSE
6230674,"gate_30",25,TRUE,FALSE
6230900,"gate_40",80,TRUE,TRUE
6231310,"gate_30",11,FALSE,FALSE
6231361,"gate_30",21,TRUE,FALSE
6231451,"gate_40",42,TRUE,FALSE
6231542,"gate_30",74,TRUE,FALSE
6231545,"gate_40",98,TRUE,FALSE
6231576,"gate_30",37,TRUE,TRUE
6231580,"gate_30",149,TRUE,FALSE
6231603,"gate_40",136,TRUE,TRUE
6231610,"gate_30",37,FALSE,FALSE
6231740,"gate_30",102,TRUE,FALSE
6231804,"gate_40",33,TRUE,FALSE
6231810,"gate_40",2,FALSE,FALSE
6231943,"gate_30",1,FALSE,FALSE
6232073,"gate_30",24,TRUE,FALSE
6232126,"gate_30",33,TRUE,FALSE
6232145,"gate_40",4,FALSE,FALSE
6232364,"gate_40",337,TRUE,TRUE
6232428,"gate_30",356,TRUE,TRUE
6232643,"gate_40",7,FALSE,FALSE
6232722,"gate_40",12,FALSE,FALSE
6232785,"gate_30",80,TRUE,TRUE
6232871,"gate_30",15,FALSE,FALSE
6233250,"gate_40",2,FALSE,FALSE
6233320,"gate_30",15,FALSE,FALSE
6233346,"gate_30",8,FALSE,FALSE
6233445,"gate_40",49,TRUE,TRUE
6233576,"gate_40",1,FALSE,FALSE
6233620,"gate_40",8,FALSE,FALSE
6233686,"gate_40",94,TRUE,TRUE
6233987,"gate_40",1,FALSE,FALSE
6234028,"gate_30",162,TRUE,TRUE
6234032,"gate_40",7,FALSE,FALSE
6234056,"gate_30",3,FALSE,FALSE
6234342,"gate_40",194,TRUE,TRUE
6234504,"gate_40",11,FALSE,FALSE
6234540,"gate_40",24,TRUE,FALSE
6234552,"gate_40",8,FALSE,FALSE
6234564,"gate_30",2,TRUE,FALSE
6234684,"gate_30",20,TRUE,FALSE
6234762,"gate_30",1,FALSE,FALSE
6234778,"gate_30",6,FALSE,FALSE
6234838,"gate_30",9,TRUE,FALSE
6234936,"gate_40",15,FALSE,FALSE
6235024,"gate_30",5,TRUE,FALSE
6235105,"gate_30",0,FALSE,FALSE
6235111,"gate_30",2,FALSE,FALSE
6235148,"gate_40",5,FALSE,FALSE
6235377,"gate_40",9,FALSE,FALSE
6235387,"gate_30",24,FALSE,FALSE
6235426,"gate_40",18,FALSE,FALSE
6235614,"gate_40",13,FALSE,FALSE
6235819,"gate_40",23,FALSE,FALSE
6235957,"gate_30",245,TRUE,FALSE
6236070,"gate_40",0,FALSE,FALSE
6236131,"gate_30",12,FALSE,FALSE
6236192,"gate_40",2,FALSE,FALSE
6236213,"gate_40",6,FALSE,FALSE
6236656,"gate_30",306,TRUE,TRUE
6236792,"gate_40",4,FALSE,FALSE
6236794,"gate_40",1,FALSE,FALSE
6236861,"gate_30",4,FALSE,FALSE
6236929,"gate_40",46,TRUE,FALSE
6236991,"gate_30",61,TRUE,TRUE
6237322,"gate_30",24,FALSE,FALSE
6237591,"gate_30",38,FALSE,FALSE
6237600,"gate_40",0,FALSE,FALSE
6237732,"gate_40",1,FALSE,FALSE
6237787,"gate_40",874,TRUE,TRUE
6237953,"gate_30",86,TRUE,FALSE
6238092,"gate_30",1,FALSE,FALSE
6238271,"gate_40",23,FALSE,FALSE
6238351,"gate_40",3,TRUE,FALSE
6238473,"gate_30",105,TRUE,FALSE
6238571,"gate_40",2,FALSE,FALSE
6238708,"gate_30",221,TRUE,TRUE
6238870,"gate_40",5,FALSE,FALSE
6238890,"gate_40",20,FALSE,FALSE
6238927,"gate_30",40,TRUE,FALSE
6238938,"gate_40",18,FALSE,FALSE
6238969,"gate_30",114,TRUE,FALSE
6239024,"gate_40",29,FALSE,FALSE
6239055,"gate_40",31,TRUE,FALSE
6239057,"gate_30",5,TRUE,FALSE
6239095,"gate_40",16,TRUE,FALSE
6239134,"gate_40",12,TRUE,FALSE
6239209,"gate_30",59,TRUE,TRUE
6239266,"gate_40",19,FALSE,FALSE
6239361,"gate_40",26,FALSE,FALSE
6239397,"gate_40",8,FALSE,FALSE
6239457,"gate_40",1,FALSE,FALSE
6239540,"gate_40",92,TRUE,FALSE
6239541,"gate_40",3,FALSE,FALSE
6239543,"gate_40",77,TRUE,TRUE
6239638,"gate_30",1,FALSE,FALSE
6239804,"gate_30",3,FALSE,FALSE
6239853,"gate_40",33,FALSE,FALSE
6240104,"gate_40",18,FALSE,FALSE
6240251,"gate_30",18,FALSE,FALSE
6240362,"gate_40",3,FALSE,FALSE
6240436,"gate_30",14,FALSE,FALSE
6240477,"gate_40",3,TRUE,FALSE
6240627,"gate_40",0,FALSE,FALSE
6240976,"gate_40",27,TRUE,FALSE
6241108,"gate_40",2,FALSE,FALSE
6241177,"gate_30",6,FALSE,FALSE
6241205,"gate_30",42,TRUE,FALSE
6241274,"gate_30",16,FALSE,FALSE
6241435,"gate_40",77,TRUE,FALSE
6241569,"gate_30",81,TRUE,FALSE
6241610,"gate_40",17,FALSE,FALSE
6241708,"gate_30",61,TRUE,FALSE
6241747,"gate_40",5,FALSE,FALSE
6241814,"gate_30",7,FALSE,FALSE
6241940,"gate_40",55,FALSE,FALSE
6242063,"gate_40",1,FALSE,FALSE
6242147,"gate_30",15,TRUE,FALSE
6242256,"gate_40",38,TRUE,FALSE
6242587,"gate_40",11,FALSE,FALSE
6242743,"gate_40",49,FALSE,FALSE
6242747,"gate_40",25,TRUE,FALSE
6242773,"gate_40",5,TRUE,FALSE
6242816,"gate_30",14,FALSE,FALSE
6242924,"gate_40",48,FALSE,FALSE
6243067,"gate_30",56,TRUE,FALSE
6243108,"gate_40",1,FALSE,FALSE
6243288,"gate_40",11,TRUE,FALSE
6243338,"gate_30",10,TRUE,FALSE
6243789,"gate_40",193,TRUE,TRUE
6243820,"gate_30",20,FALSE,FALSE
6243921,"gate_30",10,FALSE,FALSE
6243926,"gate_30",31,TRUE,FALSE
6244033,"gate_40",15,FALSE,TRUE
6244086,"gate_30",4,FALSE,FALSE
6244089,"gate_40",2,FALSE,FALSE
6244238,"gate_40",0,FALSE,FALSE
6244437,"gate_40",27,FALSE,FALSE
6244584,"gate_40",71,FALSE,FALSE
6244906,"gate_30",121,TRUE,FALSE
6245249,"gate_40",20,TRUE,FALSE
6245259,"gate_40",30,TRUE,FALSE
6245363,"gate_40",4,FALSE,FALSE
6245500,"gate_40",3,FALSE,FALSE
6245651,"gate_40",18,TRUE,FALSE
6245788,"gate_30",7,FALSE,FALSE
6245876,"gate_40",5,FALSE,FALSE
6245902,"gate_40",11,TRUE,FALSE
6245977,"gate_30",1,FALSE,FALSE
6246071,"gate_30",58,TRUE,FALSE
6246117,"gate_40",498,TRUE,TRUE
6246157,"gate_30",184,TRUE,TRUE
6246420,"gate_30",78,FALSE,FALSE
6246478,"gate_30",46,TRUE,FALSE
6246515,"gate_40",5,FALSE,FALSE
6246555,"gate_30",6,FALSE,FALSE
6246562,"gate_30",3,FALSE,FALSE
6246616,"gate_30",19,TRUE,FALSE
6246667,"gate_30",31,TRUE,FALSE
6246671,"gate_40",8,FALSE,FALSE
6246730,"gate_40",1,FALSE,FALSE
6246828,"gate_30",59,TRUE,FALSE
6246977,"gate_30",29,TRUE,FALSE
6247184,"gate_40",10,FALSE,FALSE
6247252,"gate_40",125,TRUE,TRUE
6247737,"gate_30",12,TRUE,FALSE
6247888,"gate_40",11,TRUE,FALSE
6248060,"gate_40",14,TRUE,FALSE
6248068,"gate_40",18,FALSE,FALSE
6248228,"gate_30",2,FALSE,FALSE
6248274,"gate_30",72,TRUE,FALSE
6248523,"gate_40",226,TRUE,TRUE
6248527,"gate_30",57,TRUE,FALSE
6248652,"gate_40",19,TRUE,FALSE
6248943,"gate_40",9,FALSE,FALSE
6249055,"gate_40",102,TRUE,FALSE
6249107,"gate_30",292,TRUE,TRUE
6249226,"gate_30",18,FALSE,TRUE
6249254,"gate_30",9,FALSE,FALSE
6249457,"gate_40",20,TRUE,FALSE
6249781,"gate_30",16,FALSE,FALSE
6249794,"gate_30",151,TRUE,TRUE
6249874,"gate_30",17,FALSE,FALSE
6249943,"gate_40",62,TRUE,FALSE
6250187,"gate_30",2,FALSE,FALSE
6250328,"gate_40",13,FALSE,FALSE
6250449,"gate_30",9,FALSE,FALSE
6250480,"gate_30",137,TRUE,FALSE
6250604,"gate_40",2,FALSE,FALSE
6250726,"gate_40",15,TRUE,FALSE
6250768,"gate_40",112,TRUE,TRUE
6250916,"gate_30",22,TRUE,FALSE
6250922,"gate_30",6,FALSE,FALSE
6251072,"gate_40",98,TRUE,FALSE
6251181,"gate_40",21,TRUE,FALSE
6251199,"gate_30",2,FALSE,FALSE
6251226,"gate_40",0,FALSE,FALSE
6251252,"gate_40",44,TRUE,TRUE
6251279,"gate_30",148,TRUE,TRUE
6251546,"gate_40",4,FALSE,FALSE
6251724,"gate_30",24,FALSE,FALSE
6251725,"gate_40",159,TRUE,TRUE
6251743,"gate_40",11,TRUE,FALSE
6251856,"gate_40",18,FALSE,FALSE
6251886,"gate_30",4,FALSE,FALSE
6251944,"gate_30",32,FALSE,TRUE
6252078,"gate_40",2,FALSE,FALSE
6252217,"gate_40",11,FALSE,FALSE
6252573,"gate_30",24,TRUE,FALSE
6252577,"gate_30",17,FALSE,FALSE
6252583,"gate_40",2,FALSE,FALSE
6252676,"gate_30",8,FALSE,FALSE
6252780,"gate_30",3,TRUE,FALSE
6252877,"gate_40",20,FALSE,TRUE
6252948,"gate_30",4,FALSE,FALSE
6253034,"gate_30",5,FALSE,FALSE
6253080,"gate_40",150,TRUE,TRUE
6253427,"gate_30",30,TRUE,FALSE
6253539,"gate_30",26,FALSE,FALSE
6253713,"gate_30",1,FALSE,FALSE
6253815,"gate_30",0,FALSE,FALSE
6253906,"gate_40",0,FALSE,FALSE
6253966,"gate_40",35,TRUE,TRUE
6254156,"gate_40",61,TRUE,TRUE
6254175,"gate_30",17,FALSE,FALSE
6254187,"gate_40",17,TRUE,FALSE
6254192,"gate_30",38,TRUE,TRUE
6254197,"gate_40",2,FALSE,FALSE
6254367,"gate_40",8,FALSE,FALSE
6254488,"gate_30",31,FALSE,FALSE
6254638,"gate_40",7,FALSE,FALSE
6254673,"gate_30",9,FALSE,FALSE
6254812,"gate_30",66,TRUE,TRUE
6254862,"gate_40",31,TRUE,FALSE
6255097,"gate_40",4,FALSE,FALSE
6255140,"gate_40",19,TRUE,FALSE
6255187,"gate_40",9,FALSE,FALSE
6255341,"gate_30",147,TRUE,TRUE
6255553,"gate_40",194,TRUE,TRUE
6255639,"gate_40",14,FALSE,FALSE
6255989,"gate_30",2,FALSE,FALSE
6256012,"gate_40",432,TRUE,FALSE
6256075,"gate_30",3,FALSE,FALSE
6256143,"gate_30",2,FALSE,FALSE
6256209,"gate_30",20,FALSE,FALSE
6256239,"gate_30",17,TRUE,FALSE
6256342,"gate_30",33,FALSE,FALSE
6256404,"gate_30",7,FALSE,FALSE
6256550,"gate_40",29,FALSE,FALSE
6256947,"gate_30",2,FALSE,FALSE
6257011,"gate_40",52,FALSE,TRUE
6257058,"gate_30",23,TRUE,FALSE
6257167,"gate_30",2,FALSE,FALSE
6257254,"gate_40",41,TRUE,FALSE
6257404,"gate_30",95,TRUE,FALSE
6257494,"gate_40",2,TRUE,FALSE
6257655,"gate_30",11,TRUE,FALSE
6257660,"gate_40",38,TRUE,TRUE
6257860,"gate_30",54,TRUE,FALSE
6257862,"gate_30",88,TRUE,FALSE
6258037,"gate_40",83,TRUE,TRUE
6258080,"gate_30",11,FALSE,FALSE
6258142,"gate_30",44,TRUE,TRUE
6258213,"gate_40",0,FALSE,FALSE
6258277,"gate_30",7,FALSE,FALSE
6258280,"gate_30",101,TRUE,TRUE
6258284,"gate_30",32,TRUE,FALSE
6258347,"gate_40",1,FALSE,FALSE
6258411,"gate_30",5,FALSE,FALSE
6258571,"gate_40",115,TRUE,FALSE
6258762,"gate_30",317,TRUE,TRUE
6258768,"gate_40",1,FALSE,FALSE
6258807,"gate_40",7,FALSE,FALSE
6258838,"gate_40",71,FALSE,FALSE
6258922,"gate_30",13,FALSE,FALSE
6258982,"gate_40",12,TRUE,FALSE
6259422,"gate_30",4,FALSE,FALSE
6259543,"gate_30",7,FALSE,FALSE
6259630,"gate_30",27,FALSE,FALSE
6259695,"gate_30",3,TRUE,FALSE
6260035,"gate_40",13,FALSE,FALSE
6260119,"gate_30",46,TRUE,FALSE
6260242,"gate_30",6,FALSE,FALSE
6260347,"gate_40",66,TRUE,FALSE
6260723,"gate_40",40,TRUE,FALSE
6260750,"gate_30",15,FALSE,FALSE
6260752,"gate_30",14,TRUE,FALSE
6260841,"gate_30",51,TRUE,TRUE
6260862,"gate_30",20,FALSE,FALSE
6261051,"gate_30",29,TRUE,FALSE
6261116,"gate_40",13,FALSE,FALSE
6261170,"gate_30",54,TRUE,FALSE
6261193,"gate_40",76,TRUE,FALSE
6261360,"gate_40",29,FALSE,FALSE
6261504,"gate_30",36,TRUE,FALSE
6261693,"gate_40",35,TRUE,FALSE
6261694,"gate_40",40,TRUE,FALSE
6261714,"gate_30",10,FALSE,FALSE
6261822,"gate_30",9,FALSE,FALSE
6261823,"gate_40",77,TRUE,TRUE
6261824,"gate_40",10,FALSE,FALSE
6261828,"gate_30",4,FALSE,FALSE
6261843,"gate_30",280,TRUE,TRUE
6262620,"gate_30",14,TRUE,FALSE
6262635,"gate_40",1,FALSE,FALSE
6262658,"gate_30",112,TRUE,FALSE
6262662,"gate_30",24,FALSE,FALSE
6262723,"gate_30",45,FALSE,FALSE
6262869,"gate_40",35,TRUE,FALSE
6262978,"gate_40",9,TRUE,FALSE
6263007,"gate_40",51,FALSE,FALSE
6263015,"gate_40",207,FALSE,TRUE
6263029,"gate_30",124,TRUE,FALSE
6263298,"gate_40",11,TRUE,FALSE
6263448,"gate_40",24,TRUE,FALSE
6263543,"gate_40",2,FALSE,FALSE
6263624,"gate_30",5,FALSE,FALSE
6263748,"gate_40",41,TRUE,FALSE
6263811,"gate_40",11,FALSE,FALSE
6264000,"gate_30",38,TRUE,FALSE
6264128,"gate_40",6,FALSE,FALSE
6264202,"gate_30",9,TRUE,FALSE
6264225,"gate_30",75,TRUE,FALSE
6264259,"gate_40",7,FALSE,FALSE
6264452,"gate_30",81,TRUE,FALSE
6264739,"gate_30",86,TRUE,FALSE
6264884,"gate_40",105,TRUE,FALSE
6264999,"gate_30",10,FALSE,FALSE
6265033,"gate_40",34,FALSE,TRUE
6265112,"gate_30",148,TRUE,FALSE
6265194,"gate_40",3,FALSE,FALSE
6265221,"gate_40",130,TRUE,TRUE
6265329,"gate_30",5,FALSE,FALSE
6265480,"gate_40",3,FALSE,FALSE
6265491,"gate_30",10,FALSE,FALSE
6265493,"gate_30",11,FALSE,FALSE
6265827,"gate_40",25,FALSE,FALSE
6265882,"gate_40",58,TRUE,FALSE
6266136,"gate_40",6,FALSE,FALSE
6266140,"gate_30",1,FALSE,FALSE
6266410,"gate_30",823,TRUE,TRUE
6266914,"gate_30",19,FALSE,TRUE
6266919,"gate_40",90,TRUE,TRUE
6266961,"gate_40",3,FALSE,FALSE
6267172,"gate_40",7,FALSE,FALSE
6267188,"gate_40",73,TRUE,TRUE
6267428,"gate_30",44,TRUE,FALSE
6267582,"gate_30",63,TRUE,FALSE
6267755,"gate_40",24,TRUE,FALSE
6267861,"gate_40",3,FALSE,FALSE
6268013,"gate_40",50,FALSE,FALSE
6268115,"gate_40",11,FALSE,FALSE
6268258,"gate_40",2,FALSE,FALSE
6269026,"gate_40",7,TRUE,FALSE
6269150,"gate_40",19,FALSE,TRUE
6269241,"gate_40",18,TRUE,FALSE
6269459,"gate_40",7,TRUE,FALSE
6269490,"gate_40",6,TRUE,FALSE
6269788,"gate_30",257,TRUE,TRUE
6270021,"gate_40",1,FALSE,FALSE
6270151,"gate_30",31,FALSE,FALSE
6270455,"gate_30",63,TRUE,FALSE
6270461,"gate_30",158,TRUE,FALSE
6270506,"gate_30",6,FALSE,FALSE
6270729,"gate_40",671,TRUE,TRUE
6270782,"gate_30",7,FALSE,FALSE
6270837,"gate_30",16,TRUE,FALSE
6271196,"gate_40",90,TRUE,TRUE
6271240,"gate_30",0,FALSE,FALSE
6271241,"gate_30",23,TRUE,FALSE
6271295,"gate_40",16,FALSE,FALSE
6271421,"gate_30",0,FALSE,FALSE
6271534,"gate_30",17,FALSE,FALSE
6271547,"gate_40",1,FALSE,FALSE
6271689,"gate_30",10,TRUE,FALSE
6271753,"gate_30",1,TRUE,FALSE
6271786,"gate_30",14,TRUE,FALSE
6271823,"gate_30",10,FALSE,FALSE
6271854,"gate_30",1,FALSE,FALSE
6271914,"gate_40",67,TRUE,TRUE
6271993,"gate_30",2,FALSE,FALSE
6272314,"gate_30",115,TRUE,FALSE
6272398,"gate_40",571,TRUE,TRUE
6272483,"gate_30",12,TRUE,FALSE
6272486,"gate_40",17,TRUE,FALSE
6272523,"gate_30",39,TRUE,FALSE
6272535,"gate_30",58,TRUE,TRUE
6272887,"gate_30",10,FALSE,FALSE
6272930,"gate_40",27,FALSE,TRUE
6272955,"gate_30",4,FALSE,FALSE
6272959,"gate_30",37,FALSE,FALSE
6273073,"gate_40",141,TRUE,TRUE
6273104,"gate_30",23,FALSE,FALSE
6273162,"gate_40",331,TRUE,TRUE
6273805,"gate_40",0,FALSE,FALSE
6273853,"gate_30",1,FALSE,FALSE
6273956,"gate_40",131,TRUE,FALSE
6274302,"gate_40",13,FALSE,FALSE
6274418,"gate_30",1,FALSE,FALSE
6274464,"gate_30",4,TRUE,FALSE
6274482,"gate_30",0,FALSE,FALSE
6274526,"gate_40",22,TRUE,FALSE
6274969,"gate_40",20,FALSE,FALSE
6275237,"gate_30",3,FALSE,FALSE
6275330,"gate_40",1,FALSE,FALSE
6275416,"gate_30",41,TRUE,FALSE
6275504,"gate_40",31,FALSE,FALSE
6275863,"gate_40",0,FALSE,FALSE
6276147,"gate_30",18,FALSE,FALSE
6276232,"gate_30",15,FALSE,FALSE
6276510,"gate_30",45,TRUE,TRUE
6276517,"gate_40",10,TRUE,FALSE
6276572,"gate_40",276,TRUE,TRUE
6276650,"gate_40",19,FALSE,TRUE
6276727,"gate_40",44,TRUE,FALSE
6276787,"gate_40",2,FALSE,FALSE
6276852,"gate_30",112,FALSE,TRUE
6276896,"gate_30",23,FALSE,FALSE
6277284,"gate_40",27,TRUE,FALSE
6277298,"gate_30",1,FALSE,FALSE
6277312,"gate_30",1,FALSE,FALSE
6277324,"gate_30",127,TRUE,FALSE
6277366,"gate_40",23,FALSE,FALSE
6277602,"gate_40",57,TRUE,FALSE
6277701,"gate_30",8,FALSE,FALSE
6277705,"gate_40",296,TRUE,TRUE
6277719,"gate_30",0,FALSE,FALSE
6277838,"gate_40",9,TRUE,FALSE
6277885,"gate_30",218,TRUE,TRUE
6277907,"gate_40",25,FALSE,FALSE
6278114,"gate_30",20,TRUE,FALSE
6278197,"gate_30",129,TRUE,FALSE
6278354,"gate_40",9,TRUE,FALSE
6278443,"gate_30",397,FALSE,FALSE
6278630,"gate_30",263,TRUE,TRUE
6278743,"gate_40",2,FALSE,FALSE
6278820,"gate_40",1,FALSE,FALSE
6278993,"gate_30",36,TRUE,FALSE
6279035,"gate_40",3,FALSE,FALSE
6279223,"gate_40",1,FALSE,FALSE
6279283,"gate_30",181,TRUE,TRUE
6279432,"gate_40",120,TRUE,TRUE
6279767,"gate_30",32,FALSE,FALSE
6280118,"gate_40",7,FALSE,FALSE
6280173,"gate_30",15,FALSE,FALSE
6280253,"gate_40",1,FALSE,FALSE
6280327,"gate_40",0,FALSE,FALSE
6280341,"gate_40",127,TRUE,TRUE
6280360,"gate_30",83,FALSE,TRUE
6280373,"gate_40",3,FALSE,FALSE
6280441,"gate_40",232,TRUE,TRUE
6280555,"gate_40",15,TRUE,FALSE
6280615,"gate_40",0,FALSE,FALSE
6280740,"gate_40",40,FALSE,FALSE
6280741,"gate_40",5,FALSE,FALSE
6280792,"gate_30",42,FALSE,FALSE
6280844,"gate_30",1,FALSE,FALSE
6280875,"gate_40",6,FALSE,FALSE
6281366,"gate_40",126,FALSE,FALSE
6281511,"gate_40",10,TRUE,FALSE
6281544,"gate_30",22,TRUE,FALSE
6281560,"gate_30",40,TRUE,FALSE
6281641,"gate_40",33,TRUE,FALSE
6281801,"gate_30",45,TRUE,FALSE
6282254,"gate_30",16,TRUE,FALSE
6282274,"gate_30",42,FALSE,FALSE
6282572,"gate_40",3,TRUE,FALSE
6282582,"gate_30",40,TRUE,FALSE
6282773,"gate_30",2,FALSE,FALSE
6282883,"gate_30",51,TRUE,FALSE
6282979,"gate_30",0,FALSE,FALSE
6283093,"gate_40",5,FALSE,FALSE
6283191,"gate_40",6,FALSE,FALSE
6283217,"gate_30",29,TRUE,TRUE
6283318,"gate_30",9,FALSE,FALSE
6283500,"gate_40",23,TRUE,FALSE
6283752,"gate_40",20,TRUE,FALSE
6283890,"gate_30",1,FALSE,FALSE
6283994,"gate_40",0,FALSE,FALSE
6284027,"gate_40",6,FALSE,FALSE
6284188,"gate_30",0,FALSE,FALSE
6284557,"gate_30",0,FALSE,FALSE
6284564,"gate_30",13,TRUE,FALSE
6284586,"gate_30",24,TRUE,FALSE
6284652,"gate_30",19,TRUE,FALSE
6284661,"gate_30",11,TRUE,FALSE
6285118,"gate_40",0,FALSE,FALSE
6285185,"gate_40",68,TRUE,FALSE
6285273,"gate_30",5,FALSE,FALSE
6285421,"gate_30",21,FALSE,FALSE
6285530,"gate_40",13,FALSE,FALSE
6285534,"gate_30",76,FALSE,FALSE
6285573,"gate_40",6,FALSE,FALSE
6285578,"gate_40",21,FALSE,FALSE
6285832,"gate_40",6,FALSE,FALSE
6286010,"gate_30",13,FALSE,FALSE
6286115,"gate_30",52,TRUE,FALSE
6286186,"gate_40",4,FALSE,FALSE
6286307,"gate_40",6,FALSE,TRUE
6286343,"gate_40",10,FALSE,FALSE
6286440,"gate_30",37,FALSE,TRUE
6286595,"gate_30",199,TRUE,TRUE
6286773,"gate_30",11,TRUE,FALSE
6287104,"gate_40",4,FALSE,FALSE
6287289,"gate_40",8,TRUE,FALSE
6287335,"gate_40",10,FALSE,FALSE
6287367,"gate_40",17,TRUE,FALSE
6287394,"gate_30",264,TRUE,FALSE
6287422,"gate_30",6,FALSE,FALSE
6287445,"gate_40",31,TRUE,FALSE
6287623,"gate_40",21,TRUE,FALSE
6287678,"gate_40",48,FALSE,FALSE
6287697,"gate_40",99,TRUE,TRUE
6287704,"gate_30",6,FALSE,FALSE
6287719,"gate_30",261,TRUE,TRUE
6287929,"gate_40",59,FALSE,FALSE
6287972,"gate_40",7,FALSE,FALSE
6288141,"gate_30",20,TRUE,TRUE
6288219,"gate_30",130,TRUE,TRUE
6288253,"gate_30",39,TRUE,TRUE
6288318,"gate_30",3,FALSE,FALSE
6288362,"gate_40",17,TRUE,FALSE
6288423,"gate_30",25,TRUE,FALSE
6288573,"gate_40",15,FALSE,FALSE
6288757,"gate_30",42,TRUE,FALSE
6288842,"gate_30",28,FALSE,FALSE
6289173,"gate_40",16,FALSE,FALSE
6289186,"gate_30",4,FALSE,FALSE
6289242,"gate_40",16,FALSE,FALSE
6289293,"gate_30",8,FALSE,FALSE
6289435,"gate_30",0,FALSE,FALSE
6289499,"gate_40",45,TRUE,TRUE
6289521,"gate_30",78,TRUE,TRUE
6289621,"gate_40",27,FALSE,FALSE
6289936,"gate_40",16,FALSE,FALSE
6289939,"gate_40",701,TRUE,TRUE
6289985,"gate_30",57,TRUE,TRUE
6290039,"gate_40",2,FALSE,FALSE
6290122,"gate_30",12,TRUE,FALSE
6290228,"gate_30",103,FALSE,TRUE
6290390,"gate_30",28,FALSE,FALSE
6290476,"gate_40",11,FALSE,FALSE
6290564,"gate_30",116,TRUE,TRUE
6290702,"gate_30",1,FALSE,FALSE
6290719,"gate_40",9,FALSE,FALSE
6290793,"gate_40",94,TRUE,FALSE
6290861,"gate_40",20,FALSE,FALSE
6291067,"gate_40",1,FALSE,FALSE
6291424,"gate_40",1,FALSE,FALSE
6291515,"gate_30",41,TRUE,FALSE
6291595,"gate_30",13,TRUE,FALSE
6291749,"gate_30",32,FALSE,FALSE
6291785,"gate_30",3,TRUE,FALSE
6291886,"gate_40",25,TRUE,FALSE
6291983,"gate_40",3,FALSE,FALSE
6292015,"gate_30",42,TRUE,TRUE
6292240,"gate_40",304,TRUE,TRUE
6292242,"gate_30",59,TRUE,FALSE
6292334,"gate_30",11,FALSE,FALSE
6292685,"gate_40",1,FALSE,FALSE
6292844,"gate_40",12,FALSE,FALSE
6293057,"gate_30",4,FALSE,FALSE
6293069,"gate_30",11,FALSE,FALSE
6293240,"gate_40",0,FALSE,FALSE
6293604,"gate_30",6,FALSE,FALSE
6293670,"gate_30",33,TRUE,FALSE
6293903,"gate_40",7,FALSE,FALSE
6293971,"gate_30",31,TRUE,FALSE
6294122,"gate_30",2,FALSE,FALSE
6294187,"gate_30",124,FALSE,TRUE
6294503,"gate_40",819,TRUE,TRUE
6294592,"gate_30",9,TRUE,FALSE
6294647,"gate_40",22,FALSE,FALSE
6294665,"gate_30",5,FALSE,FALSE
6294719,"gate_40",1,FALSE,FALSE
6294795,"gate_40",10,TRUE,FALSE
6294813,"gate_30",163,TRUE,TRUE
6294824,"gate_30",139,TRUE,TRUE
6294962,"gate_30",540,TRUE,TRUE
6294994,"gate_30",15,FALSE,FALSE
6295002,"gate_40",34,TRUE,FALSE
6295010,"gate_30",1247,TRUE,TRUE
6295197,"gate_40",7,TRUE,FALSE
6295201,"gate_40",2,FALSE,FALSE
6295249,"gate_40",18,TRUE,FALSE
6295309,"gate_30",18,FALSE,FALSE
6295834,"gate_40",61,FALSE,TRUE
6295862,"gate_40",6,FALSE,FALSE
6295934,"gate_30",1,FALSE,FALSE
6296078,"gate_30",20,FALSE,FALSE
6296129,"gate_30",7,TRUE,FALSE
6296188,"gate_40",1,FALSE,FALSE
6296299,"gate_40",90,TRUE,TRUE
6296454,"gate_30",4,FALSE,FALSE
6296609,"gate_40",47,FALSE,FALSE
6296654,"gate_30",5,FALSE,FALSE
6296721,"gate_30",12,TRUE,FALSE
6296803,"gate_40",1,FALSE,FALSE
6297141,"gate_40",35,FALSE,FALSE
6297243,"gate_40",2,FALSE,FALSE
6297361,"gate_40",10,TRUE,FALSE
6297679,"gate_30",4,FALSE,FALSE
6297713,"gate_40",1,FALSE,FALSE
6297786,"gate_30",21,FALSE,FALSE
6298099,"gate_30",4,FALSE,FALSE
6298508,"gate_40",4,FALSE,FALSE
6298529,"gate_30",213,TRUE,TRUE
6298647,"gate_40",8,FALSE,FALSE
6298696,"gate_40",20,TRUE,FALSE
6298836,"gate_30",3,FALSE,FALSE
6299001,"gate_40",1,FALSE,FALSE
6299092,"gate_30",0,FALSE,FALSE
6299100,"gate_30",6,FALSE,FALSE
6299306,"gate_40",13,TRUE,FALSE
6299321,"gate_40",323,TRUE,TRUE
6299360,"gate_30",11,TRUE,FALSE
6299402,"gate_30",7,TRUE,FALSE
6299549,"gate_40",5,FALSE,FALSE
6299583,"gate_40",104,TRUE,TRUE
6299605,"gate_30",1,FALSE,FALSE
6299708,"gate_40",3,FALSE,FALSE
6299938,"gate_40",110,TRUE,FALSE
6300198,"gate_40",871,TRUE,TRUE
6300270,"gate_30",4,FALSE,FALSE
6300668,"gate_40",23,TRUE,FALSE
6300771,"gate_30",2,FALSE,FALSE
6300891,"gate_40",11,TRUE,FALSE
6300928,"gate_40",91,TRUE,TRUE
6301017,"gate_30",3,FALSE,FALSE
6301113,"gate_40",1,FALSE,FALSE
6301196,"gate_40",6,TRUE,FALSE
6301247,"gate_40",21,TRUE,FALSE
6301354,"gate_40",12,FALSE,FALSE
6301610,"gate_30",181,TRUE,FALSE
6301853,"gate_30",24,FALSE,TRUE
6301929,"gate_40",42,TRUE,TRUE
6302005,"gate_30",15,TRUE,FALSE
6302217,"gate_40",6,FALSE,FALSE
6302329,"gate_40",22,FALSE,FALSE
6302431,"gate_30",9,FALSE,FALSE
6302552,"gate_40",58,FALSE,FALSE
6302641,"gate_40",150,TRUE,TRUE
6302668,"gate_40",1,FALSE,FALSE
6302681,"gate_40",280,TRUE,TRUE
6302900,"gate_30",107,TRUE,TRUE
6302921,"gate_30",14,TRUE,FALSE
6302948,"gate_40",1,FALSE,FALSE
6303105,"gate_40",7,FALSE,FALSE
6303115,"gate_30",29,FALSE,TRUE
6303138,"gate_40",75,TRUE,FALSE
6303355,"gate_30",37,TRUE,FALSE
6303433,"gate_30",33,TRUE,FALSE
6303990,"gate_30",16,FALSE,FALSE
6304159,"gate_40",0,FALSE,FALSE
6304266,"gate_40",9,FALSE,FALSE
6304410,"gate_30",141,TRUE,TRUE
6304432,"gate_40",23,FALSE,FALSE
6304475,"gate_30",220,TRUE,TRUE
6304516,"gate_40",114,TRUE,FALSE
6304549,"gate_40",3,FALSE,FALSE
6304622,"gate_30",8,FALSE,FALSE
6304743,"gate_30",47,TRUE,FALSE
6305013,"gate_40",26,TRUE,FALSE
6305035,"gate_30",7,FALSE,FALSE
6305087,"gate_30",16,TRUE,FALSE
6305151,"gate_40",6,FALSE,FALSE
6305182,"gate_30",21,TRUE,FALSE
6305375,"gate_40",25,FALSE,FALSE
6305398,"gate_40",181,TRUE,TRUE
6305415,"gate_30",20,TRUE,FALSE
6305542,"gate_30",2,FALSE,FALSE
6305543,"gate_30",3,FALSE,FALSE
6305577,"gate_40",85,TRUE,TRUE
6305611,"gate_40",10,TRUE,FALSE
6305629,"gate_30",2,FALSE,FALSE
6305696,"gate_30",2,FALSE,FALSE
6305752,"gate_30",1,FALSE,FALSE
6305786,"gate_30",9,FALSE,FALSE
6305966,"gate_30",10,TRUE,FALSE
6306009,"gate_30",1,FALSE,FALSE
6306167,"gate_40",1,FALSE,FALSE
6306176,"gate_30",346,TRUE,TRUE
6306276,"gate_30",81,TRUE,TRUE
6306410,"gate_30",20,FALSE,FALSE
6306627,"gate_40",129,TRUE,TRUE
6306837,"gate_30",27,TRUE,TRUE
6306845,"gate_40",12,TRUE,FALSE
6307047,"gate_40",204,TRUE,TRUE
6307056,"gate_40",0,FALSE,FALSE
6307059,"gate_40",10,FALSE,FALSE
6307094,"gate_40",82,TRUE,FALSE
6307205,"gate_30",19,FALSE,FALSE
6307318,"gate_40",5,FALSE,FALSE
6307369,"gate_40",309,TRUE,TRUE
6307429,"gate_30",3,FALSE,FALSE
6307664,"gate_40",36,TRUE,FALSE
6307698,"gate_40",246,TRUE,TRUE
6307748,"gate_40",6,FALSE,FALSE
6307912,"gate_30",0,FALSE,FALSE
6308562,"gate_40",2,FALSE,FALSE
6308986,"gate_30",24,FALSE,FALSE
6308996,"gate_40",34,TRUE,FALSE
6309020,"gate_40",1,FALSE,FALSE
6309071,"gate_40",47,TRUE,FALSE
6309105,"gate_30",8,FALSE,FALSE
6309139,"gate_40",2,FALSE,FALSE
6309187,"gate_30",22,TRUE,FALSE
6309640,"gate_40",113,TRUE,FALSE
6309656,"gate_40",100,TRUE,FALSE
6309718,"gate_40",83,TRUE,FALSE
6309720,"gate_30",3,FALSE,FALSE
6309725,"gate_40",1,FALSE,FALSE
6309831,"gate_40",10,FALSE,FALSE
6309854,"gate_30",2,FALSE,TRUE
6309858,"gate_30",1,FALSE,FALSE
6309978,"gate_30",3,TRUE,FALSE
6310076,"gate_30",0,FALSE,FALSE
6310116,"gate_40",16,TRUE,FALSE
6310131,"gate_40",93,TRUE,FALSE
6310175,"gate_40",5,FALSE,FALSE
6310332,"gate_40",274,TRUE,FALSE
6310448,"gate_30",6,FALSE,FALSE
6310552,"gate_30",2,FALSE,FALSE
6310668,"gate_40",61,TRUE,FALSE
6310687,"gate_30",12,FALSE,FALSE
6310809,"gate_30",52,TRUE,FALSE
6310929,"gate_30",2,FALSE,FALSE
6311176,"gate_30",11,FALSE,FALSE
6311221,"gate_40",35,FALSE,FALSE
6311266,"gate_30",20,TRUE,FALSE
6311270,"gate_30",14,FALSE,FALSE
6311400,"gate_40",3,FALSE,FALSE
6311498,"gate_40",127,FALSE,TRUE
6311695,"gate_40",33,FALSE,FALSE
6311697,"gate_40",72,TRUE,TRUE
6311853,"gate_30",53,FALSE,FALSE
6312099,"gate_30",4,FALSE,FALSE
6312108,"gate_40",6,FALSE,FALSE
6312140,"gate_30",96,TRUE,FALSE
6312359,"gate_40",105,TRUE,TRUE
6312360,"gate_40",22,TRUE,FALSE
6312377,"gate_40",2,FALSE,FALSE
6312500,"gate_30",82,FALSE,TRUE
6312671,"gate_40",0,FALSE,FALSE
6312720,"gate_40",42,FALSE,FALSE
6312755,"gate_40",156,TRUE,TRUE
6312770,"gate_40",3,FALSE,FALSE
6312996,"gate_40",5,FALSE,FALSE
6313034,"gate_40",2,FALSE,FALSE
6313157,"gate_30",21,TRUE,FALSE
6313439,"gate_40",17,TRUE,FALSE
6313707,"gate_40",4,FALSE,FALSE
6313835,"gate_30",17,FALSE,FALSE
6313965,"gate_30",278,TRUE,TRUE
6314086,"gate_30",0,FALSE,FALSE
6314487,"gate_30",1,FALSE,FALSE
6314603,"gate_40",111,TRUE,FALSE
6314607,"gate_30",5,FALSE,FALSE
6314686,"gate_40",10,FALSE,FALSE
6314691,"gate_40",2,FALSE,FALSE
6314743,"gate_40",72,TRUE,TRUE
6314978,"gate_40",88,TRUE,FALSE
6314990,"gate_40",1,FALSE,FALSE
6315171,"gate_30",136,TRUE,TRUE
6315185,"gate_30",9,FALSE,FALSE
6315360,"gate_40",4,FALSE,FALSE
6315471,"gate_40",22,TRUE,FALSE
6315749,"gate_30",21,TRUE,FALSE
6315796,"gate_30",211,TRUE,TRUE
6316022,"gate_30",9,FALSE,FALSE
6316123,"gate_30",5,FALSE,FALSE
6316538,"gate_40",19,TRUE,TRUE
6316839,"gate_40",1,FALSE,FALSE
6316947,"gate_40",86,TRUE,FALSE
6316948,"gate_30",39,TRUE,FALSE
6317053,"gate_40",5,FALSE,FALSE
6317237,"gate_40",0,FALSE,FALSE
6317544,"gate_30",4,FALSE,FALSE
6317758,"gate_40",8,FALSE,FALSE
6317792,"gate_40",50,FALSE,FALSE
6317825,"gate_40",28,TRUE,FALSE
6317856,"gate_30",218,TRUE,FALSE
6317928,"gate_30",371,TRUE,TRUE
6317986,"gate_30",12,FALSE,TRUE
6318066,"gate_30",18,TRUE,FALSE
6318192,"gate_40",41,FALSE,TRUE
6318305,"gate_40",0,FALSE,FALSE
6318594,"gate_40",38,TRUE,TRUE
6318627,"gate_40",435,TRUE,TRUE
6318670,"gate_30",0,FALSE,FALSE
6318987,"gate_40",7,FALSE,FALSE
6319096,"gate_30",5,FALSE,FALSE
6319114,"gate_30",2,FALSE,FALSE
6319236,"gate_30",11,TRUE,FALSE
6319454,"gate_40",67,TRUE,FALSE
6319469,"gate_40",42,TRUE,FALSE
6319570,"gate_40",280,TRUE,TRUE
6319836,"gate_40",1,FALSE,FALSE
6319856,"gate_30",287,TRUE,TRUE
6319882,"gate_40",188,TRUE,FALSE
6319973,"gate_40",22,TRUE,FALSE
6320016,"gate_30",33,FALSE,FALSE
6320026,"gate_30",367,TRUE,TRUE
6320074,"gate_40",7,FALSE,FALSE
6320100,"gate_30",4,FALSE,FALSE
6320151,"gate_30",14,FALSE,FALSE
6320185,"gate_30",7,FALSE,FALSE
6320236,"gate_30",70,TRUE,FALSE
6320325,"gate_30",100,TRUE,TRUE
6320327,"gate_40",14,FALSE,FALSE
6320551,"gate_40",2,FALSE,FALSE
6320619,"gate_30",8,FALSE,FALSE
6320749,"gate_40",1,FALSE,FALSE
6320851,"gate_30",0,FALSE,FALSE
6321056,"gate_30",9,FALSE,FALSE
6321223,"gate_40",703,TRUE,TRUE
6321235,"gate_40",74,TRUE,FALSE
6321402,"gate_30",1,FALSE,FALSE
6321510,"gate_30",29,TRUE,FALSE
6321849,"gate_30",12,TRUE,FALSE
6321965,"gate_30",2,TRUE,FALSE
6321992,"gate_40",5,FALSE,FALSE
6322094,"gate_40",2,FALSE,FALSE
6322195,"gate_30",122,TRUE,TRUE
6322292,"gate_40",3,FALSE,FALSE
6322354,"gate_40",6,TRUE,FALSE
6322402,"gate_30",27,FALSE,TRUE
6322416,"gate_40",28,TRUE,FALSE
6322520,"gate_40",1,FALSE,FALSE
6322526,"gate_40",14,TRUE,FALSE
6322885,"gate_40",50,TRUE,FALSE
6322991,"gate_40",23,TRUE,FALSE
6323159,"gate_40",80,TRUE,TRUE
6323228,"gate_30",29,TRUE,FALSE
6323331,"gate_30",26,TRUE,FALSE
6323631,"gate_40",57,FALSE,TRUE
6323692,"gate_40",5,TRUE,FALSE
6323880,"gate_40",51,FALSE,TRUE
6323919,"gate_30",44,TRUE,TRUE
6324025,"gate_30",39,TRUE,FALSE
6324073,"gate_30",3,FALSE,FALSE
6324289,"gate_30",12,FALSE,FALSE
6324291,"gate_30",19,FALSE,FALSE
6324367,"gate_30",7,FALSE,FALSE
6324453,"gate_30",6,FALSE,FALSE
6324642,"gate_40",5,FALSE,FALSE
6324647,"gate_30",37,FALSE,FALSE
6324755,"gate_40",62,TRUE,FALSE
6324762,"gate_40",2,FALSE,FALSE
6325056,"gate_30",5,FALSE,FALSE
6325142,"gate_30",14,FALSE,FALSE
6325245,"gate_30",41,TRUE,FALSE
6325527,"gate_30",226,TRUE,TRUE
6325543,"gate_40",51,TRUE,FALSE
6325678,"gate_30",21,TRUE,FALSE
6325754,"gate_30",4,FALSE,FALSE
6325834,"gate_40",2,FALSE,FALSE
6325854,"gate_30",9,TRUE,FALSE
6325968,"gate_30",115,TRUE,FALSE
6326022,"gate_30",30,TRUE,FALSE
6326122,"gate_30",2,FALSE,FALSE
6326159,"gate_40",16,TRUE,TRUE
6326270,"gate_30",75,TRUE,TRUE
6326284,"gate_30",180,TRUE,TRUE
6326362,"gate_30",2,FALSE,FALSE
6326610,"gate_40",183,TRUE,TRUE
6326679,"gate_40",58,TRUE,FALSE
6326914,"gate_30",4,FALSE,FALSE
6326973,"gate_30",76,TRUE,FALSE
6327090,"gate_30",72,TRUE,TRUE
6327317,"gate_30",152,TRUE,TRUE
6327379,"gate_30",0,FALSE,FALSE
6327414,"gate_30",230,TRUE,TRUE
6327423,"gate_30",122,TRUE,TRUE
6327527,"gate_40",179,TRUE,TRUE
6327531,"gate_30",207,TRUE,TRUE
6327848,"gate_40",45,TRUE,FALSE
6327953,"gate_40",9,FALSE,FALSE
6327998,"gate_30",28,FALSE,FALSE
6328226,"gate_30",5,FALSE,FALSE
6328243,"gate_40",203,TRUE,TRUE
6328271,"gate_30",158,TRUE,TRUE
6328329,"gate_40",2,FALSE,FALSE
6328508,"gate_40",18,FALSE,FALSE
6328737,"gate_40",66,TRUE,FALSE
6328752,"gate_30",40,TRUE,FALSE
6328797,"gate_40",61,TRUE,FALSE
6328799,"gate_40",95,TRUE,TRUE
6328869,"gate_30",9,FALSE,FALSE
6328878,"gate_30",5,FALSE,FALSE
6328978,"gate_40",26,TRUE,FALSE
6329144,"gate_40",3,FALSE,FALSE
6329400,"gate_30",55,TRUE,FALSE
6329422,"gate_30",26,TRUE,FALSE
6329465,"gate_30",44,TRUE,FALSE
6329933,"gate_40",16,FALSE,FALSE
6329957,"gate_30",51,FALSE,FALSE
6329999,"gate_30",0,FALSE,FALSE
6330037,"gate_40",21,TRUE,FALSE
6330039,"gate_30",22,TRUE,FALSE
6330134,"gate_30",235,TRUE,TRUE
6330169,"gate_30",1,FALSE,FALSE
6330172,"gate_40",196,TRUE,FALSE
6330194,"gate_30",61,TRUE,FALSE
6330355,"gate_30",108,TRUE,FALSE
6330394,"gate_30",77,TRUE,TRUE
6330485,"gate_40",60,TRUE,FALSE
6330496,"gate_30",2,FALSE,FALSE
6330623,"gate_40",74,TRUE,FALSE
6330707,"gate_30",121,TRUE,FALSE
6331377,"gate_30",152,TRUE,TRUE
6331386,"gate_40",3,FALSE,FALSE
6331640,"gate_30",61,TRUE,FALSE
6331659,"gate_30",1,FALSE,FALSE
6331766,"gate_30",6,FALSE,FALSE
6331774,"gate_30",58,TRUE,FALSE
6331818,"gate_40",78,FALSE,FALSE
6331819,"gate_40",23,TRUE,FALSE
6331826,"gate_40",281,TRUE,TRUE
6332063,"gate_30",47,TRUE,FALSE
6332082,"gate_30",7,FALSE,FALSE
6332083,"gate_40",125,TRUE,TRUE
6332205,"gate_30",43,TRUE,FALSE
6332246,"gate_30",3,FALSE,FALSE
6332334,"gate_40",229,TRUE,TRUE
6332480,"gate_40",3,FALSE,FALSE
6332490,"gate_40",2,TRUE,FALSE
6332594,"gate_30",1,FALSE,FALSE
6332666,"gate_30",70,TRUE,FALSE
6332667,"gate_30",20,FALSE,FALSE
6332675,"gate_30",46,TRUE,FALSE
6332715,"gate_40",14,FALSE,FALSE
6332732,"gate_30",103,TRUE,FALSE
6332736,"gate_30",19,FALSE,FALSE
6332749,"gate_40",83,TRUE,FALSE
6332921,"gate_30",1,FALSE,FALSE
6333020,"gate_30",36,TRUE,FALSE
6333139,"gate_40",23,TRUE,FALSE
6333251,"gate_40",70,TRUE,FALSE
6333271,"gate_40",15,TRUE,FALSE
6333301,"gate_40",1,FALSE,FALSE
6333427,"gate_30",8,FALSE,FALSE
6333432,"gate_40",5,FALSE,FALSE
6333515,"gate_30",3,TRUE,FALSE
6333532,"gate_30",1,FALSE,FALSE
6333564,"gate_40",4,FALSE,FALSE
6333651,"gate_40",16,FALSE,FALSE
6333857,"gate_40",98,TRUE,TRUE
6334076,"gate_40",13,FALSE,FALSE
6334099,"gate_40",80,TRUE,FALSE
6334536,"gate_40",26,TRUE,FALSE
6334574,"gate_30",44,TRUE,FALSE
6334648,"gate_40",95,TRUE,FALSE
6334677,"gate_30",87,FALSE,FALSE
6334712,"gate_40",10,TRUE,FALSE
6334716,"gate_40",19,TRUE,FALSE
6334732,"gate_40",11,FALSE,FALSE
6334785,"gate_30",12,FALSE,FALSE
6334840,"gate_40",101,TRUE,TRUE
6334871,"gate_30",23,TRUE,TRUE
6334994,"gate_30",9,FALSE,FALSE
6335013,"gate_30",158,TRUE,FALSE
6335342,"gate_40",61,TRUE,FALSE
6335352,"gate_30",10,FALSE,FALSE
6335401,"gate_40",195,FALSE,TRUE
6335488,"gate_30",116,FALSE,TRUE
6335489,"gate_30",4,FALSE,FALSE
6335528,"gate_30",8,FALSE,FALSE
6335595,"gate_30",1,FALSE,FALSE
6335837,"gate_30",15,TRUE,FALSE
6335867,"gate_40",37,TRUE,FALSE
6335967,"gate_40",0,FALSE,FALSE
6336153,"gate_40",5,FALSE,TRUE
6336197,"gate_40",2,FALSE,FALSE
6336342,"gate_30",7,TRUE,FALSE
6336562,"gate_40",3,FALSE,FALSE
6336617,"gate_40",73,TRUE,TRUE
6336768,"gate_40",5,TRUE,FALSE
6336884,"gate_40",42,TRUE,FALSE
6336897,"gate_30",109,TRUE,TRUE
6337322,"gate_40",15,FALSE,FALSE
6337385,"gate_40",1,FALSE,FALSE
6337435,"gate_40",6,FALSE,FALSE
6337441,"gate_30",1,FALSE,FALSE
6337443,"gate_40",2,FALSE,FALSE
6337492,"gate_30",0,FALSE,FALSE
6337619,"gate_40",0,FALSE,FALSE
6337878,"gate_30",36,FALSE,TRUE
6337987,"gate_30",16,FALSE,FALSE
6338193,"gate_30",37,TRUE,FALSE
6338388,"gate_30",9,FALSE,FALSE
6338583,"gate_40",39,TRUE,FALSE
6338584,"gate_40",6,FALSE,FALSE
6338636,"gate_40",78,TRUE,TRUE
6338641,"gate_40",7,FALSE,FALSE
6338673,"gate_30",28,TRUE,TRUE
6338758,"gate_30",13,FALSE,FALSE
6338766,"gate_40",14,TRUE,FALSE
6338833,"gate_40",19,TRUE,FALSE
6338857,"gate_30",10,FALSE,FALSE
6339037,"gate_30",5,FALSE,FALSE
6339420,"gate_40",320,TRUE,TRUE
6339534,"gate_40",2,FALSE,FALSE
6339741,"gate_40",11,TRUE,FALSE
6339780,"gate_40",53,TRUE,FALSE
6339939,"gate_30",4,FALSE,FALSE
6340127,"gate_40",49,TRUE,FALSE
6340367,"gate_30",4,FALSE,FALSE
6340473,"gate_30",5,FALSE,FALSE
6340499,"gate_40",10,FALSE,FALSE
6340518,"gate_40",86,TRUE,FALSE
6340643,"gate_40",12,FALSE,FALSE
6340656,"gate_30",26,TRUE,FALSE
6340670,"gate_30",61,TRUE,TRUE
6340768,"gate_40",150,FALSE,TRUE
6340796,"gate_30",63,TRUE,FALSE
6341020,"gate_40",19,TRUE,FALSE
6341078,"gate_30",1,FALSE,FALSE
6341090,"gate_40",15,TRUE,FALSE
6341198,"gate_30",32,TRUE,FALSE
6341280,"gate_40",25,FALSE,TRUE
6341299,"gate_30",1,FALSE,FALSE
6341365,"gate_40",13,FALSE,FALSE
6341731,"gate_40",87,FALSE,TRUE
6341770,"gate_40",10,FALSE,FALSE
6341885,"gate_30",1,FALSE,FALSE
6341911,"gate_40",13,TRUE,FALSE
6341957,"gate_30",135,TRUE,FALSE
6342150,"gate_30",3,FALSE,FALSE
6342342,"gate_30",12,FALSE,FALSE
6342368,"gate_30",592,TRUE,TRUE
6342519,"gate_30",18,FALSE,FALSE
6342581,"gate_40",106,FALSE,TRUE
6342601,"gate_30",18,TRUE,FALSE
6342616,"gate_40",4,FALSE,FALSE
6342624,"gate_30",8,FALSE,FALSE
6342648,"gate_40",7,FALSE,FALSE
6342768,"gate_30",1,FALSE,FALSE
6342774,"gate_30",395,FALSE,FALSE
6342825,"gate_40",43,TRUE,FALSE
6342922,"gate_30",2,FALSE,FALSE
6343088,"gate_40",3,FALSE,FALSE
6343143,"gate_40",3,TRUE,FALSE
6343179,"gate_30",21,FALSE,FALSE
6343222,"gate_40",223,TRUE,TRUE
6343313,"gate_40",0,FALSE,FALSE
6343376,"gate_40",7,FALSE,FALSE
6343420,"gate_40",6,FALSE,FALSE
6343661,"gate_30",14,FALSE,FALSE
6343891,"gate_40",10,FALSE,FALSE
6343911,"gate_30",258,TRUE,TRUE
6343988,"gate_30",30,FALSE,FALSE
6344050,"gate_30",1,FALSE,FALSE
6344163,"gate_30",7,FALSE,FALSE
6344465,"gate_40",4,FALSE,FALSE
6344480,"gate_40",58,TRUE,FALSE
6344629,"gate_30",1,FALSE,FALSE
6344637,"gate_40",83,TRUE,FALSE
6344859,"gate_30",12,TRUE,FALSE
6344862,"gate_40",16,FALSE,FALSE
6344940,"gate_30",0,FALSE,FALSE
6345043,"gate_30",37,TRUE,FALSE
6345122,"gate_40",1,FALSE,FALSE
6345164,"gate_30",5,FALSE,FALSE
6345311,"gate_40",8,FALSE,TRUE
6346054,"gate_40",53,FALSE,TRUE
6346082,"gate_40",125,TRUE,FALSE
6346317,"gate_40",30,TRUE,FALSE
6346477,"gate_30",3,FALSE,FALSE
6346492,"gate_40",52,FALSE,FALSE
6346511,"gate_30",27,FALSE,TRUE
6346553,"gate_30",57,TRUE,TRUE
6346652,"gate_30",373,TRUE,TRUE
6346741,"gate_40",38,TRUE,FALSE
6346748,"gate_40",39,TRUE,FALSE
6346960,"gate_30",291,TRUE,TRUE
6347070,"gate_30",3,FALSE,FALSE
6347074,"gate_30",36,TRUE,FALSE
6347361,"gate_30",16,TRUE,FALSE
6347894,"gate_30",1,FALSE,FALSE
6348045,"gate_30",5,TRUE,FALSE
6348064,"gate_40",6,TRUE,FALSE
6348525,"gate_30",3,FALSE,FALSE
6348597,"gate_30",226,TRUE,TRUE
6348831,"gate_30",1,FALSE,FALSE
6348995,"gate_30",52,TRUE,FALSE
6349483,"gate_30",2,FALSE,FALSE
6349490,"gate_40",22,TRUE,FALSE
6349525,"gate_40",281,TRUE,FALSE
6349724,"gate_40",0,FALSE,FALSE
6349741,"gate_40",19,FALSE,FALSE
6349816,"gate_40",57,TRUE,TRUE
6349899,"gate_40",89,TRUE,FALSE
6350251,"gate_40",89,TRUE,FALSE
6350293,"gate_30",944,TRUE,TRUE
6350303,"gate_40",1,TRUE,FALSE
6350311,"gate_40",23,TRUE,FALSE
6350403,"gate_40",88,FALSE,FALSE
6350467,"gate_30",24,TRUE,FALSE
6350628,"gate_40",78,TRUE,FALSE
6350637,"gate_30",16,FALSE,FALSE
6350972,"gate_30",14,FALSE,FALSE
6351078,"gate_30",10,FALSE,FALSE
6351097,"gate_30",98,TRUE,TRUE
6351159,"gate_40",5,FALSE,FALSE
6351271,"gate_30",26,FALSE,FALSE
6351283,"gate_30",2,FALSE,FALSE
6351438,"gate_40",0,FALSE,FALSE
6351566,"gate_40",1,FALSE,FALSE
6352020,"gate_30",71,TRUE,FALSE
6352135,"gate_40",77,TRUE,TRUE
6352412,"gate_40",10,FALSE,FALSE
6352691,"gate_30",26,TRUE,TRUE
6352954,"gate_30",81,TRUE,FALSE
6353004,"gate_30",107,TRUE,FALSE
6353127,"gate_40",2,FALSE,FALSE
6353181,"gate_40",131,TRUE,TRUE
6353301,"gate_40",16,TRUE,FALSE
6353416,"gate_40",92,TRUE,FALSE
6353437,"gate_30",118,TRUE,TRUE
6353446,"gate_40",2,FALSE,FALSE
6353474,"gate_30",146,TRUE,TRUE
6353488,"gate_40",8,TRUE,FALSE
6353543,"gate_40",29,TRUE,FALSE
6353825,"gate_40",3,FALSE,FALSE
6354080,"gate_40",7,TRUE,FALSE
6354132,"gate_40",2,FALSE,FALSE
6354269,"gate_40",4,FALSE,FALSE
6354515,"gate_40",5,FALSE,FALSE
6354532,"gate_30",54,TRUE,FALSE
6354725,"gate_30",243,TRUE,TRUE
6354738,"gate_40",7,FALSE,FALSE
6354929,"gate_30",109,TRUE,TRUE
6354982,"gate_40",13,FALSE,FALSE
6355201,"gate_40",25,TRUE,TRUE
6355381,"gate_40",335,TRUE,TRUE
6356014,"gate_40",1,FALSE,FALSE
6356186,"gate_30",7,TRUE,FALSE
6356291,"gate_30",15,FALSE,FALSE
6356420,"gate_30",189,TRUE,TRUE
6356547,"gate_40",38,TRUE,FALSE
6356615,"gate_40",144,TRUE,TRUE
6356766,"gate_30",444,TRUE,TRUE
6356833,"gate_30",6,FALSE,FALSE
6356891,"gate_40",5,FALSE,FALSE
6356940,"gate_30",7,TRUE,FALSE
6356974,"gate_40",175,TRUE,TRUE
6357047,"gate_40",19,FALSE,FALSE
6357212,"gate_40",23,TRUE,FALSE
6357289,"gate_40",31,FALSE,FALSE
6357393,"gate_30",35,TRUE,FALSE
6357406,"gate_40",31,TRUE,TRUE
6357515,"gate_30",5,FALSE,FALSE
6357651,"gate_30",10,FALSE,FALSE
6357761,"gate_30",67,TRUE,FALSE
6357892,"gate_40",23,TRUE,FALSE
6357958,"gate_40",6,FALSE,FALSE
6358080,"gate_30",155,TRUE,TRUE
6358147,"gate_40",51,FALSE,FALSE
6358204,"gate_40",5,FALSE,FALSE
6358242,"gate_30",17,FALSE,FALSE
6358467,"gate_30",62,TRUE,FALSE
6358650,"gate_40",10,TRUE,FALSE
6358836,"gate_30",9,TRUE,FALSE
6358877,"gate_30",27,FALSE,FALSE
6358991,"gate_30",15,TRUE,FALSE
6359035,"gate_40",0,FALSE,FALSE
6359120,"gate_30",112,TRUE,FALSE
6359146,"gate_30",13,FALSE,FALSE
6359282,"gate_30",4,FALSE,FALSE
6359415,"gate_30",22,FALSE,FALSE
6359423,"gate_40",1,FALSE,FALSE
6359430,"gate_30",98,FALSE,TRUE
6359455,"gate_40",30,TRUE,TRUE
6359466,"gate_40",161,TRUE,TRUE
6359557,"gate_40",89,TRUE,TRUE
6359619,"gate_40",57,TRUE,TRUE
6359773,"gate_30",3,FALSE,FALSE
6360105,"gate_40",2,FALSE,FALSE
6360117,"gate_40",13,FALSE,FALSE
6360197,"gate_30",6,FALSE,FALSE
6360404,"gate_30",20,FALSE,FALSE
6360586,"gate_40",312,TRUE,FALSE
6360653,"gate_40",30,TRUE,FALSE
6360656,"gate_40",1,FALSE,FALSE
6360668,"gate_30",24,TRUE,FALSE
6360753,"gate_40",29,TRUE,FALSE
6360869,"gate_40",16,TRUE,FALSE
6360916,"gate_40",12,FALSE,FALSE
6360926,"gate_40",2,FALSE,FALSE
6361098,"gate_40",3,FALSE,FALSE
6361298,"gate_40",52,TRUE,FALSE
6361316,"gate_30",8,TRUE,FALSE
6361382,"gate_30",68,TRUE,FALSE
6361507,"gate_40",25,TRUE,FALSE
6361564,"gate_30",29,FALSE,FALSE
6361746,"gate_30",23,FALSE,FALSE
6361773,"gate_40",153,TRUE,FALSE
6361789,"gate_30",56,TRUE,FALSE
6361849,"gate_40",99,TRUE,TRUE
6361940,"gate_30",20,TRUE,FALSE
6362104,"gate_40",159,TRUE,TRUE
6362147,"gate_40",1,FALSE,FALSE
6362336,"gate_30",74,FALSE,FALSE
6362725,"gate_40",17,TRUE,FALSE
6362848,"gate_40",9,FALSE,FALSE
6363120,"gate_40",0,FALSE,FALSE
6363184,"gate_30",70,TRUE,TRUE
6363274,"gate_30",3,FALSE,FALSE
6363285,"gate_40",1,FALSE,FALSE
6363384,"gate_40",4,FALSE,FALSE
6363404,"gate_40",19,FALSE,FALSE
6363564,"gate_30",0,FALSE,FALSE
6363604,"gate_40",2,FALSE,FALSE
6363628,"gate_30",264,TRUE,FALSE
6363741,"gate_40",3,FALSE,FALSE
6363767,"gate_30",63,TRUE,FALSE
6363869,"gate_30",183,TRUE,TRUE
6363985,"gate_40",190,TRUE,FALSE
6364068,"gate_30",167,TRUE,FALSE
6364196,"gate_30",5,TRUE,FALSE
6364373,"gate_40",175,TRUE,TRUE
6364459,"gate_30",62,TRUE,TRUE
6364516,"gate_40",28,FALSE,FALSE
6364523,"gate_30",20,FALSE,FALSE
6365046,"gate_30",220,TRUE,FALSE
6365228,"gate_30",12,FALSE,FALSE
6365319,"gate_30",8,FALSE,FALSE
6365365,"gate_30",29,FALSE,FALSE
6365700,"gate_30",218,FALSE,TRUE
6365789,"gate_30",25,TRUE,FALSE
6365790,"gate_40",6,FALSE,FALSE
6366063,"gate_30",212,TRUE,TRUE
6366078,"gate_40",12,FALSE,TRUE
6366188,"gate_30",31,FALSE,TRUE
6366193,"gate_40",251,FALSE,TRUE
6366270,"gate_40",165,TRUE,FALSE
6366298,"gate_40",132,FALSE,FALSE
6366346,"gate_30",4,FALSE,FALSE
6366372,"gate_30",5,FALSE,FALSE
6366385,"gate_30",44,TRUE,FALSE
6366421,"gate_40",11,FALSE,FALSE
6366563,"gate_30",533,TRUE,TRUE
6366754,"gate_30",3,FALSE,FALSE
6366856,"gate_30",186,TRUE,TRUE
6367131,"gate_40",1,FALSE,FALSE
6367384,"gate_30",5,FALSE,FALSE
6367581,"gate_30",2,FALSE,FALSE
6367595,"gate_30",23,FALSE,FALSE
6367861,"gate_30",6,FALSE,FALSE
6367884,"gate_30",12,FALSE,FALSE
6367971,"gate_40",18,FALSE,TRUE
6368011,"gate_40",67,FALSE,FALSE
6368060,"gate_30",43,TRUE,FALSE
6368081,"gate_40",32,FALSE,TRUE
6368285,"gate_30",51,FALSE,FALSE
6368432,"gate_30",18,TRUE,FALSE
6368447,"gate_30",1,FALSE,FALSE
6368505,"gate_40",23,TRUE,FALSE
6368612,"gate_30",13,TRUE,FALSE
6368621,"gate_40",2,FALSE,FALSE
6368660,"gate_40",20,TRUE,FALSE
6368874,"gate_30",6,FALSE,FALSE
6368914,"gate_30",0,FALSE,FALSE
6368999,"gate_40",37,FALSE,TRUE
6369022,"gate_30",27,TRUE,FALSE
6369120,"gate_40",6,FALSE,FALSE
6369177,"gate_30",1,FALSE,FALSE
6369181,"gate_30",294,TRUE,FALSE
6369361,"gate_30",4,TRUE,FALSE
6369384,"gate_40",29,TRUE,FALSE
6369439,"gate_30",2,FALSE,FALSE
6369723,"gate_40",4,FALSE,FALSE
6370099,"gate_30",47,FALSE,TRUE
6370109,"gate_40",14,FALSE,FALSE
6370112,"gate_30",16,FALSE,FALSE
6370214,"gate_30",91,FALSE,FALSE
6370331,"gate_30",0,FALSE,FALSE
6370371,"gate_30",155,TRUE,TRUE
6370380,"gate_40",42,TRUE,FALSE
6370468,"gate_30",53,TRUE,FALSE
6370484,"gate_40",23,TRUE,FALSE
6370507,"gate_30",317,TRUE,TRUE
6370923,"gate_30",2,FALSE,FALSE
6371038,"gate_30",47,TRUE,FALSE
6371096,"gate_40",32,TRUE,FALSE
6371222,"gate_40",3,FALSE,FALSE
6371323,"gate_30",38,TRUE,TRUE
6371374,"gate_30",4,FALSE,FALSE
6371479,"gate_30",6,FALSE,FALSE
6371499,"gate_30",250,TRUE,TRUE
6371501,"gate_30",2,FALSE,FALSE
6371521,"gate_40",1,FALSE,FALSE
6371543,"gate_40",55,TRUE,FALSE
6371589,"gate_30",2,FALSE,FALSE
6371619,"gate_30",7,TRUE,FALSE
6371768,"gate_40",10,FALSE,FALSE
6371807,"gate_40",4,FALSE,FALSE
6372094,"gate_40",3,FALSE,FALSE
6372394,"gate_40",25,TRUE,FALSE
6372507,"gate_40",42,FALSE,FALSE
6372717,"gate_40",124,TRUE,FALSE
6372771,"gate_30",174,TRUE,FALSE
6372979,"gate_40",61,TRUE,FALSE
6373139,"gate_40",1,FALSE,FALSE
6373433,"gate_30",24,TRUE,FALSE
6373475,"gate_30",3,FALSE,FALSE
6373497,"gate_30",7,FALSE,FALSE
6373600,"gate_40",5,FALSE,FALSE
6373609,"gate_40",0,FALSE,FALSE
6373673,"gate_30",22,FALSE,FALSE
6373706,"gate_30",119,TRUE,TRUE
6373740,"gate_40",26,FALSE,FALSE
6373759,"gate_40",5,FALSE,FALSE
6373906,"gate_30",13,TRUE,FALSE
6373959,"gate_30",296,TRUE,TRUE
6374087,"gate_30",17,FALSE,TRUE
6374106,"gate_30",41,FALSE,TRUE
6374145,"gate_30",0,FALSE,FALSE
6374303,"gate_40",64,TRUE,FALSE
6374335,"gate_30",4,FALSE,FALSE
6374361,"gate_40",33,TRUE,FALSE
6374388,"gate_40",32,TRUE,TRUE
6374444,"gate_40",8,FALSE,FALSE
6374465,"gate_40",13,TRUE,FALSE
6374717,"gate_30",39,TRUE,FALSE
6374867,"gate_40",9,TRUE,FALSE
6374998,"gate_30",210,TRUE,TRUE
6375036,"gate_40",9,TRUE,FALSE
6375303,"gate_30",7,FALSE,FALSE
6375339,"gate_30",0,FALSE,FALSE
6375340,"gate_40",20,FALSE,FALSE
6375373,"gate_40",3,FALSE,FALSE
6375608,"gate_30",1,FALSE,FALSE
6375664,"gate_30",137,TRUE,FALSE
6375688,"gate_30",158,TRUE,FALSE
6375724,"gate_30",750,TRUE,TRUE
6375743,"gate_30",379,TRUE,TRUE
6375763,"gate_30",47,FALSE,FALSE
6376039,"gate_30",49,TRUE,FALSE
6376040,"gate_40",9,FALSE,FALSE
6376294,"gate_30",3,FALSE,TRUE
6376363,"gate_30",86,TRUE,FALSE
6376395,"gate_40",150,TRUE,TRUE
6376405,"gate_40",1,FALSE,FALSE
6376601,"gate_30",23,TRUE,FALSE
6376630,"gate_40",180,TRUE,TRUE
6376728,"gate_40",46,TRUE,FALSE
6376809,"gate_40",6,FALSE,FALSE
6376979,"gate_30",25,TRUE,FALSE
6377102,"gate_40",42,TRUE,FALSE
6377130,"gate_30",23,FALSE,FALSE
6377315,"gate_30",1,FALSE,FALSE
6377316,"gate_40",160,TRUE,FALSE
6377693,"gate_40",18,TRUE,FALSE
6377801,"gate_30",2,FALSE,FALSE
6377849,"gate_40",3,FALSE,FALSE
6378077,"gate_30",48,TRUE,TRUE
6378251,"gate_30",0,FALSE,FALSE
6378405,"gate_30",10,TRUE,FALSE
6378515,"gate_40",41,TRUE,FALSE
6378550,"gate_30",32,TRUE,FALSE
6378691,"gate_30",1,FALSE,FALSE
6378743,"gate_40",17,FALSE,FALSE
6378755,"gate_40",1,FALSE,FALSE
6378882,"gate_40",378,TRUE,TRUE
6378916,"gate_30",16,FALSE,FALSE
6379395,"gate_40",9,FALSE,FALSE
6379802,"gate_40",46,TRUE,FALSE
6379965,"gate_30",35,TRUE,FALSE
6380044,"gate_40",5,FALSE,FALSE
6380574,"gate_40",38,FALSE,FALSE
6380621,"gate_30",13,FALSE,FALSE
6380727,"gate_30",13,TRUE,FALSE
6380926,"gate_40",0,FALSE,FALSE
6381220,"gate_30",16,FALSE,FALSE
6381234,"gate_40",58,FALSE,FALSE
6381270,"gate_40",18,TRUE,FALSE
6381444,"gate_40",47,FALSE,FALSE
6381491,"gate_40",102,TRUE,FALSE
6381576,"gate_40",5,FALSE,FALSE
6381685,"gate_40",88,FALSE,FALSE
6381732,"gate_40",2,FALSE,FALSE
6381800,"gate_30",3,FALSE,FALSE
6382054,"gate_40",21,TRUE,FALSE
6382064,"gate_30",0,FALSE,FALSE
6382079,"gate_30",8,FALSE,FALSE
6382092,"gate_30",70,TRUE,TRUE
6382160,"gate_30",30,TRUE,FALSE
6382269,"gate_30",9,FALSE,FALSE
6382328,"gate_40",1,FALSE,FALSE
6382379,"gate_40",22,TRUE,FALSE
6382554,"gate_30",11,FALSE,FALSE
6382634,"gate_40",8,TRUE,FALSE
6382911,"gate_40",114,TRUE,FALSE
6383051,"gate_30",14,FALSE,FALSE
6383220,"gate_30",42,TRUE,FALSE
6383354,"gate_40",121,TRUE,FALSE
6383446,"gate_30",2,FALSE,FALSE
6383537,"gate_40",21,FALSE,FALSE
6383587,"gate_30",1,FALSE,FALSE
6383700,"gate_30",5,TRUE,FALSE
6383735,"gate_40",10,FALSE,FALSE
6383760,"gate_30",7,FALSE,FALSE
6383830,"gate_40",1,FALSE,FALSE
6384022,"gate_40",69,TRUE,FALSE
6384026,"gate_40",190,TRUE,TRUE
6384035,"gate_40",7,FALSE,FALSE
6384042,"gate_40",11,FALSE,FALSE
6384093,"gate_40",0,FALSE,FALSE
6384155,"gate_40",3,FALSE,FALSE
6384183,"gate_40",60,FALSE,TRUE
6384308,"gate_30",17,TRUE,FALSE
6384383,"gate_30",16,FALSE,FALSE
6384414,"gate_40",114,TRUE,FALSE
6384494,"gate_40",9,FALSE,FALSE
6384713,"gate_30",4,FALSE,FALSE
6384827,"gate_40",82,TRUE,TRUE
6384862,"gate_30",14,FALSE,FALSE
6384904,"gate_30",8,TRUE,FALSE
6384917,"gate_30",71,TRUE,FALSE
6385002,"gate_40",32,TRUE,FALSE
6385210,"gate_40",21,TRUE,FALSE
6385299,"gate_30",3,FALSE,FALSE
6385372,"gate_30",46,FALSE,FALSE
6385400,"gate_40",14,TRUE,FALSE
6385522,"gate_30",14,FALSE,FALSE
6385608,"gate_30",3,FALSE,FALSE
6385629,"gate_40",12,FALSE,FALSE
6385763,"gate_30",11,FALSE,FALSE
6385792,"gate_30",9,FALSE,FALSE
6385877,"gate_40",13,TRUE,FALSE
6385884,"gate_30",28,FALSE,FALSE
6385901,"gate_40",29,TRUE,FALSE
6385977,"gate_30",182,TRUE,TRUE
6386008,"gate_30",0,FALSE,FALSE
6386023,"gate_30",1,FALSE,FALSE
6386144,"gate_40",19,TRUE,FALSE
6386292,"gate_40",14,TRUE,FALSE
6386489,"gate_40",31,TRUE,FALSE
6386506,"gate_40",48,FALSE,TRUE
6386509,"gate_40",13,TRUE,FALSE
6386575,"gate_40",8,FALSE,FALSE
6386918,"gate_30",2,FALSE,FALSE
6387006,"gate_30",15,TRUE,FALSE
6387037,"gate_30",39,TRUE,FALSE
6387195,"gate_40",49,TRUE,FALSE
6387202,"gate_40",1,FALSE,FALSE
6387315,"gate_40",23,FALSE,FALSE
6387392,"gate_30",3,FALSE,FALSE
6387416,"gate_40",70,FALSE,TRUE
6387678,"gate_40",6,FALSE,FALSE
6387701,"gate_40",74,TRUE,FALSE
6387743,"gate_40",12,FALSE,FALSE
6388147,"gate_30",1,FALSE,FALSE
6388318,"gate_40",3,TRUE,FALSE
6388358,"gate_30",20,TRUE,FALSE
6388603,"gate_30",23,TRUE,FALSE
6388867,"gate_40",2,FALSE,FALSE
6388908,"gate_40",54,TRUE,FALSE
6389007,"gate_40",205,TRUE,TRUE
6389009,"gate_30",3,FALSE,FALSE
6389047,"gate_30",196,TRUE,TRUE
6389079,"gate_30",31,TRUE,TRUE
6389085,"gate_30",3,FALSE,FALSE
6389181,"gate_30",0,FALSE,FALSE
6389194,"gate_40",196,TRUE,TRUE
6389342,"gate_40",48,FALSE,TRUE
6389497,"gate_40",16,FALSE,FALSE
6389498,"gate_40",2,FALSE,TRUE
6389668,"gate_40",12,FALSE,FALSE
6389829,"gate_30",4,FALSE,FALSE
6389848,"gate_30",3,FALSE,FALSE
6389858,"gate_40",51,TRUE,FALSE
6389893,"gate_40",235,TRUE,FALSE
6390181,"gate_30",201,TRUE,TRUE
6390226,"gate_40",142,TRUE,TRUE
6390478,"gate_30",2,FALSE,FALSE
6390510,"gate_30",5,FALSE,FALSE
6390697,"gate_30",87,TRUE,FALSE
6390800,"gate_40",0,FALSE,FALSE
6390818,"gate_30",7,FALSE,FALSE
6390966,"gate_30",41,TRUE,TRUE
6390993,"gate_30",2,FALSE,FALSE
6391067,"gate_40",8,FALSE,FALSE
6391216,"gate_40",19,TRUE,FALSE
6391227,"gate_40",8,FALSE,FALSE
6391430,"gate_40",3,FALSE,FALSE
6391434,"gate_40",100,TRUE,TRUE
6391627,"gate_30",6,FALSE,FALSE
6391709,"gate_40",37,TRUE,FALSE
6391798,"gate_30",242,TRUE,TRUE
6391887,"gate_40",0,FALSE,FALSE
6391912,"gate_40",1,FALSE,FALSE
6391923,"gate_30",24,FALSE,FALSE
6391997,"gate_30",129,TRUE,FALSE
6392126,"gate_40",62,FALSE,FALSE
6392176,"gate_40",1,FALSE,FALSE
6392486,"gate_30",0,FALSE,FALSE
6392562,"gate_40",28,FALSE,FALSE
6392721,"gate_40",35,FALSE,TRUE
6392798,"gate_30",44,FALSE,FALSE
6393005,"gate_30",167,TRUE,FALSE
6393114,"gate_40",10,FALSE,FALSE
6393121,"gate_40",196,TRUE,FALSE
6393356,"gate_40",4,FALSE,FALSE
6393369,"gate_40",44,TRUE,FALSE
6393484,"gate_30",123,TRUE,FALSE
6393512,"gate_40",13,TRUE,FALSE
6393618,"gate_40",26,FALSE,FALSE
6393780,"gate_30",1,FALSE,FALSE
6393899,"gate_30",14,FALSE,FALSE
6393988,"gate_40",71,TRUE,FALSE
6394019,"gate_30",3,FALSE,FALSE
6394112,"gate_30",2,FALSE,FALSE
6394135,"gate_40",16,FALSE,FALSE
6394178,"gate_40",11,TRUE,FALSE
6394324,"gate_30",7,FALSE,FALSE
6394436,"gate_30",26,TRUE,TRUE
6394593,"gate_30",48,TRUE,FALSE
6394625,"gate_40",0,FALSE,FALSE
6394629,"gate_40",16,FALSE,FALSE
6394719,"gate_40",36,TRUE,FALSE
6394954,"gate_30",1,FALSE,FALSE
6394976,"gate_40",18,TRUE,FALSE
6395029,"gate_30",74,TRUE,TRUE
6395060,"gate_30",36,FALSE,TRUE
6395171,"gate_30",15,TRUE,FALSE
6395181,"gate_30",444,TRUE,TRUE
6395192,"gate_40",4,FALSE,FALSE
6395219,"gate_40",24,FALSE,FALSE
6395283,"gate_30",0,FALSE,FALSE
6395284,"gate_40",5,FALSE,FALSE
6395299,"gate_40",146,TRUE,TRUE
6395305,"gate_30",55,TRUE,FALSE
6395376,"gate_40",17,TRUE,FALSE
6395467,"gate_40",7,FALSE,FALSE
6395506,"gate_40",41,TRUE,FALSE
6395563,"gate_30",10,FALSE,FALSE
6395651,"gate_40",8,FALSE,FALSE
6395670,"gate_40",54,TRUE,FALSE
6395675,"gate_40",54,TRUE,FALSE
6395727,"gate_40",26,TRUE,FALSE
6395742,"gate_30",2,TRUE,FALSE
6396161,"gate_30",42,FALSE,FALSE
6396164,"gate_30",192,TRUE,TRUE
6396254,"gate_40",1,FALSE,FALSE
6396299,"gate_30",16,TRUE,FALSE
6396395,"gate_30",3,FALSE,FALSE
6396446,"gate_30",15,FALSE,FALSE
6396456,"gate_30",1,FALSE,FALSE
6396641,"gate_40",230,FALSE,FALSE
6396661,"gate_30",462,TRUE,TRUE
6396670,"gate_30",4,FALSE,FALSE
6396739,"gate_30",163,TRUE,TRUE
6396776,"gate_40",3,FALSE,FALSE
6396836,"gate_40",41,FALSE,TRUE
6396970,"gate_40",19,FALSE,FALSE
6397015,"gate_40",0,FALSE,FALSE
6397022,"gate_40",1,FALSE,FALSE
6397080,"gate_40",7,FALSE,FALSE
6397153,"gate_30",38,TRUE,FALSE
6397321,"gate_30",0,FALSE,FALSE
6397423,"gate_30",30,TRUE,FALSE
6397481,"gate_30",474,FALSE,TRUE
6397485,"gate_40",3,FALSE,FALSE
6397639,"gate_40",2,FALSE,FALSE
6397993,"gate_30",0,FALSE,FALSE
6398084,"gate_30",2,TRUE,FALSE
6398213,"gate_40",5,FALSE,FALSE
6398248,"gate_30",35,FALSE,FALSE
6398265,"gate_40",14,TRUE,FALSE
6398279,"gate_30",8,TRUE,TRUE
6398413,"gate_30",4,FALSE,FALSE
6398486,"gate_30",196,FALSE,TRUE
6398551,"gate_30",4,TRUE,FALSE
6398621,"gate_30",16,FALSE,FALSE
6398674,"gate_30",600,TRUE,TRUE
6398790,"gate_40",13,TRUE,FALSE
6399012,"gate_30",3,FALSE,FALSE
6399047,"gate_40",166,FALSE,TRUE
6399290,"gate_30",24,TRUE,FALSE
6399333,"gate_30",12,TRUE,TRUE
6399551,"gate_30",40,TRUE,FALSE
6399570,"gate_40",5,TRUE,FALSE
6399616,"gate_30",2,FALSE,FALSE
6399688,"gate_40",7,FALSE,FALSE
6399975,"gate_40",1,FALSE,FALSE
6399981,"gate_40",96,FALSE,TRUE
6400047,"gate_40",131,FALSE,FALSE
6400344,"gate_30",0,FALSE,FALSE
6400415,"gate_40",11,TRUE,FALSE
6400527,"gate_40",112,TRUE,TRUE
6400553,"gate_40",5,TRUE,FALSE
6400702,"gate_30",65,TRUE,FALSE
6400772,"gate_40",1,FALSE,FALSE
6400911,"gate_40",25,TRUE,FALSE
6400951,"gate_30",2,FALSE,FALSE
6400962,"gate_30",64,TRUE,FALSE
6401107,"gate_40",7,FALSE,FALSE
6401127,"gate_30",23,FALSE,TRUE
6401197,"gate_40",97,TRUE,FALSE
6401209,"gate_30",0,FALSE,FALSE
6401276,"gate_40",1,FALSE,FALSE
6401291,"gate_30",25,TRUE,FALSE
6401336,"gate_30",5,FALSE,FALSE
6401384,"gate_40",3,FALSE,FALSE
6401392,"gate_30",9,FALSE,FALSE
6401430,"gate_30",49,TRUE,FALSE
6401525,"gate_30",14,FALSE,FALSE
6401788,"gate_40",0,FALSE,FALSE
6401818,"gate_30",19,TRUE,FALSE
6401944,"gate_30",137,TRUE,TRUE
6401991,"gate_30",26,FALSE,FALSE
6402060,"gate_40",4,FALSE,FALSE
6402168,"gate_40",7,FALSE,FALSE
6402542,"gate_30",55,TRUE,TRUE
6402633,"gate_40",1,FALSE,FALSE
6402893,"gate_40",57,TRUE,FALSE
6403190,"gate_40",0,FALSE,FALSE
6403446,"gate_40",14,FALSE,FALSE
6403471,"gate_40",59,TRUE,FALSE
6404034,"gate_40",1,FALSE,FALSE
6404050,"gate_30",46,FALSE,TRUE
6404052,"gate_30",34,TRUE,FALSE
6404071,"gate_30",15,TRUE,FALSE
6404133,"gate_40",132,TRUE,FALSE
6404262,"gate_40",145,TRUE,TRUE
6404296,"gate_40",0,FALSE,FALSE
6404378,"gate_40",51,TRUE,FALSE
6404413,"gate_30",31,FALSE,FALSE
6404666,"gate_30",54,TRUE,FALSE
6404710,"gate_30",4,FALSE,FALSE
6404828,"gate_30",7,FALSE,FALSE
6404950,"gate_30",9,FALSE,FALSE
6404965,"gate_40",177,TRUE,FALSE
6405313,"gate_30",2,FALSE,FALSE
6405364,"gate_40",18,TRUE,FALSE
6405684,"gate_30",747,TRUE,TRUE
6405853,"gate_30",12,TRUE,FALSE
6405864,"gate_40",13,FALSE,FALSE
6405911,"gate_30",1,FALSE,FALSE
6406033,"gate_40",176,TRUE,TRUE
6406091,"gate_40",61,TRUE,TRUE
6406350,"gate_40",19,FALSE,FALSE
6406387,"gate_30",4,FALSE,FALSE
6406443,"gate_30",0,FALSE,FALSE
6406571,"gate_30",6,FALSE,FALSE
6406665,"gate_40",294,TRUE,TRUE
6406720,"gate_30",0,FALSE,FALSE
6406732,"gate_30",6,FALSE,FALSE
6406931,"gate_30",19,FALSE,FALSE
6407276,"gate_30",2,FALSE,FALSE
6407578,"gate_40",60,TRUE,FALSE
6407636,"gate_30",4,FALSE,FALSE
6407872,"gate_30",67,TRUE,FALSE
6408025,"gate_40",19,FALSE,FALSE
6408057,"gate_30",2,FALSE,FALSE
6408184,"gate_30",2,FALSE,FALSE
6408245,"gate_40",16,TRUE,FALSE
6408246,"gate_40",2,FALSE,FALSE
6408275,"gate_40",90,TRUE,TRUE
6408358,"gate_40",51,TRUE,FALSE
6408619,"gate_40",51,TRUE,FALSE
6408622,"gate_40",4,FALSE,FALSE
6408802,"gate_30",7,FALSE,FALSE
6409033,"gate_30",40,TRUE,FALSE
6409286,"gate_30",0,FALSE,FALSE
6409450,"gate_40",11,FALSE,FALSE
6409476,"gate_40",39,TRUE,TRUE
6409512,"gate_40",15,FALSE,FALSE
6409517,"gate_40",30,TRUE,TRUE
6409572,"gate_40",13,FALSE,FALSE
6409578,"gate_40",15,FALSE,FALSE
6409584,"gate_30",2,FALSE,FALSE
6409659,"gate_40",21,TRUE,FALSE
6409715,"gate_40",8,FALSE,FALSE
6409812,"gate_40",23,TRUE,FALSE
6409830,"gate_30",8,TRUE,FALSE
6409875,"gate_30",5,FALSE,FALSE
6409893,"gate_40",2,FALSE,FALSE
6409934,"gate_40",3,FALSE,FALSE
6409951,"gate_30",45,FALSE,FALSE
6410016,"gate_30",0,FALSE,FALSE
6410076,"gate_30",25,TRUE,FALSE
6410171,"gate_40",3,FALSE,FALSE
6410309,"gate_40",8,FALSE,FALSE
6410507,"gate_40",35,TRUE,FALSE
6410512,"gate_30",18,FALSE,FALSE
6410528,"gate_30",1,FALSE,FALSE
6410573,"gate_30",10,TRUE,FALSE
6410692,"gate_30",6,FALSE,FALSE
6410779,"gate_40",48,TRUE,FALSE
6411024,"gate_40",450,TRUE,TRUE
6411056,"gate_30",307,TRUE,FALSE
6411162,"gate_40",16,FALSE,FALSE
6411455,"gate_30",8,FALSE,FALSE
6411560,"gate_40",27,FALSE,FALSE
6411591,"gate_30",8,FALSE,FALSE
6411816,"gate_30",21,TRUE,FALSE
6411822,"gate_30",2,FALSE,FALSE
6412057,"gate_30",7,TRUE,FALSE
6412144,"gate_30",22,TRUE,TRUE
6412158,"gate_30",41,TRUE,FALSE
6412165,"gate_40",3,FALSE,FALSE
6412237,"gate_40",30,FALSE,FALSE
6412318,"gate_40",17,FALSE,FALSE
6412397,"gate_30",19,TRUE,TRUE
6412595,"gate_30",4,FALSE,FALSE
6412708,"gate_30",39,TRUE,FALSE
6412884,"gate_30",2,FALSE,FALSE
6413059,"gate_30",7,FALSE,FALSE
6413195,"gate_30",12,TRUE,FALSE
6413479,"gate_40",0,FALSE,FALSE
6413511,"gate_40",30,FALSE,FALSE
6413591,"gate_30",49,TRUE,FALSE
6413630,"gate_30",36,TRUE,FALSE
6413662,"gate_40",10,FALSE,FALSE
6413684,"gate_40",147,TRUE,TRUE
6413687,"gate_40",172,FALSE,FALSE
6413798,"gate_30",19,FALSE,FALSE
6413893,"gate_30",0,FALSE,FALSE
6414377,"gate_40",1,FALSE,FALSE
6414386,"gate_30",8,TRUE,FALSE
6414413,"gate_40",0,FALSE,FALSE
6414444,"gate_40",137,TRUE,TRUE
6414504,"gate_40",325,TRUE,TRUE
6414569,"gate_40",120,TRUE,TRUE
6414576,"gate_40",24,FALSE,FALSE
6414657,"gate_40",2,FALSE,FALSE
6414709,"gate_30",523,TRUE,TRUE
6414767,"gate_40",440,TRUE,TRUE
6414771,"gate_30",78,TRUE,FALSE
6415012,"gate_30",5,FALSE,FALSE
6415036,"gate_40",584,TRUE,TRUE
6415239,"gate_40",6,TRUE,FALSE
6415274,"gate_30",22,TRUE,FALSE
6415376,"gate_30",14,FALSE,FALSE
6415403,"gate_40",67,TRUE,FALSE
6415459,"gate_30",12,FALSE,FALSE
6415556,"gate_30",14,TRUE,FALSE
6415604,"gate_30",84,TRUE,FALSE
6415621,"gate_40",24,FALSE,FALSE
6415686,"gate_40",8,FALSE,FALSE
6415713,"gate_30",27,TRUE,FALSE
6415726,"gate_40",183,TRUE,FALSE
6416144,"gate_30",86,TRUE,TRUE
6416192,"gate_40",4,FALSE,FALSE
6416207,"gate_30",3,FALSE,FALSE
6416234,"gate_40",207,TRUE,TRUE
6416297,"gate_30",38,TRUE,FALSE
6416304,"gate_40",40,FALSE,FALSE
6416324,"gate_30",4,TRUE,FALSE
6416388,"gate_40",212,TRUE,TRUE
6416400,"gate_40",8,FALSE,FALSE
6416621,"gate_40",23,FALSE,FALSE
6416779,"gate_30",71,TRUE,TRUE
6417025,"gate_30",21,FALSE,FALSE
6417183,"gate_40",3,FALSE,FALSE
6417246,"gate_30",17,FALSE,FALSE
6417250,"gate_30",221,TRUE,FALSE
6417358,"gate_40",5,TRUE,FALSE
6417368,"gate_30",18,TRUE,FALSE
6417597,"gate_40",43,TRUE,FALSE
6417624,"gate_40",20,FALSE,FALSE
6417656,"gate_30",44,FALSE,FALSE
6417818,"gate_30",8,FALSE,FALSE
6417849,"gate_40",1,FALSE,FALSE
6417931,"gate_30",5,FALSE,FALSE
6418006,"gate_40",14,FALSE,FALSE
6418104,"gate_30",50,TRUE,FALSE
6418138,"gate_40",8,FALSE,FALSE
6418151,"gate_40",156,TRUE,FALSE
6418361,"gate_30",3,FALSE,FALSE
6418502,"gate_30",3,FALSE,FALSE
6418506,"gate_30",7,FALSE,FALSE
6418765,"gate_40",2,FALSE,FALSE
6418785,"gate_30",6,TRUE,FALSE
6418859,"gate_30",3,FALSE,FALSE
6418935,"gate_40",160,TRUE,TRUE
6419026,"gate_30",95,TRUE,TRUE
6419096,"gate_40",57,TRUE,FALSE
6419431,"gate_40",31,TRUE,FALSE
6419661,"gate_30",7,FALSE,FALSE
6420135,"gate_40",75,TRUE,FALSE
6420210,"gate_30",18,TRUE,FALSE
6420223,"gate_40",17,FALSE,FALSE
6420381,"gate_30",35,FALSE,FALSE
6420389,"gate_30",1,FALSE,FALSE
6420540,"gate_40",35,TRUE,TRUE
6420613,"gate_40",142,TRUE,TRUE
6420625,"gate_40",18,FALSE,FALSE
6420697,"gate_40",23,TRUE,FALSE
6420769,"gate_30",52,TRUE,TRUE
6421298,"gate_40",2,FALSE,FALSE
6421460,"gate_40",336,TRUE,TRUE
6421498,"gate_30",51,FALSE,FALSE
6421682,"gate_30",53,TRUE,TRUE
6421785,"gate_30",45,TRUE,FALSE
6421849,"gate_30",60,TRUE,FALSE
6421933,"gate_40",74,TRUE,FALSE
6421949,"gate_30",181,TRUE,FALSE
6422009,"gate_40",24,FALSE,FALSE
6422182,"gate_30",4,FALSE,FALSE
6422192,"gate_40",1,FALSE,FALSE
6422511,"gate_40",2,FALSE,FALSE
6422606,"gate_30",35,FALSE,FALSE
6422777,"gate_30",4,FALSE,FALSE
6422944,"gate_30",80,TRUE,TRUE
6422971,"gate_40",2,FALSE,FALSE
6423054,"gate_40",107,TRUE,TRUE
6423064,"gate_40",16,FALSE,FALSE
6423429,"gate_30",26,TRUE,FALSE
6423494,"gate_30",151,TRUE,TRUE
6423496,"gate_40",1,FALSE,FALSE
6423513,"gate_30",11,FALSE,FALSE
6423633,"gate_30",13,FALSE,FALSE
6423733,"gate_40",3,FALSE,FALSE
6423795,"gate_30",6,FALSE,FALSE
6423809,"gate_40",62,TRUE,FALSE
6423951,"gate_40",24,TRUE,FALSE
6424042,"gate_40",1,FALSE,FALSE
6424128,"gate_40",0,FALSE,FALSE
6424131,"gate_30",6,FALSE,FALSE
6424339,"gate_40",44,TRUE,FALSE
6424785,"gate_40",19,TRUE,TRUE
6424906,"gate_30",7,FALSE,FALSE
6424997,"gate_30",41,TRUE,FALSE
6425144,"gate_30",11,FALSE,FALSE
6425177,"gate_30",16,FALSE,FALSE
6425205,"gate_30",15,TRUE,FALSE
6425580,"gate_30",3,FALSE,FALSE
6425795,"gate_30",6,TRUE,FALSE
6426022,"gate_40",10,FALSE,FALSE
6426087,"gate_40",72,TRUE,FALSE
6426092,"gate_40",30,TRUE,FALSE
6426223,"gate_40",11,FALSE,FALSE
6426354,"gate_30",23,TRUE,FALSE
6426594,"gate_30",14,TRUE,FALSE
6426633,"gate_30",13,FALSE,FALSE
6426910,"gate_30",430,TRUE,TRUE
6426914,"gate_30",11,FALSE,FALSE
6426967,"gate_30",11,TRUE,FALSE
6427044,"gate_40",5,FALSE,FALSE
6427059,"gate_30",1,FALSE,FALSE
6427096,"gate_30",7,FALSE,FALSE
6427342,"gate_40",42,TRUE,FALSE
6427486,"gate_40",5,FALSE,FALSE
6427572,"gate_30",38,TRUE,FALSE
6427619,"gate_40",24,TRUE,FALSE
6427953,"gate_30",21,FALSE,FALSE
6427991,"gate_30",62,TRUE,FALSE
6428057,"gate_30",152,TRUE,TRUE
6428293,"gate_30",3,FALSE,FALSE
6428441,"gate_30",31,FALSE,TRUE
6428587,"gate_40",2,FALSE,FALSE
6428658,"gate_40",2,FALSE,FALSE
6428911,"gate_40",8,FALSE,FALSE
6428950,"gate_30",10,TRUE,FALSE
6429046,"gate_30",51,TRUE,FALSE
6429245,"gate_40",137,TRUE,FALSE
6429284,"gate_40",6,FALSE,FALSE
6429302,"gate_30",1,FALSE,FALSE
6429456,"gate_30",54,TRUE,FALSE
6429465,"gate_40",78,TRUE,TRUE
6429518,"gate_30",108,TRUE,TRUE
6429564,"gate_30",2,FALSE,FALSE
6429759,"gate_30",5,TRUE,FALSE
6429897,"gate_30",11,TRUE,FALSE
6430204,"gate_30",27,FALSE,FALSE
6430246,"gate_40",4,FALSE,FALSE
6430328,"gate_40",9,FALSE,FALSE
6430538,"gate_40",1,FALSE,FALSE
6430550,"gate_30",1,FALSE,FALSE
6430589,"gate_40",3,FALSE,FALSE
6430606,"gate_40",18,TRUE,TRUE
6430653,"gate_40",12,FALSE,FALSE
6430678,"gate_30",17,TRUE,TRUE
6430721,"gate_40",96,TRUE,TRUE
6430966,"gate_40",10,FALSE,FALSE
6431009,"gate_30",27,TRUE,FALSE
6431203,"gate_30",20,TRUE,FALSE
6431373,"gate_40",0,FALSE,FALSE
6431755,"gate_40",1,FALSE,FALSE
6431925,"gate_40",22,FALSE,FALSE
6431986,"gate_30",242,TRUE,TRUE
6432161,"gate_30",385,FALSE,TRUE
6432267,"gate_30",1,TRUE,FALSE
6432420,"gate_30",5,FALSE,FALSE
6432504,"gate_40",11,FALSE,TRUE
6432564,"gate_30",12,FALSE,FALSE
6432725,"gate_30",194,TRUE,FALSE
6432808,"gate_40",39,FALSE,TRUE
6432963,"gate_40",16,FALSE,FALSE
6433087,"gate_30",45,TRUE,FALSE
6433116,"gate_30",4,FALSE,FALSE
6433158,"gate_40",1,FALSE,FALSE
6433191,"gate_40",1,FALSE,FALSE
6433623,"gate_40",20,FALSE,FALSE
6433727,"gate_40",52,TRUE,TRUE
6434029,"gate_40",24,TRUE,FALSE
6434173,"gate_30",14,TRUE,FALSE
6434242,"gate_30",79,TRUE,TRUE
6434290,"gate_30",35,FALSE,FALSE
6434378,"gate_30",24,FALSE,FALSE
6434379,"gate_40",5,FALSE,FALSE
6434381,"gate_40",186,TRUE,TRUE
6434401,"gate_40",196,TRUE,TRUE
6434551,"gate_30",10,TRUE,FALSE
6434693,"gate_40",25,FALSE,FALSE
6434981,"gate_40",2,FALSE,FALSE
6435222,"gate_40",21,FALSE,FALSE
6435482,"gate_30",25,FALSE,TRUE
6435673,"gate_40",34,FALSE,TRUE
6435883,"gate_40",13,FALSE,FALSE
6435895,"gate_40",15,TRUE,TRUE
6436030,"gate_30",20,FALSE,FALSE
6436161,"gate_40",14,FALSE,FALSE
6436444,"gate_40",287,TRUE,FALSE
6436493,"gate_30",422,TRUE,TRUE
6436725,"gate_30",2,FALSE,FALSE
6436871,"gate_30",76,TRUE,FALSE
6436886,"gate_30",27,TRUE,FALSE
6437084,"gate_30",48,TRUE,TRUE
6437094,"gate_40",10,FALSE,FALSE
6437218,"gate_30",918,TRUE,FALSE
6437269,"gate_30",5,FALSE,FALSE
6437387,"gate_40",18,FALSE,FALSE
6437405,"gate_30",20,TRUE,FALSE
6437488,"gate_40",37,TRUE,FALSE
6437635,"gate_30",44,TRUE,TRUE
6437655,"gate_40",79,TRUE,FALSE
6437680,"gate_40",75,TRUE,TRUE
6437722,"gate_40",295,TRUE,TRUE
6437723,"gate_40",3,FALSE,FALSE
6437785,"gate_40",77,FALSE,FALSE
6437861,"gate_30",12,TRUE,FALSE
6438206,"gate_30",32,FALSE,FALSE
6438208,"gate_40",208,TRUE,TRUE
6438213,"gate_30",54,TRUE,FALSE
6438242,"gate_40",248,TRUE,TRUE
6438250,"gate_30",7,FALSE,FALSE
6438264,"gate_40",1,FALSE,FALSE
6438674,"gate_40",30,TRUE,FALSE
6438710,"gate_30",154,TRUE,FALSE
6438964,"gate_30",293,TRUE,TRUE
6439029,"gate_30",0,FALSE,FALSE
6439311,"gate_40",3,FALSE,FALSE
6439453,"gate_30",23,FALSE,FALSE
6439539,"gate_40",0,FALSE,FALSE
6439683,"gate_40",57,FALSE,TRUE
6439874,"gate_30",29,FALSE,FALSE
6439944,"gate_40",3,FALSE,FALSE
6439963,"gate_40",6,FALSE,FALSE
6440313,"gate_40",6,FALSE,FALSE
6440437,"gate_30",13,FALSE,TRUE
6440578,"gate_30",4,FALSE,FALSE
6440795,"gate_40",10,FALSE,FALSE
6440867,"gate_40",5,TRUE,FALSE
6440933,"gate_40",13,FALSE,FALSE
6441290,"gate_40",82,TRUE,FALSE
6441598,"gate_30",2,FALSE,FALSE
6441788,"gate_30",21,TRUE,FALSE
6441800,"gate_30",74,TRUE,FALSE
6441825,"gate_30",2,FALSE,FALSE
6441893,"gate_40",243,TRUE,TRUE
6441916,"gate_30",15,FALSE,FALSE
6441973,"gate_30",11,FALSE,FALSE
6442067,"gate_40",53,TRUE,FALSE
6442094,"gate_30",1,FALSE,FALSE
6442151,"gate_30",14,FALSE,FALSE
6442237,"gate_40",26,TRUE,FALSE
6442459,"gate_30",13,TRUE,FALSE
6442526,"gate_30",10,FALSE,FALSE
6442538,"gate_40",77,TRUE,FALSE
6442594,"gate_30",19,FALSE,FALSE
6442671,"gate_40",80,TRUE,FALSE
6442896,"gate_40",72,TRUE,TRUE
6442926,"gate_40",1,FALSE,FALSE
6443116,"gate_30",1,FALSE,FALSE
6443407,"gate_40",5,FALSE,FALSE
6443452,"gate_30",340,TRUE,TRUE
6443480,"gate_30",2,FALSE,FALSE
6443542,"gate_30",89,TRUE,TRUE
6443618,"gate_30",3,FALSE,FALSE
6443686,"gate_30",294,TRUE,TRUE
6443731,"gate_40",5,FALSE,TRUE
6444165,"gate_40",3,FALSE,FALSE
6444380,"gate_30",109,FALSE,TRUE
6444514,"gate_40",26,TRUE,FALSE
6444819,"gate_30",16,TRUE,FALSE
6445078,"gate_30",74,TRUE,TRUE
6445181,"gate_40",6,FALSE,FALSE
6445224,"gate_40",278,TRUE,TRUE
6445309,"gate_30",4,FALSE,FALSE
6445515,"gate_40",11,FALSE,FALSE
6445554,"gate_40",1,FALSE,FALSE
6445600,"gate_40",46,TRUE,FALSE
6445765,"gate_30",6,TRUE,FALSE
6445805,"gate_30",16,FALSE,FALSE
6445806,"gate_40",0,FALSE,FALSE
6445892,"gate_30",157,TRUE,TRUE
6445986,"gate_40",69,TRUE,FALSE
6446025,"gate_40",95,TRUE,FALSE
6446248,"gate_40",17,FALSE,FALSE
6446424,"gate_40",1,FALSE,FALSE
6446631,"gate_30",20,FALSE,FALSE
6446743,"gate_40",50,FALSE,FALSE
6446819,"gate_30",27,TRUE,FALSE
6446898,"gate_40",3,TRUE,FALSE
6446913,"gate_40",1,FALSE,FALSE
6447193,"gate_40",2,FALSE,FALSE
6447333,"gate_40",13,FALSE,FALSE
6447431,"gate_40",143,TRUE,TRUE
6447435,"gate_40",1,FALSE,FALSE
6447702,"gate_30",40,TRUE,FALSE
6447734,"gate_30",9,FALSE,FALSE
6448015,"gate_30",14,TRUE,FALSE
6448096,"gate_30",12,FALSE,FALSE
6448757,"gate_40",31,TRUE,FALSE
6448784,"gate_40",27,FALSE,FALSE
6448809,"gate_40",0,FALSE,FALSE
6448923,"gate_30",97,TRUE,FALSE
6449062,"gate_30",1,FALSE,FALSE
6449182,"gate_40",1,FALSE,FALSE
6449186,"gate_40",1,FALSE,FALSE
6449342,"gate_40",1,FALSE,FALSE
6449537,"gate_30",17,TRUE,FALSE
6449568,"gate_40",46,TRUE,FALSE
6449730,"gate_40",2,FALSE,FALSE
6450079,"gate_40",8,TRUE,FALSE
6450262,"gate_30",16,TRUE,FALSE
6450311,"gate_30",28,FALSE,FALSE
6450376,"gate_30",18,TRUE,FALSE
6450384,"gate_40",215,TRUE,TRUE
6450400,"gate_30",4,FALSE,FALSE
6450654,"gate_30",17,TRUE,FALSE
6450864,"gate_40",1,FALSE,FALSE
6451006,"gate_30",22,TRUE,FALSE
6451255,"gate_40",0,FALSE,FALSE
6451323,"gate_30",7,FALSE,FALSE
6451549,"gate_30",1,FALSE,FALSE
6451643,"gate_40",39,TRUE,FALSE
6451742,"gate_30",17,TRUE,FALSE
6451743,"gate_40",3,FALSE,FALSE
6451804,"gate_40",0,FALSE,FALSE
6451969,"gate_30",39,FALSE,FALSE
6452005,"gate_40",15,TRUE,FALSE
6452070,"gate_40",165,TRUE,FALSE
6452637,"gate_40",3,FALSE,FALSE
6452885,"gate_30",1,FALSE,FALSE
6453131,"gate_30",5,FALSE,FALSE
6453182,"gate_40",4,FALSE,FALSE
6453316,"gate_40",97,TRUE,TRUE
6453352,"gate_30",67,TRUE,FALSE
6453599,"gate_40",0,FALSE,FALSE
6453834,"gate_30",29,FALSE,FALSE
6453871,"gate_40",36,TRUE,FALSE
6453897,"gate_40",15,FALSE,FALSE
6454038,"gate_40",32,TRUE,TRUE
6454148,"gate_30",155,TRUE,FALSE
6454156,"gate_40",21,TRUE,FALSE
6454195,"gate_40",0,FALSE,FALSE
6454196,"gate_40",194,TRUE,TRUE
6454244,"gate_40",32,TRUE,FALSE
6454300,"gate_30",76,TRUE,FALSE
6454313,"gate_40",13,FALSE,FALSE
6454314,"gate_40",385,TRUE,TRUE
6454347,"gate_30",407,TRUE,TRUE
6454377,"gate_30",2,FALSE,FALSE
6454549,"gate_30",1,FALSE,FALSE
6454676,"gate_30",60,TRUE,FALSE
6454777,"gate_30",12,FALSE,FALSE
6454807,"gate_40",26,FALSE,FALSE
6454845,"gate_30",22,TRUE,FALSE
6454880,"gate_40",11,FALSE,FALSE
6454987,"gate_30",8,TRUE,FALSE
6455011,"gate_30",8,FALSE,FALSE
6455257,"gate_30",1,FALSE,FALSE
6455280,"gate_30",6,FALSE,FALSE
6455353,"gate_40",6,FALSE,FALSE
6455362,"gate_40",9,FALSE,FALSE
6455403,"gate_30",10,FALSE,FALSE
6455445,"gate_30",2,FALSE,FALSE
6455469,"gate_30",128,FALSE,FALSE
6455542,"gate_30",59,TRUE,FALSE
6455612,"gate_30",2,FALSE,FALSE
6455643,"gate_40",14,FALSE,FALSE
6455679,"gate_30",123,TRUE,TRUE
6455852,"gate_40",14,TRUE,FALSE
6455872,"gate_30",25,FALSE,FALSE
6455990,"gate_40",6,FALSE,FALSE
6456099,"gate_30",3,FALSE,FALSE
6456106,"gate_30",0,FALSE,FALSE
6456138,"gate_30",14,FALSE,FALSE
6456267,"gate_30",11,FALSE,FALSE
6456478,"gate_30",50,TRUE,FALSE
6456482,"gate_30",49,TRUE,FALSE
6456496,"gate_30",2,FALSE,FALSE
6456556,"gate_30",0,FALSE,FALSE
6456607,"gate_30",0,FALSE,FALSE
6456639,"gate_40",3,FALSE,FALSE
6456666,"gate_40",3,FALSE,FALSE
6456921,"gate_40",65,TRUE,TRUE
6457059,"gate_30",5,FALSE,FALSE
6457097,"gate_40",39,TRUE,FALSE
6457232,"gate_30",3,FALSE,FALSE
6457379,"gate_40",25,FALSE,FALSE
6457397,"gate_40",4,FALSE,FALSE
6457470,"gate_40",41,TRUE,FALSE
6457494,"gate_40",355,TRUE,TRUE
6457950,"gate_40",612,TRUE,TRUE
6458123,"gate_30",18,FALSE,FALSE
6458488,"gate_30",103,TRUE,FALSE
6458548,"gate_30",2,FALSE,FALSE
6458552,"gate_30",0,FALSE,FALSE
6458642,"gate_30",9,FALSE,FALSE
6458659,"gate_30",4,FALSE,FALSE
6458863,"gate_30",4,TRUE,FALSE
6458988,"gate_40",18,FALSE,FALSE
6459159,"gate_30",3,FALSE,FALSE
6459475,"gate_40",5,FALSE,FALSE
6459531,"gate_30",30,TRUE,FALSE
6459536,"gate_40",5,TRUE,FALSE
6459704,"gate_40",95,TRUE,TRUE
6459943,"gate_30",56,TRUE,TRUE
6460052,"gate_40",76,FALSE,FALSE
6460161,"gate_40",57,TRUE,FALSE
6460189,"gate_40",105,TRUE,FALSE
6460249,"gate_40",90,FALSE,TRUE
6460409,"gate_40",62,TRUE,FALSE
6460444,"gate_40",0,FALSE,FALSE
6460520,"gate_40",16,FALSE,FALSE
6460557,"gate_40",11,TRUE,TRUE
6460635,"gate_40",3,FALSE,FALSE
6461100,"gate_40",1,FALSE,FALSE
6461116,"gate_40",239,TRUE,FALSE
6461152,"gate_30",0,FALSE,FALSE
6461185,"gate_30",2,FALSE,FALSE
6461556,"gate_40",62,FALSE,FALSE
6461781,"gate_40",104,TRUE,FALSE
6461963,"gate_40",20,FALSE,FALSE
6461981,"gate_30",30,FALSE,FALSE
6461995,"gate_40",45,TRUE,FALSE
6462007,"gate_30",507,TRUE,TRUE
6462105,"gate_30",27,FALSE,FALSE
6462334,"gate_30",56,TRUE,TRUE
6462553,"gate_40",585,TRUE,TRUE
6462643,"gate_30",3,FALSE,FALSE
6462680,"gate_40",2,TRUE,FALSE
6462760,"gate_40",7,TRUE,FALSE
6462844,"gate_40",49,TRUE,TRUE
6462962,"gate_30",130,TRUE,FALSE
6463136,"gate_40",8,TRUE,FALSE
6463604,"gate_40",57,TRUE,FALSE
6463691,"gate_30",65,TRUE,TRUE
6463753,"gate_30",78,TRUE,FALSE
6463949,"gate_40",4,FALSE,FALSE
6464373,"gate_40",125,TRUE,TRUE
6464517,"gate_30",84,FALSE,FALSE
6464577,"gate_40",2,FALSE,FALSE
6464667,"gate_40",0,FALSE,FALSE
6464683,"gate_30",21,FALSE,FALSE
6464747,"gate_40",25,TRUE,FALSE
6464794,"gate_30",87,TRUE,TRUE
6464801,"gate_30",3,FALSE,FALSE
6464850,"gate_30",21,TRUE,FALSE
6464947,"gate_40",77,TRUE,FALSE
6464991,"gate_40",66,TRUE,FALSE
6465370,"gate_40",1,FALSE,FALSE
6465442,"gate_40",68,TRUE,FALSE
6465687,"gate_30",0,FALSE,FALSE
6465704,"gate_30",6,FALSE,FALSE
6466012,"gate_40",29,TRUE,FALSE
6466069,"gate_40",12,TRUE,FALSE
6466311,"gate_30",118,TRUE,TRUE
6466486,"gate_40",9,TRUE,FALSE
6466695,"gate_30",4,FALSE,FALSE
6466941,"gate_40",3,TRUE,FALSE
6466947,"gate_30",74,TRUE,FALSE
6467040,"gate_40",76,TRUE,FALSE
6467083,"gate_30",291,TRUE,TRUE
6467235,"gate_40",16,TRUE,FALSE
6467375,"gate_40",1,FALSE,FALSE
6467444,"gate_30",257,TRUE,TRUE
6467636,"gate_30",53,TRUE,FALSE
6467689,"gate_40",385,TRUE,TRUE
6467784,"gate_40",167,TRUE,TRUE
6467802,"gate_40",84,TRUE,FALSE
6468012,"gate_40",5,FALSE,FALSE
6468037,"gate_40",2,FALSE,FALSE
6468159,"gate_40",8,FALSE,FALSE
6468185,"gate_30",9,FALSE,FALSE
6468217,"gate_40",104,FALSE,TRUE
6468227,"gate_40",536,FALSE,TRUE
6468262,"gate_30",244,TRUE,TRUE
6468264,"gate_30",7,FALSE,FALSE
6468394,"gate_30",18,TRUE,FALSE
6468535,"gate_30",8,FALSE,FALSE
6468630,"gate_30",0,FALSE,FALSE
6468694,"gate_40",3,FALSE,FALSE
6468777,"gate_40",41,TRUE,FALSE
6468914,"gate_40",143,TRUE,TRUE
6468965,"gate_40",37,FALSE,FALSE
6469019,"gate_30",28,TRUE,FALSE
6469043,"gate_40",2,FALSE,FALSE
6469079,"gate_40",5,FALSE,FALSE
6469080,"gate_40",181,TRUE,TRUE
6469226,"gate_30",2,FALSE,FALSE
6469371,"gate_40",171,TRUE,FALSE
6469424,"gate_30",66,TRUE,TRUE
6469559,"gate_30",3,FALSE,FALSE
6469646,"gate_40",57,TRUE,FALSE
6469687,"gate_30",1,FALSE,FALSE
6469878,"gate_30",5,FALSE,FALSE
6469882,"gate_30",134,TRUE,TRUE
6469952,"gate_40",3,TRUE,FALSE
6470036,"gate_40",94,TRUE,TRUE
6470066,"gate_40",13,FALSE,FALSE
6470154,"gate_40",5,FALSE,FALSE
6470440,"gate_30",42,TRUE,FALSE
6470454,"gate_40",1,FALSE,FALSE
6470642,"gate_30",0,FALSE,TRUE
6470661,"gate_30",34,FALSE,FALSE
6470727,"gate_30",41,TRUE,FALSE
6470730,"gate_40",22,TRUE,FALSE
6470801,"gate_30",1,FALSE,TRUE
6470895,"gate_30",1,TRUE,FALSE
6470960,"gate_30",2,TRUE,FALSE
6470970,"gate_30",1,FALSE,FALSE
6471082,"gate_40",3,FALSE,FALSE
6471176,"gate_30",4,FALSE,FALSE
6471280,"gate_40",86,TRUE,FALSE
6471313,"gate_30",7,FALSE,FALSE
6471344,"gate_40",154,TRUE,TRUE
6471520,"gate_40",2,FALSE,FALSE
6471667,"gate_30",3,FALSE,FALSE
6471723,"gate_30",44,TRUE,FALSE
6471758,"gate_30",37,TRUE,FALSE
6471855,"gate_40",76,TRUE,TRUE
6471861,"gate_30",3,FALSE,FALSE
6472017,"gate_40",1,FALSE,FALSE
6472104,"gate_30",61,TRUE,TRUE
6472273,"gate_30",31,TRUE,TRUE
6472277,"gate_40",8,FALSE,FALSE
6472520,"gate_40",7,FALSE,FALSE
6472715,"gate_40",134,TRUE,TRUE
6472721,"gate_40",12,FALSE,FALSE
6473041,"gate_30",4,FALSE,FALSE
6473157,"gate_40",21,TRUE,FALSE
6473203,"gate_30",18,FALSE,FALSE
6473315,"gate_30",1,FALSE,FALSE
6473503,"gate_40",4,FALSE,FALSE
6473849,"gate_30",7,FALSE,FALSE
6473948,"gate_30",5,FALSE,FALSE
6474095,"gate_30",2,FALSE,FALSE
6474098,"gate_40",72,TRUE,FALSE
6474245,"gate_40",7,FALSE,FALSE
6474261,"gate_40",9,TRUE,FALSE
6474554,"gate_40",137,TRUE,TRUE
6475007,"gate_30",7,TRUE,FALSE
6475170,"gate_30",32,FALSE,FALSE
6475297,"gate_30",9,FALSE,FALSE
6475512,"gate_30",6,FALSE,FALSE
6475717,"gate_40",7,FALSE,FALSE
6475745,"gate_30",9,FALSE,FALSE
6476114,"gate_40",23,FALSE,FALSE
6476239,"gate_30",38,TRUE,TRUE
6476342,"gate_40",2,FALSE,FALSE
6476457,"gate_40",3,FALSE,FALSE
6476520,"gate_40",63,TRUE,FALSE
6476655,"gate_40",25,FALSE,FALSE
6476950,"gate_30",12,FALSE,FALSE
6477134,"gate_40",17,FALSE,FALSE
6477170,"gate_40",197,TRUE,TRUE
6477189,"gate_30",133,TRUE,TRUE
6477267,"gate_40",175,TRUE,TRUE
6477471,"gate_30",16,FALSE,FALSE
6477911,"gate_30",90,TRUE,FALSE
6477927,"gate_30",180,TRUE,FALSE
6478100,"gate_40",10,TRUE,TRUE
6478131,"gate_30",16,FALSE,FALSE
6478200,"gate_40",6,FALSE,FALSE
6478233,"gate_40",43,TRUE,FALSE
6478309,"gate_30",33,FALSE,FALSE
6478315,"gate_30",13,FALSE,FALSE
6478387,"gate_40",9,FALSE,FALSE
6478510,"gate_30",3,FALSE,FALSE
6478533,"gate_30",3,FALSE,FALSE
6478535,"gate_30",0,FALSE,FALSE
6478702,"gate_30",20,TRUE,FALSE
6478804,"gate_40",2,FALSE,FALSE
6478977,"gate_30",18,FALSE,FALSE
6479025,"gate_40",3,FALSE,FALSE
6479263,"gate_30",53,FALSE,FALSE
6479282,"gate_40",24,TRUE,FALSE
6479315,"gate_40",3,FALSE,FALSE
6479326,"gate_40",1,FALSE,FALSE
6479372,"gate_40",4,FALSE,FALSE
6479430,"gate_30",35,FALSE,FALSE
6479525,"gate_30",4,FALSE,FALSE
6479579,"gate_40",2,FALSE,FALSE
6479675,"gate_40",60,TRUE,FALSE
6479679,"gate_40",8,FALSE,FALSE
6479774,"gate_40",3,FALSE,FALSE
6479940,"gate_30",831,TRUE,TRUE
6479966,"gate_40",48,FALSE,FALSE
6480024,"gate_40",70,TRUE,TRUE
6480104,"gate_40",8,FALSE,FALSE
6480121,"gate_40",25,FALSE,FALSE
6480187,"gate_30",25,TRUE,FALSE
6480234,"gate_30",25,TRUE,FALSE
6480309,"gate_30",16,TRUE,FALSE
6480613,"gate_40",76,TRUE,TRUE
6480792,"gate_40",12,TRUE,FALSE
6480935,"gate_30",145,TRUE,TRUE
6481369,"gate_40",108,TRUE,TRUE
6481387,"gate_40",17,FALSE,FALSE
6481419,"gate_30",19,FALSE,FALSE
6481495,"gate_30",4,FALSE,FALSE
6481554,"gate_40",2,FALSE,FALSE
6481733,"gate_40",4,FALSE,FALSE
6481962,"gate_40",2,FALSE,FALSE
6482181,"gate_40",3,FALSE,FALSE
6482190,"gate_40",1,FALSE,FALSE
6482231,"gate_40",67,TRUE,FALSE
6482397,"gate_30",2,FALSE,FALSE
6482464,"gate_30",57,FALSE,FALSE
6482540,"gate_40",5,FALSE,FALSE
6482593,"gate_40",2,FALSE,FALSE
6482610,"gate_30",39,FALSE,FALSE
6482640,"gate_40",11,TRUE,FALSE
6482658,"gate_40",22,FALSE,FALSE
6482773,"gate_40",3,FALSE,FALSE
6482873,"gate_40",8,FALSE,FALSE
6483041,"gate_40",32,FALSE,FALSE
6483061,"gate_30",237,TRUE,TRUE
6483108,"gate_40",4,FALSE,FALSE
6483266,"gate_40",11,FALSE,FALSE
6483626,"gate_30",4,TRUE,FALSE
6483639,"gate_30",35,TRUE,FALSE
6483758,"gate_30",18,FALSE,FALSE
6483793,"gate_30",2,FALSE,FALSE
6483911,"gate_30",26,FALSE,FALSE
6484180,"gate_40",46,TRUE,FALSE
6484221,"gate_30",30,FALSE,TRUE
6484378,"gate_40",0,FALSE,FALSE
6484466,"gate_30",2,FALSE,FALSE
6484550,"gate_30",18,FALSE,FALSE
6484705,"gate_40",339,TRUE,TRUE
6484806,"gate_40",9,FALSE,FALSE
6485016,"gate_40",0,FALSE,FALSE
6485141,"gate_40",3,FALSE,FALSE
6485172,"gate_30",7,FALSE,FALSE
6485209,"gate_40",20,TRUE,FALSE
6485305,"gate_40",73,FALSE,FALSE
6485409,"gate_30",1,FALSE,FALSE
6485559,"gate_30",0,FALSE,FALSE
6485610,"gate_40",0,FALSE,FALSE
6485743,"gate_40",22,FALSE,FALSE
6485754,"gate_40",53,TRUE,FALSE
6485946,"gate_30",29,FALSE,FALSE
6485954,"gate_30",154,TRUE,TRUE
6485985,"gate_30",12,FALSE,FALSE
6486052,"gate_30",119,TRUE,FALSE
6486179,"gate_30",2,FALSE,FALSE
6486198,"gate_30",8,FALSE,FALSE
6486843,"gate_40",5,FALSE,FALSE
6487025,"gate_40",88,TRUE,FALSE
6487244,"gate_30",418,TRUE,TRUE
6487336,"gate_30",30,FALSE,FALSE
6487726,"gate_40",3,FALSE,FALSE
6487795,"gate_40",91,TRUE,TRUE
6488138,"gate_40",58,TRUE,TRUE
6488181,"gate_40",71,FALSE,FALSE
6488199,"gate_30",29,TRUE,FALSE
6488228,"gate_40",3,FALSE,FALSE
6488238,"gate_40",80,FALSE,FALSE
6488259,"gate_30",62,TRUE,FALSE
6488510,"gate_30",0,FALSE,FALSE
6488571,"gate_40",118,FALSE,TRUE
6488709,"gate_40",3,FALSE,FALSE
6488787,"gate_40",9,FALSE,FALSE
6488803,"gate_30",264,TRUE,TRUE
6489093,"gate_30",0,FALSE,FALSE
6489248,"gate_40",1,FALSE,FALSE
6489329,"gate_40",359,TRUE,TRUE
6489543,"gate_30",0,FALSE,FALSE
6489630,"gate_30",45,TRUE,TRUE
6489652,"gate_40",96,TRUE,FALSE
6489793,"gate_40",6,FALSE,FALSE
6489809,"gate_30",182,TRUE,TRUE
6489910,"gate_40",22,TRUE,FALSE
6489938,"gate_40",17,TRUE,FALSE
6489961,"gate_30",0,FALSE,FALSE
6490214,"gate_40",28,TRUE,FALSE
6490277,"gate_30",2,FALSE,FALSE
6490523,"gate_40",62,TRUE,FALSE
6490861,"gate_40",0,FALSE,FALSE
6490883,"gate_30",12,FALSE,FALSE
6490964,"gate_40",83,TRUE,FALSE
6491031,"gate_30",47,TRUE,FALSE
6491115,"gate_30",19,FALSE,FALSE
6491198,"gate_30",0,FALSE,FALSE
6491335,"gate_30",17,TRUE,TRUE
6491505,"gate_40",33,TRUE,FALSE
6491785,"gate_30",10,FALSE,FALSE
6491807,"gate_30",20,FALSE,FALSE
6492007,"gate_30",21,TRUE,FALSE
6492120,"gate_30",69,TRUE,FALSE
6492170,"gate_40",1,FALSE,FALSE
6492178,"gate_40",5,FALSE,FALSE
6492180,"gate_30",3,FALSE,FALSE
6492279,"gate_30",0,FALSE,FALSE
6492326,"gate_40",106,TRUE,TRUE
6492420,"gate_40",39,TRUE,FALSE
6492643,"gate_30",0,FALSE,FALSE
6492862,"gate_30",1,FALSE,FALSE
6492999,"gate_30",28,TRUE,TRUE
6493221,"gate_40",87,TRUE,FALSE
6493613,"gate_40",109,FALSE,FALSE
6493726,"gate_40",338,TRUE,TRUE
6493729,"gate_40",1,FALSE,FALSE
6493855,"gate_30",224,TRUE,TRUE
6493884,"gate_30",24,TRUE,FALSE
6493953,"gate_30",79,TRUE,TRUE
6494176,"gate_30",1,FALSE,FALSE
6494209,"gate_40",37,FALSE,TRUE
6494245,"gate_30",4,FALSE,FALSE
6494339,"gate_30",710,FALSE,TRUE
6494664,"gate_40",145,TRUE,TRUE
6494667,"gate_40",0,FALSE,FALSE
6494693,"gate_40",30,TRUE,FALSE
6494833,"gate_30",10,TRUE,FALSE
6494933,"gate_40",31,TRUE,FALSE
6495057,"gate_30",14,FALSE,FALSE
6495189,"gate_40",19,TRUE,FALSE
6495406,"gate_30",25,TRUE,TRUE
6495784,"gate_40",9,FALSE,FALSE
6495940,"gate_30",2,FALSE,FALSE
6496001,"gate_30",3,FALSE,FALSE
6496069,"gate_40",216,TRUE,TRUE
6496152,"gate_30",81,TRUE,FALSE
6496172,"gate_40",1,FALSE,FALSE
6496297,"gate_40",3,FALSE,FALSE
6496387,"gate_30",3,FALSE,FALSE
6496465,"gate_30",34,TRUE,FALSE
6496466,"gate_40",9,FALSE,FALSE
6496468,"gate_30",31,FALSE,FALSE
6496554,"gate_30",7,FALSE,FALSE
6496667,"gate_30",1,FALSE,FALSE
6496771,"gate_40",14,TRUE,FALSE
6496902,"gate_40",3,FALSE,FALSE
6496949,"gate_30",2,TRUE,FALSE
6497061,"gate_30",4,FALSE,FALSE
6497109,"gate_30",57,TRUE,FALSE
6497159,"gate_30",47,FALSE,FALSE
6497299,"gate_40",2,FALSE,FALSE
6497488,"gate_40",4,FALSE,TRUE
6497493,"gate_30",46,FALSE,TRUE
6497561,"gate_30",425,TRUE,TRUE
6497650,"gate_40",68,TRUE,FALSE
6497698,"gate_30",49,TRUE,FALSE
6497752,"gate_40",157,TRUE,TRUE
6497797,"gate_40",41,TRUE,TRUE
6497825,"gate_30",47,TRUE,FALSE
6497836,"gate_30",1,FALSE,FALSE
6497876,"gate_30",15,FALSE,FALSE
6497960,"gate_30",3,FALSE,FALSE
6497980,"gate_40",104,TRUE,TRUE
6498106,"gate_30",38,FALSE,FALSE
6498160,"gate_30",18,FALSE,FALSE
6498188,"gate_40",2,FALSE,FALSE
6498196,"gate_30",6,TRUE,FALSE
6498253,"gate_40",1,FALSE,FALSE
6498538,"gate_30",114,TRUE,TRUE
6498903,"gate_30",2,FALSE,FALSE
6499036,"gate_30",232,TRUE,TRUE
6499305,"gate_30",1,FALSE,FALSE
6499312,"gate_40",59,TRUE,TRUE
6499330,"gate_30",13,FALSE,TRUE
6499477,"gate_40",65,TRUE,FALSE
6499569,"gate_40",2,FALSE,FALSE
6499741,"gate_40",16,FALSE,FALSE
6499777,"gate_30",17,FALSE,FALSE
6499784,"gate_40",25,FALSE,FALSE
6500143,"gate_40",57,FALSE,FALSE
6500326,"gate_40",2,FALSE,FALSE
6500338,"gate_40",16,FALSE,FALSE
6500425,"gate_40",7,FALSE,FALSE
6500447,"gate_30",64,TRUE,FALSE
6500501,"gate_30",16,FALSE,FALSE
6500550,"gate_30",2,FALSE,FALSE
6500664,"gate_30",71,FALSE,FALSE
6500665,"gate_40",28,FALSE,FALSE
6500754,"gate_30",57,TRUE,FALSE
6500816,"gate_40",21,TRUE,FALSE
6500824,"gate_30",38,TRUE,FALSE
6500987,"gate_30",3,FALSE,FALSE
6501410,"gate_30",53,TRUE,FALSE
6501413,"gate_30",13,FALSE,FALSE
6501639,"gate_30",555,TRUE,TRUE
6501684,"gate_30",2,FALSE,FALSE
6501742,"gate_40",1,FALSE,FALSE
6501833,"gate_30",296,TRUE,TRUE
6501994,"gate_30",156,TRUE,TRUE
6502032,"gate_30",2,FALSE,FALSE
6502124,"gate_30",38,TRUE,FALSE
6502276,"gate_40",58,TRUE,FALSE
6502453,"gate_40",4,FALSE,FALSE
6502583,"gate_40",1,FALSE,FALSE
6502615,"gate_30",15,TRUE,FALSE
6502772,"gate_30",70,TRUE,FALSE
6502947,"gate_40",131,TRUE,FALSE
6502951,"gate_30",4,FALSE,FALSE
6503134,"gate_30",3,FALSE,FALSE
6503262,"gate_30",2,FALSE,FALSE
6503269,"gate_30",141,TRUE,TRUE
6503299,"gate_40",166,TRUE,FALSE
6503483,"gate_40",18,FALSE,FALSE
6503604,"gate_40",46,TRUE,FALSE
6503659,"gate_30",19,TRUE,FALSE
6503846,"gate_40",19,TRUE,FALSE
6503852,"gate_30",16,TRUE,FALSE
6503936,"gate_30",22,TRUE,FALSE
6503945,"gate_30",2,TRUE,FALSE
6503979,"gate_40",4,FALSE,FALSE
6504068,"gate_30",29,TRUE,FALSE
6504140,"gate_30",11,FALSE,FALSE
6504205,"gate_30",4,FALSE,FALSE
6504275,"gate_30",24,FALSE,FALSE
6504516,"gate_30",11,FALSE,FALSE
6504620,"gate_40",23,TRUE,TRUE
6504643,"gate_40",19,FALSE,FALSE
6504668,"gate_40",7,FALSE,FALSE
6504778,"gate_40",58,TRUE,FALSE
6504803,"gate_30",4,FALSE,FALSE
6504914,"gate_40",144,TRUE,TRUE
6504935,"gate_30",0,FALSE,FALSE
6505080,"gate_40",35,TRUE,FALSE
6505248,"gate_40",1,FALSE,FALSE
6505413,"gate_40",6,FALSE,FALSE
6505690,"gate_30",53,FALSE,FALSE
6505936,"gate_40",15,FALSE,FALSE
6506100,"gate_30",5,FALSE,FALSE
6506151,"gate_30",2,FALSE,FALSE
6506162,"gate_30",19,FALSE,FALSE
6506235,"gate_40",584,TRUE,TRUE
6506278,"gate_40",7,FALSE,FALSE
6506290,"gate_40",2,FALSE,FALSE
6506460,"gate_30",283,TRUE,TRUE
6506472,"gate_30",1,FALSE,FALSE
6506581,"gate_30",6,FALSE,FALSE
6506644,"gate_40",14,FALSE,TRUE
6506727,"gate_30",54,TRUE,FALSE
6506771,"gate_30",25,FALSE,FALSE
6506826,"gate_40",2,FALSE,FALSE
6507125,"gate_40",497,TRUE,TRUE
6507547,"gate_40",4,TRUE,FALSE
6507555,"gate_30",43,TRUE,FALSE
6507605,"gate_30",0,FALSE,FALSE
6507763,"gate_30",20,FALSE,TRUE
6507783,"gate_30",11,FALSE,FALSE
6507798,"gate_30",36,FALSE,FALSE
6507799,"gate_40",6,FALSE,FALSE
6507854,"gate_30",31,TRUE,FALSE
6507866,"gate_40",0,FALSE,FALSE
6507873,"gate_30",4,FALSE,FALSE
6507917,"gate_40",37,FALSE,FALSE
6507997,"gate_40",1,FALSE,FALSE
6508027,"gate_30",32,FALSE,FALSE
6508086,"gate_40",0,FALSE,FALSE
6508251,"gate_30",16,FALSE,FALSE
6508278,"gate_40",106,TRUE,FALSE
6508368,"gate_30",1,FALSE,FALSE
6508407,"gate_30",1,FALSE,FALSE
6508452,"gate_40",4,FALSE,FALSE
6508797,"gate_40",3,FALSE,FALSE
6509199,"gate_30",22,TRUE,FALSE
6509340,"gate_40",22,FALSE,FALSE
6509546,"gate_30",4,FALSE,FALSE
6509579,"gate_40",60,FALSE,FALSE
6509669,"gate_30",17,FALSE,FALSE
6510158,"gate_30",157,TRUE,FALSE
6510241,"gate_30",3,FALSE,FALSE
6510254,"gate_40",60,TRUE,FALSE
6510318,"gate_40",51,TRUE,TRUE
6510495,"gate_30",20,FALSE,FALSE
6510558,"gate_30",15,TRUE,FALSE
6510784,"gate_30",13,TRUE,FALSE
6510936,"gate_30",713,FALSE,TRUE
6511013,"gate_30",281,TRUE,TRUE
6511024,"gate_30",28,TRUE,FALSE
6511049,"gate_40",10,FALSE,FALSE
6511058,"gate_30",18,TRUE,FALSE
6511097,"gate_30",4,FALSE,FALSE
6511398,"gate_30",12,FALSE,FALSE
6511522,"gate_30",20,TRUE,FALSE
6511562,"gate_40",82,TRUE,FALSE
6511588,"gate_30",13,FALSE,FALSE
6511620,"gate_40",445,TRUE,TRUE
6511799,"gate_40",19,TRUE,FALSE
6511843,"gate_30",0,FALSE,FALSE
6511857,"gate_30",2,TRUE,FALSE
6512049,"gate_40",84,TRUE,TRUE
6512176,"gate_30",5,FALSE,FALSE
6512305,"gate_30",2,FALSE,FALSE
6512591,"gate_40",9,FALSE,FALSE
6512717,"gate_40",33,TRUE,FALSE
6512962,"gate_40",43,TRUE,FALSE
6513058,"gate_40",20,TRUE,FALSE
6513116,"gate_30",18,FALSE,FALSE
6513134,"gate_40",11,FALSE,FALSE
6513219,"gate_40",6,FALSE,FALSE
6513604,"gate_40",56,TRUE,FALSE
6513703,"gate_30",4,FALSE,FALSE
6513886,"gate_40",19,FALSE,FALSE
6513912,"gate_30",18,TRUE,FALSE
6514080,"gate_30",61,TRUE,TRUE
6514445,"gate_40",111,TRUE,FALSE
6514613,"gate_40",24,TRUE,FALSE
6514953,"gate_30",2,FALSE,FALSE
6515017,"gate_40",25,FALSE,FALSE
6515059,"gate_40",6,FALSE,FALSE
6515144,"gate_40",2,FALSE,FALSE
6515266,"gate_30",32,TRUE,FALSE
6515297,"gate_30",15,TRUE,FALSE
6515306,"gate_30",30,FALSE,FALSE
6515429,"gate_40",2,FALSE,FALSE
6515725,"gate_30",0,FALSE,FALSE
6515780,"gate_30",6,TRUE,FALSE
6515800,"gate_40",10,TRUE,FALSE
6516284,"gate_40",3,FALSE,FALSE
6516296,"gate_30",12,FALSE,FALSE
6516422,"gate_40",196,TRUE,TRUE
6516425,"gate_40",130,TRUE,FALSE
6516441,"gate_40",4,FALSE,FALSE
6516670,"gate_40",13,FALSE,FALSE
6516725,"gate_30",226,TRUE,TRUE
6516756,"gate_30",5,FALSE,FALSE
6517144,"gate_40",0,FALSE,FALSE
6517183,"gate_30",5,TRUE,FALSE
6517201,"gate_30",668,TRUE,TRUE
6517214,"gate_30",30,TRUE,FALSE
6517322,"gate_40",326,TRUE,TRUE
6517442,"gate_40",12,FALSE,FALSE
6517573,"gate_40",3,FALSE,FALSE
6517907,"gate_30",64,TRUE,TRUE
6517931,"gate_30",0,FALSE,FALSE
6517945,"gate_40",0,FALSE,FALSE
6517976,"gate_30",5,FALSE,FALSE
6518019,"gate_30",45,TRUE,TRUE
6518464,"gate_40",7,FALSE,FALSE
6518493,"gate_40",11,FALSE,TRUE
6518662,"gate_30",8,TRUE,FALSE
6518879,"gate_40",3,FALSE,FALSE
6519186,"gate_30",27,TRUE,FALSE
6519852,"gate_30",165,TRUE,FALSE
6519880,"gate_40",5,FALSE,TRUE
6519923,"gate_40",22,FALSE,FALSE
6519933,"gate_30",3,FALSE,FALSE
6520152,"gate_40",19,TRUE,FALSE
6520331,"gate_40",0,FALSE,FALSE
6520598,"gate_40",7,FALSE,FALSE
6520617,"gate_40",51,TRUE,FALSE
6520628,"gate_30",25,TRUE,TRUE
6520690,"gate_40",3,FALSE,FALSE
6520969,"gate_40",7,TRUE,FALSE
6521030,"gate_30",7,FALSE,FALSE
6521055,"gate_30",20,TRUE,FALSE
6521368,"gate_40",3,FALSE,FALSE
6521580,"gate_40",40,TRUE,FALSE
6521668,"gate_40",1,TRUE,FALSE
6521813,"gate_40",20,FALSE,TRUE
6521990,"gate_30",32,TRUE,FALSE
6522101,"gate_40",138,FALSE,TRUE
6522150,"gate_30",0,FALSE,FALSE
6522200,"gate_30",12,FALSE,FALSE
6522207,"gate_40",106,TRUE,FALSE
6522471,"gate_30",136,FALSE,TRUE
6522662,"gate_40",18,FALSE,TRUE
6522700,"gate_30",19,TRUE,TRUE
6522988,"gate_30",6,FALSE,FALSE
6523155,"gate_30",11,TRUE,FALSE
6523209,"gate_30",200,FALSE,TRUE
6523308,"gate_40",16,FALSE,FALSE
6523334,"gate_40",30,TRUE,FALSE
6523686,"gate_40",1,FALSE,FALSE
6523763,"gate_40",4,FALSE,FALSE
6523768,"gate_30",16,FALSE,TRUE
6524030,"gate_30",44,TRUE,TRUE
6524185,"gate_40",714,TRUE,TRUE
6524249,"gate_40",179,TRUE,TRUE
6524456,"gate_30",0,FALSE,FALSE
6524854,"gate_30",1,FALSE,FALSE
6525082,"gate_40",30,TRUE,FALSE
6525307,"gate_30",0,FALSE,FALSE
6525314,"gate_40",15,FALSE,FALSE
6525431,"gate_30",274,TRUE,TRUE
6525482,"gate_40",77,TRUE,TRUE
6525772,"gate_40",3,FALSE,FALSE
6525962,"gate_30",162,TRUE,TRUE
6526035,"gate_40",4,FALSE,FALSE
6526081,"gate_40",122,FALSE,TRUE
6526095,"gate_30",0,FALSE,FALSE
6526163,"gate_30",18,TRUE,FALSE
6526277,"gate_30",21,TRUE,FALSE
6526449,"gate_40",28,TRUE,FALSE
6526450,"gate_30",22,FALSE,FALSE
6526484,"gate_40",78,TRUE,FALSE
6526622,"gate_40",36,TRUE,FALSE
6526982,"gate_30",17,TRUE,FALSE
6526990,"gate_30",8,FALSE,FALSE
6527007,"gate_30",1,FALSE,FALSE
6527298,"gate_30",35,FALSE,FALSE
6527334,"gate_30",131,TRUE,FALSE
6527387,"gate_40",10,FALSE,FALSE
6527427,"gate_40",0,FALSE,FALSE
6527442,"gate_40",97,TRUE,TRUE
6527502,"gate_40",28,TRUE,TRUE
6527686,"gate_30",11,FALSE,FALSE
6527760,"gate_40",1,FALSE,FALSE
6527812,"gate_40",13,FALSE,TRUE
6527938,"gate_40",16,FALSE,FALSE
6527957,"gate_40",4,FALSE,FALSE
6528007,"gate_30",2,FALSE,FALSE
6528215,"gate_40",3,FALSE,FALSE
6528287,"gate_40",9,FALSE,FALSE
6528352,"gate_30",2,FALSE,FALSE
6528512,"gate_40",11,FALSE,FALSE
6528528,"gate_30",2,FALSE,FALSE
6528661,"gate_40",52,TRUE,FALSE
6528733,"gate_40",20,FALSE,FALSE
6528783,"gate_30",4,FALSE,FALSE
6529019,"gate_30",236,TRUE,TRUE
6529104,"gate_30",7,FALSE,FALSE
6529133,"gate_30",3,FALSE,FALSE
6529226,"gate_40",229,FALSE,TRUE
6529259,"gate_30",4,FALSE,FALSE
6529290,"gate_30",7,TRUE,FALSE
6529329,"gate_30",18,TRUE,FALSE
6529662,"gate_40",0,FALSE,FALSE
6529663,"gate_40",70,TRUE,FALSE
6529764,"gate_40",727,TRUE,TRUE
6529784,"gate_40",2,FALSE,FALSE
6529849,"gate_40",19,TRUE,FALSE
6530009,"gate_30",35,TRUE,FALSE
6530152,"gate_30",7,TRUE,FALSE
6530189,"gate_30",9,TRUE,FALSE
6530204,"gate_30",19,FALSE,FALSE
6530270,"gate_30",2,FALSE,FALSE
6530320,"gate_30",43,TRUE,TRUE
6530330,"gate_30",35,FALSE,FALSE
6530643,"gate_40",9,TRUE,FALSE
6530834,"gate_30",1,FALSE,FALSE
6530850,"gate_40",34,TRUE,FALSE
6531033,"gate_30",35,FALSE,FALSE
6531088,"gate_30",55,TRUE,FALSE
6531257,"gate_40",2,FALSE,FALSE
6531350,"gate_30",265,TRUE,TRUE
6531799,"gate_30",35,TRUE,FALSE
6531812,"gate_30",98,TRUE,FALSE
6531831,"gate_30",38,TRUE,FALSE
6531851,"gate_30",126,TRUE,TRUE
6531935,"gate_40",20,FALSE,FALSE
6532038,"gate_30",4,FALSE,FALSE
6532073,"gate_40",1,FALSE,FALSE
6532172,"gate_40",16,FALSE,FALSE
6532365,"gate_40",9,FALSE,FALSE
6532466,"gate_30",1,FALSE,FALSE
6532858,"gate_30",8,TRUE,FALSE
6532901,"gate_40",4,FALSE,FALSE
6533012,"gate_40",5,FALSE,FALSE
6533020,"gate_30",33,FALSE,TRUE
6533181,"gate_40",199,TRUE,TRUE
6533321,"gate_30",100,TRUE,FALSE
6533406,"gate_40",96,FALSE,TRUE
6533407,"gate_30",6,TRUE,FALSE
6533414,"gate_30",72,TRUE,TRUE
6533600,"gate_30",48,TRUE,FALSE
6533601,"gate_40",21,TRUE,FALSE
6533761,"gate_40",9,FALSE,FALSE
6533763,"gate_40",31,TRUE,TRUE
6534141,"gate_30",2,FALSE,FALSE
6534218,"gate_40",4,FALSE,FALSE
6534509,"gate_30",7,FALSE,FALSE
6534574,"gate_40",6,FALSE,FALSE
6534575,"gate_40",10,FALSE,FALSE
6534619,"gate_40",27,TRUE,FALSE
6534794,"gate_30",177,TRUE,TRUE
6534817,"gate_40",20,FALSE,FALSE
6534956,"gate_30",19,FALSE,FALSE
6534977,"gate_30",7,FALSE,FALSE
6535011,"gate_40",53,TRUE,FALSE
6535012,"gate_40",40,TRUE,FALSE
6535114,"gate_30",119,TRUE,FALSE
6535208,"gate_30",6,FALSE,FALSE
6535221,"gate_30",6,FALSE,FALSE
6535297,"gate_40",501,TRUE,TRUE
6535331,"gate_30",3,FALSE,FALSE
6535380,"gate_30",0,FALSE,FALSE
6535422,"gate_30",8,FALSE,FALSE
6535577,"gate_40",1,TRUE,FALSE
6535668,"gate_30",38,TRUE,FALSE
6535778,"gate_40",59,TRUE,FALSE
6535851,"gate_30",42,TRUE,FALSE
6535967,"gate_40",449,TRUE,TRUE
6535986,"gate_30",230,TRUE,TRUE
6536160,"gate_30",105,TRUE,FALSE
6536217,"gate_30",5,TRUE,FALSE
6536226,"gate_30",17,FALSE,FALSE
6536305,"gate_40",14,FALSE,FALSE
6536395,"gate_30",114,TRUE,TRUE
6536482,"gate_40",0,FALSE,FALSE
6536720,"gate_40",29,TRUE,FALSE
6536721,"gate_40",12,FALSE,FALSE
6536726,"gate_40",2,FALSE,FALSE
6536766,"gate_40",1,FALSE,FALSE
6536807,"gate_30",12,TRUE,FALSE
6536987,"gate_30",4,FALSE,FALSE
6537004,"gate_40",82,TRUE,FALSE
6537024,"gate_40",5,FALSE,FALSE
6537106,"gate_40",2,FALSE,FALSE
6537374,"gate_40",2,FALSE,FALSE
6537515,"gate_40",10,FALSE,FALSE
6537560,"gate_40",48,TRUE,FALSE
6537580,"gate_30",3,FALSE,FALSE
6537801,"gate_40",26,FALSE,FALSE
6537898,"gate_40",78,TRUE,FALSE
6538030,"gate_30",4,FALSE,FALSE
6538046,"gate_40",2,FALSE,FALSE
6538067,"gate_30",33,TRUE,TRUE
6538076,"gate_30",53,TRUE,FALSE
6538215,"gate_40",23,TRUE,FALSE
6538217,"gate_30",5,FALSE,FALSE
6538238,"gate_40",0,FALSE,FALSE
6538302,"gate_30",11,TRUE,FALSE
6538406,"gate_40",110,FALSE,TRUE
6538450,"gate_30",4,TRUE,FALSE
6538932,"gate_30",79,TRUE,FALSE
6538940,"gate_40",7,FALSE,FALSE
6538992,"gate_30",1,FALSE,FALSE
6539022,"gate_40",39,FALSE,FALSE
6539070,"gate_30",132,FALSE,FALSE
6539131,"gate_40",67,TRUE,FALSE
6539163,"gate_40",24,TRUE,FALSE
6539373,"gate_30",4,TRUE,FALSE
6539397,"gate_40",12,FALSE,FALSE
6539404,"gate_30",2,FALSE,FALSE
6539683,"gate_40",22,TRUE,FALSE
6539793,"gate_40",38,FALSE,FALSE
6539987,"gate_40",2,FALSE,FALSE
6540012,"gate_40",31,TRUE,FALSE
6540051,"gate_40",63,TRUE,FALSE
6540312,"gate_30",2,FALSE,FALSE
6540757,"gate_40",59,TRUE,FALSE
6540843,"gate_40",1,FALSE,FALSE
6540928,"gate_40",112,TRUE,FALSE
6540976,"gate_40",45,TRUE,FALSE
6541106,"gate_40",17,FALSE,FALSE
6541921,"gate_40",9,FALSE,FALSE
6542189,"gate_30",1,FALSE,FALSE
6542350,"gate_30",30,FALSE,FALSE
6542644,"gate_30",270,TRUE,FALSE
6542723,"gate_30",3,FALSE,FALSE
6542728,"gate_40",59,TRUE,FALSE
6542729,"gate_30",0,FALSE,FALSE
6542930,"gate_30",1,FALSE,FALSE
6543018,"gate_40",21,FALSE,FALSE
6543125,"gate_40",205,TRUE,TRUE
6543149,"gate_30",16,FALSE,FALSE
6543203,"gate_40",33,FALSE,FALSE
6543207,"gate_40",17,FALSE,FALSE
6543585,"gate_40",68,TRUE,FALSE
6543753,"gate_40",75,TRUE,FALSE
6543915,"gate_30",9,FALSE,FALSE
6543997,"gate_40",9,FALSE,FALSE
6544160,"gate_30",5,FALSE,FALSE
6544215,"gate_30",4,FALSE,FALSE
6544402,"gate_40",88,FALSE,TRUE
6544452,"gate_30",1,FALSE,FALSE
6544596,"gate_40",265,TRUE,TRUE
6544603,"gate_30",10,FALSE,FALSE
6544685,"gate_40",7,FALSE,FALSE
6544686,"gate_30",161,TRUE,TRUE
6544810,"gate_40",0,FALSE,FALSE
6544914,"gate_30",20,FALSE,FALSE
6545058,"gate_40",14,TRUE,FALSE
6545499,"gate_30",5,FALSE,FALSE
6545509,"gate_30",50,FALSE,FALSE
6545665,"gate_30",41,TRUE,FALSE
6545691,"gate_40",442,TRUE,TRUE
6545712,"gate_30",53,TRUE,FALSE
6545729,"gate_40",76,TRUE,TRUE
6545902,"gate_40",123,TRUE,TRUE
6546246,"gate_40",1,FALSE,FALSE
6546322,"gate_30",20,TRUE,FALSE
6546375,"gate_30",34,FALSE,FALSE
6546529,"gate_40",30,TRUE,FALSE
6546542,"gate_30",4,FALSE,FALSE
6546554,"gate_40",3,FALSE,FALSE
6546706,"gate_30",319,TRUE,TRUE
6546834,"gate_40",12,TRUE,FALSE
6547103,"gate_40",43,TRUE,FALSE
6547317,"gate_30",4,FALSE,FALSE
6547342,"gate_30",7,FALSE,FALSE
6547388,"gate_30",20,TRUE,FALSE
6547478,"gate_40",22,TRUE,FALSE
6547522,"gate_40",96,TRUE,FALSE
6547654,"gate_40",43,TRUE,FALSE
6547671,"gate_40",17,FALSE,FALSE
6547773,"gate_40",5,FALSE,FALSE
6547781,"gate_40",1,FALSE,FALSE
6547783,"gate_30",20,FALSE,FALSE
6547854,"gate_30",4,FALSE,FALSE
6547986,"gate_30",9,FALSE,FALSE
6548158,"gate_30",89,TRUE,FALSE
6548173,"gate_40",75,FALSE,FALSE
6548262,"gate_40",37,TRUE,FALSE
6548415,"gate_40",40,FALSE,FALSE
6548480,"gate_30",39,TRUE,FALSE
6548517,"gate_30",14,TRUE,FALSE
6548519,"gate_40",76,TRUE,FALSE
6548528,"gate_30",17,TRUE,FALSE
6548565,"gate_40",5,FALSE,FALSE
6548769,"gate_40",3,FALSE,FALSE
6548854,"gate_30",3,FALSE,FALSE
6549150,"gate_40",93,TRUE,FALSE
6549175,"gate_40",0,FALSE,FALSE
6549239,"gate_40",18,TRUE,FALSE
6549294,"gate_40",90,TRUE,TRUE
6549310,"gate_40",2,FALSE,FALSE
6549375,"gate_30",19,FALSE,FALSE
6549460,"gate_40",8,FALSE,FALSE
6549466,"gate_30",395,TRUE,TRUE
6549573,"gate_30",13,FALSE,FALSE
6549624,"gate_40",8,TRUE,FALSE
6549847,"gate_30",1,FALSE,FALSE
6549863,"gate_30",1,FALSE,FALSE
6550015,"gate_30",19,TRUE,FALSE
6550095,"gate_40",69,TRUE,FALSE
6550113,"gate_30",4,FALSE,FALSE
6550174,"gate_30",8,TRUE,FALSE
6550533,"gate_30",408,TRUE,TRUE
6550551,"gate_40",0,FALSE,FALSE
6550593,"gate_30",191,TRUE,TRUE
6550679,"gate_30",173,TRUE,FALSE
6550708,"gate_40",99,TRUE,FALSE
6551097,"gate_30",0,FALSE,FALSE
6551421,"gate_30",43,TRUE,FALSE
6551445,"gate_40",3,FALSE,FALSE
6551455,"gate_30",366,TRUE,TRUE
6551493,"gate_40",4,FALSE,FALSE
6551809,"gate_40",79,TRUE,FALSE
6552171,"gate_40",8,FALSE,FALSE
6552228,"gate_30",14,FALSE,FALSE
6552241,"gate_40",76,TRUE,FALSE
6552355,"gate_40",16,TRUE,FALSE
6552384,"gate_30",1,FALSE,FALSE
6552418,"gate_30",32,FALSE,FALSE
6552569,"gate_30",311,TRUE,TRUE
6552634,"gate_30",4,FALSE,FALSE
6552673,"gate_40",8,FALSE,FALSE
6552719,"gate_30",7,FALSE,TRUE
6552968,"gate_30",272,TRUE,TRUE
6552997,"gate_40",181,TRUE,TRUE
6553264,"gate_40",52,FALSE,FALSE
6553266,"gate_30",9,FALSE,FALSE
6553526,"gate_30",183,TRUE,FALSE
6553536,"gate_40",94,TRUE,FALSE
6553690,"gate_30",105,TRUE,FALSE
6553742,"gate_30",4,FALSE,FALSE
6553785,"gate_30",42,TRUE,FALSE
6553832,"gate_40",11,TRUE,FALSE
6554083,"gate_30",27,TRUE,FALSE
6554144,"gate_40",201,FALSE,TRUE
6554189,"gate_30",78,TRUE,TRUE
6554450,"gate_30",23,TRUE,FALSE
6554476,"gate_30",67,TRUE,FALSE
6554542,"gate_30",29,FALSE,FALSE
6554649,"gate_40",18,TRUE,FALSE
6554944,"gate_40",98,FALSE,FALSE
6554982,"gate_40",92,TRUE,TRUE
6555313,"gate_30",182,FALSE,TRUE
6555432,"gate_30",34,FALSE,FALSE
6555440,"gate_40",1,FALSE,FALSE
6555507,"gate_40",9,FALSE,FALSE
6555520,"gate_40",24,FALSE,FALSE
6555556,"gate_30",10,TRUE,FALSE
6555632,"gate_40",32,FALSE,FALSE
6555660,"gate_30",10,FALSE,FALSE
6555798,"gate_40",14,TRUE,TRUE
6555935,"gate_30",30,TRUE,TRUE
6556091,"gate_40",36,TRUE,FALSE
6556218,"gate_30",191,TRUE,TRUE
6556392,"gate_40",128,TRUE,TRUE
6556552,"gate_40",19,TRUE,FALSE
6556608,"gate_40",20,FALSE,FALSE
6556862,"gate_30",4,FALSE,FALSE
6556940,"gate_30",25,FALSE,FALSE
6557015,"gate_30",103,TRUE,TRUE
6557117,"gate_30",2,FALSE,FALSE
6557225,"gate_40",100,TRUE,TRUE
6557233,"gate_40",0,FALSE,FALSE
6557238,"gate_30",66,FALSE,FALSE
6557484,"gate_30",8,TRUE,FALSE
6557550,"gate_30",2,FALSE,FALSE
6557657,"gate_30",6,TRUE,FALSE
6557822,"gate_30",6,TRUE,FALSE
6557828,"gate_40",2,FALSE,FALSE
6558037,"gate_30",68,TRUE,FALSE
6558094,"gate_30",106,FALSE,TRUE
6558218,"gate_30",18,FALSE,FALSE
6558542,"gate_30",8,FALSE,FALSE
6558814,"gate_30",61,TRUE,FALSE
6558934,"gate_40",13,FALSE,FALSE
6558971,"gate_40",1,FALSE,FALSE
6559150,"gate_40",1,FALSE,FALSE
6559280,"gate_30",0,FALSE,FALSE
6559327,"gate_40",53,FALSE,FALSE
6559335,"gate_40",11,FALSE,FALSE
6559529,"gate_40",35,TRUE,FALSE
6559547,"gate_30",178,TRUE,TRUE
6559590,"gate_40",8,FALSE,FALSE
6559593,"gate_30",4,FALSE,FALSE
6559709,"gate_40",6,FALSE,FALSE
6559863,"gate_40",78,TRUE,FALSE
6559975,"gate_30",137,TRUE,TRUE
6560025,"gate_30",134,TRUE,TRUE
6560033,"gate_40",10,FALSE,FALSE
6560169,"gate_40",210,TRUE,TRUE
6560256,"gate_40",0,FALSE,FALSE
6560349,"gate_40",8,TRUE,FALSE
6560383,"gate_40",37,FALSE,FALSE
6560398,"gate_30",4,FALSE,FALSE
6560477,"gate_30",160,TRUE,TRUE
6560665,"gate_30",4,FALSE,FALSE
6561292,"gate_30",25,TRUE,FALSE
6561339,"gate_40",39,FALSE,FALSE
6561393,"gate_40",18,TRUE,FALSE
6561439,"gate_30",1,FALSE,FALSE
6562057,"gate_40",60,FALSE,TRUE
6562151,"gate_30",141,TRUE,TRUE
6562228,"gate_30",63,TRUE,TRUE
6562454,"gate_30",59,TRUE,FALSE
6562500,"gate_40",395,TRUE,TRUE
6562760,"gate_30",126,TRUE,TRUE
6562778,"gate_40",16,FALSE,TRUE
6563002,"gate_40",2,FALSE,FALSE
6563441,"gate_40",22,TRUE,FALSE
6563494,"gate_30",2,FALSE,FALSE
6563559,"gate_40",30,FALSE,FALSE
6563747,"gate_40",2,FALSE,FALSE
6563783,"gate_40",128,TRUE,TRUE
6563916,"gate_30",16,FALSE,FALSE
6564109,"gate_30",4,FALSE,FALSE
6564332,"gate_30",7,FALSE,FALSE
6564371,"gate_40",0,FALSE,FALSE
6564509,"gate_30",0,FALSE,FALSE
6564575,"gate_30",3,FALSE,FALSE
6564603,"gate_30",44,TRUE,FALSE
6564800,"gate_40",376,TRUE,TRUE
6564828,"gate_30",189,TRUE,TRUE
6564856,"gate_30",3,TRUE,FALSE
6564879,"gate_30",58,TRUE,FALSE
6564927,"gate_40",1,FALSE,FALSE
6564968,"gate_40",5,FALSE,FALSE
6565245,"gate_40",30,TRUE,FALSE
6565291,"gate_40",209,TRUE,TRUE
6565370,"gate_40",54,TRUE,FALSE
6565382,"gate_40",9,FALSE,FALSE
6565502,"gate_30",218,TRUE,TRUE
6565515,"gate_40",2,FALSE,FALSE
6565584,"gate_30",46,TRUE,FALSE
6565871,"gate_30",113,TRUE,TRUE
6565911,"gate_30",0,FALSE,FALSE
6566070,"gate_40",4,FALSE,FALSE
6566096,"gate_40",28,TRUE,FALSE
6566117,"gate_40",1,FALSE,FALSE
6566125,"gate_30",10,TRUE,FALSE
6566138,"gate_30",119,TRUE,TRUE
6566432,"gate_40",227,TRUE,TRUE
6566656,"gate_40",9,FALSE,FALSE
6566690,"gate_30",2,FALSE,FALSE
6566774,"gate_40",17,FALSE,FALSE
6566923,"gate_30",16,FALSE,FALSE
6567103,"gate_40",25,TRUE,FALSE
6567118,"gate_40",22,TRUE,FALSE
6567122,"gate_40",11,FALSE,FALSE
6567418,"gate_30",54,TRUE,FALSE
6567477,"gate_40",259,TRUE,TRUE
6567618,"gate_30",129,TRUE,TRUE
6567624,"gate_40",1,FALSE,FALSE
6567644,"gate_40",1,FALSE,FALSE
6567731,"gate_30",0,FALSE,FALSE
6567961,"gate_40",290,TRUE,TRUE
6568145,"gate_30",16,TRUE,FALSE
6568218,"gate_30",3,FALSE,FALSE
6568328,"gate_40",9,TRUE,FALSE
6568410,"gate_30",64,FALSE,TRUE
6568455,"gate_40",1,FALSE,FALSE
6568629,"gate_30",1,FALSE,FALSE
6568765,"gate_30",7,FALSE,FALSE
6568800,"gate_30",56,TRUE,FALSE
6569283,"gate_40",293,TRUE,TRUE
6569457,"gate_40",10,FALSE,FALSE
6569506,"gate_40",47,TRUE,TRUE
6569599,"gate_30",0,FALSE,FALSE
6569694,"gate_40",2,FALSE,FALSE
6569997,"gate_40",236,TRUE,TRUE
6570012,"gate_30",6,TRUE,FALSE
6570163,"gate_40",31,TRUE,FALSE
6570346,"gate_40",8,TRUE,FALSE
6570395,"gate_30",138,TRUE,TRUE
6570505,"gate_30",37,FALSE,FALSE
6570532,"gate_40",5,FALSE,FALSE
6570756,"gate_30",8,FALSE,FALSE
6570905,"gate_40",153,TRUE,TRUE
6570955,"gate_40",1,FALSE,FALSE
6571202,"gate_30",11,FALSE,FALSE
6571250,"gate_30",43,TRUE,TRUE
6571287,"gate_40",17,FALSE,FALSE
6571349,"gate_30",8,FALSE,FALSE
6571401,"gate_30",3,FALSE,FALSE
6571473,"gate_40",48,TRUE,FALSE
6571519,"gate_40",70,TRUE,TRUE
6571521,"gate_30",2,FALSE,FALSE
6571724,"gate_40",42,FALSE,FALSE
6571754,"gate_30",146,TRUE,TRUE
6571947,"gate_30",3,TRUE,FALSE
6572075,"gate_30",486,TRUE,TRUE
6572340,"gate_30",3,FALSE,FALSE
6572606,"gate_40",18,FALSE,FALSE
6572630,"gate_30",18,FALSE,FALSE
6572647,"gate_30",40,TRUE,FALSE
6572764,"gate_30",40,FALSE,TRUE
6572774,"gate_40",11,TRUE,FALSE
6572926,"gate_30",6,FALSE,FALSE
6573010,"gate_30",1,FALSE,FALSE
6573357,"gate_30",24,TRUE,FALSE
6573385,"gate_40",165,TRUE,TRUE
6573592,"gate_40",223,TRUE,FALSE
6573857,"gate_40",52,FALSE,FALSE
6573940,"gate_30",1,FALSE,FALSE
6574086,"gate_40",3,FALSE,FALSE
6574240,"gate_30",151,TRUE,TRUE
6574316,"gate_40",96,TRUE,FALSE
6574337,"gate_30",7,FALSE,FALSE
6574420,"gate_40",6,FALSE,FALSE
6574723,"gate_40",55,TRUE,FALSE
6574762,"gate_30",15,FALSE,FALSE
6574768,"gate_40",6,FALSE,FALSE
6574791,"gate_30",31,TRUE,FALSE
6574858,"gate_30",26,TRUE,TRUE
6574921,"gate_40",3,FALSE,FALSE
6574985,"gate_30",11,FALSE,FALSE
6574995,"gate_40",18,FALSE,FALSE
6575090,"gate_40",99,TRUE,FALSE
6575147,"gate_30",34,FALSE,FALSE
6575249,"gate_40",18,FALSE,FALSE
6575299,"gate_30",1,FALSE,FALSE
6575317,"gate_40",50,FALSE,TRUE
6575508,"gate_30",10,FALSE,FALSE
6575671,"gate_30",14,FALSE,FALSE
6575736,"gate_40",8,FALSE,FALSE
6576002,"gate_40",6,FALSE,FALSE
6576007,"gate_40",1,FALSE,FALSE
6576076,"gate_30",19,TRUE,FALSE
6576130,"gate_40",14,TRUE,FALSE
6576483,"gate_40",21,FALSE,FALSE
6576726,"gate_30",87,TRUE,FALSE
6576737,"gate_40",34,TRUE,TRUE
6576809,"gate_40",3,FALSE,FALSE
6576917,"gate_40",257,TRUE,TRUE
6577045,"gate_30",12,FALSE,FALSE
6577136,"gate_30",18,FALSE,FALSE
6577314,"gate_30",3,FALSE,FALSE
6577367,"gate_40",32,TRUE,FALSE
6577410,"gate_30",24,FALSE,FALSE
6577559,"gate_30",55,TRUE,FALSE
6577566,"gate_40",5,FALSE,FALSE
6577654,"gate_40",3,FALSE,FALSE
6577691,"gate_30",53,TRUE,FALSE
6577817,"gate_40",17,FALSE,FALSE
6578026,"gate_40",58,TRUE,FALSE
6578219,"gate_30",12,FALSE,FALSE
6578241,"gate_40",6,FALSE,FALSE
6578365,"gate_30",20,FALSE,FALSE
6578476,"gate_30",6,FALSE,FALSE
6578537,"gate_40",10,TRUE,FALSE
6578538,"gate_40",311,TRUE,TRUE
6578612,"gate_30",1,FALSE,FALSE
6578695,"gate_30",7,FALSE,FALSE
6578763,"gate_40",396,TRUE,TRUE
6578927,"gate_30",3,FALSE,FALSE
6579081,"gate_40",33,TRUE,FALSE
6579342,"gate_30",32,FALSE,FALSE
6579495,"gate_30",2,FALSE,TRUE
6579544,"gate_40",0,FALSE,FALSE
6579632,"gate_40",142,TRUE,FALSE
6579680,"gate_30",13,FALSE,FALSE
6579707,"gate_40",28,TRUE,FALSE
6579745,"gate_40",2,FALSE,FALSE
6579754,"gate_30",51,TRUE,FALSE
6579822,"gate_40",0,FALSE,FALSE
6579969,"gate_40",71,TRUE,FALSE
6580003,"gate_40",21,FALSE,FALSE
6580147,"gate_40",154,TRUE,TRUE
6580163,"gate_40",130,TRUE,TRUE
6580250,"gate_40",17,TRUE,FALSE
6580332,"gate_30",4,FALSE,FALSE
6580412,"gate_40",6,FALSE,FALSE
6580549,"gate_30",1,FALSE,FALSE
6580783,"gate_40",2,FALSE,FALSE
6580820,"gate_40",14,TRUE,FALSE
6580883,"gate_40",2,FALSE,FALSE
6580914,"gate_40",6,FALSE,FALSE
6580948,"gate_40",25,TRUE,FALSE
6580971,"gate_30",40,TRUE,TRUE
6580977,"gate_40",52,TRUE,FALSE
6580988,"gate_30",309,TRUE,TRUE
6580991,"gate_30",20,TRUE,FALSE
6581024,"gate_40",3,FALSE,FALSE
6581025,"gate_30",74,TRUE,FALSE
6581237,"gate_30",309,TRUE,TRUE
6581706,"gate_30",95,TRUE,FALSE
6581807,"gate_30",29,TRUE,FALSE
6581960,"gate_40",54,FALSE,TRUE
6582012,"gate_40",49,TRUE,FALSE
6582090,"gate_30",49,FALSE,FALSE
6582158,"gate_40",3,FALSE,FALSE
6582194,"gate_30",34,TRUE,FALSE
6582302,"gate_40",8,TRUE,FALSE
6582446,"gate_40",63,TRUE,TRUE
6582601,"gate_30",27,TRUE,FALSE
6582614,"gate_30",2,FALSE,FALSE
6582815,"gate_30",1,FALSE,FALSE
6583066,"gate_40",1,FALSE,FALSE
6583206,"gate_30",138,TRUE,FALSE
6583256,"gate_40",6,FALSE,FALSE
6583574,"gate_40",74,TRUE,FALSE
6583649,"gate_30",94,TRUE,FALSE
6583655,"gate_40",853,TRUE,TRUE
6583789,"gate_30",8,FALSE,FALSE
6584353,"gate_40",9,FALSE,FALSE
6584511,"gate_30",20,FALSE,FALSE
6584541,"gate_30",11,FALSE,FALSE
6584630,"gate_40",126,TRUE,FALSE
6584664,"gate_30",26,FALSE,FALSE
6585321,"gate_30",18,TRUE,FALSE
6585571,"gate_30",0,FALSE,FALSE
6585676,"gate_40",0,FALSE,FALSE
6585729,"gate_40",1,FALSE,FALSE
6585863,"gate_30",26,FALSE,FALSE
6585942,"gate_40",3,FALSE,FALSE
6585951,"gate_30",70,TRUE,FALSE
6586006,"gate_40",7,FALSE,FALSE
6586117,"gate_40",1,FALSE,FALSE
6586133,"gate_30",1,FALSE,FALSE
6586254,"gate_30",375,TRUE,TRUE
6586301,"gate_40",0,FALSE,FALSE
6586481,"gate_30",85,TRUE,TRUE
6586512,"gate_30",6,FALSE,FALSE
6586981,"gate_30",14,TRUE,FALSE
6587049,"gate_30",86,TRUE,TRUE
6587392,"gate_40",33,TRUE,FALSE
6587560,"gate_40",4,TRUE,FALSE
6587643,"gate_40",1,FALSE,FALSE
6588053,"gate_30",7,TRUE,FALSE
6588273,"gate_30",25,TRUE,FALSE
6588325,"gate_40",103,TRUE,FALSE
6588416,"gate_30",196,FALSE,TRUE
6588468,"gate_30",2,FALSE,FALSE
6588595,"gate_30",337,TRUE,TRUE
6588710,"gate_30",73,TRUE,FALSE
6588987,"gate_30",6,FALSE,FALSE
6589314,"gate_30",14,FALSE,FALSE
6589418,"gate_40",73,TRUE,TRUE
6589433,"gate_40",106,TRUE,FALSE
6589568,"gate_40",2,FALSE,FALSE
6589569,"gate_40",35,FALSE,FALSE
6589583,"gate_30",43,FALSE,FALSE
6589628,"gate_40",111,TRUE,TRUE
6589992,"gate_40",2,FALSE,FALSE
6590020,"gate_30",7,TRUE,FALSE
6590052,"gate_40",221,TRUE,TRUE
6590056,"gate_40",10,FALSE,FALSE
6590073,"gate_40",8,FALSE,FALSE
6590124,"gate_40",224,TRUE,TRUE
6590228,"gate_30",1,FALSE,FALSE
6590270,"gate_30",41,FALSE,FALSE
6590300,"gate_40",74,TRUE,TRUE
6590345,"gate_30",1,FALSE,FALSE
6590359,"gate_30",137,TRUE,TRUE
6590534,"gate_40",3,FALSE,FALSE
6590788,"gate_40",30,TRUE,FALSE
6590908,"gate_40",4,FALSE,FALSE
6590987,"gate_30",1,FALSE,FALSE
6590995,"gate_40",37,FALSE,FALSE
6591214,"gate_40",57,TRUE,FALSE
6591244,"gate_30",189,TRUE,FALSE
6591278,"gate_40",4,FALSE,FALSE
6591310,"gate_40",4,FALSE,FALSE
6591454,"gate_30",8,FALSE,FALSE
6591469,"gate_30",3,TRUE,FALSE
6591823,"gate_30",22,FALSE,FALSE
6592078,"gate_30",13,FALSE,FALSE
6592640,"gate_40",11,TRUE,FALSE
6592927,"gate_30",19,FALSE,FALSE
6593004,"gate_40",12,FALSE,FALSE
6593139,"gate_40",3,FALSE,FALSE
6593148,"gate_40",19,FALSE,FALSE
6593291,"gate_40",9,FALSE,FALSE
6593328,"gate_30",2,FALSE,FALSE
6593335,"gate_30",4,FALSE,FALSE
6593377,"gate_40",34,TRUE,FALSE
6593393,"gate_40",519,TRUE,TRUE
6593739,"gate_30",6,TRUE,FALSE
6593807,"gate_40",16,FALSE,FALSE
6593928,"gate_40",23,FALSE,FALSE
6593971,"gate_30",12,FALSE,FALSE
6594034,"gate_40",0,FALSE,FALSE
6594085,"gate_40",34,TRUE,FALSE
6594091,"gate_30",49,TRUE,FALSE
6594277,"gate_30",92,TRUE,TRUE
6594324,"gate_30",16,FALSE,FALSE
6594878,"gate_40",1,FALSE,FALSE
6595075,"gate_40",92,FALSE,FALSE
6595128,"gate_30",8,TRUE,FALSE
6595320,"gate_30",158,TRUE,TRUE
6595327,"gate_40",234,TRUE,TRUE
6595649,"gate_30",219,TRUE,TRUE
6595668,"gate_30",5,FALSE,TRUE
6595703,"gate_30",185,TRUE,TRUE
6595766,"gate_40",216,TRUE,TRUE
6596100,"gate_40",29,TRUE,FALSE
6596298,"gate_40",138,TRUE,FALSE
6596310,"gate_30",8,FALSE,FALSE
6596400,"gate_40",6,FALSE,FALSE
6596796,"gate_30",24,TRUE,FALSE
6596948,"gate_40",19,FALSE,FALSE
6596974,"gate_30",76,FALSE,TRUE
6596976,"gate_30",5,TRUE,FALSE
6597107,"gate_30",20,TRUE,FALSE
6597127,"gate_30",193,FALSE,TRUE
6597129,"gate_40",1,FALSE,FALSE
6597302,"gate_40",91,TRUE,FALSE
6597329,"gate_40",10,FALSE,FALSE
6597775,"gate_40",12,TRUE,FALSE
6597827,"gate_40",0,FALSE,FALSE
6597887,"gate_30",2,FALSE,FALSE
6597895,"gate_30",128,TRUE,FALSE
6598320,"gate_30",98,TRUE,TRUE
6598349,"gate_40",19,FALSE,FALSE
6598362,"gate_40",441,TRUE,TRUE
6598488,"gate_30",202,TRUE,TRUE
6598596,"gate_30",7,FALSE,FALSE
6598628,"gate_30",41,TRUE,TRUE
6598759,"gate_30",43,FALSE,FALSE
6598760,"gate_40",9,FALSE,FALSE
6598789,"gate_30",2,FALSE,FALSE
6598801,"gate_30",49,TRUE,FALSE
6598817,"gate_30",1,FALSE,FALSE
6598855,"gate_40",95,TRUE,FALSE
6599090,"gate_40",5,FALSE,FALSE
6599239,"gate_40",1,FALSE,FALSE
6599370,"gate_30",86,FALSE,FALSE
6599563,"gate_40",36,TRUE,FALSE
6599641,"gate_30",2,FALSE,FALSE
6599695,"gate_40",12,TRUE,FALSE
6599779,"gate_40",3,FALSE,FALSE
6600511,"gate_40",0,FALSE,TRUE
6600606,"gate_40",164,TRUE,TRUE
6600847,"gate_40",3,FALSE,FALSE
6600880,"gate_40",32,TRUE,FALSE
6601076,"gate_30",2,FALSE,FALSE
6601094,"gate_30",2,FALSE,FALSE
6601375,"gate_40",12,FALSE,FALSE
6601389,"gate_40",19,TRUE,FALSE
6601493,"gate_40",22,FALSE,FALSE
6601546,"gate_30",124,FALSE,TRUE
6601592,"gate_40",9,FALSE,FALSE
6601605,"gate_40",14,FALSE,FALSE
6601626,"gate_40",19,FALSE,FALSE
6601879,"gate_30",82,TRUE,TRUE
6601942,"gate_30",2,FALSE,FALSE
6601956,"gate_30",19,FALSE,FALSE
6602032,"gate_40",3,FALSE,FALSE
6602270,"gate_30",11,FALSE,FALSE
6602317,"gate_30",0,FALSE,FALSE
6602326,"gate_30",13,TRUE,TRUE
6602420,"gate_40",16,TRUE,FALSE
6602459,"gate_40",17,TRUE,FALSE
6602532,"gate_30",144,TRUE,TRUE
6602655,"gate_30",1,FALSE,FALSE
6602670,"gate_40",254,TRUE,TRUE
6602673,"gate_30",488,TRUE,TRUE
6602712,"gate_30",28,TRUE,FALSE
6602763,"gate_40",19,TRUE,FALSE
6602808,"gate_40",9,FALSE,FALSE
6602857,"gate_30",1,FALSE,FALSE
6602876,"gate_40",35,TRUE,FALSE
6602923,"gate_30",45,TRUE,FALSE
6602938,"gate_40",23,FALSE,FALSE
6602997,"gate_30",244,TRUE,TRUE
6603111,"gate_40",2,FALSE,FALSE
6603188,"gate_40",1,FALSE,FALSE
6603305,"gate_40",10,FALSE,FALSE
6603335,"gate_40",83,FALSE,TRUE
6603435,"gate_30",22,FALSE,TRUE
6603493,"gate_40",282,TRUE,TRUE
6603528,"gate_40",12,TRUE,FALSE
6603602,"gate_30",207,TRUE,FALSE
6603621,"gate_30",9,TRUE,FALSE
6603632,"gate_30",3,FALSE,FALSE
6603740,"gate_30",28,TRUE,FALSE
6603771,"gate_40",2,FALSE,FALSE
6604351,"gate_30",176,TRUE,TRUE
6604359,"gate_40",33,FALSE,FALSE
6604377,"gate_40",11,FALSE,FALSE
6604504,"gate_30",44,TRUE,FALSE
6604544,"gate_30",0,FALSE,FALSE
6604575,"gate_40",128,TRUE,FALSE
6604740,"gate_40",8,TRUE,FALSE
6605253,"gate_40",178,TRUE,FALSE
6605295,"gate_40",3,TRUE,FALSE
6605308,"gate_40",12,FALSE,FALSE
6605454,"gate_30",1,FALSE,FALSE
6605483,"gate_40",16,FALSE,TRUE
6605640,"gate_30",106,TRUE,TRUE
6605704,"gate_30",7,FALSE,FALSE
6606074,"gate_30",105,FALSE,FALSE
6606170,"gate_40",25,FALSE,FALSE
6606683,"gate_30",95,FALSE,FALSE
6606885,"gate_30",80,TRUE,FALSE
6607492,"gate_40",21,TRUE,FALSE
6607511,"gate_40",145,TRUE,FALSE
6607520,"gate_40",47,TRUE,TRUE
6607778,"gate_30",40,FALSE,FALSE
6607848,"gate_40",113,TRUE,FALSE
6607855,"gate_30",102,FALSE,FALSE
6608140,"gate_40",9,FALSE,FALSE
6608180,"gate_40",22,FALSE,FALSE
6608268,"gate_40",7,FALSE,FALSE
6608321,"gate_30",27,TRUE,FALSE
6608517,"gate_40",22,FALSE,FALSE
6608718,"gate_30",0,FALSE,FALSE
6608741,"gate_30",24,TRUE,FALSE
6608744,"gate_40",353,TRUE,TRUE
6608903,"gate_30",15,TRUE,FALSE
6609014,"gate_30",3,FALSE,FALSE
6609059,"gate_40",5,TRUE,FALSE
6609175,"gate_30",17,TRUE,FALSE
6609176,"gate_40",24,TRUE,FALSE
6609477,"gate_40",29,TRUE,FALSE
6609857,"gate_30",349,TRUE,TRUE
6609883,"gate_30",4,FALSE,FALSE
6609927,"gate_30",16,TRUE,FALSE
6609933,"gate_30",9,FALSE,FALSE
6610151,"gate_30",68,TRUE,FALSE
6610252,"gate_40",30,FALSE,FALSE
6610593,"gate_40",19,TRUE,FALSE
6610625,"gate_40",97,TRUE,FALSE
6610805,"gate_30",0,FALSE,FALSE
6610811,"gate_40",1,FALSE,FALSE
6610915,"gate_30",2,FALSE,FALSE
6610946,"gate_40",0,FALSE,FALSE
6611116,"gate_30",38,TRUE,FALSE
6611168,"gate_30",32,TRUE,TRUE
6611220,"gate_30",10,TRUE,FALSE
6611342,"gate_30",77,TRUE,TRUE
6611371,"gate_40",11,FALSE,FALSE
6611385,"gate_40",0,FALSE,FALSE
6611625,"gate_30",4,FALSE,FALSE
6611727,"gate_40",20,TRUE,FALSE
6611846,"gate_40",26,TRUE,TRUE
6611893,"gate_40",18,TRUE,FALSE
6612071,"gate_30",1,FALSE,FALSE
6612163,"gate_30",6,FALSE,FALSE
6612281,"gate_40",42,FALSE,TRUE
6612364,"gate_40",14,FALSE,FALSE
6612412,"gate_30",1,FALSE,FALSE
6612539,"gate_40",30,TRUE,FALSE
6612650,"gate_40",110,TRUE,TRUE
6612724,"gate_30",18,FALSE,FALSE
6612739,"gate_30",11,FALSE,FALSE
6612751,"gate_40",3,FALSE,FALSE
6612851,"gate_40",30,TRUE,TRUE
6612867,"gate_40",7,FALSE,FALSE
6612881,"gate_30",350,TRUE,TRUE
6613030,"gate_30",2,FALSE,FALSE
6613218,"gate_30",3,FALSE,FALSE
6613277,"gate_40",247,TRUE,TRUE
6613278,"gate_40",0,FALSE,FALSE
6613386,"gate_30",7,FALSE,FALSE
6613469,"gate_40",18,FALSE,FALSE
6613487,"gate_40",2,FALSE,FALSE
6613511,"gate_40",9,FALSE,FALSE
6613563,"gate_30",17,FALSE,FALSE
6613638,"gate_40",12,FALSE,FALSE
6613701,"gate_40",38,FALSE,FALSE
6613806,"gate_30",11,FALSE,FALSE
6613882,"gate_30",104,TRUE,FALSE
6614020,"gate_30",209,TRUE,TRUE
6614164,"gate_40",6,FALSE,FALSE
6614335,"gate_40",4,FALSE,FALSE
6614514,"gate_40",2,FALSE,FALSE
6614623,"gate_30",90,TRUE,FALSE
6614686,"gate_40",167,TRUE,TRUE
6614731,"gate_30",7,FALSE,FALSE
6614738,"gate_40",12,TRUE,FALSE
6615200,"gate_30",71,TRUE,FALSE
6615245,"gate_40",28,FALSE,FALSE
6615247,"gate_40",36,FALSE,TRUE
6615267,"gate_40",28,TRUE,FALSE
6615284,"gate_30",393,TRUE,TRUE
6615629,"gate_40",20,FALSE,FALSE
6615756,"gate_40",0,FALSE,FALSE
6615875,"gate_40",21,TRUE,TRUE
6615927,"gate_40",3,FALSE,FALSE
6616057,"gate_30",7,FALSE,TRUE
6616319,"gate_30",11,FALSE,FALSE
6616442,"gate_30",44,FALSE,TRUE
6616500,"gate_30",3,FALSE,FALSE
6616606,"gate_30",13,FALSE,FALSE
6616623,"gate_40",9,FALSE,FALSE
6616666,"gate_30",1,FALSE,FALSE
6617002,"gate_40",202,TRUE,TRUE
6617155,"gate_30",18,TRUE,FALSE
6617396,"gate_40",1,FALSE,FALSE
6617536,"gate_30",386,TRUE,TRUE
6617560,"gate_40",1,FALSE,FALSE
6617715,"gate_30",274,TRUE,TRUE
6617914,"gate_30",192,FALSE,FALSE
6618028,"gate_40",16,FALSE,FALSE
6618100,"gate_30",665,TRUE,TRUE
6618120,"gate_40",20,FALSE,FALSE
6618172,"gate_30",40,TRUE,TRUE
6618245,"gate_30",0,FALSE,FALSE
6618255,"gate_30",119,TRUE,TRUE
6618335,"gate_40",6,FALSE,FALSE
6618422,"gate_40",25,TRUE,FALSE
6618485,"gate_40",1,FALSE,FALSE
6618509,"gate_30",84,TRUE,FALSE
6618595,"gate_40",52,TRUE,FALSE
6618662,"gate_40",18,FALSE,FALSE
6618936,"gate_40",3,FALSE,FALSE
6619044,"gate_30",18,TRUE,FALSE
6619120,"gate_40",18,TRUE,FALSE
6619184,"gate_30",48,TRUE,TRUE
6619273,"gate_30",0,FALSE,FALSE
6619296,"gate_30",7,FALSE,FALSE
6619430,"gate_40",32,FALSE,FALSE
6619536,"gate_30",19,TRUE,FALSE
6619641,"gate_40",0,FALSE,FALSE
6619716,"gate_40",10,FALSE,FALSE
6619823,"gate_40",213,TRUE,FALSE
6619912,"gate_40",15,TRUE,FALSE
6620194,"gate_40",5,FALSE,FALSE
6620243,"gate_40",5,FALSE,FALSE
6620284,"gate_30",18,TRUE,FALSE
6620422,"gate_40",0,FALSE,FALSE
6620767,"gate_30",3,FALSE,FALSE
6621093,"gate_40",13,FALSE,FALSE
6621106,"gate_30",6,TRUE,FALSE
6621116,"gate_30",131,TRUE,TRUE
6621143,"gate_30",12,FALSE,FALSE
6621392,"gate_30",6,FALSE,FALSE
6621465,"gate_30",37,TRUE,FALSE
6621874,"gate_30",1,FALSE,FALSE
6621875,"gate_30",60,TRUE,TRUE
6621914,"gate_30",40,TRUE,FALSE
6622011,"gate_30",53,TRUE,FALSE
6622018,"gate_30",0,FALSE,FALSE
6622024,"gate_40",83,TRUE,TRUE
6622073,"gate_40",3,FALSE,FALSE
6622122,"gate_40",23,TRUE,FALSE
6622203,"gate_40",6,FALSE,FALSE
6622271,"gate_30",1,FALSE,FALSE
6622291,"gate_40",0,FALSE,FALSE
6622306,"gate_40",5,FALSE,FALSE
6622319,"gate_40",75,FALSE,TRUE
6622369,"gate_30",11,FALSE,FALSE
6622477,"gate_30",123,TRUE,FALSE
6622637,"gate_30",8,FALSE,FALSE
6622670,"gate_40",69,TRUE,TRUE
6622700,"gate_30",0,FALSE,FALSE
6622728,"gate_40",33,TRUE,FALSE
6622768,"gate_40",29,TRUE,FALSE
6622872,"gate_40",65,TRUE,TRUE
6623345,"gate_40",6,FALSE,FALSE
6623346,"gate_30",8,FALSE,FALSE
6623446,"gate_30",24,TRUE,FALSE
6623499,"gate_40",17,TRUE,FALSE
6623514,"gate_40",16,FALSE,FALSE
6623775,"gate_40",25,FALSE,FALSE
6623944,"gate_40",72,TRUE,FALSE
6624063,"gate_30",293,FALSE,TRUE
6624105,"gate_30",57,TRUE,TRUE
6624115,"gate_40",1,FALSE,FALSE
6624208,"gate_40",9,FALSE,FALSE
6624615,"gate_40",1,FALSE,FALSE
6624735,"gate_30",2,FALSE,FALSE
6624861,"gate_30",10,TRUE,FALSE
6624937,"gate_30",18,FALSE,FALSE
6624977,"gate_40",4,FALSE,FALSE
6625060,"gate_40",2,FALSE,FALSE
6625105,"gate_30",55,TRUE,FALSE
6625147,"gate_40",24,TRUE,FALSE
6625162,"gate_40",5,FALSE,FALSE
6625643,"gate_40",174,TRUE,TRUE
6625794,"gate_40",3,FALSE,FALSE
6625894,"gate_30",6,FALSE,FALSE
6625996,"gate_30",4,FALSE,FALSE
6626014,"gate_30",74,TRUE,TRUE
6626071,"gate_30",3,FALSE,FALSE
6626384,"gate_40",71,TRUE,FALSE
6626400,"gate_40",33,FALSE,FALSE
6626403,"gate_30",86,TRUE,FALSE
6626787,"gate_40",10,TRUE,FALSE
6626790,"gate_30",46,TRUE,FALSE
6626866,"gate_30",13,TRUE,FALSE
6627046,"gate_30",12,FALSE,FALSE
6627207,"gate_40",8,FALSE,FALSE
6627218,"gate_40",203,TRUE,TRUE
6627243,"gate_40",78,TRUE,FALSE
6627280,"gate_30",40,TRUE,FALSE
6627289,"gate_40",4,FALSE,FALSE
6627300,"gate_30",10,FALSE,FALSE
6627310,"gate_30",1,FALSE,FALSE
6627808,"gate_40",2,FALSE,FALSE
6628019,"gate_30",3,FALSE,FALSE
6628127,"gate_40",64,TRUE,TRUE
6628169,"gate_30",25,FALSE,TRUE
6628236,"gate_30",76,FALSE,FALSE
6628543,"gate_30",432,TRUE,TRUE
6628590,"gate_40",53,FALSE,TRUE
6628624,"gate_30",1,FALSE,FALSE
6628639,"gate_40",1,FALSE,FALSE
6628755,"gate_30",13,FALSE,FALSE
6628956,"gate_40",0,FALSE,FALSE
6629037,"gate_40",1,FALSE,FALSE
6629089,"gate_40",208,TRUE,FALSE
6629092,"gate_40",27,FALSE,FALSE
6629138,"gate_30",120,FALSE,FALSE
6629397,"gate_40",7,FALSE,FALSE
6629715,"gate_40",3,FALSE,FALSE
6629847,"gate_40",23,TRUE,FALSE
6629985,"gate_30",13,FALSE,FALSE
6629999,"gate_40",3,FALSE,FALSE
6630111,"gate_30",6,FALSE,FALSE
6630296,"gate_40",2,FALSE,FALSE
6630557,"gate_30",93,TRUE,TRUE
6630621,"gate_30",12,FALSE,FALSE
6630689,"gate_30",3,FALSE,FALSE
6630898,"gate_40",2,FALSE,FALSE
6631022,"gate_30",258,FALSE,FALSE
6631338,"gate_40",12,FALSE,FALSE
6631373,"gate_30",3,FALSE,FALSE
6631378,"gate_40",3,TRUE,TRUE
6631380,"gate_40",21,TRUE,FALSE
6631586,"gate_40",177,TRUE,FALSE
6631616,"gate_40",1,FALSE,FALSE
6631705,"gate_30",3,FALSE,FALSE
6631741,"gate_40",22,TRUE,FALSE
6631752,"gate_30",1,FALSE,FALSE
6632047,"gate_30",26,TRUE,FALSE
6632064,"gate_40",1,FALSE,FALSE
6632278,"gate_40",4,FALSE,FALSE
6632331,"gate_30",29,TRUE,FALSE
6632482,"gate_30",2,FALSE,FALSE
6632538,"gate_40",5,FALSE,TRUE
6632556,"gate_40",48,TRUE,FALSE
6632704,"gate_30",218,TRUE,TRUE
6632743,"gate_40",27,FALSE,FALSE
6632769,"gate_40",115,TRUE,TRUE
6632911,"gate_40",1,FALSE,FALSE
6632993,"gate_40",145,TRUE,TRUE
6632996,"gate_30",15,FALSE,FALSE
6633156,"gate_40",10,TRUE,FALSE
6633160,"gate_40",0,FALSE,FALSE
6633331,"gate_30",7,FALSE,FALSE
6633454,"gate_30",19,TRUE,FALSE
6633559,"gate_30",0,FALSE,FALSE
6633563,"gate_40",21,TRUE,FALSE
6633659,"gate_40",26,TRUE,TRUE
6633744,"gate_40",29,TRUE,FALSE
6633752,"gate_40",95,FALSE,TRUE
6633828,"gate_30",25,TRUE,FALSE
6633991,"gate_30",189,TRUE,FALSE
6634160,"gate_30",12,FALSE,FALSE
6634171,"gate_40",4,FALSE,FALSE
6634206,"gate_30",249,TRUE,TRUE
6634347,"gate_30",65,FALSE,FALSE
6634370,"gate_40",24,FALSE,FALSE
6634425,"gate_40",68,TRUE,FALSE
6634435,"gate_40",0,FALSE,FALSE
6634594,"gate_40",2,FALSE,FALSE
6634708,"gate_30",1,FALSE,FALSE
6634715,"gate_30",15,FALSE,FALSE
6634749,"gate_30",8,FALSE,FALSE
6634976,"gate_30",7,FALSE,FALSE
6635043,"gate_30",29,FALSE,FALSE
6635145,"gate_40",7,FALSE,FALSE
6635298,"gate_30",203,TRUE,TRUE
6635307,"gate_40",137,TRUE,FALSE
6635351,"gate_40",105,TRUE,TRUE
6635370,"gate_40",3,FALSE,FALSE
6635513,"gate_30",72,TRUE,FALSE
6635828,"gate_40",195,TRUE,TRUE
6635871,"gate_30",4,FALSE,FALSE
6635904,"gate_30",16,FALSE,FALSE
6636289,"gate_30",88,TRUE,FALSE
6636334,"gate_40",0,FALSE,FALSE
6636443,"gate_40",22,FALSE,FALSE
6636454,"gate_30",3,TRUE,FALSE
6636825,"gate_40",4,FALSE,FALSE
6636875,"gate_40",113,TRUE,TRUE
6636889,"gate_30",11,TRUE,FALSE
6637686,"gate_40",23,FALSE,TRUE
6637902,"gate_30",33,FALSE,FALSE
6638093,"gate_30",6,FALSE,FALSE
6638275,"gate_40",4,FALSE,FALSE
6638358,"gate_40",19,FALSE,FALSE
6638379,"gate_40",9,FALSE,FALSE
6638414,"gate_40",5,FALSE,FALSE
6638814,"gate_40",5,FALSE,FALSE
6639113,"gate_40",2,FALSE,TRUE
6639340,"gate_40",27,TRUE,FALSE
6639423,"gate_40",551,TRUE,TRUE
6639553,"gate_40",16,FALSE,FALSE
6639910,"gate_40",60,FALSE,FALSE
6639933,"gate_40",46,TRUE,FALSE
6640075,"gate_30",210,FALSE,TRUE
6640360,"gate_30",49,TRUE,FALSE
6640452,"gate_30",81,TRUE,FALSE
6640458,"gate_40",0,FALSE,FALSE
6640490,"gate_40",84,TRUE,TRUE
6640652,"gate_40",374,TRUE,TRUE
6640655,"gate_40",140,TRUE,TRUE
6640786,"gate_30",2,FALSE,FALSE
6640890,"gate_40",42,TRUE,FALSE
6641016,"gate_30",23,TRUE,FALSE
6641169,"gate_40",2,FALSE,FALSE
6641331,"gate_40",27,TRUE,FALSE
6641515,"gate_40",2,FALSE,FALSE
6641729,"gate_30",115,TRUE,FALSE
6641760,"gate_30",0,FALSE,FALSE
6641882,"gate_30",36,TRUE,FALSE
6642020,"gate_30",1,FALSE,FALSE
6642100,"gate_30",0,FALSE,FALSE
6642255,"gate_40",355,TRUE,TRUE
6642320,"gate_40",0,FALSE,FALSE
6642362,"gate_40",15,FALSE,FALSE
6642445,"gate_40",4,FALSE,FALSE
6642480,"gate_30",14,FALSE,FALSE
6642819,"gate_30",0,FALSE,FALSE
6642856,"gate_40",0,FALSE,FALSE
6642870,"gate_30",49,TRUE,FALSE
6643013,"gate_30",2,FALSE,FALSE
6643187,"gate_30",211,TRUE,FALSE
6643221,"gate_40",279,TRUE,TRUE
6643257,"gate_40",8,FALSE,FALSE
6643329,"gate_30",15,FALSE,FALSE
6643383,"gate_40",1,FALSE,FALSE
6643430,"gate_40",10,FALSE,FALSE
6643783,"gate_40",9,FALSE,FALSE
6643823,"gate_40",14,FALSE,FALSE
6643825,"gate_40",15,FALSE,FALSE
6643971,"gate_40",153,FALSE,TRUE
6644033,"gate_40",125,FALSE,TRUE
6644154,"gate_30",10,TRUE,FALSE
6644158,"gate_40",4,FALSE,FALSE
6644204,"gate_30",21,TRUE,FALSE
6644241,"gate_40",38,FALSE,FALSE
6644526,"gate_30",75,TRUE,TRUE
6644542,"gate_30",25,FALSE,FALSE
6644663,"gate_40",19,TRUE,FALSE
6644665,"gate_30",295,TRUE,TRUE
6644700,"gate_40",21,FALSE,FALSE
6644701,"gate_30",121,TRUE,TRUE
6644887,"gate_30",1,FALSE,FALSE
6644906,"gate_40",43,FALSE,FALSE
6644914,"gate_40",26,TRUE,FALSE
6645274,"gate_40",41,TRUE,TRUE
6645413,"gate_30",47,TRUE,FALSE
6645797,"gate_30",10,FALSE,FALSE
6645841,"gate_40",17,FALSE,TRUE
6646085,"gate_40",46,TRUE,FALSE
6646142,"gate_40",1,FALSE,FALSE
6646179,"gate_40",55,FALSE,FALSE
6646231,"gate_30",6,FALSE,FALSE
6646465,"gate_40",9,FALSE,FALSE
6646468,"gate_40",69,TRUE,FALSE
6646518,"gate_40",18,TRUE,FALSE
6646544,"gate_30",19,FALSE,FALSE
6646867,"gate_30",363,TRUE,TRUE
6646936,"gate_30",79,FALSE,FALSE
6646961,"gate_40",18,TRUE,FALSE
6647073,"gate_30",79,TRUE,TRUE
6647080,"gate_40",7,FALSE,FALSE
6647261,"gate_30",43,TRUE,FALSE
6647276,"gate_40",106,TRUE,TRUE
6647363,"gate_40",128,TRUE,FALSE
6647389,"gate_30",7,FALSE,FALSE
6647492,"gate_30",80,TRUE,FALSE
6647620,"gate_40",1,FALSE,FALSE
6647948,"gate_30",1,FALSE,FALSE
6648045,"gate_40",0,FALSE,FALSE
6648296,"gate_30",6,FALSE,FALSE
6648363,"gate_30",39,TRUE,FALSE
6648463,"gate_40",1,FALSE,FALSE
6648490,"gate_40",185,TRUE,TRUE
6648655,"gate_40",155,TRUE,TRUE
6648751,"gate_40",26,FALSE,FALSE
6648822,"gate_30",6,FALSE,FALSE
6648865,"gate_30",51,TRUE,TRUE
6649228,"gate_30",17,TRUE,FALSE
6649300,"gate_30",12,FALSE,FALSE
6649324,"gate_40",155,FALSE,TRUE
6649593,"gate_40",6,FALSE,TRUE
6649599,"gate_30",2,FALSE,FALSE
6649636,"gate_30",16,TRUE,FALSE
6649711,"gate_30",5,FALSE,FALSE
6649793,"gate_30",6,FALSE,FALSE
6649831,"gate_40",7,FALSE,FALSE
6649853,"gate_30",15,FALSE,FALSE
6649892,"gate_40",92,TRUE,FALSE
6650117,"gate_40",8,FALSE,FALSE
6650204,"gate_40",31,TRUE,FALSE
6650208,"gate_30",25,FALSE,FALSE
6650241,"gate_30",8,TRUE,FALSE
6650472,"gate_40",23,FALSE,FALSE
6650573,"gate_40",5,TRUE,FALSE
6650592,"gate_30",7,TRUE,FALSE
6650661,"gate_30",18,TRUE,TRUE
6650712,"gate_40",0,FALSE,FALSE
6650739,"gate_40",89,TRUE,TRUE
6650798,"gate_40",22,FALSE,FALSE
6650836,"gate_40",13,FALSE,FALSE
6650985,"gate_30",32,TRUE,FALSE
6651027,"gate_30",8,FALSE,FALSE
6651134,"gate_30",5,FALSE,FALSE
6651304,"gate_40",11,FALSE,FALSE
6651525,"gate_40",56,FALSE,TRUE
6651551,"gate_40",93,FALSE,FALSE
6651585,"gate_30",180,TRUE,TRUE
6651633,"gate_30",92,TRUE,TRUE
6651705,"gate_30",86,TRUE,FALSE
6652004,"gate_40",35,FALSE,TRUE
6652016,"gate_30",312,TRUE,TRUE
6652054,"gate_40",13,FALSE,FALSE
6652070,"gate_40",61,TRUE,FALSE
6652267,"gate_30",0,FALSE,FALSE
6652359,"gate_30",137,TRUE,TRUE
6652454,"gate_40",12,FALSE,FALSE
6652593,"gate_40",206,TRUE,TRUE
6652707,"gate_40",32,FALSE,FALSE
6652938,"gate_40",17,FALSE,FALSE
6653051,"gate_40",59,TRUE,TRUE
6653140,"gate_30",5,FALSE,FALSE
6653188,"gate_30",87,TRUE,TRUE
6653379,"gate_30",350,TRUE,TRUE
6653474,"gate_30",14,FALSE,FALSE
6653504,"gate_40",7,FALSE,FALSE
6653527,"gate_30",9,FALSE,FALSE
6653633,"gate_40",13,FALSE,FALSE
6653663,"gate_40",14,TRUE,FALSE
6653758,"gate_40",4,FALSE,FALSE
6653815,"gate_30",17,FALSE,FALSE
6653855,"gate_30",50,TRUE,FALSE
6654045,"gate_30",22,TRUE,TRUE
6654134,"gate_40",8,TRUE,FALSE
6654251,"gate_40",24,TRUE,FALSE
6654259,"gate_30",10,FALSE,FALSE
6654749,"gate_40",119,TRUE,TRUE
6654902,"gate_40",26,TRUE,FALSE
6655070,"gate_30",4,FALSE,FALSE
6655157,"gate_30",344,TRUE,TRUE
6655336,"gate_40",99,TRUE,TRUE
6655393,"gate_30",11,FALSE,FALSE
6655523,"gate_30",22,TRUE,FALSE
6655525,"gate_30",44,TRUE,FALSE
6655625,"gate_40",18,FALSE,FALSE
6655729,"gate_40",19,TRUE,FALSE
6655767,"gate_30",34,TRUE,FALSE
6655838,"gate_30",1,FALSE,FALSE
6655855,"gate_30",0,FALSE,FALSE
6656215,"gate_30",80,TRUE,FALSE
6656457,"gate_30",17,TRUE,FALSE
6656588,"gate_40",8,FALSE,FALSE
6656622,"gate_40",10,FALSE,FALSE
6656695,"gate_40",72,TRUE,FALSE
6656826,"gate_30",181,TRUE,FALSE
6656901,"gate_30",44,TRUE,FALSE
6657170,"gate_30",4,FALSE,FALSE
6657237,"gate_30",377,TRUE,TRUE
6657447,"gate_30",14,TRUE,FALSE
6657464,"gate_40",149,TRUE,TRUE
6657556,"gate_40",5,FALSE,FALSE
6657707,"gate_30",2,TRUE,FALSE
6657807,"gate_30",9,TRUE,FALSE
6657898,"gate_30",16,TRUE,TRUE
6657960,"gate_40",16,TRUE,FALSE
6657971,"gate_40",189,TRUE,TRUE
6657982,"gate_30",98,TRUE,FALSE
6658134,"gate_40",112,TRUE,FALSE
6658194,"gate_40",1,FALSE,FALSE
6658202,"gate_40",9,FALSE,FALSE
6658206,"gate_30",126,TRUE,FALSE
6658220,"gate_30",17,TRUE,FALSE
6658389,"gate_40",66,TRUE,TRUE
6658458,"gate_30",35,TRUE,FALSE
6658634,"gate_40",45,TRUE,TRUE
6658670,"gate_40",12,FALSE,FALSE
6658679,"gate_40",19,TRUE,FALSE
6658751,"gate_40",5,FALSE,FALSE
6658794,"gate_40",16,TRUE,FALSE
6658796,"gate_30",18,FALSE,FALSE
6658810,"gate_40",12,TRUE,FALSE
6658977,"gate_40",71,TRUE,FALSE
6659118,"gate_40",111,FALSE,TRUE
6659198,"gate_30",2,FALSE,FALSE
6659509,"gate_40",16,TRUE,FALSE
6659568,"gate_30",17,TRUE,FALSE
6659631,"gate_30",6,FALSE,FALSE
6659755,"gate_30",2,FALSE,TRUE
6659807,"gate_30",0,FALSE,FALSE
6659855,"gate_40",6,FALSE,FALSE
6660066,"gate_30",0,FALSE,FALSE
6660076,"gate_40",66,FALSE,FALSE
6660187,"gate_40",2,FALSE,FALSE
6660309,"gate_40",4,FALSE,FALSE
6660423,"gate_30",13,FALSE,FALSE
6660457,"gate_30",451,TRUE,TRUE
6660518,"gate_40",12,FALSE,FALSE
6660614,"gate_40",4,FALSE,FALSE
6660677,"gate_40",19,FALSE,FALSE
6660971,"gate_40",2,FALSE,FALSE
6661010,"gate_30",39,TRUE,FALSE
6661013,"gate_40",10,FALSE,FALSE
6661037,"gate_40",12,FALSE,FALSE
6661072,"gate_40",17,TRUE,FALSE
6661202,"gate_40",1,FALSE,FALSE
6661291,"gate_40",74,FALSE,TRUE
6661317,"gate_30",1,TRUE,FALSE
6661510,"gate_30",9,FALSE,TRUE
6661538,"gate_30",2,FALSE,FALSE
6661553,"gate_30",227,TRUE,FALSE
6661773,"gate_40",66,TRUE,TRUE
6661862,"gate_40",12,FALSE,FALSE
6661884,"gate_40",8,FALSE,FALSE
6661981,"gate_30",19,TRUE,FALSE
6662056,"gate_40",103,TRUE,TRUE
6662086,"gate_30",4,FALSE,FALSE
6662087,"gate_30",17,FALSE,FALSE
6662184,"gate_40",7,FALSE,FALSE
6662242,"gate_30",12,FALSE,FALSE
6662271,"gate_30",20,TRUE,FALSE
6662654,"gate_40",7,FALSE,FALSE
6662697,"gate_30",23,FALSE,TRUE
6662729,"gate_30",8,FALSE,FALSE
6662806,"gate_40",1,FALSE,FALSE
6662852,"gate_40",15,TRUE,FALSE
6662888,"gate_40",34,TRUE,TRUE
6662957,"gate_30",18,TRUE,FALSE
6662968,"gate_30",184,TRUE,TRUE
6663105,"gate_30",9,FALSE,FALSE
6663138,"gate_30",66,TRUE,FALSE
6663197,"gate_30",36,TRUE,FALSE
6663564,"gate_30",17,FALSE,TRUE
6663721,"gate_40",32,TRUE,FALSE
6663851,"gate_30",1,FALSE,FALSE
6664122,"gate_30",6,FALSE,FALSE
6664144,"gate_30",11,FALSE,FALSE
6664317,"gate_40",8,TRUE,FALSE
6664431,"gate_30",39,FALSE,FALSE
6664468,"gate_40",18,TRUE,FALSE
6664662,"gate_30",52,TRUE,FALSE
6664816,"gate_30",3,FALSE,FALSE
6664817,"gate_30",61,TRUE,FALSE
6664912,"gate_40",340,TRUE,TRUE
6664921,"gate_30",6,FALSE,FALSE
6665036,"gate_30",26,TRUE,FALSE
6665459,"gate_40",383,TRUE,TRUE
6665584,"gate_40",2,FALSE,FALSE
6665775,"gate_40",0,FALSE,FALSE
6665823,"gate_40",181,TRUE,TRUE
6665892,"gate_30",2,FALSE,FALSE
6666057,"gate_30",1,FALSE,FALSE
6666106,"gate_40",291,FALSE,TRUE
6666177,"gate_30",575,TRUE,TRUE
6666488,"gate_30",11,TRUE,TRUE
6666526,"gate_30",6,FALSE,FALSE
6666616,"gate_30",164,TRUE,FALSE
6666713,"gate_30",35,TRUE,FALSE
6666804,"gate_40",4,FALSE,FALSE
6667449,"gate_40",8,FALSE,FALSE
6667511,"gate_40",527,TRUE,TRUE
6667568,"gate_30",27,TRUE,FALSE
6667581,"gate_40",22,TRUE,FALSE
6667665,"gate_30",6,FALSE,FALSE
6667790,"gate_30",9,FALSE,FALSE
6667830,"gate_30",57,TRUE,FALSE
6668104,"gate_30",19,TRUE,FALSE
6668330,"gate_30",30,TRUE,FALSE
6668448,"gate_30",14,TRUE,FALSE
6668491,"gate_30",82,TRUE,TRUE
6668592,"gate_30",16,FALSE,TRUE
6668738,"gate_30",87,TRUE,FALSE
6668750,"gate_40",4,FALSE,TRUE
6668936,"gate_40",9,TRUE,FALSE
6669019,"gate_30",119,TRUE,TRUE
6669031,"gate_30",3,TRUE,FALSE
6669086,"gate_40",91,TRUE,TRUE
6669159,"gate_30",415,TRUE,TRUE
6669244,"gate_30",100,TRUE,FALSE
6669366,"gate_40",0,FALSE,FALSE
6669376,"gate_40",36,TRUE,TRUE
6669484,"gate_30",4,FALSE,FALSE
6669542,"gate_30",20,TRUE,FALSE
6669805,"gate_40",675,TRUE,TRUE
6669834,"gate_30",20,TRUE,FALSE
6669847,"gate_40",4,FALSE,FALSE
6670247,"gate_30",67,TRUE,FALSE
6670480,"gate_40",32,TRUE,FALSE
6670510,"gate_30",2,FALSE,FALSE
6670523,"gate_30",68,TRUE,FALSE
6670677,"gate_40",158,TRUE,TRUE
6670710,"gate_40",2,FALSE,FALSE
6670747,"gate_30",306,TRUE,TRUE
6671045,"gate_30",98,TRUE,TRUE
6671226,"gate_40",457,TRUE,TRUE
6671241,"gate_30",6,FALSE,FALSE
6671266,"gate_30",8,FALSE,FALSE
6671315,"gate_40",19,FALSE,FALSE
6671440,"gate_30",6,FALSE,FALSE
6671661,"gate_40",59,FALSE,FALSE
6671676,"gate_30",101,TRUE,TRUE
6671692,"gate_40",228,TRUE,TRUE
6671762,"gate_40",60,TRUE,FALSE
6671990,"gate_40",91,TRUE,TRUE
6672043,"gate_30",15,FALSE,FALSE
6672131,"gate_30",34,TRUE,FALSE
6672137,"gate_40",3,FALSE,FALSE
6672205,"gate_40",14,FALSE,TRUE
6672231,"gate_30",28,TRUE,TRUE
6672340,"gate_30",232,TRUE,TRUE
6672534,"gate_30",52,TRUE,FALSE
6672547,"gate_40",16,FALSE,TRUE
6672594,"gate_30",190,TRUE,FALSE
6672622,"gate_40",0,FALSE,FALSE
6672644,"gate_30",6,FALSE,FALSE
6672706,"gate_30",33,FALSE,FALSE
6672760,"gate_40",17,FALSE,FALSE
6672956,"gate_30",7,FALSE,FALSE
6673233,"gate_40",28,TRUE,FALSE
6673373,"gate_30",11,TRUE,FALSE
6673382,"gate_30",8,TRUE,FALSE
6673407,"gate_30",2,FALSE,FALSE
6673477,"gate_30",29,TRUE,FALSE
6673491,"gate_40",3,FALSE,FALSE
6673498,"gate_40",14,FALSE,FALSE
6673657,"gate_30",113,TRUE,FALSE
6673704,"gate_40",66,TRUE,TRUE
6673794,"gate_30",41,TRUE,FALSE
6673985,"gate_30",3,FALSE,FALSE
6674060,"gate_40",257,TRUE,FALSE
6674070,"gate_40",0,FALSE,FALSE
6674089,"gate_40",102,TRUE,TRUE
6674127,"gate_40",9,FALSE,FALSE
6674173,"gate_30",15,FALSE,FALSE
6674220,"gate_30",2,FALSE,FALSE
6674422,"gate_40",3,FALSE,FALSE
6674434,"gate_30",83,TRUE,TRUE
6674720,"gate_40",12,FALSE,FALSE
6674798,"gate_40",4,FALSE,FALSE
6674821,"gate_30",103,TRUE,FALSE
6674831,"gate_30",137,TRUE,TRUE
6674853,"gate_40",393,TRUE,TRUE
6674881,"gate_40",0,FALSE,FALSE
6675142,"gate_30",1,FALSE,FALSE
6675401,"gate_30",6,FALSE,FALSE
6675440,"gate_30",13,FALSE,FALSE
6675575,"gate_30",53,FALSE,TRUE
6675594,"gate_30",6,FALSE,FALSE
6675610,"gate_40",153,TRUE,TRUE
6675628,"gate_30",1,FALSE,FALSE
6675661,"gate_30",63,TRUE,FALSE
6675827,"gate_40",30,TRUE,FALSE
6676240,"gate_30",3,FALSE,FALSE
6676263,"gate_30",0,FALSE,FALSE
6676337,"gate_40",41,TRUE,FALSE
6676352,"gate_30",172,TRUE,FALSE
6676363,"gate_30",1,FALSE,FALSE
6676617,"gate_30",191,TRUE,TRUE
6676783,"gate_30",6,TRUE,FALSE
6676804,"gate_30",5,FALSE,TRUE
6677124,"gate_40",16,FALSE,FALSE
6677809,"gate_30",12,FALSE,FALSE
6677839,"gate_30",49,TRUE,TRUE
6678001,"gate_40",28,TRUE,FALSE
6678108,"gate_30",3,FALSE,FALSE
6678275,"gate_30",113,TRUE,TRUE
6678348,"gate_30",2,FALSE,FALSE
6678500,"gate_30",46,TRUE,FALSE
6678741,"gate_30",90,TRUE,TRUE
6678811,"gate_30",2,FALSE,FALSE
6678816,"gate_30",1,FALSE,FALSE
6678835,"gate_40",3,FALSE,FALSE
6678896,"gate_30",45,TRUE,FALSE
6679307,"gate_40",91,FALSE,TRUE
6679366,"gate_40",59,TRUE,FALSE
6679841,"gate_30",7,FALSE,FALSE
6679929,"gate_40",37,TRUE,FALSE
6680004,"gate_30",10,FALSE,FALSE
6680084,"gate_30",20,TRUE,FALSE
6680088,"gate_40",25,TRUE,FALSE
6680247,"gate_40",2,FALSE,FALSE
6680424,"gate_30",41,TRUE,FALSE
6680485,"gate_40",15,TRUE,FALSE
6680494,"gate_30",240,TRUE,FALSE
6680701,"gate_40",8,FALSE,FALSE
6680784,"gate_40",1,FALSE,FALSE
6680807,"gate_30",0,FALSE,FALSE
6680834,"gate_30",172,FALSE,TRUE
6681058,"gate_30",313,TRUE,TRUE
6681095,"gate_30",58,TRUE,TRUE
6681311,"gate_30",6,FALSE,FALSE
6681456,"gate_30",74,TRUE,FALSE
6681461,"gate_30",8,TRUE,FALSE
6682440,"gate_40",24,TRUE,FALSE
6682465,"gate_30",0,FALSE,FALSE
6682624,"gate_30",38,FALSE,FALSE
6682865,"gate_40",3,FALSE,FALSE
6683002,"gate_40",3,FALSE,FALSE
6683282,"gate_40",29,FALSE,FALSE
6683637,"gate_30",1,FALSE,FALSE
6683901,"gate_40",40,FALSE,FALSE
6684085,"gate_30",47,FALSE,TRUE
6684348,"gate_40",1,FALSE,FALSE
6684691,"gate_30",7,FALSE,FALSE
6684822,"gate_30",46,FALSE,FALSE
6685135,"gate_30",4,FALSE,FALSE
6685281,"gate_30",106,FALSE,FALSE
6685291,"gate_30",6,FALSE,FALSE
6685484,"gate_40",13,FALSE,FALSE
6685591,"gate_40",86,TRUE,TRUE
6685708,"gate_30",28,FALSE,FALSE
6685776,"gate_40",16,FALSE,FALSE
6685794,"gate_30",540,TRUE,TRUE
6685890,"gate_40",54,TRUE,FALSE
6686179,"gate_40",6,FALSE,FALSE
6686225,"gate_40",40,TRUE,FALSE
6686361,"gate_40",17,TRUE,FALSE
6686394,"gate_30",12,FALSE,FALSE
6686407,"gate_40",6,FALSE,FALSE
6686412,"gate_30",23,TRUE,FALSE
6686538,"gate_40",35,TRUE,FALSE
6686766,"gate_40",1,FALSE,FALSE
6687089,"gate_40",89,TRUE,TRUE
6687173,"gate_30",117,FALSE,TRUE
6687194,"gate_40",15,FALSE,FALSE
6687312,"gate_30",2,FALSE,FALSE
6687626,"gate_40",3,FALSE,FALSE
6687673,"gate_40",10,FALSE,FALSE
6687755,"gate_40",20,TRUE,FALSE
6687961,"gate_40",7,FALSE,FALSE
6688019,"gate_30",34,FALSE,TRUE
6688033,"gate_40",154,TRUE,TRUE
6688208,"gate_40",2,FALSE,FALSE
6688244,"gate_30",7,FALSE,FALSE
6688320,"gate_30",91,TRUE,FALSE
6688678,"gate_30",14,TRUE,FALSE
6689025,"gate_30",5,FALSE,FALSE
6689042,"gate_40",303,TRUE,TRUE
6689094,"gate_40",93,FALSE,FALSE
6689160,"gate_40",25,TRUE,TRUE
6689369,"gate_30",12,FALSE,FALSE
6689510,"gate_40",66,TRUE,FALSE
6689615,"gate_40",12,TRUE,FALSE
6689884,"gate_30",3,FALSE,FALSE
6689903,"gate_30",84,TRUE,FALSE
6690045,"gate_40",6,FALSE,FALSE
6690192,"gate_40",76,TRUE,TRUE
6690208,"gate_30",20,TRUE,FALSE
6690248,"gate_30",16,FALSE,FALSE
6690259,"gate_40",67,FALSE,TRUE
6690729,"gate_40",2,FALSE,FALSE
6690839,"gate_40",3,FALSE,FALSE
6690869,"gate_40",1,FALSE,FALSE
6690937,"gate_30",1,FALSE,FALSE
6691076,"gate_30",6,FALSE,FALSE
6691318,"gate_40",47,TRUE,TRUE
6691553,"gate_40",2,FALSE,FALSE
6691637,"gate_30",7,FALSE,FALSE
6691696,"gate_30",1,FALSE,FALSE
6691952,"gate_40",7,TRUE,FALSE
6691972,"gate_40",2,FALSE,FALSE
6691993,"gate_40",234,TRUE,TRUE
6692134,"gate_40",1,FALSE,FALSE
6692178,"gate_30",30,FALSE,FALSE
6692611,"gate_40",6,FALSE,FALSE
6692727,"gate_30",14,FALSE,FALSE
6692837,"gate_40",7,FALSE,FALSE
6692847,"gate_40",23,TRUE,FALSE
6692850,"gate_30",57,TRUE,FALSE
6692877,"gate_30",55,TRUE,FALSE
6692971,"gate_40",124,TRUE,FALSE
6693001,"gate_30",10,FALSE,FALSE
6693238,"gate_30",12,FALSE,FALSE
6693601,"gate_30",21,TRUE,FALSE
6693622,"gate_30",56,TRUE,TRUE
6693671,"gate_30",6,TRUE,FALSE
6693806,"gate_40",13,FALSE,FALSE
6693992,"gate_40",1,FALSE,FALSE
6694172,"gate_30",22,FALSE,FALSE
6694306,"gate_40",22,FALSE,TRUE
6694391,"gate_30",4,FALSE,FALSE
6694633,"gate_30",302,TRUE,FALSE
6695170,"gate_40",4,FALSE,FALSE
6695435,"gate_30",12,FALSE,FALSE
6695494,"gate_40",92,FALSE,FALSE
6695609,"gate_40",15,FALSE,FALSE
6695658,"gate_30",1,FALSE,FALSE
6695791,"gate_30",0,FALSE,FALSE
6695829,"gate_40",33,TRUE,FALSE
6695936,"gate_30",8,FALSE,FALSE
6696102,"gate_40",25,TRUE,FALSE
6696353,"gate_40",196,TRUE,TRUE
6696557,"gate_30",6,FALSE,TRUE
6696698,"gate_40",51,FALSE,TRUE
6696714,"gate_40",123,TRUE,TRUE
6696770,"gate_30",1,FALSE,FALSE
6696876,"gate_40",462,TRUE,TRUE
6697138,"gate_30",23,FALSE,FALSE
6697424,"gate_30",6,FALSE,FALSE
6697478,"gate_40",5,FALSE,FALSE
6697512,"gate_30",17,FALSE,FALSE
6697517,"gate_30",27,TRUE,FALSE
6697985,"gate_30",2,FALSE,FALSE
6698095,"gate_40",139,TRUE,FALSE
6698121,"gate_30",7,FALSE,FALSE
6698260,"gate_40",39,FALSE,FALSE
6698280,"gate_30",62,FALSE,TRUE
6698316,"gate_30",3,FALSE,FALSE
6698372,"gate_30",18,FALSE,FALSE
6698408,"gate_40",40,TRUE,FALSE
6698565,"gate_30",1,FALSE,FALSE
6698710,"gate_40",61,TRUE,FALSE
6698844,"gate_40",1,FALSE,FALSE
6698856,"gate_40",2,FALSE,FALSE
6699395,"gate_40",115,TRUE,TRUE
6699508,"gate_40",7,FALSE,FALSE
6699592,"gate_30",0,FALSE,FALSE
6699669,"gate_40",41,TRUE,FALSE
6699776,"gate_40",85,TRUE,FALSE
6699919,"gate_40",17,TRUE,FALSE
6699997,"gate_40",0,FALSE,FALSE
6700372,"gate_40",561,TRUE,TRUE
6700384,"gate_30",82,TRUE,TRUE
6700432,"gate_40",164,TRUE,TRUE
6700445,"gate_40",1,FALSE,FALSE
6700447,"gate_40",17,TRUE,FALSE
6700461,"gate_40",123,TRUE,TRUE
6700558,"gate_30",72,FALSE,FALSE
6700699,"gate_30",8,FALSE,FALSE
6700915,"gate_40",24,TRUE,FALSE
6701064,"gate_40",268,TRUE,TRUE
6701230,"gate_30",11,FALSE,FALSE
6701387,"gate_40",1,FALSE,FALSE
6701403,"gate_30",13,FALSE,FALSE
6701467,"gate_30",155,TRUE,TRUE
6701468,"gate_30",110,TRUE,FALSE
6701549,"gate_40",3,FALSE,FALSE
6701753,"gate_30",16,TRUE,FALSE
6701770,"gate_30",29,FALSE,FALSE
6701838,"gate_30",41,TRUE,FALSE
6701887,"gate_40",42,TRUE,FALSE
6701907,"gate_30",10,TRUE,FALSE
6701993,"gate_40",25,TRUE,FALSE
6702200,"gate_40",19,FALSE,FALSE
6702345,"gate_40",13,TRUE,FALSE
6702394,"gate_40",4,TRUE,FALSE
6702460,"gate_40",47,TRUE,FALSE
6702487,"gate_30",112,TRUE,TRUE
6702518,"gate_40",1,FALSE,FALSE
6702705,"gate_40",12,TRUE,FALSE
6702717,"gate_30",15,TRUE,FALSE
6702773,"gate_30",499,TRUE,TRUE
6702963,"gate_30",12,FALSE,FALSE
6703133,"gate_40",316,TRUE,TRUE
6703223,"gate_30",107,TRUE,TRUE
6703357,"gate_40",191,TRUE,TRUE
6703708,"gate_30",1,FALSE,FALSE
6704115,"gate_30",1,FALSE,FALSE
6704256,"gate_40",1,FALSE,FALSE
6704515,"gate_30",83,FALSE,TRUE
6704601,"gate_40",14,FALSE,TRUE
6704663,"gate_30",50,TRUE,FALSE
6705093,"gate_40",223,TRUE,TRUE
6705125,"gate_30",3,FALSE,FALSE
6705294,"gate_30",4,FALSE,FALSE
6705310,"gate_40",21,TRUE,FALSE
6705342,"gate_40",175,TRUE,TRUE
6705384,"gate_40",14,FALSE,FALSE
6705579,"gate_30",60,FALSE,FALSE
6705585,"gate_30",27,TRUE,FALSE
6705596,"gate_30",32,FALSE,FALSE
6705638,"gate_40",17,TRUE,FALSE
6705977,"gate_30",0,FALSE,FALSE
6706275,"gate_40",4,FALSE,FALSE
6706278,"gate_40",15,TRUE,FALSE
6706295,"gate_40",26,TRUE,FALSE
6706316,"gate_30",5,TRUE,FALSE
6706487,"gate_40",13,FALSE,FALSE
6706708,"gate_30",40,TRUE,FALSE
6706716,"gate_40",44,TRUE,TRUE
6706726,"gate_40",86,TRUE,FALSE
6706739,"gate_40",2,FALSE,FALSE
6706779,"gate_40",27,FALSE,FALSE
6706835,"gate_40",0,FALSE,FALSE
6707178,"gate_40",32,TRUE,FALSE
6707376,"gate_30",35,TRUE,FALSE
6707535,"gate_40",31,FALSE,FALSE
6707538,"gate_30",201,TRUE,TRUE
6707629,"gate_40",70,FALSE,TRUE
6707747,"gate_40",8,FALSE,FALSE
6707768,"gate_30",5,FALSE,FALSE
6707835,"gate_40",23,TRUE,FALSE
6707847,"gate_40",20,FALSE,FALSE
6707860,"gate_40",20,FALSE,FALSE
6708064,"gate_40",60,FALSE,FALSE
6708087,"gate_30",13,TRUE,FALSE
6708099,"gate_40",85,TRUE,TRUE
6708166,"gate_30",61,TRUE,FALSE
6708378,"gate_40",9,FALSE,FALSE
6708454,"gate_30",5,FALSE,FALSE
6708665,"gate_30",17,FALSE,FALSE
6708969,"gate_30",35,TRUE,FALSE
6709019,"gate_30",5,FALSE,FALSE
6709043,"gate_40",6,FALSE,FALSE
6709150,"gate_40",208,TRUE,FALSE
6709195,"gate_40",14,TRUE,FALSE
6709317,"gate_40",61,TRUE,FALSE
6709414,"gate_40",26,TRUE,FALSE
6709466,"gate_40",32,TRUE,FALSE
6709553,"gate_30",13,FALSE,FALSE
6709577,"gate_30",1,FALSE,FALSE
6709647,"gate_30",38,FALSE,FALSE
6709712,"gate_40",46,FALSE,FALSE
6710031,"gate_30",28,FALSE,TRUE
6710053,"gate_40",205,TRUE,FALSE
6710120,"gate_30",11,TRUE,FALSE
6710222,"gate_30",32,FALSE,FALSE
6710364,"gate_30",4,FALSE,FALSE
6710387,"gate_40",22,FALSE,FALSE
6710468,"gate_40",21,TRUE,FALSE
6710732,"gate_40",82,FALSE,TRUE
6710949,"gate_30",15,FALSE,FALSE
6710989,"gate_30",33,FALSE,FALSE
6711033,"gate_40",32,TRUE,FALSE
6711260,"gate_40",8,TRUE,FALSE
6711389,"gate_40",85,TRUE,FALSE
6711544,"gate_30",0,FALSE,FALSE
6711561,"gate_40",282,TRUE,TRUE
6712061,"gate_40",10,TRUE,FALSE
6712199,"gate_30",121,FALSE,FALSE
6712265,"gate_40",54,TRUE,FALSE
6712296,"gate_40",22,TRUE,FALSE
6712381,"gate_30",168,TRUE,TRUE
6712409,"gate_40",27,TRUE,FALSE
6712558,"gate_30",72,FALSE,TRUE
6712621,"gate_30",33,FALSE,FALSE
6712628,"gate_40",12,FALSE,FALSE
6712629,"gate_40",132,TRUE,TRUE
6712735,"gate_40",21,TRUE,FALSE
6712840,"gate_40",45,TRUE,FALSE
6713092,"gate_30",3,FALSE,FALSE
6713246,"gate_40",3,FALSE,FALSE
6713280,"gate_40",11,TRUE,FALSE
6713316,"gate_30",1,FALSE,FALSE
6713400,"gate_30",2,FALSE,FALSE
6713435,"gate_30",38,TRUE,FALSE
6713525,"gate_30",2,FALSE,FALSE
6713592,"gate_40",5,FALSE,FALSE
6713645,"gate_40",2,FALSE,FALSE
6713811,"gate_40",130,TRUE,FALSE
6713960,"gate_40",6,FALSE,FALSE
6713981,"gate_30",25,FALSE,FALSE
6713993,"gate_40",3,FALSE,FALSE
6714281,"gate_30",23,TRUE,FALSE
6714318,"gate_30",3,FALSE,FALSE
6714330,"gate_40",28,FALSE,FALSE
6714706,"gate_40",20,TRUE,TRUE
6714728,"gate_30",28,TRUE,FALSE
6714744,"gate_40",114,TRUE,TRUE
6714960,"gate_30",184,TRUE,FALSE
6715113,"gate_40",253,TRUE,TRUE
6715158,"gate_30",169,TRUE,FALSE
6715263,"gate_40",257,TRUE,TRUE
6715561,"gate_30",1,FALSE,FALSE
6715572,"gate_40",41,TRUE,FALSE
6715590,"gate_30",39,TRUE,FALSE
6715630,"gate_30",0,FALSE,FALSE
6715677,"gate_30",103,TRUE,TRUE
6715857,"gate_40",4,FALSE,FALSE
6715929,"gate_40",4,FALSE,FALSE
6716029,"gate_30",4,FALSE,FALSE
6716037,"gate_30",19,FALSE,TRUE
6716295,"gate_40",5,FALSE,FALSE
6716331,"gate_30",141,TRUE,FALSE
6716389,"gate_30",86,TRUE,TRUE
6716456,"gate_30",4,FALSE,FALSE
6716518,"gate_30",47,TRUE,FALSE
6716550,"gate_30",36,TRUE,FALSE
6716555,"gate_30",1,FALSE,FALSE
6716588,"gate_30",54,TRUE,FALSE
6716835,"gate_40",4,FALSE,FALSE
6716962,"gate_30",14,TRUE,FALSE
6716987,"gate_40",0,FALSE,FALSE
6717330,"gate_30",14,FALSE,FALSE
6717427,"gate_30",12,FALSE,FALSE
6717706,"gate_30",46,TRUE,FALSE
6717810,"gate_30",14,FALSE,FALSE
6718112,"gate_40",2,FALSE,FALSE
6718169,"gate_40",5,FALSE,FALSE
6718230,"gate_40",133,TRUE,TRUE
6718502,"gate_40",10,TRUE,FALSE
6718665,"gate_30",4,FALSE,FALSE
6718755,"gate_30",1,FALSE,FALSE
6718837,"gate_30",21,FALSE,FALSE
6718906,"gate_30",87,TRUE,TRUE
6719310,"gate_30",56,TRUE,TRUE
6719366,"gate_30",133,TRUE,TRUE
6719615,"gate_40",9,FALSE,FALSE
6720003,"gate_40",37,TRUE,FALSE
6720292,"gate_30",6,FALSE,FALSE
6720325,"gate_40",7,FALSE,FALSE
6720466,"gate_40",12,FALSE,FALSE
6720624,"gate_40",18,TRUE,FALSE
6720638,"gate_30",6,FALSE,FALSE
6720701,"gate_30",68,TRUE,FALSE
6721113,"gate_40",7,TRUE,FALSE
6721159,"gate_40",42,TRUE,TRUE
6721229,"gate_30",16,FALSE,FALSE
6721481,"gate_30",2,FALSE,FALSE
6721486,"gate_30",1,FALSE,FALSE
6721804,"gate_40",15,FALSE,FALSE
6721922,"gate_30",43,TRUE,FALSE
6722083,"gate_40",14,FALSE,FALSE
6722416,"gate_30",18,FALSE,FALSE
6722588,"gate_30",24,TRUE,FALSE
6722715,"gate_30",79,TRUE,FALSE
6722721,"gate_40",0,FALSE,FALSE
6722815,"gate_40",34,FALSE,FALSE
6723015,"gate_40",308,TRUE,FALSE
6723146,"gate_40",3,FALSE,FALSE
6723230,"gate_30",50,TRUE,TRUE
6723323,"gate_30",16,FALSE,FALSE
6723329,"gate_30",1,FALSE,FALSE
6723736,"gate_40",0,FALSE,FALSE
6723768,"gate_40",11,TRUE,FALSE
6723858,"gate_30",8,TRUE,FALSE
6723864,"gate_30",14,FALSE,FALSE
6723940,"gate_40",5,TRUE,FALSE
6724137,"gate_40",8,TRUE,FALSE
6724216,"gate_30",31,TRUE,FALSE
6724286,"gate_40",68,FALSE,TRUE
6724550,"gate_40",120,TRUE,FALSE
6724737,"gate_40",51,TRUE,FALSE
6724744,"gate_40",13,TRUE,FALSE
6724899,"gate_30",2,FALSE,FALSE
6725148,"gate_40",29,TRUE,FALSE
6725165,"gate_40",1,FALSE,FALSE
6725358,"gate_40",8,FALSE,FALSE
6725565,"gate_40",1,FALSE,FALSE
6725656,"gate_30",2,FALSE,FALSE
6725852,"gate_30",5,FALSE,FALSE
6725988,"gate_40",9,FALSE,FALSE
6726032,"gate_30",43,TRUE,FALSE
6726111,"gate_40",31,FALSE,TRUE
6726151,"gate_30",3,FALSE,FALSE
6726590,"gate_30",6,FALSE,FALSE
6726629,"gate_40",353,TRUE,TRUE
6726737,"gate_30",576,TRUE,TRUE
6727041,"gate_40",13,FALSE,FALSE
6727203,"gate_30",25,TRUE,FALSE
6727306,"gate_40",1,FALSE,FALSE
6727317,"gate_40",5,FALSE,FALSE
6727321,"gate_40",3,FALSE,FALSE
6727349,"gate_30",4,FALSE,FALSE
6727613,"gate_40",22,FALSE,FALSE
6727635,"gate_40",1,FALSE,FALSE
6728012,"gate_30",1,FALSE,FALSE
6728019,"gate_40",41,TRUE,FALSE
6728029,"gate_30",52,TRUE,FALSE
6728153,"gate_40",6,FALSE,FALSE
6728312,"gate_40",160,TRUE,TRUE
6728575,"gate_40",0,FALSE,FALSE
6728641,"gate_30",10,FALSE,FALSE
6728688,"gate_30",7,FALSE,FALSE
6728713,"gate_40",12,FALSE,FALSE
6728831,"gate_30",6,FALSE,FALSE
6728914,"gate_40",233,TRUE,TRUE
6728921,"gate_30",21,TRUE,FALSE
6729049,"gate_30",49,TRUE,FALSE
6729073,"gate_30",37,TRUE,FALSE
6729117,"gate_30",2,FALSE,FALSE
6729384,"gate_30",36,FALSE,FALSE
6729428,"gate_40",10,FALSE,FALSE
6729456,"gate_40",5,FALSE,FALSE
6729644,"gate_30",39,TRUE,FALSE
6729713,"gate_30",10,FALSE,FALSE
6729772,"gate_40",1,FALSE,FALSE
6729853,"gate_30",4,TRUE,FALSE
6729939,"gate_30",25,TRUE,FALSE
6729958,"gate_40",1,FALSE,FALSE
6730028,"gate_40",6,FALSE,FALSE
6730067,"gate_30",4,TRUE,FALSE
6730221,"gate_30",1,FALSE,FALSE
6730333,"gate_30",12,TRUE,FALSE
6730715,"gate_40",114,TRUE,FALSE
6730800,"gate_30",1,FALSE,FALSE
6731016,"gate_30",86,TRUE,FALSE
6731288,"gate_30",117,FALSE,TRUE
6731344,"gate_30",101,TRUE,TRUE
6731385,"gate_30",2,FALSE,FALSE
6731526,"gate_40",23,TRUE,TRUE
6731610,"gate_30",39,FALSE,FALSE
6731653,"gate_30",0,FALSE,FALSE
6731803,"gate_40",9,TRUE,FALSE
6732314,"gate_40",4,FALSE,FALSE
6732414,"gate_40",84,TRUE,FALSE
6732612,"gate_40",8,TRUE,FALSE
6732615,"gate_40",36,TRUE,FALSE
6732743,"gate_30",64,TRUE,TRUE
6732784,"gate_30",52,FALSE,TRUE
6732854,"gate_30",17,TRUE,FALSE
6732928,"gate_40",3,FALSE,FALSE
6733072,"gate_40",0,FALSE,FALSE
6733116,"gate_30",5,FALSE,FALSE
6733143,"gate_30",13,FALSE,FALSE
6733153,"gate_30",192,TRUE,TRUE
6733327,"gate_40",36,TRUE,FALSE
6733352,"gate_30",0,FALSE,FALSE
6733574,"gate_40",130,TRUE,FALSE
6733668,"gate_30",55,TRUE,FALSE
6733678,"gate_40",1,FALSE,FALSE
6733805,"gate_30",10,TRUE,FALSE
6733941,"gate_40",3,FALSE,FALSE
6733986,"gate_30",303,TRUE,TRUE
6733990,"gate_40",1,FALSE,FALSE
6734023,"gate_40",28,TRUE,FALSE
6734172,"gate_40",2,FALSE,FALSE
6734193,"gate_40",23,TRUE,FALSE
6734194,"gate_40",6,FALSE,FALSE
6734209,"gate_30",1,FALSE,FALSE
6734259,"gate_30",3,FALSE,FALSE
6734269,"gate_40",7,TRUE,FALSE
6734297,"gate_40",0,FALSE,FALSE
6734419,"gate_30",90,TRUE,TRUE
6734533,"gate_30",3,FALSE,FALSE
6734732,"gate_30",198,TRUE,FALSE
6734920,"gate_30",330,TRUE,TRUE
6734931,"gate_30",19,TRUE,FALSE
6735089,"gate_30",5,FALSE,FALSE
6735144,"gate_30",28,TRUE,FALSE
6735370,"gate_30",7,FALSE,FALSE
6735373,"gate_30",154,TRUE,FALSE
6735425,"gate_40",0,FALSE,FALSE
6735617,"gate_30",0,FALSE,FALSE
6736054,"gate_30",21,TRUE,FALSE
6736140,"gate_30",13,TRUE,FALSE
6736260,"gate_30",69,TRUE,FALSE
6736778,"gate_40",39,TRUE,FALSE
6736818,"gate_40",10,FALSE,FALSE
6736886,"gate_40",25,FALSE,FALSE
6736915,"gate_40",45,TRUE,FALSE
6737075,"gate_30",39,FALSE,FALSE
6737279,"gate_40",2,FALSE,FALSE
6737501,"gate_30",10,FALSE,FALSE
6737527,"gate_30",8,FALSE,FALSE
6738199,"gate_30",5,FALSE,FALSE
6738380,"gate_40",191,TRUE,TRUE
6738476,"gate_30",1,TRUE,FALSE
6738985,"gate_30",6,FALSE,FALSE
6739060,"gate_40",0,FALSE,FALSE
6739068,"gate_40",66,FALSE,FALSE
6739157,"gate_30",1,FALSE,FALSE
6739698,"gate_30",5,FALSE,FALSE
6739708,"gate_30",1,FALSE,FALSE
6739712,"gate_30",104,TRUE,FALSE
6739925,"gate_40",5,FALSE,FALSE
6740133,"gate_30",334,TRUE,TRUE
6740212,"gate_30",2,TRUE,FALSE
6740232,"gate_30",24,FALSE,FALSE
6740348,"gate_30",14,FALSE,FALSE
6740468,"gate_30",1,FALSE,FALSE
6740520,"gate_30",87,TRUE,FALSE
6740637,"gate_30",59,FALSE,FALSE
6740678,"gate_30",367,TRUE,TRUE
6740864,"gate_30",39,FALSE,TRUE
6740993,"gate_40",26,FALSE,FALSE
6741256,"gate_40",50,TRUE,FALSE
6741361,"gate_40",3,FALSE,FALSE
6741866,"gate_30",20,TRUE,FALSE
6741983,"gate_30",19,TRUE,FALSE
6742216,"gate_30",1,FALSE,FALSE
6742346,"gate_30",100,TRUE,FALSE
6742515,"gate_30",3,FALSE,FALSE
6742731,"gate_30",44,TRUE,FALSE
6742749,"gate_40",73,TRUE,TRUE
6742899,"gate_30",0,FALSE,FALSE
6743076,"gate_40",12,TRUE,FALSE
6743109,"gate_30",9,TRUE,FALSE
6743175,"gate_30",35,FALSE,FALSE
6743195,"gate_40",52,TRUE,FALSE
6743244,"gate_30",13,FALSE,FALSE
6743738,"gate_40",69,TRUE,TRUE
6743982,"gate_40",6,FALSE,FALSE
6744044,"gate_30",17,TRUE,FALSE
6744120,"gate_30",14,FALSE,FALSE
6744434,"gate_30",1,FALSE,FALSE
6744500,"gate_40",8,TRUE,FALSE
6744796,"gate_40",15,TRUE,FALSE
6744964,"gate_30",11,TRUE,FALSE
6745022,"gate_30",3,FALSE,FALSE
6745250,"gate_30",38,TRUE,FALSE
6745352,"gate_40",321,FALSE,TRUE
6745355,"gate_40",1,FALSE,FALSE
6745552,"gate_30",13,FALSE,FALSE
6745579,"gate_30",1,FALSE,FALSE
6745865,"gate_30",11,FALSE,FALSE
6745868,"gate_30",10,FALSE,FALSE
6746101,"gate_40",151,TRUE,TRUE
6746104,"gate_40",3,TRUE,FALSE
6746149,"gate_30",7,FALSE,FALSE
6746270,"gate_40",1,FALSE,FALSE
6746286,"gate_40",17,TRUE,TRUE
6746321,"gate_30",3,FALSE,FALSE
6746454,"gate_30",29,TRUE,FALSE
6746482,"gate_30",35,TRUE,FALSE
6746512,"gate_30",13,FALSE,FALSE
6746561,"gate_40",9,FALSE,FALSE
6746656,"gate_40",13,TRUE,FALSE
6746767,"gate_40",25,FALSE,FALSE
6746801,"gate_40",16,FALSE,FALSE
6747015,"gate_30",17,TRUE,FALSE
6747099,"gate_30",18,TRUE,FALSE
6747532,"gate_40",9,TRUE,FALSE
6747692,"gate_40",29,TRUE,TRUE
6747726,"gate_40",1,FALSE,FALSE
6747818,"gate_40",20,TRUE,FALSE
6747874,"gate_40",14,TRUE,FALSE
6747905,"gate_30",17,FALSE,TRUE
6748002,"gate_40",51,FALSE,FALSE
6748291,"gate_30",115,TRUE,TRUE
6748371,"gate_40",15,FALSE,FALSE
6748504,"gate_40",66,TRUE,FALSE
6748559,"gate_40",37,FALSE,FALSE
6748560,"gate_30",35,TRUE,FALSE
6748660,"gate_30",9,FALSE,FALSE
6748818,"gate_30",6,FALSE,FALSE
6749163,"gate_40",6,FALSE,FALSE
6749600,"gate_30",12,FALSE,FALSE
6749756,"gate_30",38,TRUE,FALSE
6749861,"gate_40",148,TRUE,TRUE
6750144,"gate_40",4,FALSE,FALSE
6750278,"gate_30",169,TRUE,TRUE
6750453,"gate_30",7,FALSE,FALSE
6750682,"gate_30",6,FALSE,FALSE
6750701,"gate_40",24,TRUE,FALSE
6750760,"gate_30",7,FALSE,FALSE
6750818,"gate_40",2,TRUE,FALSE
6750920,"gate_30",4,FALSE,FALSE
6750993,"gate_40",7,FALSE,FALSE
6751083,"gate_40",0,FALSE,FALSE
6751352,"gate_30",24,FALSE,FALSE
6751376,"gate_30",15,TRUE,FALSE
6751624,"gate_30",109,FALSE,FALSE
6751783,"gate_30",14,TRUE,FALSE
6751936,"gate_40",44,TRUE,FALSE
6751947,"gate_40",80,FALSE,FALSE
6752284,"gate_30",95,TRUE,FALSE
6752440,"gate_30",3,FALSE,FALSE
6752884,"gate_30",0,FALSE,TRUE
6752898,"gate_30",33,TRUE,FALSE
6753177,"gate_40",37,TRUE,TRUE
6753327,"gate_30",19,TRUE,FALSE
6753437,"gate_30",245,TRUE,FALSE
6753532,"gate_40",54,FALSE,FALSE
6753546,"gate_40",16,FALSE,FALSE
6753653,"gate_40",6,FALSE,FALSE
6753809,"gate_40",1,FALSE,FALSE
6753837,"gate_30",2,FALSE,FALSE
6753883,"gate_30",10,FALSE,FALSE
6754115,"gate_30",10,FALSE,FALSE
6754160,"gate_30",33,FALSE,FALSE
6754415,"gate_40",45,TRUE,FALSE
6754474,"gate_40",208,TRUE,TRUE
6754597,"gate_30",39,TRUE,FALSE
6754604,"gate_40",1,FALSE,FALSE
6754713,"gate_30",43,TRUE,FALSE
6754867,"gate_30",17,TRUE,FALSE
6755047,"gate_30",20,TRUE,FALSE
6755285,"gate_40",0,FALSE,FALSE
6755293,"gate_30",8,FALSE,FALSE
6755885,"gate_30",77,TRUE,TRUE
6755950,"gate_30",67,TRUE,FALSE
6756005,"gate_40",1,FALSE,FALSE
6756136,"gate_30",13,TRUE,TRUE
6756330,"gate_30",1,FALSE,FALSE
6756451,"gate_40",35,TRUE,FALSE
6756461,"gate_40",7,FALSE,FALSE
6756476,"gate_30",12,FALSE,FALSE
6756477,"gate_30",55,TRUE,TRUE
6756589,"gate_40",14,FALSE,FALSE
6756644,"gate_40",25,TRUE,FALSE
6756845,"gate_30",22,TRUE,FALSE
6756949,"gate_40",141,TRUE,TRUE
6757139,"gate_30",1,FALSE,FALSE
6757247,"gate_30",0,FALSE,FALSE
6757260,"gate_40",97,FALSE,FALSE
6757339,"gate_30",14,TRUE,FALSE
6757414,"gate_40",3,FALSE,FALSE
6757453,"gate_30",11,TRUE,FALSE
6757525,"gate_40",5,FALSE,FALSE
6757685,"gate_30",440,TRUE,TRUE
6757846,"gate_40",4,FALSE,TRUE
6757894,"gate_30",61,TRUE,FALSE
6757906,"gate_40",123,TRUE,FALSE
6757919,"gate_30",23,TRUE,FALSE
6757920,"gate_40",4,FALSE,FALSE
6758122,"gate_40",139,TRUE,TRUE
6758244,"gate_40",2,FALSE,FALSE
6758447,"gate_40",0,FALSE,FALSE
6758657,"gate_40",21,TRUE,FALSE
6758659,"gate_40",32,TRUE,FALSE
6758680,"gate_40",8,TRUE,FALSE
6758701,"gate_40",64,TRUE,FALSE
6758816,"gate_30",167,TRUE,TRUE
6758857,"gate_40",27,TRUE,TRUE
6758972,"gate_40",2,FALSE,FALSE
6759459,"gate_40",92,TRUE,TRUE
6759851,"gate_40",15,FALSE,FALSE
6760010,"gate_40",9,FALSE,FALSE
6760074,"gate_40",0,FALSE,FALSE
6760254,"gate_30",133,TRUE,FALSE
6760312,"gate_40",22,TRUE,FALSE
6760338,"gate_40",54,FALSE,FALSE
6760434,"gate_40",17,TRUE,FALSE
6760443,"gate_30",1,FALSE,FALSE
6760594,"gate_30",9,FALSE,FALSE
6760719,"gate_40",2,FALSE,FALSE
6760785,"gate_40",5,FALSE,FALSE
6760816,"gate_30",5,FALSE,FALSE
6760835,"gate_40",160,TRUE,TRUE
6760965,"gate_40",10,TRUE,FALSE
6761005,"gate_40",47,TRUE,FALSE
6761021,"gate_40",6,TRUE,FALSE
6761042,"gate_30",6,TRUE,FALSE
6761081,"gate_30",1,FALSE,FALSE
6761269,"gate_40",22,TRUE,FALSE
6761304,"gate_40",31,FALSE,TRUE
6761490,"gate_40",21,TRUE,FALSE
6761646,"gate_30",14,TRUE,FALSE
6761817,"gate_30",254,FALSE,TRUE
6761926,"gate_40",2,FALSE,FALSE
6761977,"gate_40",2,FALSE,FALSE
6762021,"gate_40",41,FALSE,FALSE
6762421,"gate_30",4,FALSE,FALSE
6762435,"gate_30",387,TRUE,TRUE
6762638,"gate_40",24,FALSE,FALSE
6762655,"gate_40",155,TRUE,TRUE
6762761,"gate_30",68,TRUE,TRUE
6762766,"gate_30",7,FALSE,FALSE
6762769,"gate_30",169,TRUE,FALSE
6763015,"gate_40",5,FALSE,FALSE
6763038,"gate_30",15,FALSE,FALSE
6763047,"gate_40",1,FALSE,FALSE
6763104,"gate_40",2,FALSE,FALSE
6763207,"gate_40",29,TRUE,FALSE
6763270,"gate_30",203,FALSE,FALSE
6763281,"gate_30",8,FALSE,FALSE
6763420,"gate_30",4,FALSE,FALSE
6763422,"gate_30",469,TRUE,TRUE
6763460,"gate_40",124,TRUE,FALSE
6763488,"gate_30",2,FALSE,FALSE
6763510,"gate_30",50,TRUE,FALSE
6763670,"gate_30",5,FALSE,FALSE
6763770,"gate_40",3,FALSE,FALSE
6763936,"gate_40",56,FALSE,FALSE
6763977,"gate_30",6,TRUE,FALSE
6764105,"gate_30",18,FALSE,FALSE
6764165,"gate_40",6,FALSE,FALSE
6764275,"gate_30",31,FALSE,FALSE
6764652,"gate_30",82,TRUE,TRUE
6764753,"gate_40",1,FALSE,FALSE
6764772,"gate_40",27,TRUE,FALSE
6764902,"gate_40",69,TRUE,TRUE
6764981,"gate_30",24,TRUE,FALSE
6765034,"gate_40",132,FALSE,TRUE
6765218,"gate_40",16,FALSE,FALSE
6765278,"gate_40",31,TRUE,FALSE
6765285,"gate_40",16,FALSE,FALSE
6765367,"gate_30",355,TRUE,TRUE
6765457,"gate_30",10,FALSE,FALSE
6765531,"gate_40",24,TRUE,FALSE
6765640,"gate_30",28,TRUE,FALSE
6765665,"gate_40",137,TRUE,TRUE
6765681,"gate_30",33,TRUE,FALSE
6765833,"gate_40",32,FALSE,FALSE
6766032,"gate_40",7,FALSE,FALSE
6766155,"gate_40",16,FALSE,FALSE
6766468,"gate_30",2,FALSE,FALSE
6766631,"gate_40",21,FALSE,FALSE
6766727,"gate_30",17,FALSE,FALSE
6766841,"gate_30",11,FALSE,FALSE
6766937,"gate_30",2,FALSE,FALSE
6767155,"gate_40",29,TRUE,FALSE
6767225,"gate_30",4,TRUE,FALSE
6767527,"gate_40",37,FALSE,TRUE
6767536,"gate_30",242,TRUE,TRUE
6767650,"gate_30",14,FALSE,FALSE
6767732,"gate_40",48,FALSE,FALSE
6767792,"gate_30",24,FALSE,TRUE
6767850,"gate_30",1,FALSE,FALSE
6767997,"gate_30",0,FALSE,FALSE
6768008,"gate_40",147,TRUE,FALSE
6768045,"gate_40",158,TRUE,FALSE
6768145,"gate_40",16,TRUE,FALSE
6768269,"gate_40",1,FALSE,FALSE
6768571,"gate_30",5,FALSE,FALSE
6768838,"gate_40",5,TRUE,TRUE
6768996,"gate_30",11,FALSE,FALSE
6769006,"gate_30",9,FALSE,FALSE
6769317,"gate_30",355,TRUE,TRUE
6769438,"gate_30",38,FALSE,FALSE
6769571,"gate_30",24,FALSE,FALSE
6769798,"gate_30",3,FALSE,FALSE
6769837,"gate_40",26,FALSE,TRUE
6770041,"gate_30",3,FALSE,FALSE
6770099,"gate_30",17,TRUE,FALSE
6770156,"gate_30",35,FALSE,FALSE
6770178,"gate_30",15,FALSE,FALSE
6770197,"gate_30",9,FALSE,FALSE
6770319,"gate_30",5,FALSE,FALSE
6770321,"gate_30",9,FALSE,TRUE
6770347,"gate_30",2,FALSE,FALSE
6770455,"gate_30",422,TRUE,TRUE
6770812,"gate_40",16,TRUE,FALSE
6770941,"gate_30",14,FALSE,TRUE
6771011,"gate_40",4,FALSE,FALSE
6771201,"gate_40",10,FALSE,FALSE
6771273,"gate_40",11,FALSE,FALSE
6771484,"gate_40",1,FALSE,FALSE
6771489,"gate_40",2,FALSE,FALSE
6771560,"gate_30",1,FALSE,FALSE
6771802,"gate_40",28,TRUE,FALSE
6772229,"gate_40",11,TRUE,FALSE
6772276,"gate_40",0,FALSE,FALSE
6772309,"gate_40",4,FALSE,FALSE
6772452,"gate_40",679,TRUE,TRUE
6772485,"gate_30",0,FALSE,FALSE
6772573,"gate_40",90,TRUE,TRUE
6772690,"gate_40",27,FALSE,FALSE
6772692,"gate_30",44,TRUE,FALSE
6772756,"gate_40",1,FALSE,FALSE
6772829,"gate_40",121,TRUE,TRUE
6772855,"gate_40",21,TRUE,FALSE
6772965,"gate_40",16,TRUE,FALSE
6773107,"gate_30",7,TRUE,FALSE
6773159,"gate_40",56,FALSE,TRUE
6773317,"gate_30",12,FALSE,FALSE
6773328,"gate_30",19,TRUE,TRUE
6773429,"gate_30",319,TRUE,TRUE
6773464,"gate_30",47,FALSE,FALSE
6773536,"gate_30",43,FALSE,TRUE
6773715,"gate_40",323,TRUE,TRUE
6773763,"gate_30",41,FALSE,FALSE
6773901,"gate_40",1,FALSE,FALSE
6773991,"gate_30",16,TRUE,FALSE
6774311,"gate_30",27,TRUE,FALSE
6774402,"gate_40",3,FALSE,FALSE
6774409,"gate_30",37,TRUE,FALSE
6774438,"gate_30",3,FALSE,FALSE
6774520,"gate_40",0,FALSE,FALSE
6774567,"gate_30",16,FALSE,FALSE
6774770,"gate_30",1,FALSE,FALSE
6774917,"gate_30",38,TRUE,FALSE
6774957,"gate_30",113,TRUE,TRUE
6775015,"gate_30",60,TRUE,FALSE
6775042,"gate_40",144,TRUE,TRUE
6775112,"gate_40",16,TRUE,FALSE
6775408,"gate_30",14,FALSE,FALSE
6775493,"gate_40",46,FALSE,TRUE
6775686,"gate_30",7,FALSE,FALSE
6776001,"gate_40",74,TRUE,TRUE
6776088,"gate_40",7,FALSE,FALSE
6776257,"gate_30",187,TRUE,TRUE
6776356,"gate_30",40,TRUE,FALSE
6776390,"gate_30",46,TRUE,FALSE
6776651,"gate_40",2,FALSE,FALSE
6776679,"gate_40",4,FALSE,FALSE
6776747,"gate_40",46,TRUE,FALSE
6776919,"gate_30",3,FALSE,FALSE
6777257,"gate_40",10,FALSE,FALSE
6777315,"gate_30",13,FALSE,FALSE
6777420,"gate_40",44,TRUE,FALSE
6777493,"gate_40",29,TRUE,FALSE
6777521,"gate_40",73,TRUE,FALSE
6777584,"gate_40",114,TRUE,FALSE
6777593,"gate_40",2,FALSE,FALSE
6778041,"gate_30",7,FALSE,FALSE
6778196,"gate_30",2,FALSE,FALSE
6778459,"gate_40",26,TRUE,FALSE
6778873,"gate_30",58,TRUE,TRUE
6778884,"gate_40",61,TRUE,TRUE
6778902,"gate_40",27,TRUE,FALSE
6779091,"gate_30",119,TRUE,FALSE
6779209,"gate_40",22,TRUE,FALSE
6779796,"gate_40",53,TRUE,FALSE
6779853,"gate_30",4,TRUE,FALSE
6779866,"gate_40",72,TRUE,TRUE
6779961,"gate_40",125,TRUE,TRUE
6779971,"gate_40",4,FALSE,FALSE
6780115,"gate_40",17,FALSE,FALSE
6780188,"gate_40",214,TRUE,TRUE
6780194,"gate_30",1,FALSE,FALSE
6780419,"gate_40",11,FALSE,FALSE
6780725,"gate_40",26,TRUE,FALSE
6780988,"gate_40",0,FALSE,FALSE
6781020,"gate_30",100,TRUE,TRUE
6781022,"gate_30",48,TRUE,FALSE
6781059,"gate_40",13,FALSE,FALSE
6781100,"gate_40",19,FALSE,FALSE
6781125,"gate_30",118,TRUE,FALSE
6781175,"gate_30",4,FALSE,FALSE
6781254,"gate_30",3,FALSE,FALSE
6781418,"gate_30",4,FALSE,FALSE
6781429,"gate_30",78,TRUE,FALSE
6781455,"gate_30",116,TRUE,TRUE
6781478,"gate_30",6,FALSE,FALSE
6781515,"gate_30",3,FALSE,FALSE
6781561,"gate_40",15,FALSE,FALSE
6781670,"gate_40",9,TRUE,FALSE
6781871,"gate_40",44,TRUE,FALSE
6781878,"gate_40",12,FALSE,FALSE
6781903,"gate_40",41,TRUE,TRUE
6782029,"gate_40",449,TRUE,TRUE
6782117,"gate_30",6,FALSE,FALSE
6782219,"gate_30",11,TRUE,FALSE
6782311,"gate_30",41,TRUE,TRUE
6782386,"gate_40",435,TRUE,TRUE
6782390,"gate_40",14,FALSE,FALSE
6782417,"gate_30",1,FALSE,FALSE
6782452,"gate_40",194,TRUE,TRUE
6782510,"gate_30",0,FALSE,FALSE
6782535,"gate_40",6,FALSE,FALSE
6782546,"gate_40",2,FALSE,FALSE
6782713,"gate_40",17,TRUE,FALSE
6782905,"gate_30",35,TRUE,FALSE
6783022,"gate_30",180,TRUE,TRUE
6783093,"gate_30",28,TRUE,FALSE
6783128,"gate_30",35,FALSE,FALSE
6783310,"gate_30",5,FALSE,FALSE
6783407,"gate_30",99,TRUE,FALSE
6783439,"gate_40",9,FALSE,FALSE
6783460,"gate_30",25,TRUE,FALSE
6783561,"gate_40",0,FALSE,FALSE
6783668,"gate_40",6,TRUE,FALSE
6783918,"gate_30",2,FALSE,FALSE
6783994,"gate_40",17,TRUE,FALSE
6784099,"gate_30",4,FALSE,FALSE
6784107,"gate_40",54,FALSE,FALSE
6784219,"gate_40",1,FALSE,FALSE
6784275,"gate_30",7,FALSE,FALSE
6784349,"gate_40",5,FALSE,FALSE
6784388,"gate_30",6,TRUE,FALSE
6784737,"gate_30",20,FALSE,FALSE
6784796,"gate_30",278,TRUE,TRUE
6784837,"gate_30",5,FALSE,FALSE
6784859,"gate_30",39,TRUE,FALSE
6784969,"gate_40",5,FALSE,FALSE
6784980,"gate_40",1,FALSE,FALSE
6785111,"gate_40",4,FALSE,FALSE
6785150,"gate_40",1,FALSE,FALSE
6785181,"gate_30",37,FALSE,TRUE
6785645,"gate_30",1,FALSE,FALSE
6785820,"gate_30",119,TRUE,TRUE
6785921,"gate_30",19,FALSE,FALSE
6786209,"gate_40",21,FALSE,FALSE
6786234,"gate_30",26,TRUE,FALSE
6786285,"gate_40",110,TRUE,TRUE
6786439,"gate_30",19,FALSE,FALSE
6786501,"gate_30",5,FALSE,FALSE
6786653,"gate_30",44,FALSE,FALSE
6786670,"gate_30",173,TRUE,FALSE
6786799,"gate_40",42,FALSE,FALSE
6786804,"gate_40",43,FALSE,FALSE
6786870,"gate_30",51,TRUE,FALSE
6786986,"gate_40",8,TRUE,FALSE
6787020,"gate_30",11,FALSE,FALSE
6787024,"gate_40",7,FALSE,FALSE
6787171,"gate_30",140,TRUE,FALSE
6787203,"gate_40",52,TRUE,FALSE
6787420,"gate_30",22,FALSE,FALSE
6787540,"gate_30",33,FALSE,FALSE
6787542,"gate_40",0,FALSE,FALSE
6787559,"gate_40",82,TRUE,TRUE
6787585,"gate_40",1,FALSE,FALSE
6787655,"gate_30",65,FALSE,TRUE
6787694,"gate_30",24,TRUE,FALSE
6787713,"gate_40",13,FALSE,FALSE
6787976,"gate_40",242,TRUE,TRUE
6787990,"gate_30",13,FALSE,FALSE
6788003,"gate_40",5,FALSE,FALSE
6788300,"gate_30",4,FALSE,FALSE
6788323,"gate_40",99,TRUE,TRUE
6788366,"gate_30",125,TRUE,FALSE
6788648,"gate_30",5,TRUE,FALSE
6788657,"gate_30",9,TRUE,FALSE
6788714,"gate_40",25,FALSE,TRUE
6788729,"gate_40",5,FALSE,FALSE
6788760,"gate_30",0,FALSE,FALSE
6788926,"gate_40",56,TRUE,FALSE
6788985,"gate_40",28,TRUE,FALSE
6788998,"gate_40",24,TRUE,FALSE
6789001,"gate_30",7,FALSE,FALSE
6789091,"gate_40",4,FALSE,FALSE
6789279,"gate_30",31,FALSE,FALSE
6789309,"gate_40",1,FALSE,FALSE
6789335,"gate_30",12,FALSE,FALSE
6789346,"gate_30",305,TRUE,FALSE
6789454,"gate_30",9,FALSE,FALSE
6789574,"gate_40",52,TRUE,FALSE
6789607,"gate_40",72,TRUE,FALSE
6789619,"gate_30",29,TRUE,FALSE
6789790,"gate_40",6,FALSE,FALSE
6789808,"gate_30",13,FALSE,FALSE
6789869,"gate_40",1,FALSE,FALSE
6790005,"gate_30",5,FALSE,FALSE
6790079,"gate_40",2,FALSE,FALSE
6790121,"gate_30",40,TRUE,TRUE
6790203,"gate_40",22,FALSE,FALSE
6790288,"gate_40",33,TRUE,FALSE
6790334,"gate_30",35,TRUE,FALSE
6790495,"gate_40",3,FALSE,FALSE
6790581,"gate_30",54,TRUE,FALSE
6790601,"gate_30",9,FALSE,FALSE
6790683,"gate_40",20,TRUE,FALSE
6790801,"gate_30",138,TRUE,FALSE
6790967,"gate_30",9,TRUE,TRUE
6790974,"gate_40",18,FALSE,FALSE
6791029,"gate_30",35,FALSE,FALSE
6791151,"gate_30",75,FALSE,FALSE
6791187,"gate_30",2,FALSE,FALSE
6791277,"gate_40",0,FALSE,FALSE
6791628,"gate_40",1,FALSE,FALSE
6791712,"gate_40",6,FALSE,FALSE
6791738,"gate_40",10,TRUE,FALSE
6791858,"gate_30",1,FALSE,FALSE
6791950,"gate_30",41,TRUE,FALSE
6792193,"gate_40",8,FALSE,FALSE
6792435,"gate_40",34,TRUE,FALSE
6792437,"gate_30",18,FALSE,FALSE
6792465,"gate_30",4,FALSE,FALSE
6792611,"gate_30",76,FALSE,FALSE
6792690,"gate_30",19,FALSE,FALSE
6792804,"gate_40",8,FALSE,FALSE
6793097,"gate_30",9,TRUE,FALSE
6793355,"gate_30",20,TRUE,FALSE
6793383,"gate_40",21,TRUE,FALSE
6793405,"gate_40",8,FALSE,FALSE
6793495,"gate_30",124,TRUE,TRUE
6793592,"gate_40",2,FALSE,FALSE
6793612,"gate_30",4,FALSE,FALSE
6793719,"gate_30",2,FALSE,FALSE
6793724,"gate_30",6,TRUE,FALSE
6793758,"gate_30",41,TRUE,FALSE
6793950,"gate_30",40,FALSE,FALSE
6793965,"gate_30",35,TRUE,TRUE
6794250,"gate_30",2,FALSE,FALSE
6794295,"gate_30",139,TRUE,TRUE
6794609,"gate_40",6,FALSE,FALSE
6794657,"gate_30",7,FALSE,FALSE
6794745,"gate_30",10,FALSE,FALSE
6794848,"gate_30",23,TRUE,TRUE
6794939,"gate_30",12,TRUE,FALSE
6795078,"gate_40",48,FALSE,FALSE
6795241,"gate_30",35,FALSE,TRUE
6795257,"gate_40",45,TRUE,TRUE
6795377,"gate_40",13,TRUE,FALSE
6795480,"gate_30",8,FALSE,FALSE
6795537,"gate_40",9,TRUE,FALSE
6795643,"gate_40",9,FALSE,FALSE
6795791,"gate_40",38,TRUE,FALSE
6795793,"gate_30",11,FALSE,FALSE
6795879,"gate_30",20,TRUE,FALSE
6795902,"gate_30",103,TRUE,FALSE
6795971,"gate_30",1,FALSE,FALSE
6796030,"gate_30",17,FALSE,FALSE
6796168,"gate_40",84,TRUE,FALSE
6796218,"gate_30",64,TRUE,TRUE
6796283,"gate_30",258,TRUE,TRUE
6796310,"gate_40",394,TRUE,TRUE
6796346,"gate_30",20,FALSE,TRUE
6796360,"gate_40",6,FALSE,FALSE
6796376,"gate_30",99,TRUE,FALSE
6796434,"gate_30",4,FALSE,FALSE
6796478,"gate_40",520,TRUE,TRUE
6796555,"gate_40",13,TRUE,FALSE
6796647,"gate_30",7,FALSE,FALSE
6796849,"gate_30",28,FALSE,FALSE
6796923,"gate_30",1,FALSE,FALSE
6797487,"gate_40",0,FALSE,FALSE
6797518,"gate_40",45,TRUE,FALSE
6797608,"gate_30",214,TRUE,FALSE
6797960,"gate_30",18,FALSE,FALSE
6798096,"gate_40",116,TRUE,FALSE
6798164,"gate_40",2,FALSE,FALSE
6798271,"gate_40",224,TRUE,TRUE
6798351,"gate_30",6,FALSE,FALSE
6798397,"gate_30",87,TRUE,FALSE
6798461,"gate_30",27,FALSE,FALSE
6798615,"gate_30",3,FALSE,FALSE
6799273,"gate_40",33,TRUE,FALSE
6799605,"gate_30",15,TRUE,FALSE
6799657,"gate_40",8,FALSE,TRUE
6799711,"gate_40",0,FALSE,FALSE
6800178,"gate_40",16,FALSE,FALSE
6800234,"gate_30",3,FALSE,FALSE
6800244,"gate_40",1,FALSE,FALSE
6800251,"gate_30",2,FALSE,FALSE
6800315,"gate_40",13,FALSE,FALSE
6800423,"gate_30",17,TRUE,FALSE
6800600,"gate_30",4,FALSE,FALSE
6800762,"gate_30",1,FALSE,FALSE
6800895,"gate_30",24,FALSE,FALSE
6801070,"gate_30",80,TRUE,FALSE
6801285,"gate_40",12,FALSE,FALSE
6801342,"gate_30",8,FALSE,FALSE
6801418,"gate_40",7,FALSE,FALSE
6801781,"gate_30",33,TRUE,TRUE
6801795,"gate_30",8,FALSE,FALSE
6801797,"gate_40",2,FALSE,FALSE
6801811,"gate_40",57,TRUE,FALSE
6801839,"gate_30",12,FALSE,FALSE
6801870,"gate_40",9,FALSE,FALSE
6802005,"gate_40",6,TRUE,FALSE
6802053,"gate_30",11,FALSE,FALSE
6802431,"gate_40",37,FALSE,TRUE
6802451,"gate_30",230,TRUE,TRUE
6802468,"gate_40",95,TRUE,TRUE
6802532,"gate_30",460,TRUE,TRUE
6802574,"gate_30",37,TRUE,FALSE
6802642,"gate_40",0,FALSE,FALSE
6802680,"gate_40",4,FALSE,FALSE
6802694,"gate_30",0,FALSE,FALSE
6802768,"gate_40",4,FALSE,FALSE
6802984,"gate_30",19,TRUE,TRUE
6803008,"gate_40",54,TRUE,FALSE
6803040,"gate_40",42,FALSE,FALSE
6803099,"gate_40",9,FALSE,FALSE
6803411,"gate_40",1,FALSE,FALSE
6803498,"gate_40",90,TRUE,FALSE
6803612,"gate_40",89,TRUE,TRUE
6803731,"gate_40",24,TRUE,FALSE
6803853,"gate_40",89,TRUE,TRUE
6803903,"gate_30",2,FALSE,FALSE
6803933,"gate_40",63,FALSE,TRUE
6804410,"gate_30",6,TRUE,FALSE
6804618,"gate_30",10,FALSE,FALSE
6804873,"gate_30",167,TRUE,TRUE
6805097,"gate_40",103,TRUE,TRUE
6805128,"gate_40",18,FALSE,FALSE
6805199,"gate_40",21,TRUE,FALSE
6805311,"gate_30",46,TRUE,FALSE
6805346,"gate_30",101,TRUE,FALSE
6805616,"gate_30",106,TRUE,FALSE
6805617,"gate_30",40,FALSE,FALSE
6805765,"gate_40",18,FALSE,TRUE
6805845,"gate_30",12,TRUE,FALSE
6805855,"gate_40",2,FALSE,FALSE
6805897,"gate_30",272,TRUE,TRUE
6806135,"gate_40",48,TRUE,FALSE
6806243,"gate_40",0,FALSE,FALSE
6806251,"gate_40",5,FALSE,FALSE
6806409,"gate_30",35,FALSE,TRUE
6806464,"gate_40",12,FALSE,FALSE
6806478,"gate_40",34,TRUE,FALSE
6806763,"gate_40",47,TRUE,FALSE
6806810,"gate_30",18,TRUE,FALSE
6807029,"gate_30",3,TRUE,FALSE
6807062,"gate_30",4,FALSE,FALSE
6807119,"gate_30",81,TRUE,FALSE
6807363,"gate_30",3,FALSE,FALSE
6807369,"gate_40",20,FALSE,FALSE
6807371,"gate_40",1,FALSE,FALSE
6807397,"gate_30",3,FALSE,FALSE
6807415,"gate_40",74,TRUE,FALSE
6807530,"gate_30",21,TRUE,FALSE
6807578,"gate_40",68,TRUE,FALSE
6807900,"gate_30",12,FALSE,FALSE
6808059,"gate_30",87,TRUE,TRUE
6808062,"gate_40",75,FALSE,FALSE
6808144,"gate_30",3,FALSE,FALSE
6808170,"gate_30",17,FALSE,FALSE
6808175,"gate_30",3,FALSE,FALSE
6808197,"gate_30",2,FALSE,FALSE
6808253,"gate_30",55,TRUE,FALSE
6808429,"gate_40",290,TRUE,TRUE
6808495,"gate_40",20,FALSE,FALSE
6808638,"gate_30",94,TRUE,FALSE
6808761,"gate_40",90,TRUE,FALSE
6808813,"gate_40",127,TRUE,TRUE
6808959,"gate_40",12,FALSE,FALSE
6809259,"gate_40",10,FALSE,FALSE
6809388,"gate_40",16,FALSE,FALSE
6809542,"gate_40",4,FALSE,FALSE
6809564,"gate_30",46,TRUE,FALSE
6809661,"gate_40",2,FALSE,FALSE
6809736,"gate_40",4,FALSE,FALSE
6809823,"gate_30",10,FALSE,FALSE
6809959,"gate_40",2,FALSE,FALSE
6810026,"gate_40",150,FALSE,TRUE
6810028,"gate_40",1,FALSE,FALSE
6810052,"gate_30",65,TRUE,FALSE
6810067,"gate_30",0,FALSE,FALSE
6810134,"gate_30",32,FALSE,FALSE
6810148,"gate_40",0,FALSE,FALSE
6810178,"gate_40",26,FALSE,FALSE
6810256,"gate_40",28,FALSE,FALSE
6810322,"gate_40",493,TRUE,TRUE
6810385,"gate_40",2,FALSE,FALSE
6810462,"gate_30",43,TRUE,FALSE
6810466,"gate_30",4,TRUE,FALSE
6810499,"gate_30",12,TRUE,FALSE
6810535,"gate_40",80,TRUE,FALSE
6810634,"gate_40",6,TRUE,FALSE
6810760,"gate_30",26,FALSE,FALSE
6810821,"gate_40",212,TRUE,TRUE
6810962,"gate_30",97,TRUE,FALSE
6811633,"gate_30",87,TRUE,FALSE
6811700,"gate_40",70,TRUE,TRUE
6812113,"gate_40",128,TRUE,FALSE
6812308,"gate_30",51,TRUE,FALSE
6812466,"gate_30",8,FALSE,FALSE
6812484,"gate_30",89,TRUE,FALSE
6812519,"gate_30",9,TRUE,FALSE
6812594,"gate_30",13,TRUE,TRUE
6812774,"gate_40",101,TRUE,FALSE
6813094,"gate_30",27,TRUE,FALSE
6813252,"gate_40",44,TRUE,TRUE
6813266,"gate_30",75,FALSE,FALSE
6813281,"gate_40",155,TRUE,FALSE
6813480,"gate_30",16,FALSE,FALSE
6813489,"gate_40",19,FALSE,FALSE
6813524,"gate_40",8,TRUE,FALSE
6813574,"gate_30",3,FALSE,FALSE
6813597,"gate_40",17,TRUE,FALSE
6813774,"gate_40",10,FALSE,FALSE
6813777,"gate_30",41,TRUE,FALSE
6813900,"gate_30",2,FALSE,FALSE
6814058,"gate_40",1,FALSE,FALSE
6814085,"gate_40",7,FALSE,TRUE
6814342,"gate_40",208,TRUE,TRUE
6814424,"gate_30",3,FALSE,FALSE
6814472,"gate_30",98,TRUE,FALSE
6814527,"gate_40",4,TRUE,FALSE
6814632,"gate_30",47,FALSE,TRUE
6814674,"gate_30",20,TRUE,FALSE
6814855,"gate_30",58,TRUE,FALSE
6815049,"gate_40",42,FALSE,FALSE
6815219,"gate_30",42,TRUE,FALSE
6815248,"gate_40",29,TRUE,FALSE
6815299,"gate_40",6,TRUE,FALSE
6815322,"gate_30",3,FALSE,FALSE
6815455,"gate_40",2,FALSE,FALSE
6815483,"gate_40",41,TRUE,TRUE
6815658,"gate_30",14,TRUE,TRUE
6815846,"gate_40",8,FALSE,FALSE
6815987,"gate_30",40,TRUE,FALSE
6816139,"gate_30",9,FALSE,FALSE
6816183,"gate_30",23,FALSE,FALSE
6816327,"gate_40",26,FALSE,FALSE
6816335,"gate_30",4,FALSE,FALSE
6816455,"gate_40",3,FALSE,FALSE
6816706,"gate_30",49,TRUE,FALSE
6816709,"gate_30",9,FALSE,FALSE
6816711,"gate_40",2,FALSE,FALSE
6816724,"gate_30",14,FALSE,FALSE
6816841,"gate_30",231,TRUE,FALSE
6816974,"gate_30",3,FALSE,FALSE
6817089,"gate_30",0,FALSE,FALSE
6817397,"gate_40",99,TRUE,TRUE
6817411,"gate_40",8,FALSE,FALSE
6817447,"gate_40",3,FALSE,FALSE
6817545,"gate_30",4,FALSE,FALSE
6817681,"gate_40",3,FALSE,FALSE
6817910,"gate_40",317,TRUE,TRUE
6817964,"gate_40",34,TRUE,FALSE
6817995,"gate_40",104,TRUE,FALSE
6818035,"gate_40",2,FALSE,FALSE
6818041,"gate_40",145,TRUE,TRUE
6818151,"gate_40",292,TRUE,FALSE
6818239,"gate_30",11,TRUE,FALSE
6818354,"gate_30",10,TRUE,FALSE
6818422,"gate_40",12,FALSE,FALSE
6818474,"gate_30",5,FALSE,FALSE
6818747,"gate_30",220,TRUE,FALSE
6818780,"gate_30",20,FALSE,FALSE
6818785,"gate_30",2,FALSE,FALSE
6819269,"gate_30",34,TRUE,FALSE
6819281,"gate_40",336,TRUE,TRUE
6819438,"gate_40",8,TRUE,FALSE
6819654,"gate_40",49,TRUE,FALSE
6820147,"gate_30",172,TRUE,TRUE
6820208,"gate_40",9,TRUE,FALSE
6820214,"gate_40",35,TRUE,TRUE
6820250,"gate_30",8,TRUE,FALSE
6820258,"gate_30",0,FALSE,FALSE
6820265,"gate_30",123,TRUE,TRUE
6820347,"gate_30",33,TRUE,FALSE
6820412,"gate_30",49,TRUE,FALSE
6820505,"gate_30",4,FALSE,FALSE
6820517,"gate_30",97,FALSE,TRUE
6820569,"gate_30",9,TRUE,FALSE
6820601,"gate_30",22,TRUE,FALSE
6820607,"gate_40",140,TRUE,FALSE
6820663,"gate_30",4,FALSE,FALSE
6820684,"gate_40",66,TRUE,FALSE
6820763,"gate_30",4,FALSE,FALSE
6820966,"gate_40",21,FALSE,FALSE
6820969,"gate_30",11,FALSE,FALSE
6821162,"gate_30",14,TRUE,FALSE
6821218,"gate_30",1,FALSE,FALSE
6821271,"gate_30",108,TRUE,FALSE
6821341,"gate_30",114,TRUE,FALSE
6821447,"gate_30",29,FALSE,FALSE
6821455,"gate_40",49,TRUE,TRUE
6821511,"gate_40",153,FALSE,FALSE
6821513,"gate_30",508,TRUE,TRUE
6821576,"gate_40",67,FALSE,TRUE
6821595,"gate_40",135,FALSE,FALSE
6821613,"gate_30",4,FALSE,FALSE
6821711,"gate_30",7,FALSE,FALSE
6821717,"gate_30",8,FALSE,FALSE
6822088,"gate_30",27,FALSE,FALSE
6822592,"gate_30",20,FALSE,FALSE
6822823,"gate_30",67,TRUE,TRUE
6822895,"gate_30",7,FALSE,FALSE
6822973,"gate_30",21,FALSE,FALSE
6823004,"gate_40",90,FALSE,FALSE
6823089,"gate_40",8,FALSE,FALSE
6823137,"gate_40",1,FALSE,FALSE
6823178,"gate_30",9,FALSE,FALSE
6823189,"gate_40",19,TRUE,TRUE
6823503,"gate_40",5,FALSE,FALSE
6824209,"gate_30",23,FALSE,FALSE
6824212,"gate_40",1,FALSE,FALSE
6824285,"gate_40",7,FALSE,FALSE
6824460,"gate_40",53,FALSE,FALSE
6824499,"gate_30",24,FALSE,FALSE
6824747,"gate_40",5,FALSE,FALSE
6825191,"gate_40",2,FALSE,FALSE
6825618,"gate_30",35,FALSE,FALSE
6825633,"gate_40",3,TRUE,FALSE
6825780,"gate_30",6,FALSE,FALSE
6825806,"gate_40",39,TRUE,FALSE
6825870,"gate_30",24,FALSE,FALSE
6825890,"gate_40",0,FALSE,FALSE
6825959,"gate_30",23,FALSE,FALSE
6825966,"gate_40",3,FALSE,FALSE
6825982,"gate_40",0,FALSE,FALSE
6826008,"gate_30",3,FALSE,FALSE
6826020,"gate_40",2,FALSE,FALSE
6826085,"gate_40",4,FALSE,FALSE
6826086,"gate_30",49,TRUE,TRUE
6826135,"gate_40",3,FALSE,FALSE
6826170,"gate_40",7,FALSE,FALSE
6826198,"gate_30",20,FALSE,FALSE
6826210,"gate_40",1,FALSE,FALSE
6826215,"gate_40",24,FALSE,FALSE
6826356,"gate_40",2,FALSE,FALSE
6826379,"gate_40",49,TRUE,FALSE
6826431,"gate_30",47,TRUE,FALSE
6826655,"gate_30",35,TRUE,TRUE
6826673,"gate_30",10,FALSE,FALSE
6826692,"gate_40",62,TRUE,FALSE
6826717,"gate_30",255,TRUE,TRUE
6826734,"gate_30",2,FALSE,FALSE
6826811,"gate_40",4,FALSE,FALSE
6826923,"gate_40",54,TRUE,FALSE
6827299,"gate_30",14,FALSE,FALSE
6827380,"gate_30",5,FALSE,FALSE
6827404,"gate_30",0,FALSE,FALSE
6827419,"gate_40",30,TRUE,FALSE
6827527,"gate_40",1,FALSE,FALSE
6827529,"gate_40",17,TRUE,FALSE
6827605,"gate_30",119,TRUE,TRUE
6827789,"gate_40",41,TRUE,TRUE
6827803,"gate_40",4,FALSE,FALSE
6827843,"gate_30",187,TRUE,FALSE
6828182,"gate_40",7,FALSE,FALSE
6828190,"gate_30",49,TRUE,TRUE
6828290,"gate_30",88,FALSE,TRUE
6828314,"gate_40",8,FALSE,TRUE
6828355,"gate_30",60,FALSE,FALSE
6828369,"gate_40",6,FALSE,FALSE
6828383,"gate_40",1370,TRUE,TRUE
6828409,"gate_40",10,TRUE,FALSE
6828436,"gate_30",460,TRUE,FALSE
6828456,"gate_40",0,FALSE,FALSE
6828461,"gate_40",11,TRUE,FALSE
6828772,"gate_30",42,TRUE,FALSE
6828833,"gate_30",2,FALSE,FALSE
6828867,"gate_30",4,FALSE,FALSE
6828871,"gate_30",143,TRUE,TRUE
6829202,"gate_40",2,FALSE,FALSE
6829336,"gate_40",0,FALSE,FALSE
6829374,"gate_30",113,TRUE,FALSE
6829438,"gate_30",19,TRUE,FALSE
6829517,"gate_30",3,TRUE,FALSE
6829731,"gate_40",3,FALSE,FALSE
6829858,"gate_30",1,FALSE,FALSE
6829883,"gate_30",27,TRUE,FALSE
6829910,"gate_30",11,FALSE,FALSE
6829990,"gate_30",34,TRUE,FALSE
6830276,"gate_40",2,FALSE,FALSE
6830423,"gate_30",2,FALSE,FALSE
6831451,"gate_30",4,FALSE,FALSE
6831555,"gate_40",1,FALSE,FALSE
6831556,"gate_40",11,FALSE,FALSE
6831614,"gate_30",4,FALSE,FALSE
6831972,"gate_30",2,FALSE,TRUE
6832005,"gate_30",2,FALSE,FALSE
6832239,"gate_30",27,FALSE,FALSE
6832460,"gate_40",8,TRUE,FALSE
6832533,"gate_40",2,FALSE,FALSE
6832571,"gate_40",1,FALSE,FALSE
6832650,"gate_30",217,TRUE,TRUE
6832708,"gate_30",23,FALSE,FALSE
6832768,"gate_40",1,FALSE,FALSE
6832784,"gate_40",19,TRUE,TRUE
6832793,"gate_40",0,FALSE,FALSE
6832821,"gate_30",252,TRUE,TRUE
6833225,"gate_40",3,FALSE,FALSE
6833310,"gate_30",0,FALSE,FALSE
6833371,"gate_30",2,FALSE,FALSE
6833378,"gate_30",39,FALSE,FALSE
6833544,"gate_30",68,TRUE,FALSE
6833571,"gate_40",54,FALSE,FALSE
6833821,"gate_40",0,FALSE,FALSE
6833825,"gate_40",28,FALSE,FALSE
6833890,"gate_30",110,TRUE,FALSE
6833937,"gate_30",6,FALSE,FALSE
6834022,"gate_30",65,TRUE,FALSE
6834226,"gate_40",1,FALSE,FALSE
6834337,"gate_30",3,FALSE,FALSE
6834480,"gate_30",6,TRUE,FALSE
6834591,"gate_40",42,TRUE,FALSE
6834634,"gate_30",36,TRUE,FALSE
6834680,"gate_30",26,FALSE,FALSE
6834700,"gate_30",30,FALSE,FALSE
6834774,"gate_30",11,FALSE,FALSE
6835127,"gate_30",32,TRUE,FALSE
6835172,"gate_30",159,TRUE,TRUE
6835174,"gate_40",185,TRUE,TRUE
6835239,"gate_40",74,FALSE,TRUE
6835261,"gate_40",31,FALSE,FALSE
6835285,"gate_40",15,FALSE,FALSE
6835344,"gate_40",67,TRUE,FALSE
6835477,"gate_30",8,FALSE,FALSE
6835502,"gate_40",9,FALSE,FALSE
6835654,"gate_30",44,TRUE,FALSE
6835729,"gate_40",9,FALSE,FALSE
6835840,"gate_40",14,TRUE,FALSE
6835875,"gate_40",32,TRUE,TRUE
6835901,"gate_40",33,FALSE,TRUE
6836100,"gate_30",4,FALSE,FALSE
6836175,"gate_30",52,TRUE,FALSE
6836266,"gate_40",95,TRUE,FALSE
6836274,"gate_30",192,TRUE,FALSE
6836301,"gate_40",78,TRUE,TRUE
6836464,"gate_30",82,TRUE,FALSE
6836812,"gate_40",2,FALSE,FALSE
6836933,"gate_40",23,FALSE,FALSE
6837222,"gate_40",20,FALSE,FALSE
6837408,"gate_30",53,TRUE,FALSE
6837427,"gate_40",51,TRUE,FALSE
6837597,"gate_30",10,FALSE,FALSE
6837601,"gate_40",50,TRUE,TRUE
6837602,"gate_40",10,FALSE,FALSE
6837856,"gate_30",24,FALSE,FALSE
6837995,"gate_30",132,TRUE,TRUE
6838048,"gate_40",350,TRUE,TRUE
6838189,"gate_30",2,FALSE,FALSE
6838248,"gate_40",9,FALSE,FALSE
6838333,"gate_30",26,FALSE,TRUE
6838362,"gate_30",53,TRUE,TRUE
6838499,"gate_40",91,TRUE,TRUE
6838712,"gate_30",13,TRUE,FALSE
6838724,"gate_40",83,TRUE,FALSE
6839023,"gate_40",5,FALSE,FALSE
6839177,"gate_30",39,TRUE,FALSE
6839192,"gate_40",3,FALSE,FALSE
6839254,"gate_40",11,TRUE,FALSE
6839260,"gate_40",1,FALSE,FALSE
6839438,"gate_30",2,FALSE,FALSE
6839595,"gate_30",58,FALSE,FALSE
6840060,"gate_30",4,FALSE,FALSE
6840233,"gate_30",21,FALSE,FALSE
6840299,"gate_30",60,FALSE,TRUE
6840482,"gate_30",5,TRUE,FALSE
6840692,"gate_40",104,TRUE,FALSE
6840854,"gate_40",21,TRUE,TRUE
6840945,"gate_40",1,FALSE,FALSE
6841004,"gate_40",0,FALSE,FALSE
6841007,"gate_30",0,FALSE,FALSE
6841114,"gate_40",0,FALSE,FALSE
6841142,"gate_40",10,FALSE,FALSE
6841367,"gate_40",2,FALSE,FALSE
6841530,"gate_30",17,FALSE,FALSE
6841540,"gate_30",57,TRUE,TRUE
6841591,"gate_40",102,TRUE,FALSE
6841604,"gate_30",18,TRUE,FALSE
6841766,"gate_40",7,FALSE,FALSE
6842267,"gate_30",26,TRUE,FALSE
6842271,"gate_40",0,FALSE,FALSE
6842345,"gate_30",409,TRUE,TRUE
6842552,"gate_30",231,TRUE,TRUE
6842672,"gate_40",3,FALSE,FALSE
6842695,"gate_40",3,FALSE,FALSE
6842726,"gate_40",4,FALSE,FALSE
6842894,"gate_40",7,FALSE,FALSE
6842913,"gate_40",0,FALSE,TRUE
6843029,"gate_30",37,FALSE,TRUE
6843091,"gate_30",10,TRUE,FALSE
6843406,"gate_30",2,TRUE,FALSE
6843474,"gate_40",25,TRUE,FALSE
6843525,"gate_30",41,FALSE,FALSE
6843583,"gate_40",151,TRUE,TRUE
6843630,"gate_30",61,TRUE,FALSE
6843689,"gate_30",9,FALSE,FALSE
6843771,"gate_30",53,TRUE,FALSE
6843824,"gate_30",60,FALSE,TRUE
6844208,"gate_30",8,FALSE,FALSE
6844296,"gate_30",40,TRUE,FALSE
6844421,"gate_40",543,TRUE,TRUE
6844458,"gate_30",0,FALSE,FALSE
6844598,"gate_40",61,FALSE,FALSE
6844774,"gate_40",1,FALSE,FALSE
6845019,"gate_30",1,FALSE,FALSE
6845069,"gate_40",11,FALSE,FALSE
6845213,"gate_40",5,FALSE,FALSE
6845317,"gate_40",17,TRUE,FALSE
6845319,"gate_30",35,TRUE,FALSE
6845434,"gate_40",0,FALSE,FALSE
6845581,"gate_40",71,TRUE,TRUE
6845710,"gate_40",70,TRUE,TRUE
6845730,"gate_40",112,TRUE,FALSE
6845787,"gate_40",15,FALSE,FALSE
6845788,"gate_40",15,FALSE,FALSE
6845835,"gate_40",5,FALSE,FALSE
6845852,"gate_30",4,FALSE,FALSE
6845855,"gate_30",2,FALSE,FALSE
6846108,"gate_40",5,FALSE,FALSE
6846145,"gate_30",58,TRUE,TRUE
6846146,"gate_40",10,FALSE,FALSE
6846153,"gate_40",53,TRUE,FALSE
6846159,"gate_40",5,FALSE,FALSE
6846282,"gate_40",3,FALSE,FALSE
6846418,"gate_40",0,FALSE,TRUE
6846428,"gate_30",1,FALSE,FALSE
6846500,"gate_40",924,TRUE,TRUE
6846793,"gate_40",10,FALSE,FALSE
6846967,"gate_30",46,TRUE,FALSE
6847046,"gate_30",0,FALSE,FALSE
6847151,"gate_30",27,FALSE,FALSE
6847299,"gate_30",54,TRUE,FALSE
6847368,"gate_40",1,FALSE,FALSE
6847554,"gate_40",5,FALSE,FALSE
6847689,"gate_40",59,TRUE,FALSE
6847729,"gate_30",0,FALSE,FALSE
6847817,"gate_40",51,TRUE,FALSE
6847822,"gate_40",3,FALSE,FALSE
6847927,"gate_30",195,TRUE,FALSE
6848029,"gate_40",15,TRUE,FALSE
6848067,"gate_40",3,FALSE,FALSE
6848084,"gate_30",256,TRUE,TRUE
6848196,"gate_30",135,TRUE,FALSE
6848332,"gate_40",8,FALSE,FALSE
6848489,"gate_40",128,TRUE,TRUE
6848534,"gate_40",15,FALSE,FALSE
6848574,"gate_40",55,FALSE,FALSE
6848617,"gate_30",9,FALSE,FALSE
6848670,"gate_40",109,TRUE,FALSE
6848806,"gate_40",5,FALSE,FALSE
6849055,"gate_40",1,FALSE,FALSE
6849243,"gate_40",27,TRUE,FALSE
6849289,"gate_30",5,FALSE,FALSE
6849330,"gate_30",30,TRUE,FALSE
6849343,"gate_40",180,TRUE,FALSE
6849957,"gate_40",1,FALSE,FALSE
6849967,"gate_40",142,TRUE,TRUE
6849986,"gate_30",5,FALSE,FALSE
6850094,"gate_40",197,TRUE,FALSE
6850196,"gate_30",60,TRUE,FALSE
6850557,"gate_30",0,FALSE,FALSE
6850701,"gate_40",1,FALSE,FALSE
6850861,"gate_40",65,TRUE,FALSE
6850918,"gate_30",56,FALSE,FALSE
6851287,"gate_30",5,FALSE,FALSE
6851325,"gate_40",12,FALSE,FALSE
6851326,"gate_30",81,TRUE,TRUE
6851342,"gate_40",5,TRUE,FALSE
6851437,"gate_30",40,FALSE,FALSE
6851475,"gate_30",33,TRUE,FALSE
6851495,"gate_30",70,FALSE,TRUE
6851860,"gate_30",278,TRUE,TRUE
6851884,"gate_40",6,FALSE,FALSE
6852103,"gate_40",108,TRUE,FALSE
6852136,"gate_40",9,TRUE,FALSE
6852248,"gate_30",4,TRUE,FALSE
6852541,"gate_30",11,FALSE,FALSE
6852671,"gate_40",128,TRUE,FALSE
6852734,"gate_30",28,FALSE,FALSE
6852776,"gate_40",3,TRUE,FALSE
6852976,"gate_30",9,FALSE,FALSE
6853006,"gate_30",3,FALSE,FALSE
6853098,"gate_40",0,FALSE,FALSE
6853100,"gate_40",486,TRUE,TRUE
6853236,"gate_40",32,FALSE,FALSE
6853266,"gate_40",53,FALSE,TRUE
6853271,"gate_40",14,TRUE,FALSE
6853304,"gate_30",7,FALSE,FALSE
6853660,"gate_30",13,FALSE,FALSE
6853683,"gate_30",22,FALSE,FALSE
6853768,"gate_40",29,TRUE,FALSE
6853777,"gate_30",96,TRUE,TRUE
6853816,"gate_40",25,TRUE,FALSE
6853845,"gate_40",9,TRUE,FALSE
6853882,"gate_30",3,FALSE,FALSE
6853957,"gate_30",3,FALSE,FALSE
6854142,"gate_30",12,FALSE,FALSE
6854292,"gate_30",1,FALSE,FALSE
6854315,"gate_40",20,FALSE,FALSE
6854519,"gate_40",7,FALSE,FALSE
6854729,"gate_30",45,TRUE,TRUE
6854758,"gate_40",116,TRUE,TRUE
6854831,"gate_40",65,TRUE,TRUE
6855053,"gate_40",32,FALSE,FALSE
6855151,"gate_40",18,FALSE,FALSE
6855216,"gate_30",4,FALSE,FALSE
6855275,"gate_30",50,TRUE,TRUE
6855277,"gate_40",30,TRUE,FALSE
6855367,"gate_40",12,FALSE,FALSE
6855596,"gate_30",44,TRUE,FALSE
6855657,"gate_30",0,FALSE,FALSE
6855662,"gate_40",12,TRUE,FALSE
6855919,"gate_30",80,TRUE,FALSE
6855937,"gate_40",1,FALSE,FALSE
6856011,"gate_40",0,FALSE,FALSE
6856084,"gate_40",5,FALSE,FALSE
6856100,"gate_40",208,TRUE,FALSE
6856354,"gate_30",1,FALSE,FALSE
6856444,"gate_30",5,FALSE,FALSE
6856597,"gate_30",13,FALSE,FALSE
6856634,"gate_40",5,FALSE,FALSE
6856724,"gate_30",3,FALSE,FALSE
6856856,"gate_30",19,FALSE,FALSE
6856958,"gate_40",54,TRUE,TRUE
6857033,"gate_30",116,FALSE,FALSE
6857056,"gate_40",0,FALSE,FALSE
6857379,"gate_40",60,FALSE,FALSE
6857518,"gate_30",18,TRUE,FALSE
6857546,"gate_30",13,FALSE,FALSE
6857602,"gate_40",16,FALSE,FALSE
6857783,"gate_30",7,FALSE,TRUE
6857788,"gate_40",576,TRUE,TRUE
6857881,"gate_40",0,FALSE,FALSE
6858036,"gate_30",22,TRUE,FALSE
6858040,"gate_40",17,FALSE,FALSE
6858047,"gate_40",9,TRUE,FALSE
6858102,"gate_40",8,FALSE,FALSE
6858179,"gate_40",2,FALSE,FALSE
6858201,"gate_40",4,FALSE,FALSE
6858228,"gate_30",2,FALSE,FALSE
6858245,"gate_40",70,TRUE,FALSE
6858313,"gate_30",24,TRUE,FALSE
6858346,"gate_40",51,TRUE,TRUE
6858447,"gate_30",83,TRUE,FALSE
6858767,"gate_30",107,TRUE,TRUE
6858851,"gate_30",5,FALSE,FALSE
6858948,"gate_30",10,FALSE,FALSE
6859109,"gate_30",21,FALSE,TRUE
6859316,"gate_30",3,FALSE,FALSE
6859969,"gate_30",27,FALSE,TRUE
6860106,"gate_30",70,TRUE,FALSE
6860123,"gate_40",6,FALSE,FALSE
6860197,"gate_40",215,TRUE,TRUE
6860266,"gate_40",7,FALSE,FALSE
6860297,"gate_30",37,TRUE,TRUE
6860502,"gate_30",3,FALSE,FALSE
6860527,"gate_40",4,FALSE,FALSE
6860555,"gate_40",23,TRUE,FALSE
6860671,"gate_30",71,TRUE,TRUE
6860719,"gate_30",19,FALSE,FALSE
6860784,"gate_40",15,TRUE,FALSE
6861076,"gate_40",28,TRUE,FALSE
6861085,"gate_30",33,FALSE,FALSE
6861125,"gate_30",35,TRUE,FALSE
6861157,"gate_40",60,FALSE,FALSE
6861327,"gate_40",18,TRUE,TRUE
6861432,"gate_30",138,TRUE,TRUE
6861476,"gate_40",10,FALSE,FALSE
6861582,"gate_30",16,FALSE,FALSE
6861759,"gate_40",20,FALSE,FALSE
6862218,"gate_40",416,TRUE,TRUE
6862401,"gate_30",8,TRUE,FALSE
6862538,"gate_40",15,TRUE,FALSE
6862752,"gate_40",12,FALSE,FALSE
6862896,"gate_30",6,FALSE,FALSE
6863134,"gate_30",32,TRUE,FALSE
6863211,"gate_40",24,FALSE,FALSE
6863216,"gate_30",37,FALSE,TRUE
6863286,"gate_30",17,FALSE,FALSE
6863319,"gate_40",5,TRUE,FALSE
6863474,"gate_40",8,FALSE,FALSE
6863535,"gate_40",20,FALSE,FALSE
6863784,"gate_30",8,FALSE,FALSE
6863840,"gate_40",52,TRUE,FALSE
6864115,"gate_30",312,TRUE,TRUE
6864351,"gate_30",4,FALSE,FALSE
6864365,"gate_30",42,TRUE,TRUE
6864399,"gate_40",9,FALSE,FALSE
6864498,"gate_40",5,FALSE,FALSE
6864596,"gate_30",12,TRUE,FALSE
6864680,"gate_40",57,TRUE,FALSE
6864978,"gate_40",51,TRUE,FALSE
6865211,"gate_40",186,TRUE,TRUE
6865267,"gate_40",12,TRUE,FALSE
6865324,"gate_30",22,FALSE,FALSE
6865351,"gate_40",35,TRUE,FALSE
6865354,"gate_40",24,FALSE,FALSE
6865412,"gate_30",10,FALSE,FALSE
6865465,"gate_40",20,TRUE,FALSE
6865502,"gate_30",352,FALSE,TRUE
6865633,"gate_30",7,FALSE,FALSE
6865636,"gate_40",12,FALSE,FALSE
6865876,"gate_30",37,TRUE,FALSE
6865879,"gate_40",5,FALSE,FALSE
6865926,"gate_40",18,FALSE,FALSE
6865946,"gate_30",118,TRUE,TRUE
6865993,"gate_40",149,TRUE,TRUE
6866014,"gate_40",0,FALSE,FALSE
6866111,"gate_40",495,TRUE,TRUE
6866290,"gate_30",2,FALSE,FALSE
6866390,"gate_40",6,TRUE,FALSE
6866392,"gate_40",29,FALSE,FALSE
6866396,"gate_30",15,FALSE,FALSE
6866473,"gate_40",17,TRUE,FALSE
6866511,"gate_30",4,FALSE,FALSE
6866515,"gate_30",12,FALSE,FALSE
6866835,"gate_30",13,TRUE,FALSE
6866880,"gate_30",24,FALSE,FALSE
6866966,"gate_30",35,TRUE,FALSE
6867243,"gate_40",12,TRUE,FALSE
6867350,"gate_30",22,FALSE,FALSE
6867494,"gate_40",19,TRUE,FALSE
6867989,"gate_30",102,TRUE,TRUE
6868032,"gate_30",6,TRUE,FALSE
6868137,"gate_30",15,FALSE,FALSE
6868225,"gate_40",375,TRUE,FALSE
6868328,"gate_40",68,TRUE,TRUE
6868471,"gate_40",34,TRUE,FALSE
6868597,"gate_40",1,FALSE,FALSE
6868599,"gate_40",109,FALSE,FALSE
6868631,"gate_40",3,FALSE,FALSE
6868739,"gate_30",14,FALSE,FALSE
6868770,"gate_30",2,FALSE,FALSE
6868832,"gate_30",3,FALSE,FALSE
6868874,"gate_30",9,FALSE,FALSE
6868939,"gate_30",7,FALSE,FALSE
6869096,"gate_40",18,FALSE,TRUE
6869097,"gate_40",58,TRUE,TRUE
6869112,"gate_40",126,TRUE,TRUE
6869142,"gate_30",22,FALSE,FALSE
6869211,"gate_40",13,FALSE,FALSE
6869326,"gate_30",34,TRUE,TRUE
6869487,"gate_40",2,FALSE,FALSE
6869680,"gate_40",38,TRUE,TRUE
6869698,"gate_40",735,TRUE,TRUE
6869714,"gate_30",2,FALSE,FALSE
6869801,"gate_30",12,TRUE,FALSE
6869861,"gate_30",47,TRUE,FALSE
6869924,"gate_40",77,TRUE,TRUE
6869976,"gate_40",13,TRUE,FALSE
6870158,"gate_40",11,FALSE,FALSE
6870452,"gate_30",218,TRUE,FALSE
6870574,"gate_40",69,TRUE,TRUE
6870680,"gate_30",219,TRUE,FALSE
6870755,"gate_30",91,TRUE,TRUE
6870781,"gate_40",3,FALSE,FALSE
6870851,"gate_30",41,FALSE,TRUE
6871075,"gate_30",48,TRUE,TRUE
6871257,"gate_30",2,FALSE,FALSE
6871412,"gate_30",11,FALSE,FALSE
6871559,"gate_40",92,TRUE,TRUE
6871565,"gate_40",163,TRUE,FALSE
6871684,"gate_30",9,FALSE,FALSE
6871812,"gate_30",10,FALSE,FALSE
6871930,"gate_40",25,TRUE,FALSE
6872248,"gate_40",33,FALSE,FALSE
6872305,"gate_40",64,TRUE,FALSE
6872395,"gate_30",18,FALSE,FALSE
6872646,"gate_30",506,TRUE,TRUE
6872668,"gate_40",45,TRUE,FALSE
6873132,"gate_40",177,TRUE,TRUE
6873416,"gate_40",95,TRUE,FALSE
6873799,"gate_40",6,FALSE,FALSE
6873886,"gate_40",6,TRUE,FALSE
6874209,"gate_40",3,FALSE,FALSE
6874238,"gate_30",93,TRUE,FALSE
6874386,"gate_40",35,TRUE,FALSE
6874528,"gate_40",59,TRUE,TRUE
6874639,"gate_40",134,TRUE,TRUE
6874712,"gate_40",110,TRUE,FALSE
6875139,"gate_30",67,FALSE,TRUE
6875370,"gate_40",219,TRUE,TRUE
6875464,"gate_30",18,FALSE,FALSE
6875560,"gate_40",15,FALSE,TRUE
6875606,"gate_30",2,FALSE,FALSE
6875721,"gate_30",7,FALSE,FALSE
6875765,"gate_30",13,FALSE,FALSE
6875802,"gate_40",4,FALSE,FALSE
6875998,"gate_30",164,TRUE,FALSE
6876048,"gate_30",19,TRUE,FALSE
6876162,"gate_40",67,TRUE,FALSE
6876166,"gate_30",6,FALSE,FALSE
6876281,"gate_30",16,FALSE,FALSE
6876284,"gate_30",89,FALSE,FALSE
6876424,"gate_30",134,FALSE,TRUE
6876529,"gate_40",43,TRUE,FALSE
6876542,"gate_40",3,FALSE,FALSE
6876618,"gate_30",7,FALSE,FALSE
6876755,"gate_30",137,TRUE,TRUE
6876786,"gate_30",1,FALSE,FALSE
6877001,"gate_40",4,FALSE,FALSE
6877003,"gate_30",3,FALSE,FALSE
6877007,"gate_40",72,TRUE,TRUE
6877036,"gate_40",33,FALSE,FALSE
6877112,"gate_30",14,TRUE,FALSE
6877220,"gate_40",380,TRUE,TRUE
6877299,"gate_30",61,TRUE,FALSE
6877318,"gate_40",20,TRUE,FALSE
6877396,"gate_40",16,TRUE,FALSE
6877594,"gate_30",4,FALSE,FALSE
6877612,"gate_40",56,TRUE,FALSE
6877659,"gate_30",32,TRUE,TRUE
6878248,"gate_30",4,FALSE,FALSE
6878286,"gate_40",0,FALSE,FALSE
6878423,"gate_40",6,FALSE,FALSE
6878465,"gate_30",788,TRUE,TRUE
6878645,"gate_30",56,TRUE,FALSE
6878719,"gate_30",36,TRUE,FALSE
6878782,"gate_30",1,FALSE,FALSE
6879214,"gate_40",3,FALSE,FALSE
6879571,"gate_30",56,TRUE,TRUE
6879595,"gate_40",3,FALSE,FALSE
6879790,"gate_30",10,TRUE,FALSE
6880009,"gate_30",20,TRUE,FALSE
6880022,"gate_40",0,FALSE,FALSE
6880168,"gate_40",20,TRUE,FALSE
6880203,"gate_30",82,TRUE,TRUE
6880318,"gate_30",0,FALSE,FALSE
6880415,"gate_40",9,TRUE,FALSE
6880442,"gate_40",13,TRUE,FALSE
6880458,"gate_40",29,FALSE,FALSE
6880476,"gate_30",45,FALSE,TRUE
6880529,"gate_40",70,FALSE,FALSE
6880569,"gate_40",7,FALSE,FALSE
6880690,"gate_40",8,FALSE,FALSE
6880731,"gate_30",10,TRUE,FALSE
6880835,"gate_40",25,FALSE,FALSE
6881052,"gate_40",3,FALSE,FALSE
6881124,"gate_40",128,TRUE,TRUE
6881152,"gate_30",10,TRUE,FALSE
6881236,"gate_40",141,TRUE,TRUE
6881374,"gate_30",3,FALSE,FALSE
6881484,"gate_40",3,FALSE,FALSE
6881704,"gate_30",12,FALSE,FALSE
6882004,"gate_40",5,FALSE,FALSE
6882070,"gate_30",21,FALSE,FALSE
6882079,"gate_30",191,TRUE,TRUE
6882129,"gate_40",158,TRUE,TRUE
6882144,"gate_40",2,FALSE,FALSE
6882280,"gate_40",118,TRUE,FALSE
6882369,"gate_40",2,FALSE,FALSE
6882375,"gate_30",16,TRUE,FALSE
6882540,"gate_30",20,FALSE,TRUE
6882571,"gate_40",4,FALSE,FALSE
6882762,"gate_40",437,TRUE,TRUE
6882857,"gate_40",0,FALSE,FALSE
6882870,"gate_30",19,FALSE,FALSE
6882983,"gate_30",59,TRUE,FALSE
6883027,"gate_40",200,TRUE,TRUE
6883157,"gate_30",11,FALSE,FALSE
6883198,"gate_40",10,FALSE,FALSE
6883270,"gate_40",20,TRUE,TRUE
6883428,"gate_30",4,FALSE,FALSE
6883463,"gate_30",73,TRUE,TRUE
6883876,"gate_40",8,FALSE,FALSE
6883927,"gate_30",440,TRUE,TRUE
6883928,"gate_30",255,TRUE,TRUE
6884097,"gate_40",10,TRUE,FALSE
6884223,"gate_40",68,FALSE,TRUE
6884234,"gate_30",179,TRUE,FALSE
6884436,"gate_40",5,FALSE,TRUE
6884497,"gate_30",163,TRUE,TRUE
6884501,"gate_40",0,FALSE,FALSE
6884538,"gate_30",3,FALSE,FALSE
6885105,"gate_30",39,FALSE,FALSE
6885241,"gate_30",0,FALSE,FALSE
6885329,"gate_30",1,FALSE,FALSE
6885334,"gate_30",42,TRUE,TRUE
6885370,"gate_40",156,TRUE,TRUE
6885648,"gate_40",10,FALSE,FALSE
6885681,"gate_30",162,TRUE,TRUE
6885805,"gate_40",7,FALSE,FALSE
6885979,"gate_40",17,FALSE,FALSE
6886100,"gate_40",31,FALSE,FALSE
6886120,"gate_40",0,FALSE,FALSE
6886126,"gate_30",92,FALSE,TRUE
6886181,"gate_40",0,FALSE,FALSE
6886217,"gate_30",24,TRUE,FALSE
6886227,"gate_30",0,FALSE,FALSE
6886410,"gate_40",12,TRUE,FALSE
6886555,"gate_30",15,FALSE,FALSE
6886568,"gate_30",2,FALSE,FALSE
6886722,"gate_30",64,TRUE,FALSE
6886743,"gate_30",98,TRUE,TRUE
6886856,"gate_40",453,TRUE,TRUE
6886918,"gate_30",21,TRUE,FALSE
6886988,"gate_30",129,TRUE,TRUE
6887224,"gate_40",365,TRUE,TRUE
6887268,"gate_40",3,TRUE,TRUE
6887343,"gate_40",324,TRUE,TRUE
6887434,"gate_30",3,TRUE,FALSE
6887448,"gate_40",0,FALSE,FALSE
6887557,"gate_30",27,TRUE,FALSE
6887785,"gate_40",8,FALSE,FALSE
6887796,"gate_40",90,TRUE,TRUE
6887877,"gate_30",69,TRUE,TRUE
6887918,"gate_40",66,TRUE,FALSE
6888075,"gate_40",25,FALSE,FALSE
6888287,"gate_40",2,FALSE,FALSE
6888478,"gate_30",77,FALSE,FALSE
6888584,"gate_40",33,FALSE,FALSE
6888720,"gate_30",1,FALSE,FALSE
6888952,"gate_40",13,FALSE,FALSE
6889208,"gate_40",67,TRUE,FALSE
6889224,"gate_30",6,FALSE,FALSE
6889390,"gate_30",3,FALSE,FALSE
6889440,"gate_30",15,FALSE,FALSE
6889530,"gate_30",11,FALSE,FALSE
6889706,"gate_40",9,FALSE,FALSE
6889739,"gate_30",2,TRUE,FALSE
6889781,"gate_40",3,FALSE,FALSE
6889889,"gate_40",5,FALSE,FALSE
6890189,"gate_30",1,FALSE,FALSE
6890286,"gate_40",3,FALSE,FALSE
6890335,"gate_30",4,FALSE,FALSE
6890351,"gate_30",43,TRUE,FALSE
6890431,"gate_30",17,TRUE,FALSE
6890690,"gate_30",15,TRUE,FALSE
6890806,"gate_30",3,FALSE,FALSE
6890877,"gate_40",47,TRUE,FALSE
6891151,"gate_30",10,FALSE,FALSE
6891309,"gate_40",84,FALSE,FALSE
6891404,"gate_30",268,TRUE,TRUE
6891420,"gate_30",9,FALSE,FALSE
6891494,"gate_30",6,FALSE,FALSE
6891663,"gate_40",22,TRUE,FALSE
6891682,"gate_30",21,FALSE,FALSE
6891762,"gate_40",4,FALSE,FALSE
6891842,"gate_40",5,FALSE,FALSE
6891967,"gate_30",1,FALSE,FALSE
6892267,"gate_40",20,TRUE,FALSE
6892341,"gate_30",4,FALSE,FALSE
6892551,"gate_40",3,FALSE,FALSE
6892611,"gate_40",0,FALSE,FALSE
6892709,"gate_30",47,FALSE,FALSE
6892837,"gate_30",1,FALSE,FALSE
6892867,"gate_30",11,TRUE,FALSE
6893183,"gate_30",1,FALSE,FALSE
6893444,"gate_30",16,TRUE,FALSE
6893457,"gate_30",32,TRUE,FALSE
6893497,"gate_40",5,FALSE,FALSE
6893738,"gate_40",313,TRUE,TRUE
6893946,"gate_30",8,TRUE,FALSE
6894125,"gate_40",18,TRUE,FALSE
6894205,"gate_40",25,FALSE,FALSE
6894261,"gate_40",1,FALSE,FALSE
6894579,"gate_40",3,FALSE,FALSE
6894716,"gate_40",6,FALSE,FALSE
6894788,"gate_30",9,FALSE,FALSE
6894966,"gate_30",50,FALSE,TRUE
6895099,"gate_30",83,TRUE,FALSE
6895109,"gate_30",38,FALSE,FALSE
6895236,"gate_40",14,FALSE,FALSE
6895271,"gate_40",19,FALSE,FALSE
6895296,"gate_30",85,TRUE,TRUE
6895313,"gate_30",1,FALSE,FALSE
6895342,"gate_30",11,FALSE,TRUE
6895632,"gate_30",26,TRUE,TRUE
6895893,"gate_30",80,TRUE,TRUE
6895996,"gate_40",6,FALSE,FALSE
6896011,"gate_40",33,TRUE,FALSE
6896036,"gate_40",5,FALSE,FALSE
6896044,"gate_30",62,TRUE,FALSE
6896051,"gate_40",42,TRUE,FALSE
6896130,"gate_30",105,TRUE,FALSE
6896153,"gate_30",1,FALSE,FALSE
6896154,"gate_40",2,FALSE,FALSE
6896227,"gate_30",4,FALSE,FALSE
6896261,"gate_40",4,FALSE,FALSE
6896268,"gate_40",9,FALSE,FALSE
6896433,"gate_40",14,FALSE,FALSE
6896507,"gate_40",4,FALSE,FALSE
6896534,"gate_30",276,TRUE,TRUE
6896765,"gate_30",9,FALSE,FALSE
6896850,"gate_40",53,TRUE,FALSE
6897093,"gate_30",469,TRUE,TRUE
6897106,"gate_30",1,FALSE,FALSE
6897158,"gate_30",10,TRUE,FALSE
6897233,"gate_40",8,FALSE,FALSE
6897768,"gate_30",11,FALSE,FALSE
6898052,"gate_30",579,TRUE,TRUE
6898077,"gate_40",117,TRUE,FALSE
6898097,"gate_40",16,FALSE,FALSE
6898215,"gate_30",35,FALSE,FALSE
6898439,"gate_40",328,TRUE,TRUE
6898447,"gate_40",64,TRUE,FALSE
6898510,"gate_30",7,TRUE,FALSE
6898719,"gate_30",22,TRUE,FALSE
6898833,"gate_30",49,FALSE,FALSE
6898983,"gate_30",3,FALSE,FALSE
6899234,"gate_30",1,FALSE,FALSE
6899326,"gate_40",40,TRUE,FALSE
6899352,"gate_40",15,TRUE,FALSE
6899539,"gate_30",0,FALSE,FALSE
6899558,"gate_40",5,FALSE,FALSE
6899635,"gate_40",50,TRUE,FALSE
6899729,"gate_30",18,FALSE,FALSE
6899805,"gate_30",11,FALSE,FALSE
6900057,"gate_40",291,FALSE,TRUE
6900160,"gate_40",44,TRUE,FALSE
6900177,"gate_30",3,FALSE,TRUE
6900224,"gate_40",390,TRUE,TRUE
6900379,"gate_40",1,FALSE,FALSE
6900419,"gate_40",315,TRUE,TRUE
6900442,"gate_30",2,FALSE,FALSE
6900443,"gate_30",0,FALSE,FALSE
6900524,"gate_40",22,TRUE,FALSE
6900582,"gate_30",30,TRUE,FALSE
6900584,"gate_40",59,TRUE,FALSE
6900780,"gate_30",2,FALSE,FALSE
6900840,"gate_40",6,FALSE,FALSE
6900869,"gate_40",39,FALSE,FALSE
6901436,"gate_30",5,TRUE,FALSE
6901448,"gate_30",2,FALSE,FALSE
6901572,"gate_30",240,TRUE,TRUE
6901705,"gate_40",100,TRUE,FALSE
6901733,"gate_30",21,FALSE,FALSE
6901806,"gate_30",240,TRUE,TRUE
6901878,"gate_30",17,TRUE,FALSE
6901954,"gate_40",6,FALSE,FALSE
6901984,"gate_30",40,FALSE,TRUE
6901998,"gate_30",262,TRUE,TRUE
6902064,"gate_40",25,TRUE,FALSE
6902220,"gate_30",4,FALSE,FALSE
6902232,"gate_40",2,FALSE,FALSE
6902265,"gate_30",143,FALSE,FALSE
6902321,"gate_40",2,FALSE,FALSE
6902452,"gate_40",12,FALSE,FALSE
6902597,"gate_40",32,TRUE,FALSE
6902619,"gate_40",4,FALSE,FALSE
6902669,"gate_40",0,FALSE,FALSE
6903007,"gate_40",20,FALSE,FALSE
6903008,"gate_30",4,FALSE,FALSE
6903273,"gate_30",16,FALSE,FALSE
6903421,"gate_40",17,TRUE,FALSE
6903730,"gate_40",57,TRUE,FALSE
6903859,"gate_40",54,TRUE,FALSE
6903877,"gate_40",2,FALSE,FALSE
6904680,"gate_40",23,TRUE,FALSE
6904712,"gate_40",41,TRUE,TRUE
6904725,"gate_30",33,FALSE,FALSE
6904843,"gate_30",44,FALSE,FALSE
6904849,"gate_30",103,FALSE,FALSE
6904952,"gate_30",20,TRUE,FALSE
6905272,"gate_40",49,TRUE,FALSE
6905342,"gate_40",141,TRUE,FALSE
6905355,"gate_40",2,FALSE,FALSE
6905493,"gate_40",51,FALSE,FALSE
6905509,"gate_40",2,FALSE,FALSE
6905523,"gate_30",227,TRUE,FALSE
6905890,"gate_40",19,FALSE,FALSE
6905935,"gate_40",7,TRUE,FALSE
6905944,"gate_30",39,TRUE,FALSE
6906036,"gate_30",4,FALSE,FALSE
6906076,"gate_30",106,TRUE,TRUE
6906421,"gate_30",9,FALSE,FALSE
6906485,"gate_40",1,FALSE,FALSE
6906912,"gate_40",0,FALSE,FALSE
6907200,"gate_30",2,FALSE,FALSE
6907217,"gate_40",9,FALSE,FALSE
6907311,"gate_30",52,FALSE,FALSE
6907359,"gate_30",24,FALSE,TRUE
6907428,"gate_30",61,TRUE,FALSE
6907456,"gate_30",13,FALSE,FALSE
6907468,"gate_40",1,FALSE,FALSE
6907546,"gate_40",27,FALSE,FALSE
6907568,"gate_30",277,FALSE,FALSE
6907637,"gate_40",171,TRUE,FALSE
6908025,"gate_40",58,FALSE,TRUE
6908104,"gate_40",1,FALSE,FALSE
6908182,"gate_30",11,FALSE,FALSE
6908274,"gate_40",2,FALSE,FALSE
6908607,"gate_40",8,TRUE,FALSE
6908629,"gate_40",30,TRUE,TRUE
6908651,"gate_40",16,TRUE,TRUE
6908732,"gate_40",88,TRUE,FALSE
6908870,"gate_30",175,TRUE,FALSE
6908935,"gate_40",22,TRUE,FALSE
6909066,"gate_40",5,FALSE,FALSE
6909067,"gate_40",10,FALSE,FALSE
6909073,"gate_40",38,TRUE,FALSE
6909236,"gate_30",5,FALSE,FALSE
6909238,"gate_40",6,FALSE,FALSE
6909244,"gate_40",12,FALSE,FALSE
6909382,"gate_40",1,FALSE,FALSE
6909481,"gate_40",2,FALSE,FALSE
6909492,"gate_40",247,TRUE,TRUE
6909815,"gate_30",14,FALSE,FALSE
6909864,"gate_40",1,FALSE,FALSE
6909955,"gate_40",5,FALSE,FALSE
6910129,"gate_40",54,TRUE,TRUE
6910445,"gate_30",604,TRUE,TRUE
6910571,"gate_30",44,TRUE,FALSE
6910684,"gate_30",1,FALSE,FALSE
6910764,"gate_40",16,FALSE,FALSE
6910802,"gate_30",36,TRUE,TRUE
6910929,"gate_30",59,TRUE,FALSE
6911271,"gate_40",84,TRUE,FALSE
6911294,"gate_30",12,TRUE,FALSE
6911333,"gate_30",25,TRUE,FALSE
6911334,"gate_40",14,FALSE,FALSE
6911797,"gate_30",44,TRUE,FALSE
6911959,"gate_30",125,TRUE,FALSE
6912293,"gate_40",15,FALSE,FALSE
6912326,"gate_30",23,TRUE,FALSE
6912569,"gate_30",352,TRUE,TRUE
6912618,"gate_40",28,TRUE,FALSE
6912857,"gate_30",3,FALSE,FALSE
6913025,"gate_30",221,TRUE,TRUE
6913072,"gate_30",2,FALSE,FALSE
6913145,"gate_30",125,TRUE,FALSE
6913197,"gate_40",5,FALSE,FALSE
6913205,"gate_40",2,FALSE,FALSE
6913255,"gate_40",17,FALSE,FALSE
6913276,"gate_30",224,TRUE,TRUE
6913397,"gate_30",39,TRUE,FALSE
6913432,"gate_30",26,TRUE,FALSE
6913566,"gate_40",8,FALSE,FALSE
6913592,"gate_40",16,FALSE,FALSE
6913657,"gate_30",24,TRUE,FALSE
6913710,"gate_40",3,FALSE,FALSE
6913716,"gate_30",10,FALSE,FALSE
6913740,"gate_30",21,FALSE,FALSE
6913838,"gate_40",17,FALSE,FALSE
6913839,"gate_40",14,FALSE,FALSE
6914030,"gate_30",350,TRUE,TRUE
6914085,"gate_40",116,FALSE,FALSE
6914131,"gate_30",3,FALSE,FALSE
6914239,"gate_30",4,FALSE,FALSE
6914244,"gate_40",15,FALSE,FALSE
6914603,"gate_30",2,FALSE,FALSE
6914615,"gate_40",27,TRUE,TRUE
6914709,"gate_30",24,TRUE,FALSE
6914716,"gate_40",27,FALSE,FALSE
6914831,"gate_40",20,TRUE,FALSE
6914995,"gate_30",2,FALSE,FALSE
6915326,"gate_30",10,TRUE,FALSE
6915578,"gate_40",93,TRUE,TRUE
6915768,"gate_30",58,TRUE,FALSE
6915812,"gate_30",3,FALSE,FALSE
6916048,"gate_40",25,FALSE,FALSE
6916118,"gate_30",7,FALSE,FALSE
6916253,"gate_30",48,TRUE,FALSE
6916396,"gate_40",2,FALSE,FALSE
6916436,"gate_40",4,FALSE,FALSE
6916547,"gate_40",5,FALSE,FALSE
6916549,"gate_40",6,FALSE,FALSE
6916714,"gate_40",13,FALSE,FALSE
6916766,"gate_30",208,TRUE,TRUE
6916921,"gate_40",123,TRUE,FALSE
6916922,"gate_30",31,TRUE,TRUE
6916952,"gate_30",81,TRUE,TRUE
6917088,"gate_30",274,TRUE,TRUE
6917127,"gate_30",33,TRUE,FALSE
6917249,"gate_40",98,TRUE,FALSE
6917268,"gate_30",83,FALSE,TRUE
6917484,"gate_30",3,TRUE,FALSE
6917622,"gate_40",4,FALSE,FALSE
6917695,"gate_40",119,TRUE,TRUE
6917725,"gate_40",53,TRUE,FALSE
6917884,"gate_30",6,FALSE,FALSE
6917948,"gate_30",1,FALSE,FALSE
6917954,"gate_40",171,TRUE,TRUE
6917991,"gate_40",1,FALSE,FALSE
6918214,"gate_40",6,TRUE,FALSE
6918258,"gate_30",1,FALSE,FALSE
6918400,"gate_30",3,FALSE,FALSE
6918432,"gate_40",20,FALSE,FALSE
6918495,"gate_40",84,TRUE,TRUE
6918531,"gate_30",8,FALSE,FALSE
6918565,"gate_30",139,FALSE,TRUE
6918698,"gate_30",107,TRUE,TRUE
6918842,"gate_40",31,TRUE,FALSE
6918956,"gate_40",25,TRUE,FALSE
6919079,"gate_40",5,FALSE,FALSE
6919171,"gate_40",3,FALSE,FALSE
6919458,"gate_40",8,FALSE,FALSE
6919470,"gate_30",160,TRUE,TRUE
6919517,"gate_30",10,FALSE,FALSE
6919560,"gate_30",21,FALSE,FALSE
6919626,"gate_40",255,TRUE,TRUE
6919651,"gate_30",32,FALSE,FALSE
6919950,"gate_30",0,FALSE,FALSE
6920044,"gate_30",1,FALSE,FALSE
6920146,"gate_30",114,FALSE,FALSE
6920189,"gate_30",47,FALSE,FALSE
6920317,"gate_30",115,TRUE,TRUE
6920669,"gate_40",10,FALSE,FALSE
6920865,"gate_40",49,TRUE,FALSE
6920975,"gate_40",1,FALSE,FALSE
6921055,"gate_40",527,TRUE,TRUE
6921074,"gate_40",46,TRUE,FALSE
6921176,"gate_30",53,TRUE,FALSE
6921389,"gate_30",0,FALSE,FALSE
6921818,"gate_30",1,FALSE,FALSE
6921854,"gate_30",8,FALSE,FALSE
6921966,"gate_30",0,FALSE,FALSE
6921975,"gate_30",6,FALSE,FALSE
6922039,"gate_30",365,TRUE,TRUE
6922048,"gate_40",75,TRUE,FALSE
6922116,"gate_30",14,TRUE,FALSE
6922203,"gate_30",7,FALSE,FALSE
6922258,"gate_30",10,FALSE,FALSE
6922495,"gate_40",7,FALSE,FALSE
6922560,"gate_40",30,TRUE,FALSE
6922824,"gate_30",26,TRUE,FALSE
6922845,"gate_30",0,FALSE,FALSE
6922856,"gate_30",1,FALSE,FALSE
6923039,"gate_30",42,TRUE,FALSE
6923318,"gate_40",7,FALSE,FALSE
6923364,"gate_30",6,FALSE,FALSE
6923439,"gate_30",44,TRUE,FALSE
6923448,"gate_30",9,TRUE,TRUE
6923485,"gate_40",122,TRUE,TRUE
6923531,"gate_40",48,TRUE,TRUE
6923563,"gate_40",2,FALSE,FALSE
6923618,"gate_30",20,FALSE,FALSE
6923786,"gate_30",11,FALSE,FALSE
6923812,"gate_30",30,TRUE,FALSE
6923823,"gate_30",6,FALSE,FALSE
6923848,"gate_30",7,FALSE,FALSE
6923917,"gate_30",3,FALSE,FALSE
6923984,"gate_40",5,FALSE,FALSE
6924224,"gate_40",56,TRUE,FALSE
6924225,"gate_30",7,TRUE,FALSE
6924324,"gate_40",31,FALSE,TRUE
6924484,"gate_30",3,FALSE,FALSE
6924644,"gate_30",1,FALSE,FALSE
6924676,"gate_30",5,TRUE,FALSE
6924688,"gate_40",16,FALSE,FALSE
6924994,"gate_30",116,FALSE,TRUE
6925008,"gate_40",185,TRUE,TRUE
6925050,"gate_40",6,FALSE,FALSE
6925109,"gate_30",19,FALSE,FALSE
6925268,"gate_30",5,FALSE,FALSE
6925689,"gate_40",35,TRUE,FALSE
6925773,"gate_30",0,FALSE,FALSE
6925973,"gate_40",1,FALSE,FALSE
6926119,"gate_30",6,FALSE,FALSE
6926213,"gate_30",9,TRUE,FALSE
6926318,"gate_40",80,TRUE,FALSE
6926349,"gate_40",5,FALSE,FALSE
6926490,"gate_40",56,FALSE,FALSE
6926514,"gate_30",2,FALSE,FALSE
6926555,"gate_40",44,TRUE,FALSE
6926658,"gate_30",12,FALSE,FALSE
6926958,"gate_40",3,FALSE,FALSE
6927212,"gate_40",1,FALSE,FALSE
6927437,"gate_40",31,TRUE,FALSE
6927710,"gate_30",0,FALSE,FALSE
6927729,"gate_30",27,TRUE,FALSE
6927809,"gate_40",425,TRUE,TRUE
6927840,"gate_30",4,FALSE,FALSE
6927869,"gate_30",134,TRUE,TRUE
6928199,"gate_40",9,FALSE,FALSE
6928304,"gate_40",4,FALSE,FALSE
6928544,"gate_40",32,TRUE,FALSE
6928764,"gate_30",0,FALSE,FALSE
6928831,"gate_30",3,FALSE,FALSE
6928996,"gate_30",10,FALSE,FALSE
6929200,"gate_30",159,TRUE,TRUE
6929235,"gate_40",33,TRUE,FALSE
6929407,"gate_30",14,TRUE,TRUE
6929435,"gate_40",99,FALSE,FALSE
6929504,"gate_30",8,FALSE,FALSE
6929624,"gate_30",2,FALSE,FALSE
6929666,"gate_40",64,TRUE,FALSE
6929875,"gate_40",8,FALSE,FALSE
6929961,"gate_40",25,TRUE,FALSE
6930157,"gate_40",4,FALSE,FALSE
6930234,"gate_30",4,FALSE,FALSE
6930238,"gate_40",17,TRUE,FALSE
6930471,"gate_40",148,TRUE,TRUE
6930748,"gate_40",25,TRUE,TRUE
6930838,"gate_30",7,FALSE,FALSE
6931051,"gate_40",7,FALSE,FALSE
6931173,"gate_30",29,TRUE,FALSE
6931250,"gate_40",50,FALSE,FALSE
6931281,"gate_40",5,FALSE,FALSE
6931331,"gate_40",47,TRUE,FALSE
6931524,"gate_40",16,FALSE,FALSE
6931525,"gate_30",14,TRUE,FALSE
6931823,"gate_30",55,TRUE,FALSE
6931831,"gate_40",171,TRUE,FALSE
6931833,"gate_30",57,TRUE,TRUE
6931881,"gate_40",202,TRUE,FALSE
6931994,"gate_40",0,FALSE,FALSE
6932007,"gate_40",13,TRUE,FALSE
6932454,"gate_40",9,TRUE,FALSE
6932486,"gate_30",0,FALSE,FALSE
6932544,"gate_40",237,TRUE,TRUE
6932680,"gate_40",0,FALSE,FALSE
6932919,"gate_30",16,TRUE,FALSE
6933081,"gate_40",2,FALSE,FALSE
6933095,"gate_40",1,FALSE,FALSE
6933122,"gate_40",11,FALSE,TRUE
6933223,"gate_40",4,FALSE,FALSE
6933228,"gate_30",20,FALSE,FALSE
6933348,"gate_40",1,FALSE,FALSE
6933391,"gate_30",86,FALSE,FALSE
6933400,"gate_40",79,TRUE,FALSE
6933428,"gate_30",14,TRUE,FALSE
6933432,"gate_30",3,FALSE,FALSE
6933754,"gate_40",118,TRUE,FALSE
6933881,"gate_30",0,FALSE,FALSE
6933961,"gate_40",49,TRUE,TRUE
6934066,"gate_40",37,FALSE,FALSE
6934110,"gate_40",3,FALSE,FALSE
6934131,"gate_30",5,FALSE,FALSE
6934281,"gate_40",37,TRUE,FALSE
6934443,"gate_40",58,TRUE,FALSE
6934487,"gate_30",86,TRUE,FALSE
6934494,"gate_40",5,FALSE,FALSE
6934585,"gate_30",37,TRUE,TRUE
6934845,"gate_30",39,TRUE,FALSE
6934889,"gate_30",39,TRUE,TRUE
6934941,"gate_40",294,TRUE,TRUE
6935094,"gate_30",107,TRUE,FALSE
6935098,"gate_40",23,FALSE,FALSE
6935122,"gate_40",15,FALSE,TRUE
6935236,"gate_40",74,TRUE,TRUE
6935503,"gate_30",3,TRUE,FALSE
6935614,"gate_40",2,FALSE,FALSE
6935649,"gate_40",4,FALSE,FALSE
6935731,"gate_40",13,FALSE,TRUE
6936078,"gate_40",76,TRUE,FALSE
6936091,"gate_40",22,TRUE,FALSE
6936110,"gate_40",10,FALSE,FALSE
6936166,"gate_40",36,TRUE,TRUE
6936210,"gate_30",49,TRUE,TRUE
6936359,"gate_30",9,FALSE,FALSE
6936425,"gate_40",6,FALSE,FALSE
6936545,"gate_30",5,TRUE,FALSE
6936698,"gate_40",167,TRUE,TRUE
6936836,"gate_40",87,TRUE,FALSE
6936876,"gate_30",2,TRUE,FALSE
6936955,"gate_30",6,FALSE,FALSE
6937235,"gate_40",33,TRUE,TRUE
6937244,"gate_40",19,TRUE,FALSE
6937281,"gate_40",9,FALSE,FALSE
6937530,"gate_40",6,TRUE,FALSE
6937531,"gate_40",182,FALSE,TRUE
6937542,"gate_30",4,FALSE,FALSE
6937603,"gate_40",11,FALSE,FALSE
6938235,"gate_30",8,FALSE,FALSE
6938238,"gate_40",52,TRUE,TRUE
6938411,"gate_30",177,TRUE,TRUE
6938584,"gate_40",6,FALSE,FALSE
6938635,"gate_40",22,TRUE,FALSE
6938693,"gate_30",44,TRUE,TRUE
6938848,"gate_40",50,TRUE,TRUE
6939144,"gate_40",4,FALSE,FALSE
6939221,"gate_30",148,FALSE,FALSE
6939292,"gate_30",2,FALSE,FALSE
6939341,"gate_40",0,FALSE,FALSE
6939668,"gate_40",26,FALSE,FALSE
6939693,"gate_30",27,TRUE,FALSE
6939714,"gate_40",15,FALSE,FALSE
6939799,"gate_40",62,TRUE,FALSE
6940155,"gate_30",8,FALSE,FALSE
6940184,"gate_40",5,FALSE,FALSE
6940230,"gate_30",21,FALSE,FALSE
6940232,"gate_40",2,FALSE,FALSE
6940544,"gate_30",19,TRUE,TRUE
6940572,"gate_40",3,FALSE,FALSE
6940583,"gate_40",90,TRUE,TRUE
6940592,"gate_40",1,FALSE,FALSE
6940611,"gate_30",5,FALSE,FALSE
6940735,"gate_40",86,TRUE,TRUE
6940739,"gate_30",15,TRUE,FALSE
6940804,"gate_40",5,FALSE,FALSE
6940934,"gate_30",37,FALSE,FALSE
6941160,"gate_40",1,FALSE,FALSE
6941462,"gate_30",7,FALSE,FALSE
6941607,"gate_40",31,TRUE,FALSE
6941834,"gate_30",19,FALSE,FALSE
6941890,"gate_40",1,FALSE,FALSE
6942045,"gate_30",28,TRUE,TRUE
6942052,"gate_30",2,FALSE,FALSE
6942084,"gate_30",161,TRUE,FALSE
6942208,"gate_30",1,FALSE,FALSE
6942263,"gate_40",161,TRUE,TRUE
6942335,"gate_40",23,FALSE,FALSE
6942653,"gate_30",23,FALSE,FALSE
6942724,"gate_40",37,TRUE,TRUE
6942906,"gate_40",2,FALSE,FALSE
6942917,"gate_30",80,TRUE,TRUE
6942950,"gate_30",2,FALSE,FALSE
6942998,"gate_30",4,FALSE,FALSE
6943314,"gate_40",1,FALSE,FALSE
6943324,"gate_40",3,FALSE,FALSE
6943343,"gate_30",28,TRUE,FALSE
6943356,"gate_30",8,TRUE,FALSE
6943456,"gate_30",7,FALSE,FALSE
6943539,"gate_30",170,TRUE,TRUE
6943543,"gate_30",4,FALSE,FALSE
6943639,"gate_30",22,FALSE,FALSE
6943760,"gate_30",15,TRUE,FALSE
6943992,"gate_40",20,TRUE,FALSE
6944026,"gate_40",51,TRUE,FALSE
6944113,"gate_40",17,FALSE,FALSE
6944119,"gate_40",21,FALSE,FALSE
6944248,"gate_30",0,FALSE,FALSE
6944442,"gate_40",27,TRUE,FALSE
6944445,"gate_30",8,FALSE,FALSE
6944460,"gate_30",16,TRUE,FALSE
6944538,"gate_40",7,FALSE,FALSE
6945028,"gate_30",117,TRUE,FALSE
6945161,"gate_30",185,TRUE,TRUE
6945284,"gate_40",2,FALSE,FALSE
6945644,"gate_30",95,TRUE,TRUE
6945671,"gate_30",26,TRUE,TRUE
6945979,"gate_40",26,FALSE,TRUE
6945985,"gate_40",22,TRUE,FALSE
6946217,"gate_30",10,TRUE,FALSE
6946526,"gate_40",4,FALSE,FALSE
6946613,"gate_40",16,TRUE,FALSE
6946655,"gate_40",29,TRUE,FALSE
6947110,"gate_40",10,FALSE,FALSE
6947125,"gate_30",0,FALSE,FALSE
6947631,"gate_40",48,TRUE,FALSE
6947672,"gate_30",19,FALSE,FALSE
6947742,"gate_40",53,TRUE,FALSE
6947809,"gate_30",0,FALSE,FALSE
6947935,"gate_40",8,FALSE,FALSE
6947966,"gate_40",1,FALSE,FALSE
6948011,"gate_30",6,FALSE,FALSE
6948178,"gate_30",25,FALSE,FALSE
6948193,"gate_30",142,FALSE,TRUE
6948206,"gate_40",57,TRUE,FALSE
6948309,"gate_40",10,FALSE,FALSE
6948342,"gate_30",13,TRUE,FALSE
6948377,"gate_30",4,TRUE,FALSE
6948380,"gate_40",28,TRUE,FALSE
6948418,"gate_40",17,FALSE,FALSE
6948488,"gate_30",3,FALSE,FALSE
6948572,"gate_30",17,TRUE,TRUE
6948626,"gate_40",10,FALSE,FALSE
6948716,"gate_40",9,FALSE,FALSE
6948813,"gate_40",13,TRUE,FALSE
6949122,"gate_40",2,FALSE,FALSE
6949170,"gate_30",24,TRUE,FALSE
6949173,"gate_30",51,TRUE,FALSE
6949201,"gate_30",9,TRUE,FALSE
6949244,"gate_30",0,FALSE,FALSE
6949262,"gate_30",9,FALSE,FALSE
6949284,"gate_30",4,FALSE,FALSE
6949325,"gate_30",8,FALSE,FALSE
6949341,"gate_40",5,TRUE,FALSE
6949384,"gate_40",11,TRUE,FALSE
6949399,"gate_30",113,TRUE,TRUE
6949675,"gate_40",30,TRUE,FALSE
6949944,"gate_40",224,TRUE,TRUE
6950456,"gate_30",1,FALSE,FALSE
6950638,"gate_40",53,FALSE,FALSE
6950942,"gate_40",4,FALSE,FALSE
6951167,"gate_30",22,TRUE,FALSE
6951222,"gate_30",3,FALSE,FALSE
6951346,"gate_30",3,FALSE,FALSE
6951458,"gate_40",1,FALSE,FALSE
6951473,"gate_30",15,TRUE,FALSE
6951505,"gate_40",1,FALSE,FALSE
6951607,"gate_30",1,FALSE,FALSE
6951816,"gate_40",9,FALSE,FALSE
6951900,"gate_30",10,FALSE,FALSE
6952050,"gate_30",59,TRUE,FALSE
6952210,"gate_40",11,FALSE,FALSE
6952579,"gate_40",19,TRUE,FALSE
6952634,"gate_40",22,FALSE,FALSE
6952702,"gate_40",1,FALSE,FALSE
6952753,"gate_40",6,FALSE,FALSE
6952783,"gate_30",20,TRUE,FALSE
6952833,"gate_40",44,FALSE,FALSE
6952862,"gate_30",30,TRUE,TRUE
6953500,"gate_30",23,TRUE,FALSE
6953512,"gate_40",14,FALSE,FALSE
6953655,"gate_30",7,FALSE,FALSE
6953767,"gate_30",4,FALSE,FALSE
6953936,"gate_30",13,FALSE,FALSE
6954156,"gate_40",66,TRUE,FALSE
6954342,"gate_40",51,FALSE,FALSE
6954526,"gate_30",72,TRUE,FALSE
6954667,"gate_30",212,FALSE,TRUE
6954683,"gate_40",7,FALSE,FALSE
6954824,"gate_40",4,TRUE,FALSE
6954861,"gate_40",19,FALSE,FALSE
6954919,"gate_40",148,TRUE,FALSE
6954988,"gate_30",10,TRUE,FALSE
6955009,"gate_40",19,TRUE,FALSE
6955020,"gate_30",4,FALSE,FALSE
6955026,"gate_40",128,FALSE,FALSE
6955053,"gate_30",4,FALSE,FALSE
6955342,"gate_40",5,FALSE,FALSE
6955348,"gate_30",0,FALSE,FALSE
6955579,"gate_30",1,FALSE,FALSE
6955610,"gate_40",10,TRUE,FALSE
6955734,"gate_30",6,FALSE,FALSE
6955737,"gate_30",84,TRUE,FALSE
6955777,"gate_30",4,FALSE,FALSE
6955906,"gate_30",2,FALSE,FALSE
6955952,"gate_30",3,FALSE,FALSE
6956096,"gate_30",57,TRUE,FALSE
6956398,"gate_40",36,TRUE,TRUE
6956450,"gate_30",78,TRUE,FALSE
6956532,"gate_30",69,TRUE,TRUE
6956588,"gate_40",74,TRUE,FALSE
6956770,"gate_30",91,TRUE,FALSE
6956962,"gate_30",2,FALSE,FALSE
6957105,"gate_40",1,FALSE,FALSE
6957464,"gate_40",22,FALSE,FALSE
6957502,"gate_40",4,FALSE,FALSE
6957571,"gate_40",1,FALSE,FALSE
6957646,"gate_40",58,TRUE,FALSE
6957769,"gate_40",85,TRUE,FALSE
6957773,"gate_30",106,TRUE,FALSE
6957836,"gate_30",376,TRUE,TRUE
6957851,"gate_30",18,TRUE,FALSE
6957889,"gate_30",67,TRUE,TRUE
6958007,"gate_30",2,FALSE,FALSE
6958012,"gate_30",175,TRUE,FALSE
6958052,"gate_30",9,TRUE,FALSE
6958222,"gate_40",1,FALSE,FALSE
6958418,"gate_30",7,FALSE,FALSE
6958473,"gate_30",13,FALSE,FALSE
6958526,"gate_40",17,TRUE,FALSE
6958693,"gate_40",34,TRUE,TRUE
6958694,"gate_40",19,TRUE,TRUE
6958930,"gate_30",216,TRUE,TRUE
6958954,"gate_30",9,FALSE,FALSE
6959094,"gate_40",122,FALSE,TRUE
6959533,"gate_30",0,FALSE,FALSE
6959661,"gate_40",7,FALSE,TRUE
6959668,"gate_40",8,FALSE,FALSE
6959850,"gate_40",3,FALSE,FALSE
6959858,"gate_40",3,FALSE,FALSE
6960089,"gate_30",22,TRUE,FALSE
6960097,"gate_30",19,TRUE,TRUE
6960105,"gate_30",5,FALSE,FALSE
6960115,"gate_30",14,TRUE,FALSE
6960217,"gate_40",26,TRUE,FALSE
6960395,"gate_30",36,FALSE,FALSE
6960404,"gate_40",64,TRUE,FALSE
6960706,"gate_40",152,TRUE,TRUE
6960709,"gate_40",22,FALSE,FALSE
6960740,"gate_40",2,FALSE,TRUE
6960784,"gate_30",161,TRUE,FALSE
6960854,"gate_30",2,FALSE,FALSE
6960876,"gate_30",6,FALSE,FALSE
6960961,"gate_40",10,FALSE,FALSE
6961092,"gate_30",7,FALSE,FALSE
6961138,"gate_40",15,FALSE,FALSE
6961253,"gate_40",5,FALSE,FALSE
6961260,"gate_30",69,TRUE,TRUE
6961298,"gate_30",18,FALSE,FALSE
6961305,"gate_30",43,FALSE,FALSE
6961443,"gate_40",26,TRUE,FALSE
6961690,"gate_40",3,FALSE,FALSE
6962049,"gate_40",2,FALSE,FALSE
6962456,"gate_30",12,TRUE,FALSE
6962580,"gate_40",2,TRUE,FALSE
6962636,"gate_40",9,FALSE,FALSE
6962703,"gate_40",27,TRUE,FALSE
6962736,"gate_30",1,FALSE,FALSE
6962848,"gate_30",44,FALSE,FALSE
6962909,"gate_40",32,FALSE,FALSE
6963061,"gate_40",22,TRUE,FALSE
6963311,"gate_30",10,TRUE,FALSE
6963632,"gate_40",15,TRUE,FALSE
6963718,"gate_40",2,FALSE,FALSE
6963890,"gate_40",215,TRUE,TRUE
6963909,"gate_30",171,TRUE,TRUE
6963913,"gate_30",3,FALSE,FALSE
6963974,"gate_40",5,FALSE,FALSE
6964100,"gate_40",8,FALSE,FALSE
6964177,"gate_30",79,TRUE,FALSE
6964228,"gate_40",1,FALSE,FALSE
6964240,"gate_40",55,FALSE,FALSE
6964337,"gate_40",6,FALSE,FALSE
6964650,"gate_40",467,TRUE,TRUE
6964697,"gate_30",19,FALSE,FALSE
6965133,"gate_40",0,FALSE,FALSE
6965134,"gate_30",26,TRUE,FALSE
6965248,"gate_30",50,TRUE,TRUE
6965302,"gate_30",243,TRUE,FALSE
6965368,"gate_30",14,FALSE,FALSE
6965523,"gate_40",26,TRUE,FALSE
6965590,"gate_30",101,TRUE,FALSE
6965731,"gate_40",1,FALSE,FALSE
6966205,"gate_30",1,FALSE,FALSE
6966281,"gate_30",145,TRUE,TRUE
6966368,"gate_30",11,FALSE,FALSE
6966489,"gate_30",25,TRUE,FALSE
6966698,"gate_40",208,TRUE,TRUE
6967042,"gate_30",2,FALSE,FALSE
6967045,"gate_40",18,TRUE,FALSE
6967397,"gate_30",23,FALSE,FALSE
6967405,"gate_40",8,FALSE,FALSE
6967430,"gate_40",13,FALSE,FALSE
6967467,"gate_40",11,FALSE,FALSE
6967632,"gate_30",40,TRUE,FALSE
6967891,"gate_30",127,TRUE,TRUE
6967948,"gate_40",1,FALSE,FALSE
6968118,"gate_40",40,TRUE,FALSE
6968175,"gate_30",44,TRUE,FALSE
6968237,"gate_30",18,FALSE,FALSE
6968448,"gate_40",83,FALSE,TRUE
6968675,"gate_30",1,FALSE,FALSE
6968706,"gate_40",2,FALSE,FALSE
6968990,"gate_40",3,TRUE,FALSE
6969011,"gate_30",87,TRUE,TRUE
6969232,"gate_30",5,FALSE,FALSE
6969277,"gate_30",33,FALSE,FALSE
6969356,"gate_30",2,FALSE,FALSE
6969368,"gate_30",1,FALSE,FALSE
6969575,"gate_40",19,TRUE,FALSE
6969591,"gate_40",52,TRUE,FALSE
6969635,"gate_40",11,FALSE,FALSE
6969903,"gate_40",3,FALSE,FALSE
6969916,"gate_40",8,TRUE,FALSE
6969958,"gate_40",0,FALSE,FALSE
6969990,"gate_40",103,TRUE,FALSE
6970333,"gate_30",1,FALSE,FALSE
6970366,"gate_30",8,FALSE,FALSE
6970467,"gate_40",1,FALSE,FALSE
6970505,"gate_30",7,FALSE,FALSE
6970524,"gate_40",39,TRUE,FALSE
6970636,"gate_30",47,TRUE,TRUE
6970830,"gate_40",6,FALSE,FALSE
6971179,"gate_30",73,TRUE,TRUE
6971292,"gate_40",1,FALSE,FALSE
6971643,"gate_30",18,TRUE,FALSE
6971669,"gate_30",26,TRUE,FALSE
6971713,"gate_40",1,FALSE,FALSE
6971765,"gate_40",260,TRUE,TRUE
6972197,"gate_30",4,FALSE,FALSE
6972378,"gate_40",52,TRUE,FALSE
6972662,"gate_30",4,FALSE,FALSE
6972772,"gate_30",45,TRUE,FALSE
6973016,"gate_40",52,FALSE,FALSE
6973202,"gate_30",4,FALSE,FALSE
6973527,"gate_30",14,TRUE,FALSE
6973678,"gate_40",4,FALSE,FALSE
6973750,"gate_40",162,TRUE,FALSE
6973771,"gate_30",12,FALSE,FALSE
6973831,"gate_40",1,FALSE,FALSE
6973880,"gate_30",157,TRUE,TRUE
6973883,"gate_40",476,TRUE,TRUE
6973938,"gate_40",0,FALSE,FALSE
6974147,"gate_30",63,TRUE,FALSE
6974159,"gate_30",37,FALSE,TRUE
6974182,"gate_30",3,FALSE,FALSE
6974267,"gate_40",65,TRUE,FALSE
6974344,"gate_40",6,FALSE,FALSE
6974480,"gate_30",23,TRUE,FALSE
6974911,"gate_30",0,FALSE,FALSE
6974960,"gate_30",4,FALSE,FALSE
6975154,"gate_30",23,FALSE,FALSE
6975171,"gate_30",25,TRUE,FALSE
6975227,"gate_40",30,FALSE,FALSE
6975267,"gate_30",9,FALSE,FALSE
6975573,"gate_30",9,FALSE,FALSE
6975780,"gate_40",0,TRUE,TRUE
6975960,"gate_40",75,TRUE,FALSE
6976001,"gate_40",205,FALSE,FALSE
6976005,"gate_40",104,TRUE,FALSE
6976032,"gate_40",2,FALSE,FALSE
6976083,"gate_40",0,FALSE,FALSE
6976164,"gate_40",4,FALSE,FALSE
6976269,"gate_30",22,TRUE,FALSE
6976562,"gate_30",11,FALSE,FALSE
6976577,"gate_30",9,FALSE,TRUE
6976786,"gate_40",3,FALSE,FALSE
6976803,"gate_40",14,FALSE,FALSE
6976836,"gate_30",39,TRUE,FALSE
6976912,"gate_30",184,TRUE,TRUE
6976914,"gate_30",704,TRUE,FALSE
6976983,"gate_30",19,FALSE,FALSE
6977127,"gate_40",11,FALSE,FALSE
6977240,"gate_40",39,TRUE,FALSE
6977369,"gate_30",1,FALSE,FALSE
6977379,"gate_30",32,TRUE,TRUE
6977461,"gate_30",15,FALSE,FALSE
6977549,"gate_30",10,FALSE,FALSE
6977744,"gate_40",127,FALSE,TRUE
6977954,"gate_30",28,FALSE,FALSE
6978109,"gate_40",87,FALSE,FALSE
6978144,"gate_30",3,FALSE,FALSE
6978238,"gate_40",18,FALSE,FALSE
6978284,"gate_40",4,FALSE,FALSE
6978455,"gate_30",76,TRUE,TRUE
6978664,"gate_40",14,TRUE,FALSE
6978764,"gate_30",56,FALSE,FALSE
6978859,"gate_40",8,FALSE,FALSE
6979046,"gate_30",4,FALSE,FALSE
6979059,"gate_40",3,FALSE,FALSE
6979063,"gate_30",2,FALSE,FALSE
6979190,"gate_40",11,TRUE,FALSE
6979388,"gate_40",98,TRUE,FALSE
6979396,"gate_30",19,FALSE,FALSE
6979399,"gate_40",12,FALSE,TRUE
6979466,"gate_40",47,FALSE,FALSE
6979670,"gate_40",641,TRUE,TRUE
6979679,"gate_40",37,TRUE,FALSE
6979701,"gate_40",705,TRUE,TRUE
6979869,"gate_40",31,FALSE,FALSE
6980014,"gate_40",58,TRUE,TRUE
6980449,"gate_40",23,TRUE,FALSE
6980451,"gate_40",3,FALSE,FALSE
6980464,"gate_40",41,FALSE,FALSE
6980538,"gate_40",7,TRUE,FALSE
6980675,"gate_40",25,TRUE,FALSE
6980724,"gate_30",38,TRUE,FALSE
6980869,"gate_40",21,FALSE,FALSE
6980876,"gate_30",25,TRUE,FALSE
6980919,"gate_30",0,FALSE,FALSE
6980962,"gate_40",10,FALSE,FALSE
6981090,"gate_30",42,FALSE,FALSE
6981154,"gate_40",1,FALSE,FALSE
6981263,"gate_40",37,FALSE,FALSE
6981436,"gate_30",271,TRUE,TRUE
6981567,"gate_40",13,FALSE,FALSE
6981759,"gate_40",5,FALSE,FALSE
6981784,"gate_40",42,FALSE,TRUE
6982051,"gate_30",37,TRUE,FALSE
6982131,"gate_40",73,TRUE,FALSE
6982177,"gate_30",1,FALSE,FALSE
6982319,"gate_40",68,TRUE,FALSE
6982614,"gate_30",32,TRUE,FALSE
6982621,"gate_40",2,TRUE,FALSE
6982938,"gate_30",0,FALSE,FALSE
6983072,"gate_30",1196,TRUE,TRUE
6983306,"gate_30",80,TRUE,FALSE
6983320,"gate_40",8,FALSE,TRUE
6983375,"gate_40",4,FALSE,FALSE
6983416,"gate_30",9,FALSE,FALSE
6983598,"gate_40",9,FALSE,FALSE
6983984,"gate_40",106,TRUE,TRUE
6984028,"gate_30",1,FALSE,FALSE
6984220,"gate_40",109,TRUE,TRUE
6984295,"gate_40",0,FALSE,FALSE
6984441,"gate_40",3,FALSE,FALSE
6984537,"gate_40",4,FALSE,FALSE
6984644,"gate_30",6,FALSE,FALSE
6984843,"gate_30",13,FALSE,FALSE
6984852,"gate_30",6,FALSE,FALSE
6984962,"gate_30",21,TRUE,FALSE
6985136,"gate_40",211,TRUE,TRUE
6985349,"gate_40",11,FALSE,FALSE
6985498,"gate_30",7,FALSE,FALSE
6985509,"gate_30",41,TRUE,FALSE
6985552,"gate_40",22,FALSE,FALSE
6985586,"gate_30",4,FALSE,FALSE
6985664,"gate_30",36,TRUE,FALSE
6985686,"gate_30",268,TRUE,TRUE
6985690,"gate_40",25,FALSE,FALSE
6985736,"gate_30",0,FALSE,FALSE
6985821,"gate_30",14,FALSE,TRUE
6986046,"gate_40",29,TRUE,FALSE
6986068,"gate_30",7,FALSE,FALSE
6986211,"gate_30",25,TRUE,FALSE
6986256,"gate_40",198,TRUE,FALSE
6986478,"gate_40",6,TRUE,FALSE
6986486,"gate_30",3,FALSE,FALSE
6986550,"gate_30",233,TRUE,TRUE
6986756,"gate_30",7,TRUE,FALSE
6987033,"gate_40",174,TRUE,TRUE
6987109,"gate_30",4,FALSE,FALSE
6987120,"gate_40",77,FALSE,FALSE
6987121,"gate_40",14,FALSE,FALSE
6987262,"gate_40",45,FALSE,FALSE
6987294,"gate_30",5,FALSE,FALSE
6987389,"gate_40",103,TRUE,TRUE
6987509,"gate_40",2,FALSE,FALSE
6987768,"gate_40",6,FALSE,FALSE
6987769,"gate_30",57,TRUE,TRUE
6987825,"gate_40",2,FALSE,FALSE
6987868,"gate_40",38,TRUE,FALSE
6987869,"gate_30",3,FALSE,FALSE
6988147,"gate_40",45,TRUE,FALSE
6988209,"gate_40",71,TRUE,FALSE
6988215,"gate_40",7,FALSE,FALSE
6988243,"gate_40",34,TRUE,FALSE
6988259,"gate_40",1,FALSE,FALSE
6988565,"gate_40",47,TRUE,TRUE
6988595,"gate_30",1,FALSE,FALSE
6988732,"gate_40",45,TRUE,FALSE
6988752,"gate_40",1,FALSE,FALSE
6988983,"gate_40",209,TRUE,TRUE
6989211,"gate_30",6,FALSE,FALSE
6989239,"gate_40",83,TRUE,TRUE
6989294,"gate_30",7,FALSE,FALSE
6989326,"gate_40",16,FALSE,FALSE
6989452,"gate_30",4,TRUE,FALSE
6989468,"gate_40",145,TRUE,TRUE
6989536,"gate_40",13,FALSE,FALSE
6989561,"gate_30",39,TRUE,TRUE
6989694,"gate_40",34,FALSE,FALSE
6989730,"gate_30",62,TRUE,FALSE
6989849,"gate_40",18,TRUE,FALSE
6990145,"gate_40",37,FALSE,FALSE
6990628,"gate_40",0,FALSE,FALSE
6990822,"gate_30",12,FALSE,FALSE
6990837,"gate_40",5,FALSE,FALSE
6990968,"gate_40",18,TRUE,FALSE
6990973,"gate_30",39,TRUE,TRUE
6990994,"gate_40",36,FALSE,FALSE
6991083,"gate_30",21,TRUE,FALSE
6991122,"gate_30",23,TRUE,FALSE
6991147,"gate_40",406,TRUE,TRUE
6991188,"gate_30",0,FALSE,FALSE
6991391,"gate_40",5,FALSE,FALSE
6991515,"gate_40",495,TRUE,TRUE
6991728,"gate_30",32,TRUE,FALSE
6991762,"gate_30",106,TRUE,TRUE
6991868,"gate_30",45,TRUE,FALSE
6991880,"gate_30",37,FALSE,FALSE
6991905,"gate_30",2,FALSE,FALSE
6991966,"gate_30",87,TRUE,TRUE
6992045,"gate_40",22,FALSE,TRUE
6992311,"gate_40",10,FALSE,FALSE
6992332,"gate_40",9,TRUE,FALSE
6992452,"gate_30",366,TRUE,TRUE
6992644,"gate_40",23,TRUE,FALSE
6992729,"gate_40",102,TRUE,FALSE
6992768,"gate_40",34,TRUE,FALSE
6992905,"gate_30",10,FALSE,FALSE
6992917,"gate_30",120,TRUE,TRUE
6993103,"gate_40",19,FALSE,FALSE
6993283,"gate_40",26,FALSE,FALSE
6993324,"gate_30",14,TRUE,FALSE
6993397,"gate_30",21,TRUE,FALSE
6993552,"gate_30",65,TRUE,FALSE
6993638,"gate_40",1,FALSE,TRUE
6993665,"gate_30",7,FALSE,TRUE
6993666,"gate_30",7,FALSE,FALSE
6993681,"gate_40",28,TRUE,FALSE
6993745,"gate_40",5,FALSE,FALSE
6993752,"gate_30",33,TRUE,FALSE
6993882,"gate_30",20,FALSE,TRUE
6993915,"gate_30",10,FALSE,FALSE
6993933,"gate_30",9,FALSE,TRUE
6993975,"gate_30",7,FALSE,FALSE
6993985,"gate_30",5,FALSE,FALSE
6994122,"gate_40",134,TRUE,TRUE
6994230,"gate_40",8,FALSE,FALSE
6994440,"gate_30",43,TRUE,FALSE
6994524,"gate_40",50,TRUE,FALSE
6994536,"gate_30",23,TRUE,FALSE
6994589,"gate_30",12,TRUE,FALSE
6994611,"gate_40",0,FALSE,FALSE
6994734,"gate_40",6,FALSE,FALSE
6994751,"gate_30",36,TRUE,FALSE
6994897,"gate_30",4,FALSE,FALSE
6994946,"gate_40",13,FALSE,FALSE
6994968,"gate_40",22,FALSE,FALSE
6994973,"gate_40",52,TRUE,FALSE
6995270,"gate_30",25,FALSE,FALSE
6995283,"gate_30",49,FALSE,FALSE
6995291,"gate_30",3,FALSE,FALSE
6995426,"gate_30",21,TRUE,FALSE
6995459,"gate_30",17,FALSE,FALSE
6995521,"gate_40",1,FALSE,FALSE
6995745,"gate_30",2,FALSE,FALSE
6995765,"gate_40",8,FALSE,FALSE
6995779,"gate_30",113,TRUE,TRUE
6995795,"gate_30",39,TRUE,FALSE
6995803,"gate_30",226,TRUE,TRUE
6995831,"gate_30",19,FALSE,FALSE
6995952,"gate_40",4,FALSE,TRUE
6995972,"gate_40",6,FALSE,FALSE
6995980,"gate_30",105,TRUE,TRUE
6995991,"gate_40",61,TRUE,FALSE
6995992,"gate_40",18,TRUE,TRUE
6996010,"gate_40",33,TRUE,TRUE
6996038,"gate_30",19,FALSE,FALSE
6996312,"gate_30",0,FALSE,FALSE
6996466,"gate_30",72,TRUE,FALSE
6996563,"gate_30",6,FALSE,FALSE
6996658,"gate_30",22,TRUE,FALSE
6996716,"gate_40",330,TRUE,FALSE
6996764,"gate_30",9,FALSE,FALSE
6996806,"gate_30",142,TRUE,FALSE
6996828,"gate_30",75,TRUE,TRUE
6996887,"gate_30",21,TRUE,FALSE
6997109,"gate_30",43,FALSE,FALSE
6997470,"gate_40",2,FALSE,FALSE
6997474,"gate_30",11,FALSE,FALSE
6997746,"gate_30",6,FALSE,FALSE
6997755,"gate_40",52,TRUE,FALSE
6997810,"gate_30",50,TRUE,FALSE
6997872,"gate_40",15,TRUE,FALSE
6997971,"gate_40",39,TRUE,FALSE
6997997,"gate_30",6,FALSE,FALSE
6998129,"gate_40",26,TRUE,FALSE
6998358,"gate_30",0,FALSE,FALSE
6998491,"gate_30",6,FALSE,FALSE
6998496,"gate_30",43,TRUE,FALSE
6998549,"gate_30",10,FALSE,FALSE
6998558,"gate_30",0,FALSE,FALSE
6998632,"gate_40",1,FALSE,FALSE
6998834,"gate_40",3,FALSE,FALSE
6998837,"gate_30",10,FALSE,FALSE
6999023,"gate_30",0,FALSE,FALSE
6999059,"gate_30",58,FALSE,FALSE
6999129,"gate_40",36,TRUE,FALSE
6999226,"gate_30",34,TRUE,FALSE
6999256,"gate_30",9,TRUE,FALSE
6999444,"gate_30",4,FALSE,FALSE
6999570,"gate_30",20,TRUE,FALSE
6999745,"gate_30",1,FALSE,FALSE
6999751,"gate_30",12,FALSE,FALSE
6999771,"gate_40",11,FALSE,TRUE
6999812,"gate_30",5,FALSE,FALSE
7000013,"gate_40",350,TRUE,TRUE
7000014,"gate_30",132,TRUE,TRUE
7000110,"gate_30",18,FALSE,FALSE
7000125,"gate_40",1,FALSE,FALSE
7000183,"gate_40",6,FALSE,FALSE
7000281,"gate_30",44,TRUE,FALSE
7000499,"gate_40",11,FALSE,FALSE
7000625,"gate_30",2,FALSE,FALSE
7000674,"gate_30",28,TRUE,FALSE
7000703,"gate_40",26,FALSE,FALSE
7000723,"gate_30",44,FALSE,FALSE
7000730,"gate_30",11,TRUE,FALSE
7000950,"gate_40",38,FALSE,FALSE
7000951,"gate_30",6,FALSE,FALSE
7001172,"gate_30",11,FALSE,FALSE
7001295,"gate_40",41,FALSE,FALSE
7001329,"gate_30",5,TRUE,FALSE
7001486,"gate_30",5,FALSE,FALSE
7001538,"gate_40",3,FALSE,FALSE
7001541,"gate_30",315,TRUE,TRUE
7001879,"gate_30",6,FALSE,FALSE
7002004,"gate_30",7,FALSE,FALSE
7002090,"gate_40",170,TRUE,TRUE
7002373,"gate_30",149,TRUE,TRUE
7002582,"gate_40",1,FALSE,FALSE
7002672,"gate_30",6,FALSE,FALSE
7002699,"gate_30",11,FALSE,FALSE
7002910,"gate_40",104,TRUE,TRUE
7002968,"gate_30",422,TRUE,TRUE
7003010,"gate_40",89,TRUE,TRUE
7003197,"gate_30",44,FALSE,FALSE
7003287,"gate_30",13,FALSE,FALSE
7003332,"gate_40",23,FALSE,FALSE
7003367,"gate_30",61,TRUE,FALSE
7003586,"gate_40",3,FALSE,FALSE
7003662,"gate_40",17,FALSE,FALSE
7003815,"gate_40",20,FALSE,FALSE
7003947,"gate_40",2,TRUE,TRUE
7004160,"gate_40",17,FALSE,FALSE
7004447,"gate_30",61,TRUE,FALSE
7004479,"gate_30",34,FALSE,FALSE
7004518,"gate_30",16,FALSE,FALSE
7004553,"gate_40",18,FALSE,FALSE
7004661,"gate_30",11,TRUE,FALSE
7004664,"gate_40",209,TRUE,FALSE
7004681,"gate_40",4,FALSE,FALSE
7004806,"gate_30",472,TRUE,TRUE
7004918,"gate_40",5,FALSE,FALSE
7004958,"gate_30",1,FALSE,FALSE
7004975,"gate_40",94,TRUE,TRUE
7005135,"gate_40",12,FALSE,FALSE
7005175,"gate_30",84,TRUE,FALSE
7005265,"gate_30",168,TRUE,TRUE
7005289,"gate_30",2,FALSE,FALSE
7005404,"gate_40",36,TRUE,FALSE
7005653,"gate_40",101,TRUE,TRUE
7005661,"gate_40",22,FALSE,FALSE
7005741,"gate_30",0,FALSE,FALSE
7005824,"gate_30",42,TRUE,FALSE
7005881,"gate_40",9,FALSE,FALSE
7006013,"gate_30",15,FALSE,FALSE
7006094,"gate_30",24,FALSE,FALSE
7006159,"gate_40",8,TRUE,FALSE
7006171,"gate_30",1,FALSE,FALSE
7006266,"gate_30",30,TRUE,FALSE
7006428,"gate_40",80,TRUE,FALSE
7006680,"gate_40",4,FALSE,FALSE
7007095,"gate_30",1,FALSE,FALSE
7007111,"gate_30",59,TRUE,FALSE
7007133,"gate_40",36,TRUE,TRUE
7007135,"gate_40",15,FALSE,FALSE
7007176,"gate_40",0,FALSE,FALSE
7007335,"gate_40",9,FALSE,FALSE
7007497,"gate_30",35,TRUE,FALSE
7007617,"gate_30",93,TRUE,FALSE
7007641,"gate_30",1,FALSE,FALSE
7007732,"gate_30",84,TRUE,FALSE
7007861,"gate_30",15,FALSE,FALSE
7008029,"gate_30",121,TRUE,TRUE
7008109,"gate_40",165,FALSE,TRUE
7008260,"gate_40",8,FALSE,FALSE
7008417,"gate_30",20,TRUE,FALSE
7008495,"gate_40",1,FALSE,FALSE
7008586,"gate_40",19,FALSE,TRUE
7008761,"gate_30",0,FALSE,FALSE
7008809,"gate_40",6,FALSE,FALSE
7008854,"gate_30",5,FALSE,FALSE
7008860,"gate_30",5,FALSE,FALSE
7008923,"gate_30",9,TRUE,FALSE
7009202,"gate_40",0,FALSE,FALSE
7009231,"gate_40",4,FALSE,FALSE
7009403,"gate_30",144,TRUE,TRUE
7009421,"gate_30",3,FALSE,FALSE
7009517,"gate_40",3,FALSE,FALSE
7009522,"gate_40",145,TRUE,FALSE
7009563,"gate_40",0,FALSE,FALSE
7009673,"gate_40",0,FALSE,FALSE
7009900,"gate_30",7,TRUE,FALSE
7010038,"gate_30",1,FALSE,FALSE
7010431,"gate_40",23,TRUE,FALSE
7010437,"gate_30",1,FALSE,FALSE
7010536,"gate_30",429,TRUE,TRUE
7010725,"gate_30",91,FALSE,TRUE
7011070,"gate_40",60,TRUE,TRUE
7011182,"gate_40",124,TRUE,TRUE
7011235,"gate_30",1,FALSE,FALSE
7011262,"gate_30",6,FALSE,FALSE
7011328,"gate_30",260,TRUE,TRUE
7011405,"gate_40",6,FALSE,FALSE
7011572,"gate_30",22,TRUE,FALSE
7011589,"gate_30",6,FALSE,FALSE
7011738,"gate_30",9,TRUE,FALSE
7011857,"gate_40",131,TRUE,FALSE
7011862,"gate_40",269,TRUE,TRUE
7011884,"gate_40",5,FALSE,FALSE
7011889,"gate_30",13,FALSE,FALSE
7011906,"gate_30",1,FALSE,FALSE
7011944,"gate_40",2,FALSE,FALSE
7011955,"gate_40",1,FALSE,FALSE
7012064,"gate_30",4,FALSE,FALSE
7012421,"gate_40",45,FALSE,FALSE
7012693,"gate_40",17,FALSE,FALSE
7012806,"gate_40",121,TRUE,TRUE
7013015,"gate_30",1,FALSE,FALSE
7013098,"gate_40",52,TRUE,FALSE
7013247,"gate_30",61,TRUE,FALSE
7013363,"gate_40",230,TRUE,TRUE
7013385,"gate_40",49,TRUE,FALSE
7013390,"gate_30",2,FALSE,FALSE
7013406,"gate_30",117,TRUE,TRUE
7013440,"gate_30",55,TRUE,TRUE
7013604,"gate_30",17,TRUE,FALSE
7013708,"gate_30",97,TRUE,FALSE
7014070,"gate_40",17,FALSE,FALSE
7014121,"gate_40",142,TRUE,FALSE
7014199,"gate_30",5,TRUE,FALSE
7014205,"gate_40",7,FALSE,FALSE
7014466,"gate_30",12,TRUE,FALSE
7014596,"gate_40",20,TRUE,FALSE
7014923,"gate_30",12,FALSE,FALSE
7014935,"gate_40",11,FALSE,FALSE
7015191,"gate_30",13,FALSE,FALSE
7015344,"gate_30",140,TRUE,FALSE
7015365,"gate_30",4,FALSE,FALSE
7015396,"gate_30",27,TRUE,FALSE
7015438,"gate_30",199,TRUE,TRUE
7015682,"gate_30",63,FALSE,FALSE
7015689,"gate_40",446,TRUE,TRUE
7015899,"gate_40",49,TRUE,FALSE
7015910,"gate_30",66,TRUE,FALSE
7015954,"gate_40",54,TRUE,FALSE
7016254,"gate_40",56,TRUE,FALSE
7016380,"gate_30",3,FALSE,FALSE
7016475,"gate_30",52,FALSE,FALSE
7016523,"gate_30",32,FALSE,FALSE
7016622,"gate_40",1,FALSE,FALSE
7016674,"gate_40",12,FALSE,FALSE
7016764,"gate_40",27,FALSE,FALSE
7016832,"gate_30",151,TRUE,TRUE
7016976,"gate_30",3,FALSE,FALSE
7017131,"gate_40",3,FALSE,FALSE
7017242,"gate_30",57,FALSE,FALSE
7017339,"gate_40",8,TRUE,FALSE
7017473,"gate_30",0,FALSE,FALSE
7017481,"gate_40",6,TRUE,FALSE
7017552,"gate_30",6,FALSE,FALSE
7017764,"gate_40",70,TRUE,TRUE
7017818,"gate_40",7,FALSE,TRUE
7017971,"gate_30",14,FALSE,FALSE
7017992,"gate_40",20,TRUE,FALSE
7018007,"gate_30",6,FALSE,FALSE
7018156,"gate_40",5,FALSE,FALSE
7018193,"gate_30",22,FALSE,FALSE
7018199,"gate_40",120,TRUE,TRUE
7018237,"gate_40",125,TRUE,TRUE
7018241,"gate_30",3,FALSE,FALSE
7018265,"gate_30",61,FALSE,TRUE
7018372,"gate_40",9,FALSE,FALSE
7018519,"gate_40",10,TRUE,FALSE
7018788,"gate_30",1,FALSE,FALSE
7018955,"gate_30",7,FALSE,FALSE
7019056,"gate_40",119,TRUE,TRUE
7019096,"gate_30",22,FALSE,FALSE
7019109,"gate_40",11,FALSE,FALSE
7019147,"gate_40",47,TRUE,FALSE
7019356,"gate_30",101,TRUE,FALSE
7019405,"gate_30",19,FALSE,FALSE
7019614,"gate_40",39,TRUE,FALSE
7019651,"gate_40",2,FALSE,FALSE
7019816,"gate_40",23,TRUE,FALSE
7019916,"gate_40",12,FALSE,FALSE
7020154,"gate_30",34,FALSE,FALSE
7020287,"gate_40",26,TRUE,FALSE
7020396,"gate_30",0,FALSE,FALSE
7020414,"gate_30",75,TRUE,FALSE
7020550,"gate_40",0,FALSE,FALSE
7020562,"gate_30",40,TRUE,FALSE
7020691,"gate_40",28,TRUE,FALSE
7020720,"gate_40",108,TRUE,FALSE
7020937,"gate_30",57,TRUE,FALSE
7020991,"gate_40",142,TRUE,TRUE
7021020,"gate_40",30,FALSE,FALSE
7021087,"gate_40",1,FALSE,FALSE
7021150,"gate_40",11,FALSE,FALSE
7021224,"gate_40",26,FALSE,FALSE
7021249,"gate_40",25,FALSE,FALSE
7021352,"gate_40",217,FALSE,TRUE
7021439,"gate_30",61,TRUE,TRUE
7021444,"gate_30",86,TRUE,FALSE
7021459,"gate_30",1,FALSE,FALSE
7022080,"gate_40",5,FALSE,FALSE
7022355,"gate_30",64,TRUE,FALSE
7022459,"gate_30",16,FALSE,FALSE
7022637,"gate_40",19,TRUE,FALSE
7022644,"gate_40",55,TRUE,TRUE
7022897,"gate_40",12,FALSE,FALSE
7023104,"gate_40",4,FALSE,FALSE
7023322,"gate_40",124,TRUE,TRUE
7023371,"gate_30",65,FALSE,FALSE
7023518,"gate_40",97,TRUE,FALSE
7023637,"gate_40",4,TRUE,FALSE
7023664,"gate_30",56,TRUE,FALSE
7023807,"gate_30",34,TRUE,FALSE
7023825,"gate_30",2,FALSE,FALSE
7023840,"gate_40",19,TRUE,FALSE
7023908,"gate_40",88,TRUE,FALSE
7023942,"gate_30",5,FALSE,FALSE
7024002,"gate_40",1,FALSE,FALSE
7024114,"gate_30",29,TRUE,TRUE
7024424,"gate_40",15,FALSE,FALSE
7024797,"gate_30",1,FALSE,FALSE
7024849,"gate_30",1,FALSE,FALSE
7024914,"gate_30",23,FALSE,FALSE
7025004,"gate_40",13,FALSE,TRUE
7025046,"gate_40",297,TRUE,TRUE
7025127,"gate_40",71,FALSE,FALSE
7025204,"gate_30",34,TRUE,FALSE
7025349,"gate_40",12,TRUE,FALSE
7025458,"gate_30",717,TRUE,FALSE
7025558,"gate_40",141,TRUE,TRUE
7025643,"gate_30",11,TRUE,FALSE
7025704,"gate_40",48,TRUE,FALSE
7025869,"gate_30",85,TRUE,TRUE
7026003,"gate_40",5,FALSE,FALSE
7026257,"gate_30",147,TRUE,TRUE
7026281,"gate_40",77,TRUE,TRUE
7026297,"gate_30",9,FALSE,FALSE
7026312,"gate_30",51,TRUE,FALSE
7026411,"gate_30",5,FALSE,FALSE
7026452,"gate_30",13,TRUE,FALSE
7026658,"gate_30",19,FALSE,FALSE
7026778,"gate_40",56,TRUE,FALSE
7026891,"gate_40",8,TRUE,FALSE
7026904,"gate_40",376,TRUE,TRUE
7027008,"gate_40",142,TRUE,TRUE
7027013,"gate_40",13,FALSE,FALSE
7027109,"gate_40",199,TRUE,TRUE
7027137,"gate_30",141,TRUE,TRUE
7027194,"gate_40",1,FALSE,TRUE
7027573,"gate_30",50,TRUE,FALSE
7027609,"gate_30",33,FALSE,FALSE
7027911,"gate_40",21,FALSE,FALSE
7028001,"gate_30",206,TRUE,TRUE
7028043,"gate_40",47,TRUE,FALSE
7028239,"gate_30",8,FALSE,FALSE
7028475,"gate_30",2,FALSE,FALSE
7028580,"gate_30",13,TRUE,FALSE
7028654,"gate_40",83,TRUE,FALSE
7029859,"gate_30",4,FALSE,FALSE
7029886,"gate_30",9,TRUE,FALSE
7029918,"gate_30",26,TRUE,FALSE
7029970,"gate_30",88,TRUE,FALSE
7030004,"gate_30",5,FALSE,FALSE
7030042,"gate_30",70,TRUE,FALSE
7030271,"gate_40",160,FALSE,TRUE
7030319,"gate_30",23,TRUE,FALSE
7030327,"gate_30",621,TRUE,TRUE
7030344,"gate_40",15,FALSE,FALSE
7030394,"gate_40",8,TRUE,FALSE
7030409,"gate_40",3,FALSE,FALSE
7030518,"gate_40",55,TRUE,FALSE
7030715,"gate_30",5,FALSE,FALSE
7030717,"gate_30",64,TRUE,TRUE
7031075,"gate_40",59,FALSE,FALSE
7031145,"gate_40",69,TRUE,TRUE
7031361,"gate_30",44,TRUE,TRUE
7031423,"gate_40",42,FALSE,TRUE
7031526,"gate_30",9,FALSE,FALSE
7031651,"gate_40",1,FALSE,FALSE
7031790,"gate_30",26,FALSE,FALSE
7031819,"gate_40",10,TRUE,FALSE
7031820,"gate_30",55,TRUE,FALSE
7031843,"gate_40",85,FALSE,FALSE
7031868,"gate_30",133,FALSE,FALSE
7031931,"gate_40",69,TRUE,TRUE
7031934,"gate_40",402,TRUE,TRUE
7032044,"gate_40",63,TRUE,FALSE
7032325,"gate_30",18,FALSE,FALSE
7032492,"gate_40",4,FALSE,FALSE
7032538,"gate_30",4,FALSE,FALSE
7032595,"gate_30",1,FALSE,FALSE
7032789,"gate_40",12,TRUE,FALSE
7033098,"gate_40",22,TRUE,TRUE
7033173,"gate_40",1,FALSE,FALSE
7033182,"gate_40",110,TRUE,TRUE
7033234,"gate_30",8,FALSE,FALSE
7033263,"gate_40",12,FALSE,FALSE
7033318,"gate_30",54,TRUE,TRUE
7033342,"gate_30",26,TRUE,FALSE
7033395,"gate_30",31,TRUE,FALSE
7033491,"gate_30",28,TRUE,FALSE
7033581,"gate_40",18,FALSE,FALSE
7033627,"gate_30",8,TRUE,FALSE
7033910,"gate_40",5,FALSE,FALSE
7033991,"gate_40",4,FALSE,FALSE
7034006,"gate_40",39,TRUE,TRUE
7034114,"gate_30",10,FALSE,FALSE
7034163,"gate_40",3,FALSE,FALSE
7034171,"gate_30",3,FALSE,FALSE
7034360,"gate_40",8,TRUE,FALSE
7034500,"gate_30",44,TRUE,TRUE
7034501,"gate_30",0,FALSE,FALSE
7034607,"gate_40",2,FALSE,FALSE
7034809,"gate_30",12,TRUE,FALSE
7034829,"gate_40",1,FALSE,FALSE
7034857,"gate_30",136,TRUE,TRUE
7034987,"gate_30",41,TRUE,FALSE
7035051,"gate_30",31,FALSE,FALSE
7035193,"gate_40",11,TRUE,FALSE
7035535,"gate_30",1,FALSE,FALSE
7035614,"gate_30",6,FALSE,FALSE
7035837,"gate_40",27,TRUE,FALSE
7035917,"gate_40",13,FALSE,FALSE
7035929,"gate_30",3,TRUE,FALSE
7035946,"gate_40",439,TRUE,TRUE
7035989,"gate_30",21,TRUE,FALSE
7035992,"gate_30",0,FALSE,FALSE
7035997,"gate_30",101,TRUE,TRUE
7036376,"gate_40",48,FALSE,FALSE
7036462,"gate_40",2,FALSE,FALSE
7036663,"gate_30",38,FALSE,FALSE
7036719,"gate_30",6,FALSE,FALSE
7036835,"gate_40",72,TRUE,FALSE
7036929,"gate_40",2,FALSE,FALSE
7037325,"gate_30",4,FALSE,FALSE
7037331,"gate_40",4,FALSE,FALSE
7037378,"gate_40",1,TRUE,FALSE
7037442,"gate_30",7,FALSE,FALSE
7037461,"gate_40",102,TRUE,TRUE
7037494,"gate_30",199,TRUE,TRUE
7037604,"gate_40",8,FALSE,FALSE
7037788,"gate_40",48,TRUE,FALSE
7037922,"gate_30",2,FALSE,FALSE
7038212,"gate_40",10,FALSE,FALSE
7038219,"gate_30",1,FALSE,FALSE
7038223,"gate_40",37,TRUE,FALSE
7038245,"gate_30",102,TRUE,TRUE
7038247,"gate_30",12,FALSE,FALSE
7038637,"gate_30",70,TRUE,TRUE
7038885,"gate_40",9,FALSE,FALSE
7038889,"gate_30",32,TRUE,FALSE
7038968,"gate_30",10,TRUE,TRUE
7039040,"gate_30",174,TRUE,FALSE
7039104,"gate_40",18,FALSE,FALSE
7039263,"gate_30",162,TRUE,TRUE
7039686,"gate_40",27,TRUE,FALSE
7039693,"gate_40",8,TRUE,FALSE
7039928,"gate_40",16,FALSE,FALSE
7039950,"gate_30",1,FALSE,FALSE
7040082,"gate_40",7,FALSE,FALSE
7040249,"gate_30",184,TRUE,TRUE
7040317,"gate_40",53,FALSE,FALSE
7040368,"gate_40",29,FALSE,FALSE
7040410,"gate_30",17,TRUE,FALSE
7040518,"gate_40",10,TRUE,FALSE
7040561,"gate_40",7,FALSE,FALSE
7040870,"gate_40",65,FALSE,FALSE
7041032,"gate_30",26,TRUE,FALSE
7041079,"gate_30",2,FALSE,FALSE
7041288,"gate_30",214,TRUE,TRUE
7041430,"gate_30",66,TRUE,FALSE
7041528,"gate_30",64,TRUE,TRUE
7041537,"gate_30",21,FALSE,FALSE
7041591,"gate_30",0,FALSE,FALSE
7041669,"gate_40",6,FALSE,FALSE
7041935,"gate_30",0,FALSE,FALSE
7042027,"gate_40",0,FALSE,FALSE
7042110,"gate_40",22,TRUE,FALSE
7042187,"gate_40",5,FALSE,FALSE
7042565,"gate_40",2,FALSE,FALSE
7042571,"gate_30",3,FALSE,FALSE
7042632,"gate_30",1,FALSE,FALSE
7042690,"gate_40",11,TRUE,FALSE
7042724,"gate_30",5,TRUE,FALSE
7042726,"gate_40",120,TRUE,TRUE
7042809,"gate_40",115,TRUE,FALSE
7042824,"gate_40",14,FALSE,FALSE
7042969,"gate_40",22,FALSE,FALSE
7043052,"gate_30",77,TRUE,FALSE
7043306,"gate_40",23,FALSE,FALSE
7043340,"gate_40",57,FALSE,FALSE
7043536,"gate_30",6,TRUE,FALSE
7043730,"gate_30",2,FALSE,FALSE
7043733,"gate_40",5,FALSE,FALSE
7043771,"gate_40",2,FALSE,FALSE
7043869,"gate_30",34,TRUE,FALSE
7044029,"gate_30",66,TRUE,TRUE
7044296,"gate_40",7,FALSE,FALSE
7044335,"gate_40",6,FALSE,FALSE
7044424,"gate_40",186,TRUE,FALSE
7044432,"gate_30",17,TRUE,FALSE
7044445,"gate_30",237,TRUE,TRUE
7044530,"gate_40",53,TRUE,FALSE
7044581,"gate_40",97,TRUE,TRUE
7044868,"gate_30",2,FALSE,FALSE
7044941,"gate_40",1,FALSE,FALSE
7045025,"gate_30",27,FALSE,FALSE
7045247,"gate_40",3,FALSE,FALSE
7045257,"gate_40",21,FALSE,FALSE
7045348,"gate_40",13,FALSE,FALSE
7045445,"gate_30",42,TRUE,FALSE
7045586,"gate_30",13,TRUE,FALSE
7045625,"gate_40",21,TRUE,FALSE
7045771,"gate_30",2,FALSE,FALSE
7045954,"gate_30",16,TRUE,FALSE
7046114,"gate_40",1,FALSE,FALSE
7046179,"gate_40",1,FALSE,FALSE
7046326,"gate_30",119,TRUE,FALSE
7046402,"gate_40",12,FALSE,FALSE
7046463,"gate_30",3,FALSE,FALSE
7046490,"gate_30",14,TRUE,FALSE
7046747,"gate_40",119,TRUE,TRUE
7046949,"gate_30",18,FALSE,FALSE
7047066,"gate_30",1,FALSE,FALSE
7047077,"gate_30",47,TRUE,TRUE
7047090,"gate_40",6,FALSE,FALSE
7047118,"gate_40",1,FALSE,FALSE
7047261,"gate_30",60,FALSE,TRUE
7047378,"gate_30",231,TRUE,TRUE
7047537,"gate_40",41,TRUE,TRUE
7047569,"gate_30",1,FALSE,FALSE
7048051,"gate_40",6,FALSE,FALSE
7048226,"gate_40",2,FALSE,FALSE
7048813,"gate_30",50,TRUE,FALSE
7048841,"gate_30",35,TRUE,FALSE
7048862,"gate_30",16,TRUE,FALSE
7049173,"gate_40",0,FALSE,FALSE
7049213,"gate_40",2,FALSE,FALSE
7049225,"gate_40",3,FALSE,FALSE
7049570,"gate_30",39,FALSE,FALSE
7049740,"gate_40",0,FALSE,FALSE
7049871,"gate_30",5,FALSE,FALSE
7050007,"gate_30",62,TRUE,FALSE
7050057,"gate_30",65,TRUE,TRUE
7050101,"gate_30",0,FALSE,FALSE
7050316,"gate_40",2,FALSE,FALSE
7050428,"gate_30",159,TRUE,TRUE
7050589,"gate_40",145,TRUE,FALSE
7050621,"gate_30",3,FALSE,FALSE
7050847,"gate_30",32,TRUE,FALSE
7050870,"gate_40",240,TRUE,TRUE
7050907,"gate_30",165,TRUE,TRUE
7051028,"gate_40",7,FALSE,FALSE
7051056,"gate_40",196,FALSE,TRUE
7051171,"gate_40",27,TRUE,FALSE
7051211,"gate_30",8,FALSE,FALSE
7051225,"gate_40",0,FALSE,FALSE
7051273,"gate_30",6,FALSE,FALSE
7051641,"gate_40",40,FALSE,FALSE
7051651,"gate_30",7,FALSE,FALSE
7051865,"gate_30",126,TRUE,FALSE
7052056,"gate_30",41,TRUE,TRUE
7052209,"gate_30",38,FALSE,FALSE
7052219,"gate_40",14,TRUE,FALSE
7052220,"gate_40",5,FALSE,FALSE
7052267,"gate_40",1,FALSE,FALSE
7052287,"gate_40",71,FALSE,TRUE
7052416,"gate_40",1,FALSE,FALSE
7052459,"gate_40",13,FALSE,FALSE
7052493,"gate_40",6,FALSE,FALSE
7052684,"gate_40",13,FALSE,FALSE
7052798,"gate_30",7,TRUE,FALSE
7052865,"gate_30",10,FALSE,FALSE
7053060,"gate_30",16,FALSE,TRUE
7053217,"gate_40",92,FALSE,FALSE
7053349,"gate_30",1,FALSE,FALSE
7053428,"gate_30",6,FALSE,FALSE
7053495,"gate_30",10,FALSE,FALSE
7053516,"gate_40",97,TRUE,FALSE
7053549,"gate_30",7,FALSE,FALSE
7053576,"gate_40",3,FALSE,FALSE
7053598,"gate_40",1,FALSE,FALSE
7053745,"gate_40",6,TRUE,FALSE
7053762,"gate_30",2,FALSE,FALSE
7053947,"gate_30",39,FALSE,TRUE
7053993,"gate_40",9,FALSE,FALSE
7054063,"gate_40",368,TRUE,TRUE
7054303,"gate_30",24,FALSE,FALSE
7054514,"gate_30",73,FALSE,FALSE
7054524,"gate_40",38,TRUE,FALSE
7054744,"gate_30",132,TRUE,TRUE
7054840,"gate_40",11,FALSE,FALSE
7054959,"gate_40",54,TRUE,FALSE
7055167,"gate_30",1,FALSE,FALSE
7055210,"gate_40",140,TRUE,TRUE
7055241,"gate_40",203,TRUE,FALSE
7055247,"gate_40",51,FALSE,FALSE
7055289,"gate_30",27,TRUE,FALSE
7055417,"gate_40",75,FALSE,TRUE
7055448,"gate_40",41,TRUE,FALSE
7055505,"gate_40",25,FALSE,FALSE
7055523,"gate_30",6,TRUE,FALSE
7055691,"gate_30",3,FALSE,FALSE
7055766,"gate_30",369,TRUE,TRUE
7055930,"gate_40",35,TRUE,FALSE
7056016,"gate_30",83,TRUE,FALSE
7056067,"gate_40",18,TRUE,FALSE
7056216,"gate_30",4,FALSE,FALSE
7056328,"gate_30",3,FALSE,FALSE
7056403,"gate_30",65,TRUE,FALSE
7056617,"gate_30",3,FALSE,FALSE
7056670,"gate_30",69,TRUE,TRUE
7056969,"gate_40",34,TRUE,FALSE
7056972,"gate_40",1,FALSE,FALSE
7057054,"gate_40",5,FALSE,FALSE
7057201,"gate_40",10,FALSE,FALSE
7057243,"gate_40",27,TRUE,FALSE
7057303,"gate_40",24,TRUE,TRUE
7057444,"gate_40",8,FALSE,FALSE
7057448,"gate_40",9,FALSE,FALSE
7057485,"gate_40",17,TRUE,FALSE
7057550,"gate_40",55,TRUE,FALSE
7057838,"gate_40",55,TRUE,TRUE
7058018,"gate_40",10,TRUE,FALSE
7058090,"gate_40",52,TRUE,FALSE
7058359,"gate_30",7,FALSE,FALSE
7058374,"gate_30",515,TRUE,TRUE
7058472,"gate_30",120,FALSE,TRUE
7058526,"gate_40",3,FALSE,FALSE
7058532,"gate_40",48,FALSE,TRUE
7058644,"gate_40",6,FALSE,FALSE
7058656,"gate_40",52,TRUE,FALSE
7058663,"gate_40",20,TRUE,FALSE
7058675,"gate_40",134,TRUE,TRUE
7058777,"gate_30",148,TRUE,TRUE
7058790,"gate_30",4,FALSE,FALSE
7058820,"gate_30",1,FALSE,FALSE
7058940,"gate_30",50,TRUE,FALSE
7059104,"gate_30",50,FALSE,FALSE
7059119,"gate_30",70,TRUE,TRUE
7059206,"gate_30",8,FALSE,FALSE
7059476,"gate_30",1,FALSE,FALSE
7059526,"gate_40",32,TRUE,TRUE
7059566,"gate_30",71,FALSE,FALSE
7059742,"gate_30",141,TRUE,TRUE
7059907,"gate_30",2,FALSE,FALSE
7060016,"gate_30",8,FALSE,FALSE
7060156,"gate_30",39,TRUE,FALSE
7060467,"gate_40",56,TRUE,TRUE
7060631,"gate_30",21,TRUE,FALSE
7060877,"gate_40",376,TRUE,TRUE
7060977,"gate_40",8,FALSE,FALSE
7060978,"gate_40",1,FALSE,FALSE
7061125,"gate_30",36,FALSE,TRUE
7061424,"gate_30",13,FALSE,FALSE
7061473,"gate_30",8,FALSE,FALSE
7061590,"gate_30",162,TRUE,FALSE
7061758,"gate_40",3,TRUE,FALSE
7061782,"gate_30",163,TRUE,TRUE
7062012,"gate_40",17,FALSE,FALSE
7062031,"gate_30",14,FALSE,FALSE
7062044,"gate_40",60,TRUE,FALSE
7062071,"gate_40",107,TRUE,TRUE
7062119,"gate_40",50,TRUE,FALSE
7062123,"gate_40",18,TRUE,FALSE
7062180,"gate_30",0,FALSE,FALSE
7062222,"gate_40",116,TRUE,FALSE
7062229,"gate_40",59,TRUE,FALSE
7062432,"gate_40",12,FALSE,FALSE
7062450,"gate_40",2,FALSE,FALSE
7062541,"gate_40",2,FALSE,FALSE
7062638,"gate_40",5,FALSE,FALSE
7062648,"gate_40",3,FALSE,FALSE
7062898,"gate_30",47,TRUE,TRUE
7063111,"gate_30",2,FALSE,FALSE
7063316,"gate_30",2,FALSE,FALSE
7063614,"gate_40",42,FALSE,FALSE
7063691,"gate_40",0,FALSE,FALSE
7064045,"gate_30",22,FALSE,FALSE
7064054,"gate_30",5,FALSE,FALSE
7064066,"gate_30",9,FALSE,FALSE
7064194,"gate_30",14,FALSE,FALSE
7064213,"gate_40",34,FALSE,FALSE
7064219,"gate_40",21,TRUE,TRUE
7064419,"gate_40",11,TRUE,FALSE
7064460,"gate_40",5,FALSE,FALSE
7064508,"gate_40",60,TRUE,FALSE
7064575,"gate_40",30,TRUE,FALSE
7064619,"gate_40",23,TRUE,FALSE
7064645,"gate_40",13,FALSE,FALSE
7064942,"gate_30",21,TRUE,FALSE
7065226,"gate_40",42,TRUE,FALSE
7065308,"gate_40",14,TRUE,FALSE
7065316,"gate_30",6,FALSE,FALSE
7065425,"gate_40",23,TRUE,FALSE
7065564,"gate_30",5,TRUE,FALSE
7065805,"gate_40",0,FALSE,FALSE
7065934,"gate_30",83,FALSE,FALSE
7065936,"gate_30",11,TRUE,TRUE
7066119,"gate_40",15,FALSE,FALSE
7066144,"gate_30",0,FALSE,FALSE
7066176,"gate_30",13,FALSE,FALSE
7066759,"gate_40",5,FALSE,FALSE
7066827,"gate_40",6,FALSE,FALSE
7066961,"gate_40",66,FALSE,FALSE
7067164,"gate_30",11,FALSE,FALSE
7067318,"gate_30",0,FALSE,FALSE
7067533,"gate_40",9,FALSE,FALSE
7067942,"gate_30",13,FALSE,FALSE
7068068,"gate_30",2,FALSE,FALSE
7068200,"gate_40",4,FALSE,FALSE
7068343,"gate_30",17,FALSE,FALSE
7068526,"gate_30",147,TRUE,TRUE
7068531,"gate_30",1,FALSE,FALSE
7068598,"gate_40",4,FALSE,FALSE
7068752,"gate_30",15,FALSE,FALSE
7068901,"gate_30",10,FALSE,FALSE
7068920,"gate_30",86,TRUE,TRUE
7068972,"gate_40",30,TRUE,FALSE
7069181,"gate_40",144,TRUE,TRUE
7069351,"gate_30",2,FALSE,FALSE
7069356,"gate_40",112,TRUE,TRUE
7069510,"gate_30",19,TRUE,TRUE
7069524,"gate_40",58,TRUE,FALSE
7069527,"gate_30",1,FALSE,FALSE
7069559,"gate_40",29,TRUE,FALSE
7069628,"gate_40",8,FALSE,FALSE
7069660,"gate_40",180,TRUE,TRUE
7069867,"gate_40",18,FALSE,FALSE
7069962,"gate_30",7,FALSE,FALSE
7070068,"gate_40",324,TRUE,TRUE
7070087,"gate_40",5,FALSE,FALSE
7070552,"gate_40",19,TRUE,FALSE
7070591,"gate_40",1,FALSE,FALSE
7070597,"gate_30",2,FALSE,FALSE
7070683,"gate_40",10,FALSE,FALSE
7070887,"gate_40",5,FALSE,FALSE
7070912,"gate_40",56,TRUE,FALSE
7070920,"gate_30",26,TRUE,FALSE
7071048,"gate_40",4,FALSE,FALSE
7071224,"gate_30",8,FALSE,FALSE
7071278,"gate_40",4,FALSE,FALSE
7071519,"gate_40",41,TRUE,FALSE
7071575,"gate_30",8,FALSE,FALSE
7071601,"gate_40",2,FALSE,FALSE
7071689,"gate_40",17,FALSE,FALSE
7071730,"gate_40",30,TRUE,FALSE
7071936,"gate_30",45,TRUE,FALSE
7071965,"gate_30",36,TRUE,FALSE
7071974,"gate_40",1,FALSE,FALSE
7072033,"gate_30",87,TRUE,FALSE
7072086,"gate_30",2,FALSE,FALSE
7072130,"gate_30",183,TRUE,FALSE
7072275,"gate_30",421,FALSE,TRUE
7072294,"gate_30",33,FALSE,FALSE
7072567,"gate_40",6,FALSE,FALSE
7072688,"gate_40",107,TRUE,FALSE
7072692,"gate_30",4,FALSE,FALSE
7072884,"gate_30",0,FALSE,FALSE
7072949,"gate_30",14,TRUE,FALSE
7072990,"gate_30",10,FALSE,TRUE
7073058,"gate_30",180,TRUE,FALSE
7073080,"gate_40",63,TRUE,FALSE
7073103,"gate_30",19,FALSE,FALSE
7073144,"gate_30",3,FALSE,FALSE
7073259,"gate_40",27,FALSE,TRUE
7073285,"gate_30",7,FALSE,FALSE
7073304,"gate_30",14,TRUE,FALSE
7073353,"gate_30",24,FALSE,FALSE
7073539,"gate_40",152,TRUE,TRUE
7073747,"gate_40",35,FALSE,FALSE
7073751,"gate_30",36,FALSE,FALSE
7073840,"gate_30",9,FALSE,FALSE
7073888,"gate_40",80,TRUE,FALSE
7073970,"gate_30",179,TRUE,TRUE
7074060,"gate_30",7,FALSE,FALSE
7074095,"gate_30",160,TRUE,FALSE
7074138,"gate_40",82,TRUE,TRUE
7074157,"gate_30",16,TRUE,FALSE
7074160,"gate_40",0,FALSE,FALSE
7074211,"gate_40",0,FALSE,FALSE
7074247,"gate_30",4,FALSE,FALSE
7074249,"gate_40",7,TRUE,FALSE
7074384,"gate_40",15,FALSE,FALSE
7074443,"gate_30",9,FALSE,FALSE
7074482,"gate_30",58,FALSE,FALSE
7074676,"gate_40",7,FALSE,FALSE
7074705,"gate_40",35,TRUE,FALSE
7074756,"gate_30",22,TRUE,FALSE
7074948,"gate_40",4,FALSE,FALSE
7074997,"gate_40",20,FALSE,FALSE
7075057,"gate_40",5,FALSE,FALSE
7075109,"gate_40",2,FALSE,FALSE
7075125,"gate_30",4,FALSE,FALSE
7075211,"gate_30",5,FALSE,FALSE
7075333,"gate_40",0,FALSE,FALSE
7075342,"gate_40",5,FALSE,FALSE
7075354,"gate_30",36,TRUE,FALSE
7075449,"gate_30",28,TRUE,FALSE
7075548,"gate_40",5,FALSE,FALSE
7076040,"gate_40",8,FALSE,FALSE
7076090,"gate_30",28,FALSE,FALSE
7076095,"gate_40",9,FALSE,FALSE
7076110,"gate_40",3,FALSE,FALSE
7076226,"gate_30",2,FALSE,FALSE
7076337,"gate_30",0,FALSE,FALSE
7076402,"gate_40",9,FALSE,FALSE
7076485,"gate_30",1,FALSE,FALSE
7076766,"gate_30",167,TRUE,TRUE
7076780,"gate_40",5,FALSE,FALSE
7076834,"gate_40",128,TRUE,TRUE
7076952,"gate_40",88,TRUE,FALSE
7077026,"gate_40",260,TRUE,TRUE
7077099,"gate_30",1,FALSE,FALSE
7077107,"gate_30",5,FALSE,FALSE
7077133,"gate_30",249,FALSE,FALSE
7077199,"gate_30",13,FALSE,FALSE
7077340,"gate_40",319,TRUE,TRUE
7077686,"gate_30",7,TRUE,FALSE
7077860,"gate_40",36,TRUE,FALSE
7077986,"gate_40",57,TRUE,TRUE
7078028,"gate_40",43,TRUE,FALSE
7078062,"gate_30",27,TRUE,FALSE
7078244,"gate_30",2,FALSE,FALSE
7078282,"gate_40",0,FALSE,FALSE
7078396,"gate_30",0,FALSE,FALSE
7078427,"gate_30",6,FALSE,FALSE
7078962,"gate_40",7,FALSE,FALSE
7079186,"gate_40",136,TRUE,TRUE
7079289,"gate_40",19,FALSE,FALSE
7079391,"gate_40",2,FALSE,FALSE
7079442,"gate_40",77,FALSE,TRUE
7079493,"gate_30",3,FALSE,FALSE
7079627,"gate_40",4,FALSE,FALSE
7079672,"gate_40",18,FALSE,FALSE
7079692,"gate_30",2,FALSE,FALSE
7079739,"gate_30",3,FALSE,FALSE
7079745,"gate_30",0,FALSE,FALSE
7079803,"gate_30",8,TRUE,FALSE
7079829,"gate_40",37,FALSE,FALSE
7079953,"gate_30",24,TRUE,FALSE
7080034,"gate_40",6,FALSE,FALSE
7080157,"gate_30",23,TRUE,FALSE
7080467,"gate_30",67,TRUE,TRUE
7080574,"gate_30",184,FALSE,TRUE
7080593,"gate_30",4,FALSE,FALSE
7080701,"gate_40",4,FALSE,FALSE
7080780,"gate_40",52,TRUE,FALSE
7080799,"gate_40",2,FALSE,FALSE
7080818,"gate_30",0,FALSE,FALSE
7080823,"gate_30",161,FALSE,TRUE
7080886,"gate_40",13,FALSE,FALSE
7080900,"gate_30",11,TRUE,FALSE
7080957,"gate_40",26,TRUE,FALSE
7080966,"gate_30",69,TRUE,FALSE
7081059,"gate_40",72,TRUE,FALSE
7081149,"gate_30",182,TRUE,FALSE
7081171,"gate_30",2,FALSE,FALSE
7081256,"gate_40",6,FALSE,FALSE
7081425,"gate_30",19,TRUE,FALSE
7081576,"gate_30",40,TRUE,FALSE
7081642,"gate_40",107,TRUE,FALSE
7081689,"gate_30",16,TRUE,FALSE
7081801,"gate_40",5,TRUE,FALSE
7081871,"gate_40",19,FALSE,FALSE
7082032,"gate_40",2,FALSE,FALSE
7082043,"gate_30",7,FALSE,FALSE
7082159,"gate_30",19,FALSE,FALSE
7082526,"gate_30",49,TRUE,FALSE
7082569,"gate_30",50,FALSE,TRUE
7082711,"gate_30",18,FALSE,FALSE
7082752,"gate_30",30,TRUE,TRUE
7082874,"gate_30",155,TRUE,FALSE
7083056,"gate_30",8,TRUE,TRUE
7083121,"gate_40",6,FALSE,FALSE
7083170,"gate_30",1,FALSE,FALSE
7083211,"gate_40",1,FALSE,FALSE
7083330,"gate_40",43,TRUE,FALSE
7083341,"gate_40",195,TRUE,TRUE
7083430,"gate_40",68,TRUE,FALSE
7083440,"gate_30",15,TRUE,FALSE
7083453,"gate_40",0,FALSE,FALSE
7083471,"gate_40",2,FALSE,FALSE
7083585,"gate_40",101,TRUE,TRUE
7083779,"gate_30",32,TRUE,FALSE
7083780,"gate_30",154,TRUE,FALSE
7083897,"gate_30",429,TRUE,TRUE
7083958,"gate_40",101,FALSE,FALSE
7083985,"gate_40",4,FALSE,FALSE
7084000,"gate_30",7,TRUE,FALSE
7084007,"gate_30",215,TRUE,TRUE
7084322,"gate_40",36,FALSE,FALSE
7084377,"gate_40",23,TRUE,FALSE
7084394,"gate_40",91,TRUE,FALSE
7084427,"gate_30",0,FALSE,FALSE
7084462,"gate_30",6,TRUE,FALSE
7084524,"gate_40",6,FALSE,FALSE
7084612,"gate_30",12,FALSE,FALSE
7084775,"gate_40",7,FALSE,FALSE
7084805,"gate_30",3,FALSE,FALSE
7084923,"gate_40",128,TRUE,TRUE
7084996,"gate_30",17,FALSE,FALSE
7085141,"gate_40",22,FALSE,FALSE
7085389,"gate_40",3,FALSE,FALSE
7085635,"gate_30",456,TRUE,TRUE
7085965,"gate_40",15,FALSE,FALSE
7086367,"gate_40",9,FALSE,FALSE
7086371,"gate_30",3,FALSE,FALSE
7086585,"gate_40",24,TRUE,FALSE
7086697,"gate_30",4,FALSE,FALSE
7086705,"gate_40",37,FALSE,FALSE
7086784,"gate_30",421,TRUE,FALSE
7086904,"gate_40",84,TRUE,TRUE
7086944,"gate_40",3,FALSE,FALSE
7086960,"gate_30",28,TRUE,FALSE
7087121,"gate_30",4,FALSE,FALSE
7087568,"gate_40",12,TRUE,FALSE
7087639,"gate_30",8,FALSE,FALSE
7087731,"gate_30",90,TRUE,TRUE
7087795,"gate_40",56,TRUE,FALSE
7087824,"gate_40",3,FALSE,FALSE
7088061,"gate_40",5,FALSE,FALSE
7088136,"gate_40",9,FALSE,FALSE
7088359,"gate_40",0,FALSE,FALSE
7088431,"gate_40",2,FALSE,TRUE
7088502,"gate_30",88,TRUE,TRUE
7088846,"gate_40",69,TRUE,FALSE
7089052,"gate_40",5,FALSE,FALSE
7089119,"gate_40",11,TRUE,FALSE
7089143,"gate_30",107,TRUE,TRUE
7089212,"gate_40",19,FALSE,FALSE
7089635,"gate_40",20,TRUE,FALSE
7089693,"gate_40",4,FALSE,FALSE
7089962,"gate_30",13,TRUE,FALSE
7090026,"gate_40",125,FALSE,TRUE
7090147,"gate_40",0,FALSE,FALSE
7090198,"gate_30",8,TRUE,FALSE
7090201,"gate_30",0,FALSE,FALSE
7090206,"gate_30",23,FALSE,FALSE
7090233,"gate_30",28,FALSE,TRUE
7090362,"gate_30",35,TRUE,FALSE
7090371,"gate_40",183,TRUE,TRUE
7090433,"gate_40",14,FALSE,FALSE
7090552,"gate_40",54,FALSE,FALSE
7090668,"gate_30",51,TRUE,FALSE
7090691,"gate_30",81,TRUE,FALSE
7090957,"gate_40",17,FALSE,FALSE
7090963,"gate_40",71,TRUE,TRUE
7091110,"gate_40",163,TRUE,FALSE
7091174,"gate_40",2,FALSE,FALSE
7091423,"gate_40",0,FALSE,FALSE
7091599,"gate_40",34,TRUE,FALSE
7092187,"gate_30",229,TRUE,TRUE
7092188,"gate_40",2,FALSE,FALSE
7092199,"gate_30",53,TRUE,FALSE
7092273,"gate_40",8,FALSE,FALSE
7092296,"gate_40",4,FALSE,FALSE
7092405,"gate_40",19,FALSE,FALSE
7092857,"gate_40",352,TRUE,TRUE
7092917,"gate_30",14,TRUE,FALSE
7093082,"gate_40",14,FALSE,FALSE
7093148,"gate_40",7,FALSE,FALSE
7093332,"gate_40",7,FALSE,FALSE
7093382,"gate_30",17,TRUE,FALSE
7093615,"gate_30",8,TRUE,FALSE
7093630,"gate_30",3,FALSE,FALSE
7093673,"gate_40",67,TRUE,TRUE
7093764,"gate_40",1,FALSE,FALSE
7093840,"gate_40",32,TRUE,FALSE
7093843,"gate_30",45,TRUE,FALSE
7093871,"gate_30",6,FALSE,FALSE
7093880,"gate_30",0,FALSE,FALSE
7093889,"gate_40",59,TRUE,FALSE
7093928,"gate_40",3,FALSE,FALSE
7094011,"gate_40",57,TRUE,FALSE
7094064,"gate_30",125,TRUE,TRUE
7094105,"gate_30",88,TRUE,FALSE
7094171,"gate_40",0,FALSE,FALSE
7094304,"gate_30",162,TRUE,TRUE
7094442,"gate_40",0,FALSE,FALSE
7094578,"gate_40",9,FALSE,FALSE
7094627,"gate_40",6,FALSE,FALSE
7094902,"gate_30",8,FALSE,FALSE
7094962,"gate_40",104,TRUE,TRUE
7095046,"gate_40",6,FALSE,FALSE
7095087,"gate_30",78,FALSE,TRUE
7095109,"gate_40",30,FALSE,FALSE
7095166,"gate_30",3,FALSE,FALSE
7095341,"gate_40",0,FALSE,FALSE
7095357,"gate_40",12,TRUE,FALSE
7095407,"gate_40",13,TRUE,FALSE
7095558,"gate_40",20,FALSE,FALSE
7095565,"gate_30",18,FALSE,FALSE
7095617,"gate_30",13,FALSE,TRUE
7095694,"gate_30",27,FALSE,FALSE
7095851,"gate_30",20,TRUE,FALSE
7095912,"gate_40",5,FALSE,FALSE
7095951,"gate_40",478,TRUE,TRUE
7095994,"gate_30",15,FALSE,FALSE
7096029,"gate_40",16,TRUE,FALSE
7096045,"gate_40",5,TRUE,FALSE
7096069,"gate_30",16,TRUE,FALSE
7096516,"gate_40",6,FALSE,FALSE
7096582,"gate_30",0,FALSE,FALSE
7096893,"gate_30",3,FALSE,FALSE
7096905,"gate_30",61,TRUE,TRUE
7096972,"gate_30",52,TRUE,FALSE
7097145,"gate_30",40,TRUE,FALSE
7097158,"gate_40",4,FALSE,FALSE
7097263,"gate_30",3,FALSE,FALSE
7097322,"gate_40",83,FALSE,FALSE
7097402,"gate_40",5,FALSE,FALSE
7097639,"gate_30",11,FALSE,FALSE
7097716,"gate_30",125,TRUE,TRUE
7097900,"gate_30",3,FALSE,FALSE
7098008,"gate_40",29,FALSE,TRUE
7098188,"gate_30",16,TRUE,TRUE
7098746,"gate_40",887,TRUE,TRUE
7098905,"gate_40",340,FALSE,TRUE
7099253,"gate_30",40,FALSE,TRUE
7099407,"gate_30",107,TRUE,TRUE
7099422,"gate_30",42,TRUE,FALSE
7099471,"gate_30",0,FALSE,FALSE
7099489,"gate_40",16,FALSE,FALSE
7099627,"gate_30",131,TRUE,TRUE
7099704,"gate_30",46,TRUE,FALSE
7099833,"gate_40",31,FALSE,FALSE
7099923,"gate_30",10,FALSE,FALSE
7099950,"gate_30",54,TRUE,FALSE
7100049,"gate_30",10,TRUE,FALSE
7100079,"gate_40",49,TRUE,FALSE
7100166,"gate_40",0,FALSE,FALSE
7100186,"gate_40",52,TRUE,TRUE
7100263,"gate_40",25,TRUE,FALSE
7100339,"gate_30",3,FALSE,FALSE
7100665,"gate_40",46,TRUE,FALSE
7100780,"gate_30",17,FALSE,FALSE
7100797,"gate_30",5,FALSE,FALSE
7101068,"gate_30",6,FALSE,FALSE
7101114,"gate_40",50,TRUE,TRUE
7101620,"gate_30",54,TRUE,TRUE
7101655,"gate_40",3,TRUE,FALSE
7101723,"gate_30",7,FALSE,FALSE
7101771,"gate_30",64,FALSE,FALSE
7101783,"gate_30",40,FALSE,FALSE
7101936,"gate_30",41,FALSE,FALSE
7102005,"gate_40",11,FALSE,FALSE
7102013,"gate_30",0,FALSE,FALSE
7102093,"gate_40",109,FALSE,TRUE
7102196,"gate_30",189,TRUE,TRUE
7102279,"gate_30",16,FALSE,FALSE
7102305,"gate_30",32,TRUE,FALSE
7102358,"gate_40",13,FALSE,FALSE
7102526,"gate_40",320,TRUE,TRUE
7102629,"gate_30",14,TRUE,TRUE
7102709,"gate_30",2,FALSE,FALSE
7102760,"gate_30",143,TRUE,FALSE
7103450,"gate_40",140,TRUE,FALSE
7103463,"gate_30",14,FALSE,FALSE
7103674,"gate_40",376,TRUE,TRUE
7103838,"gate_30",17,TRUE,FALSE
7103862,"gate_40",61,TRUE,TRUE
7103864,"gate_30",8,FALSE,FALSE
7104016,"gate_30",8,FALSE,FALSE
7104334,"gate_40",9,FALSE,FALSE
7104468,"gate_40",1,FALSE,FALSE
7104609,"gate_40",69,TRUE,FALSE
7104943,"gate_40",1058,TRUE,TRUE
7105116,"gate_40",5,FALSE,FALSE
7105332,"gate_40",76,TRUE,FALSE
7105383,"gate_40",117,FALSE,TRUE
7105470,"gate_40",71,TRUE,FALSE
7105891,"gate_40",13,FALSE,FALSE
7105923,"gate_30",0,FALSE,FALSE
7105932,"gate_30",57,TRUE,TRUE
7106101,"gate_30",10,FALSE,FALSE
7106294,"gate_40",197,TRUE,TRUE
7106320,"gate_40",18,FALSE,FALSE
7106507,"gate_30",10,FALSE,FALSE
7106768,"gate_30",123,TRUE,FALSE
7106795,"gate_40",4,FALSE,FALSE
7106913,"gate_30",15,FALSE,FALSE
7106993,"gate_30",81,FALSE,TRUE
7107122,"gate_30",32,FALSE,FALSE
7107221,"gate_30",11,FALSE,FALSE
7107277,"gate_30",1,FALSE,FALSE
7107735,"gate_40",3,FALSE,FALSE
7107756,"gate_40",0,FALSE,FALSE
7107775,"gate_40",6,FALSE,FALSE
7107934,"gate_30",66,TRUE,TRUE
7107956,"gate_40",17,TRUE,FALSE
7107969,"gate_30",1,FALSE,FALSE
7108244,"gate_30",0,FALSE,FALSE
7108315,"gate_40",165,TRUE,FALSE
7108461,"gate_40",103,TRUE,FALSE
7108694,"gate_30",8,FALSE,FALSE
7108748,"gate_30",72,TRUE,FALSE
7108961,"gate_40",2,FALSE,FALSE
7109087,"gate_40",23,TRUE,TRUE
7109265,"gate_30",66,FALSE,FALSE
7109279,"gate_40",7,FALSE,FALSE
7109408,"gate_30",28,TRUE,TRUE
7109433,"gate_40",7,FALSE,FALSE
7109478,"gate_40",51,TRUE,TRUE
7109496,"gate_40",113,TRUE,TRUE
7109518,"gate_30",118,TRUE,FALSE
7109831,"gate_30",52,TRUE,FALSE
7109940,"gate_30",2,FALSE,FALSE
7110025,"gate_40",0,FALSE,FALSE
7110124,"gate_40",4,FALSE,FALSE
7110648,"gate_30",12,TRUE,FALSE
7110685,"gate_40",70,TRUE,FALSE
7110698,"gate_40",89,TRUE,FALSE
7110783,"gate_40",539,TRUE,TRUE
7110873,"gate_40",49,TRUE,TRUE
7111034,"gate_30",15,FALSE,FALSE
7111269,"gate_40",37,FALSE,FALSE
7111424,"gate_40",13,FALSE,FALSE
7111484,"gate_40",6,FALSE,FALSE
7111679,"gate_30",14,FALSE,FALSE
7111805,"gate_30",63,TRUE,FALSE
7112033,"gate_40",2,FALSE,FALSE
7112038,"gate_40",2,FALSE,FALSE
7112257,"gate_40",0,FALSE,FALSE
7112334,"gate_30",49,TRUE,FALSE
7112357,"gate_30",14,FALSE,FALSE
7112546,"gate_40",13,FALSE,FALSE
7112571,"gate_40",10,TRUE,FALSE
7112620,"gate_40",272,TRUE,TRUE
7112684,"gate_40",66,FALSE,FALSE
7112744,"gate_30",9,TRUE,FALSE
7112843,"gate_40",1,FALSE,FALSE
7112874,"gate_30",18,FALSE,FALSE
7112965,"gate_30",1,FALSE,FALSE
7113032,"gate_40",2,FALSE,FALSE
7113044,"gate_30",83,TRUE,FALSE
7113718,"gate_30",25,TRUE,FALSE
7113769,"gate_30",2,FALSE,FALSE
7113854,"gate_30",6,FALSE,FALSE
7113962,"gate_30",0,FALSE,FALSE
7114060,"gate_30",55,TRUE,FALSE
7114305,"gate_40",14,FALSE,FALSE
7114310,"gate_40",1,FALSE,FALSE
7114379,"gate_40",91,TRUE,TRUE
7114665,"gate_30",7,FALSE,FALSE
7114668,"gate_30",27,FALSE,FALSE
7114860,"gate_30",9,TRUE,FALSE
7114896,"gate_40",1,FALSE,FALSE
7114922,"gate_30",4,TRUE,FALSE
7115051,"gate_40",0,FALSE,FALSE
7115259,"gate_30",36,FALSE,FALSE
7115298,"gate_40",32,TRUE,TRUE
7115359,"gate_40",0,FALSE,FALSE
7115547,"gate_40",8,FALSE,FALSE
7115585,"gate_40",21,TRUE,FALSE
7115628,"gate_30",1,FALSE,FALSE
7115654,"gate_40",1,FALSE,FALSE
7115842,"gate_40",162,TRUE,FALSE
7115907,"gate_40",5,FALSE,FALSE
7116749,"gate_30",13,TRUE,FALSE
7116907,"gate_40",5,FALSE,FALSE
7117044,"gate_30",107,TRUE,FALSE
7117243,"gate_30",4,FALSE,FALSE
7117288,"gate_40",0,FALSE,FALSE
7117318,"gate_40",3,FALSE,FALSE
7117527,"gate_40",110,TRUE,TRUE
7117634,"gate_30",9,FALSE,FALSE
7117872,"gate_40",60,TRUE,FALSE
7117922,"gate_30",101,TRUE,TRUE
7117953,"gate_40",18,TRUE,FALSE
7118016,"gate_30",33,TRUE,FALSE
7118061,"gate_40",22,TRUE,FALSE
7118258,"gate_30",107,TRUE,TRUE
7118391,"gate_40",120,TRUE,FALSE
7118567,"gate_40",19,FALSE,FALSE
7118890,"gate_40",1,FALSE,FALSE
7119323,"gate_40",48,TRUE,FALSE
7119386,"gate_30",42,FALSE,FALSE
7119744,"gate_30",0,FALSE,FALSE
7119760,"gate_30",120,TRUE,TRUE
7119764,"gate_30",24,TRUE,FALSE
7119894,"gate_40",7,FALSE,FALSE
7120021,"gate_40",14,FALSE,TRUE
7120099,"gate_40",169,TRUE,TRUE
7120164,"gate_40",13,FALSE,FALSE
7120218,"gate_40",5,FALSE,FALSE
7120336,"gate_40",9,FALSE,FALSE
7120375,"gate_30",37,TRUE,FALSE
7120598,"gate_30",2,FALSE,FALSE
7120956,"gate_40",60,FALSE,FALSE
7121185,"gate_40",1,FALSE,FALSE
7121231,"gate_40",22,TRUE,FALSE
7121602,"gate_30",315,TRUE,FALSE
7121672,"gate_30",0,FALSE,FALSE
7121737,"gate_30",31,FALSE,FALSE
7121821,"gate_30",23,FALSE,FALSE
7121868,"gate_40",17,FALSE,FALSE
7122088,"gate_30",210,TRUE,TRUE
7122385,"gate_40",4,FALSE,FALSE
7122447,"gate_40",87,TRUE,TRUE
7122482,"gate_30",1,FALSE,FALSE
7122854,"gate_40",28,FALSE,FALSE
7122923,"gate_30",31,FALSE,FALSE
7123117,"gate_30",30,TRUE,TRUE
7123144,"gate_40",1,FALSE,FALSE
7123442,"gate_30",236,TRUE,TRUE
7123462,"gate_30",47,TRUE,FALSE
7123544,"gate_30",7,FALSE,FALSE
7123793,"gate_30",41,FALSE,FALSE
7123856,"gate_30",52,TRUE,TRUE
7123858,"gate_40",5,FALSE,FALSE
7123937,"gate_30",14,FALSE,FALSE
7123961,"gate_30",17,FALSE,FALSE
7124155,"gate_40",103,TRUE,TRUE
7124216,"gate_40",117,TRUE,TRUE
7124279,"gate_30",34,FALSE,FALSE
7124301,"gate_40",0,FALSE,FALSE
7124519,"gate_30",3,TRUE,FALSE
7124549,"gate_40",7,FALSE,FALSE
7124671,"gate_40",67,TRUE,FALSE
7124723,"gate_40",6,FALSE,FALSE
7124799,"gate_40",131,TRUE,TRUE
7124850,"gate_40",14,FALSE,FALSE
7124872,"gate_30",2,FALSE,FALSE
7125198,"gate_30",1,FALSE,FALSE
7125340,"gate_40",7,FALSE,FALSE
7125471,"gate_30",3,FALSE,FALSE
7125583,"gate_30",10,TRUE,FALSE
7125632,"gate_30",21,FALSE,FALSE
7125637,"gate_40",7,FALSE,FALSE
7125802,"gate_30",16,FALSE,FALSE
7125884,"gate_40",15,FALSE,FALSE
7126074,"gate_40",111,TRUE,FALSE
7126232,"gate_30",0,FALSE,FALSE
7126271,"gate_40",306,TRUE,TRUE
7126273,"gate_30",4,FALSE,FALSE
7126287,"gate_40",200,FALSE,TRUE
7126308,"gate_30",7,FALSE,FALSE
7126441,"gate_30",69,TRUE,TRUE
7126464,"gate_30",16,FALSE,FALSE
7126541,"gate_30",5,FALSE,FALSE
7126692,"gate_40",5,TRUE,FALSE
7126700,"gate_40",11,TRUE,FALSE
7126744,"gate_40",1,FALSE,FALSE
7126799,"gate_40",6,FALSE,FALSE
7126812,"gate_40",57,FALSE,TRUE
7126928,"gate_30",10,FALSE,FALSE
7127044,"gate_40",14,FALSE,FALSE
7127130,"gate_40",7,FALSE,FALSE
7127476,"gate_40",69,TRUE,FALSE
7127483,"gate_40",33,FALSE,FALSE
7127624,"gate_30",113,TRUE,TRUE
7127630,"gate_30",34,TRUE,TRUE
7127800,"gate_40",7,FALSE,FALSE
7127813,"gate_40",12,FALSE,FALSE
7127950,"gate_30",3,FALSE,FALSE
7128020,"gate_30",1,FALSE,FALSE
7128068,"gate_30",48,FALSE,TRUE
7128157,"gate_30",8,FALSE,FALSE
7128299,"gate_30",122,TRUE,FALSE
7128460,"gate_30",8,FALSE,TRUE
7128547,"gate_30",3,FALSE,FALSE
7128823,"gate_30",5,FALSE,FALSE
7129401,"gate_30",5,FALSE,FALSE
7129482,"gate_40",4,FALSE,FALSE
7129494,"gate_30",23,FALSE,FALSE
7129867,"gate_30",25,TRUE,FALSE
7130112,"gate_40",15,FALSE,FALSE
7130261,"gate_30",28,TRUE,FALSE
7130376,"gate_30",5,FALSE,FALSE
7130692,"gate_40",0,FALSE,FALSE
7131008,"gate_30",37,FALSE,FALSE
7131292,"gate_30",38,TRUE,FALSE
7131504,"gate_30",9,FALSE,FALSE
7131587,"gate_30",6,FALSE,FALSE
7131696,"gate_40",21,TRUE,FALSE
7131735,"gate_30",21,TRUE,TRUE
7131786,"gate_40",26,TRUE,FALSE
7132018,"gate_40",2,FALSE,FALSE
7132038,"gate_30",566,TRUE,TRUE
7132103,"gate_40",11,FALSE,FALSE
7132108,"gate_40",12,FALSE,FALSE
7132121,"gate_40",14,FALSE,FALSE
7132773,"gate_40",20,FALSE,FALSE
7132802,"gate_40",5,TRUE,FALSE
7132861,"gate_30",51,TRUE,TRUE
7132952,"gate_30",15,FALSE,FALSE
7132989,"gate_30",0,FALSE,FALSE
7133035,"gate_40",2,FALSE,FALSE
7133152,"gate_30",55,TRUE,FALSE
7133278,"gate_40",0,FALSE,FALSE
7133399,"gate_40",9,FALSE,FALSE
7133463,"gate_40",6,FALSE,FALSE
7133498,"gate_40",6,FALSE,FALSE
7133767,"gate_30",2,FALSE,FALSE
7133927,"gate_40",21,FALSE,FALSE
7134029,"gate_30",3,FALSE,FALSE
7134057,"gate_40",58,FALSE,TRUE
7134185,"gate_30",7,FALSE,FALSE
7134281,"gate_30",2,FALSE,FALSE
7134350,"gate_40",5,TRUE,FALSE
7134389,"gate_40",74,TRUE,FALSE
7134430,"gate_40",13,FALSE,FALSE
7134574,"gate_40",37,TRUE,FALSE
7134579,"gate_40",0,FALSE,FALSE
7134629,"gate_30",37,TRUE,FALSE
7134653,"gate_30",6,FALSE,FALSE
7134935,"gate_30",137,TRUE,TRUE
7134962,"gate_30",50,TRUE,FALSE
7135119,"gate_30",27,FALSE,FALSE
7135175,"gate_40",21,FALSE,FALSE
7135495,"gate_40",7,FALSE,FALSE
7135579,"gate_40",23,TRUE,FALSE
7135583,"gate_40",61,TRUE,FALSE
7135621,"gate_40",22,FALSE,FALSE
7135740,"gate_30",186,FALSE,TRUE
7135774,"gate_40",4,FALSE,FALSE
7135822,"gate_40",19,TRUE,FALSE
7135981,"gate_40",155,TRUE,TRUE
7136106,"gate_40",6,FALSE,FALSE
7136136,"gate_30",32,FALSE,TRUE
7136165,"gate_30",162,TRUE,TRUE
7136236,"gate_30",1,FALSE,FALSE
7137118,"gate_40",3,FALSE,FALSE
7137142,"gate_30",144,TRUE,TRUE
7137208,"gate_30",46,TRUE,FALSE
7137335,"gate_40",18,TRUE,FALSE
7137341,"gate_40",42,TRUE,FALSE
7137347,"gate_40",30,FALSE,FALSE
7137386,"gate_40",2,FALSE,FALSE
7137517,"gate_30",3,FALSE,FALSE
7137669,"gate_40",9,FALSE,FALSE
7137687,"gate_40",13,FALSE,TRUE
7137695,"gate_30",4,TRUE,FALSE
7137830,"gate_30",21,FALSE,FALSE
7137880,"gate_30",1,FALSE,FALSE
7137967,"gate_30",1,FALSE,FALSE
7137995,"gate_30",40,TRUE,FALSE
7138138,"gate_30",59,TRUE,FALSE
7138144,"gate_40",21,TRUE,FALSE
7138149,"gate_30",16,FALSE,FALSE
7138360,"gate_40",92,TRUE,FALSE
7138410,"gate_40",4,FALSE,FALSE
7138419,"gate_40",6,FALSE,FALSE
7138489,"gate_30",14,FALSE,FALSE
7138522,"gate_40",7,FALSE,FALSE
7138525,"gate_30",57,TRUE,FALSE
7138619,"gate_30",16,TRUE,FALSE
7138658,"gate_40",171,TRUE,FALSE
7138688,"gate_40",0,FALSE,FALSE
7138710,"gate_40",41,TRUE,FALSE
7138796,"gate_30",767,TRUE,TRUE
7138805,"gate_30",0,FALSE,FALSE
7139040,"gate_40",75,FALSE,FALSE
7139129,"gate_40",37,TRUE,FALSE
7139246,"gate_30",36,FALSE,FALSE
7139296,"gate_40",13,FALSE,FALSE
7139330,"gate_30",1,FALSE,FALSE
7139406,"gate_40",16,FALSE,FALSE
7139528,"gate_30",9,TRUE,FALSE
7139791,"gate_40",10,FALSE,FALSE
7139795,"gate_40",266,TRUE,TRUE
7139890,"gate_30",6,FALSE,FALSE
7139904,"gate_30",8,FALSE,FALSE
7140129,"gate_30",20,TRUE,FALSE
7140178,"gate_40",36,TRUE,FALSE
7140277,"gate_30",14,TRUE,FALSE
7140331,"gate_40",14,TRUE,FALSE
7140572,"gate_30",216,TRUE,TRUE
7140616,"gate_40",48,TRUE,FALSE
7140634,"gate_30",2,FALSE,FALSE
7140656,"gate_40",22,TRUE,FALSE
7140792,"gate_40",6,FALSE,FALSE
7140836,"gate_40",91,TRUE,TRUE
7141014,"gate_40",26,TRUE,FALSE
7141029,"gate_30",636,TRUE,TRUE
7141042,"gate_30",2,FALSE,FALSE
7141137,"gate_30",12,FALSE,FALSE
7141230,"gate_40",298,FALSE,TRUE
7141251,"gate_30",551,TRUE,TRUE
7141322,"gate_30",45,FALSE,TRUE
7141340,"gate_40",2,FALSE,FALSE
7141351,"gate_30",86,TRUE,TRUE
7141634,"gate_40",55,TRUE,FALSE
7142125,"gate_40",39,FALSE,FALSE
7142508,"gate_40",13,FALSE,FALSE
7142728,"gate_30",11,TRUE,FALSE
7142802,"gate_40",23,FALSE,TRUE
7143072,"gate_40",1,FALSE,FALSE
7143184,"gate_30",22,TRUE,FALSE
7143208,"gate_40",17,FALSE,FALSE
7143686,"gate_30",177,TRUE,FALSE
7143687,"gate_40",0,FALSE,FALSE
7143695,"gate_30",116,TRUE,FALSE
7143959,"gate_40",4,TRUE,FALSE
7144097,"gate_30",18,TRUE,FALSE
7144115,"gate_30",48,FALSE,FALSE
7144231,"gate_40",33,TRUE,FALSE
7144260,"gate_40",70,TRUE,FALSE
7144321,"gate_40",20,TRUE,TRUE
7144379,"gate_30",45,FALSE,FALSE
7144448,"gate_40",138,FALSE,TRUE
7144566,"gate_30",2,FALSE,FALSE
7144608,"gate_40",30,TRUE,FALSE
7144613,"gate_30",25,FALSE,FALSE
7144857,"gate_30",15,FALSE,FALSE
7145063,"gate_30",1,FALSE,FALSE
7145125,"gate_30",4,FALSE,FALSE
7145129,"gate_40",22,TRUE,FALSE
7145158,"gate_40",3,FALSE,FALSE
7145190,"gate_40",2,FALSE,FALSE
7145191,"gate_30",123,TRUE,FALSE
7145208,"gate_40",21,FALSE,FALSE
7145315,"gate_40",113,TRUE,TRUE
7145350,"gate_40",146,TRUE,TRUE
7145403,"gate_40",119,TRUE,FALSE
7145581,"gate_30",14,FALSE,FALSE
7145583,"gate_30",48,TRUE,FALSE
7145698,"gate_40",17,FALSE,TRUE
7145753,"gate_30",4,FALSE,FALSE
7145807,"gate_30",4,FALSE,FALSE
7146018,"gate_40",1,FALSE,FALSE
7146033,"gate_40",56,TRUE,FALSE
7146061,"gate_40",47,TRUE,FALSE
7146075,"gate_30",2,FALSE,FALSE
7146199,"gate_40",8,TRUE,FALSE
7146308,"gate_40",71,TRUE,FALSE
7146544,"gate_40",10,TRUE,FALSE
7146706,"gate_30",107,TRUE,FALSE
7146944,"gate_30",22,TRUE,FALSE
7146992,"gate_30",12,FALSE,FALSE
7147145,"gate_40",10,FALSE,FALSE
7147296,"gate_30",247,TRUE,TRUE
7147360,"gate_30",9,FALSE,FALSE
7147475,"gate_30",171,TRUE,TRUE
7147764,"gate_30",55,FALSE,FALSE
7147971,"gate_40",0,FALSE,FALSE
7148072,"gate_30",220,TRUE,FALSE
7148286,"gate_30",48,TRUE,FALSE
7148379,"gate_30",30,FALSE,TRUE
7148630,"gate_40",0,FALSE,FALSE
7148659,"gate_40",69,TRUE,TRUE
7148664,"gate_30",0,FALSE,FALSE
7148695,"gate_30",4,FALSE,FALSE
7148758,"gate_40",133,TRUE,TRUE
7148787,"gate_40",9,FALSE,FALSE
7149002,"gate_40",109,TRUE,FALSE
7149447,"gate_30",20,FALSE,FALSE
7149518,"gate_40",14,FALSE,TRUE
7149539,"gate_40",1,FALSE,FALSE
7149550,"gate_40",27,TRUE,FALSE
7149669,"gate_40",3,FALSE,FALSE
7149698,"gate_40",20,FALSE,FALSE
7149768,"gate_40",19,TRUE,FALSE
7149794,"gate_30",1,FALSE,FALSE
7149873,"gate_30",85,TRUE,TRUE
7150074,"gate_40",4,FALSE,FALSE
7150107,"gate_30",160,TRUE,FALSE
7150161,"gate_30",74,TRUE,FALSE
7150320,"gate_40",11,FALSE,FALSE
7150424,"gate_40",12,FALSE,FALSE
7151032,"gate_30",37,TRUE,FALSE
7151247,"gate_40",3,FALSE,FALSE
7151314,"gate_30",3,FALSE,FALSE
7151355,"gate_30",56,FALSE,FALSE
7151395,"gate_40",1,FALSE,FALSE
7151613,"gate_40",93,TRUE,FALSE
7151981,"gate_40",296,TRUE,TRUE
7152037,"gate_40",410,TRUE,TRUE
7152200,"gate_40",5,FALSE,FALSE
7152503,"gate_30",54,TRUE,FALSE
7153011,"gate_40",0,FALSE,FALSE
7153122,"gate_30",8,FALSE,FALSE
7153140,"gate_40",265,TRUE,TRUE
7153308,"gate_30",4,TRUE,FALSE
7153360,"gate_30",2,FALSE,FALSE
7153365,"gate_40",30,FALSE,FALSE
7153597,"gate_30",179,TRUE,FALSE
7153737,"gate_40",21,FALSE,FALSE
7153756,"gate_30",336,TRUE,TRUE
7153823,"gate_30",11,FALSE,FALSE
7153865,"gate_40",6,TRUE,FALSE
7154004,"gate_30",33,TRUE,FALSE
7154013,"gate_30",10,FALSE,FALSE
7154064,"gate_30",19,TRUE,FALSE
7154194,"gate_30",26,FALSE,FALSE
7154232,"gate_40",8,FALSE,FALSE
7154585,"gate_40",128,TRUE,FALSE
7154652,"gate_30",6,FALSE,FALSE
7154693,"gate_40",14,FALSE,FALSE
7154921,"gate_40",58,TRUE,FALSE
7155129,"gate_40",24,TRUE,FALSE
7155206,"gate_40",6,TRUE,FALSE
7155249,"gate_40",2,FALSE,FALSE
7155312,"gate_40",0,FALSE,FALSE
7155397,"gate_40",203,TRUE,TRUE
7155464,"gate_40",67,TRUE,FALSE
7155479,"gate_30",8,FALSE,FALSE
7155612,"gate_40",19,FALSE,FALSE
7155747,"gate_40",11,TRUE,FALSE
7155790,"gate_40",29,TRUE,FALSE
7155857,"gate_30",6,FALSE,FALSE
7155862,"gate_30",61,TRUE,TRUE
7155902,"gate_40",2,FALSE,FALSE
7155913,"gate_40",8,TRUE,FALSE
7156099,"gate_30",6,FALSE,FALSE
7156391,"gate_40",14,FALSE,FALSE
7156472,"gate_40",22,TRUE,FALSE
7156543,"gate_30",172,TRUE,TRUE
7156558,"gate_30",34,FALSE,TRUE
7156579,"gate_40",122,TRUE,TRUE
7156647,"gate_30",229,TRUE,TRUE
7156656,"gate_40",4,FALSE,FALSE
7156944,"gate_40",5,FALSE,FALSE
7156956,"gate_30",13,FALSE,FALSE
7157016,"gate_30",4,FALSE,FALSE
7157139,"gate_40",6,FALSE,FALSE
7157344,"gate_30",80,TRUE,FALSE
7157514,"gate_30",10,TRUE,FALSE
7157644,"gate_40",31,TRUE,FALSE
7157810,"gate_40",30,TRUE,FALSE
7157817,"gate_30",22,TRUE,FALSE
7157829,"gate_40",588,TRUE,TRUE
7157966,"gate_40",248,TRUE,FALSE
7158174,"gate_30",5,FALSE,FALSE
7158271,"gate_30",28,TRUE,FALSE
7158350,"gate_40",6,FALSE,FALSE
7158558,"gate_30",25,TRUE,FALSE
7158755,"gate_40",59,TRUE,FALSE
7158762,"gate_40",1,FALSE,FALSE
7158815,"gate_40",18,FALSE,FALSE
7158845,"gate_40",3,FALSE,FALSE
7158903,"gate_40",27,TRUE,FALSE
7158953,"gate_30",6,TRUE,FALSE
7159193,"gate_40",5,TRUE,FALSE
7159245,"gate_40",0,TRUE,FALSE
7159317,"gate_40",23,TRUE,FALSE
7159396,"gate_40",20,FALSE,FALSE
7159629,"gate_30",5,FALSE,FALSE
7159675,"gate_40",20,FALSE,FALSE
7160094,"gate_40",371,TRUE,FALSE
7160325,"gate_40",11,TRUE,FALSE
7160331,"gate_40",7,TRUE,FALSE
7160353,"gate_30",2,FALSE,FALSE
7160394,"gate_40",155,TRUE,FALSE
7160460,"gate_30",4,FALSE,FALSE
7160470,"gate_30",42,TRUE,FALSE
7160598,"gate_30",32,TRUE,FALSE
7160679,"gate_40",15,FALSE,TRUE
7160925,"gate_40",85,FALSE,TRUE
7160940,"gate_40",100,TRUE,FALSE
7160963,"gate_30",6,FALSE,FALSE
7161047,"gate_40",12,TRUE,FALSE
7161077,"gate_30",18,TRUE,FALSE
7161272,"gate_30",21,TRUE,FALSE
7161337,"gate_30",18,FALSE,FALSE
7161589,"gate_30",36,TRUE,TRUE
7161692,"gate_40",18,FALSE,FALSE
7161764,"gate_40",37,TRUE,FALSE
7161861,"gate_30",1,FALSE,FALSE
7161986,"gate_40",3,FALSE,FALSE
7162031,"gate_30",64,TRUE,FALSE
7162093,"gate_30",12,TRUE,FALSE
7162236,"gate_40",135,TRUE,FALSE
7162286,"gate_40",53,TRUE,FALSE
7162711,"gate_30",2,FALSE,FALSE
7162787,"gate_40",64,TRUE,FALSE
7162966,"gate_30",155,FALSE,TRUE
7163111,"gate_30",47,FALSE,TRUE
7163119,"gate_30",7,FALSE,FALSE
7163130,"gate_30",28,TRUE,FALSE
7163530,"gate_40",3,TRUE,FALSE
7163563,"gate_40",69,TRUE,TRUE
7163617,"gate_40",62,TRUE,TRUE
7163712,"gate_40",10,TRUE,FALSE
7163775,"gate_30",8,FALSE,FALSE
7163793,"gate_30",24,TRUE,FALSE
7163920,"gate_40",219,TRUE,FALSE
7164021,"gate_40",32,FALSE,FALSE
7164513,"gate_40",17,FALSE,FALSE
7164836,"gate_40",10,FALSE,FALSE
7165051,"gate_40",23,TRUE,FALSE
7165178,"gate_30",30,FALSE,FALSE
7165257,"gate_40",41,TRUE,FALSE
7165267,"gate_30",15,TRUE,TRUE
7165414,"gate_30",107,FALSE,TRUE
7165627,"gate_40",208,TRUE,TRUE
7165977,"gate_40",0,FALSE,FALSE
7166016,"gate_30",23,TRUE,FALSE
7166253,"gate_40",6,TRUE,FALSE
7166267,"gate_40",0,FALSE,FALSE
7166372,"gate_30",34,TRUE,FALSE
7166461,"gate_30",21,TRUE,FALSE
7166615,"gate_30",45,TRUE,FALSE
7166647,"gate_40",2,FALSE,FALSE
7166678,"gate_40",32,TRUE,FALSE
7166795,"gate_40",5,FALSE,FALSE
7167130,"gate_30",6,FALSE,FALSE
7167132,"gate_40",4,FALSE,FALSE
7167429,"gate_30",73,TRUE,TRUE
7167508,"gate_30",26,TRUE,FALSE
7167597,"gate_40",7,FALSE,FALSE
7167651,"gate_40",0,FALSE,FALSE
7167656,"gate_30",11,FALSE,FALSE
7167767,"gate_30",24,TRUE,FALSE
7167874,"gate_40",22,TRUE,FALSE
7167959,"gate_30",3,TRUE,FALSE
7168182,"gate_30",7,FALSE,FALSE
7168362,"gate_40",1038,TRUE,TRUE
7168449,"gate_30",28,TRUE,FALSE
7168539,"gate_30",6,FALSE,FALSE
7168616,"gate_30",50,TRUE,FALSE
7168631,"gate_40",0,FALSE,FALSE
7169024,"gate_30",268,TRUE,TRUE
7169027,"gate_30",7,FALSE,FALSE
7169034,"gate_40",24,TRUE,FALSE
7169085,"gate_30",5,FALSE,FALSE
7169231,"gate_30",15,FALSE,FALSE
7169251,"gate_30",47,TRUE,TRUE
7169503,"gate_30",1,FALSE,FALSE
7169549,"gate_40",47,TRUE,FALSE
7169566,"gate_40",1,FALSE,FALSE
7169718,"gate_40",15,FALSE,FALSE
7169962,"gate_30",24,FALSE,FALSE
7170114,"gate_40",19,TRUE,FALSE
7170565,"gate_30",39,TRUE,FALSE
7170667,"gate_30",3,FALSE,FALSE
7170698,"gate_30",6,FALSE,FALSE
7170879,"gate_30",9,FALSE,FALSE
7171113,"gate_40",23,TRUE,FALSE
7171256,"gate_40",1,FALSE,FALSE
7171328,"gate_40",45,FALSE,FALSE
7171514,"gate_40",13,FALSE,FALSE
7171549,"gate_40",163,TRUE,TRUE
7171799,"gate_30",14,FALSE,FALSE
7171897,"gate_30",11,FALSE,FALSE
7171905,"gate_40",1,FALSE,FALSE
7172008,"gate_30",66,TRUE,FALSE
7172191,"gate_40",135,TRUE,TRUE
7172315,"gate_40",1017,TRUE,TRUE
7172416,"gate_40",21,TRUE,FALSE
7172523,"gate_30",8,FALSE,FALSE
7172546,"gate_40",1,FALSE,FALSE
7172628,"gate_30",115,TRUE,TRUE
7172733,"gate_30",51,TRUE,FALSE
7172880,"gate_40",8,FALSE,FALSE
7172988,"gate_30",1,FALSE,FALSE
7173157,"gate_30",46,TRUE,TRUE
7173160,"gate_30",3,FALSE,FALSE
7173236,"gate_30",1,FALSE,FALSE
7173355,"gate_40",5,FALSE,FALSE
7173516,"gate_30",32,TRUE,FALSE
7173519,"gate_40",5,FALSE,FALSE
7173581,"gate_40",9,FALSE,FALSE
7174238,"gate_40",34,TRUE,FALSE
7174375,"gate_30",117,TRUE,FALSE
7174431,"gate_40",1,FALSE,FALSE
7174445,"gate_40",1,FALSE,FALSE
7174460,"gate_40",33,TRUE,FALSE
7174579,"gate_30",23,TRUE,FALSE
7174680,"gate_40",72,FALSE,TRUE
7174864,"gate_40",63,TRUE,FALSE
7174879,"gate_30",1,FALSE,FALSE
7174891,"gate_40",6,FALSE,FALSE
7175083,"gate_30",23,FALSE,FALSE
7175125,"gate_40",22,FALSE,FALSE
7175180,"gate_40",1,FALSE,FALSE
7175693,"gate_40",3,FALSE,FALSE
7175749,"gate_40",3,FALSE,FALSE
7175771,"gate_40",38,TRUE,TRUE
7175882,"gate_30",19,TRUE,FALSE
7175886,"gate_30",11,FALSE,FALSE
7176232,"gate_40",59,TRUE,FALSE
7176342,"gate_40",108,TRUE,FALSE
7176350,"gate_40",51,TRUE,FALSE
7176355,"gate_30",26,TRUE,FALSE
7176383,"gate_30",7,FALSE,FALSE
7176562,"gate_30",333,TRUE,FALSE
7176668,"gate_40",4,FALSE,FALSE
7176752,"gate_30",5,FALSE,FALSE
7176776,"gate_40",0,FALSE,FALSE
7177216,"gate_30",5,FALSE,FALSE
7177287,"gate_40",52,TRUE,FALSE
7177344,"gate_30",6,FALSE,FALSE
7177384,"gate_40",86,TRUE,TRUE
7177422,"gate_30",3,FALSE,FALSE
7177619,"gate_30",17,TRUE,FALSE
7177645,"gate_40",1,FALSE,FALSE
7177709,"gate_40",30,TRUE,FALSE
7177810,"gate_40",101,TRUE,FALSE
7177857,"gate_30",5,FALSE,FALSE
7177869,"gate_40",45,FALSE,FALSE
7177934,"gate_40",9,TRUE,FALSE
7178115,"gate_40",62,TRUE,TRUE
7178133,"gate_40",239,FALSE,TRUE
7178147,"gate_30",15,FALSE,FALSE
7178251,"gate_40",25,TRUE,FALSE
7178314,"gate_30",36,TRUE,TRUE
7178379,"gate_30",72,TRUE,FALSE
7178397,"gate_30",16,TRUE,TRUE
7178513,"gate_40",4,FALSE,FALSE
7178563,"gate_40",1,FALSE,FALSE
7178710,"gate_30",0,FALSE,FALSE
7178723,"gate_40",1,FALSE,FALSE
7178740,"gate_30",128,TRUE,TRUE
7178857,"gate_40",35,TRUE,FALSE
7179002,"gate_40",1,FALSE,FALSE
7179090,"gate_40",10,FALSE,FALSE
7179167,"gate_40",15,TRUE,FALSE
7179191,"gate_30",1,FALSE,FALSE
7179342,"gate_30",63,TRUE,TRUE
7179350,"gate_30",13,FALSE,FALSE
7179878,"gate_40",2,FALSE,FALSE
7179952,"gate_40",26,TRUE,FALSE
7180089,"gate_40",64,TRUE,FALSE
7180254,"gate_30",315,TRUE,TRUE
7180405,"gate_40",7,FALSE,FALSE
7180431,"gate_30",95,TRUE,FALSE
7180630,"gate_40",8,FALSE,FALSE
7180695,"gate_40",42,FALSE,FALSE
7180720,"gate_30",10,FALSE,FALSE
7180800,"gate_30",3,FALSE,FALSE
7180820,"gate_40",13,TRUE,FALSE
7180895,"gate_40",319,TRUE,TRUE
7181020,"gate_40",5,FALSE,FALSE
7181403,"gate_30",14,TRUE,FALSE
7181479,"gate_30",27,FALSE,FALSE
7181522,"gate_30",1,FALSE,FALSE
7181554,"gate_40",48,TRUE,FALSE
7181890,"gate_40",2,TRUE,FALSE
7182151,"gate_30",458,FALSE,TRUE
7182160,"gate_40",44,FALSE,FALSE
7182240,"gate_40",77,TRUE,FALSE
7182248,"gate_30",5,FALSE,FALSE
7182469,"gate_30",17,TRUE,FALSE
7182480,"gate_40",11,FALSE,FALSE
7182539,"gate_40",2,FALSE,FALSE
7182699,"gate_30",4,FALSE,FALSE
7182983,"gate_30",3,FALSE,FALSE
7182999,"gate_40",119,TRUE,TRUE
7183204,"gate_30",144,TRUE,TRUE
7183344,"gate_30",31,TRUE,FALSE
7183378,"gate_30",3,FALSE,FALSE
7183420,"gate_40",27,FALSE,FALSE
7183423,"gate_40",36,TRUE,FALSE
7184065,"gate_40",4,FALSE,FALSE
7184110,"gate_40",7,FALSE,FALSE
7184233,"gate_40",1,FALSE,FALSE
7184357,"gate_30",5,FALSE,FALSE
7184575,"gate_40",149,TRUE,FALSE
7184690,"gate_30",69,FALSE,FALSE
7184800,"gate_30",71,TRUE,FALSE
7184805,"gate_30",17,FALSE,FALSE
7185212,"gate_40",5,FALSE,FALSE
7185308,"gate_30",281,TRUE,FALSE
7185316,"gate_40",9,TRUE,FALSE
7185350,"gate_40",6,TRUE,FALSE
7185591,"gate_30",109,TRUE,TRUE
7185616,"gate_30",21,TRUE,FALSE
7185850,"gate_40",0,FALSE,FALSE
7186035,"gate_30",0,FALSE,FALSE
7186117,"gate_40",27,TRUE,FALSE
7186197,"gate_30",15,FALSE,FALSE
7186263,"gate_40",22,TRUE,FALSE
7186349,"gate_30",0,FALSE,FALSE
7186360,"gate_40",30,TRUE,FALSE
7186422,"gate_30",97,TRUE,FALSE
7186627,"gate_30",323,TRUE,TRUE
7186658,"gate_40",92,FALSE,TRUE
7186709,"gate_40",323,TRUE,FALSE
7186710,"gate_30",100,TRUE,FALSE
7186758,"gate_40",186,FALSE,TRUE
7186825,"gate_30",13,FALSE,FALSE
7186963,"gate_30",4,TRUE,FALSE
7186974,"gate_40",12,FALSE,FALSE
7187137,"gate_40",97,TRUE,FALSE
7187157,"gate_30",20,TRUE,TRUE
7187202,"gate_40",34,FALSE,FALSE
7187221,"gate_40",6,TRUE,FALSE
7187420,"gate_30",0,FALSE,FALSE
7187446,"gate_40",125,TRUE,TRUE
7187865,"gate_40",18,TRUE,TRUE
7187916,"gate_40",11,FALSE,FALSE
7188114,"gate_40",160,TRUE,TRUE
7188224,"gate_30",4,FALSE,FALSE
7188372,"gate_40",46,FALSE,TRUE
7188373,"gate_30",84,FALSE,FALSE
7188455,"gate_40",60,TRUE,FALSE
7188471,"gate_30",15,FALSE,TRUE
7188639,"gate_30",4,FALSE,FALSE
7188693,"gate_40",14,TRUE,FALSE
7188705,"gate_40",24,FALSE,FALSE
7188707,"gate_40",119,TRUE,FALSE
7188736,"gate_30",4,FALSE,FALSE
7188761,"gate_40",98,TRUE,FALSE
7188800,"gate_40",15,TRUE,FALSE
7188830,"gate_40",10,TRUE,FALSE
7188844,"gate_30",18,TRUE,FALSE
7188972,"gate_40",152,TRUE,FALSE
7189101,"gate_30",85,FALSE,TRUE
7189123,"gate_40",46,TRUE,FALSE
7189161,"gate_30",5,FALSE,FALSE
7189261,"gate_40",1,FALSE,FALSE
7189303,"gate_40",6,FALSE,FALSE
7189307,"gate_30",2,FALSE,FALSE
7189312,"gate_30",17,FALSE,FALSE
7189328,"gate_30",20,FALSE,FALSE
7189442,"gate_30",12,TRUE,FALSE
7189555,"gate_40",18,FALSE,FALSE
7189842,"gate_40",16,TRUE,FALSE
7189994,"gate_30",203,TRUE,FALSE
7190011,"gate_30",1,FALSE,FALSE
7190069,"gate_30",57,FALSE,TRUE
7190099,"gate_30",63,TRUE,FALSE
7190412,"gate_30",18,FALSE,FALSE
7190506,"gate_30",24,FALSE,FALSE
7190583,"gate_40",1,FALSE,FALSE
7190676,"gate_40",17,FALSE,FALSE
7190724,"gate_30",5,FALSE,FALSE
7190957,"gate_40",113,FALSE,FALSE
7191058,"gate_40",19,TRUE,FALSE
7191477,"gate_30",54,TRUE,FALSE
7191653,"gate_40",8,FALSE,FALSE
7191959,"gate_40",21,TRUE,FALSE
7192082,"gate_40",207,TRUE,TRUE
7192087,"gate_40",1,FALSE,FALSE
7192150,"gate_40",7,FALSE,FALSE
7192156,"gate_40",235,TRUE,TRUE
7192194,"gate_40",15,FALSE,FALSE
7192223,"gate_40",101,TRUE,FALSE
7192288,"gate_30",5,FALSE,FALSE
7192386,"gate_40",28,TRUE,FALSE
7192426,"gate_30",3,TRUE,FALSE
7192465,"gate_40",32,FALSE,FALSE
7192630,"gate_30",102,TRUE,TRUE
7192825,"gate_30",21,TRUE,FALSE
7192857,"gate_40",1,FALSE,FALSE
7192938,"gate_40",165,TRUE,TRUE
7193171,"gate_30",297,TRUE,TRUE
7193282,"gate_40",199,TRUE,TRUE
7193560,"gate_40",30,TRUE,FALSE
7193701,"gate_40",5,FALSE,FALSE
7193806,"gate_40",13,FALSE,FALSE
7193966,"gate_30",134,TRUE,TRUE
7194293,"gate_40",27,TRUE,FALSE
7194294,"gate_40",3,FALSE,FALSE
7194349,"gate_30",184,TRUE,TRUE
7194355,"gate_30",15,FALSE,FALSE
7194685,"gate_30",5,TRUE,FALSE
7194749,"gate_30",4,FALSE,FALSE
7194822,"gate_30",193,TRUE,FALSE
7194830,"gate_40",120,TRUE,TRUE
7194902,"gate_40",228,TRUE,FALSE
7195086,"gate_40",34,TRUE,FALSE
7195088,"gate_30",24,FALSE,FALSE
7195099,"gate_40",6,FALSE,FALSE
7195203,"gate_40",209,TRUE,TRUE
7195320,"gate_40",0,FALSE,FALSE
7195507,"gate_30",5,FALSE,FALSE
7195667,"gate_40",4,FALSE,FALSE
7196049,"gate_30",13,FALSE,FALSE
7196143,"gate_40",355,TRUE,TRUE
7196354,"gate_40",0,FALSE,FALSE
7196402,"gate_30",1,FALSE,FALSE
7196552,"gate_30",78,TRUE,TRUE
7196571,"gate_30",302,TRUE,FALSE
7196584,"gate_30",14,FALSE,FALSE
7196651,"gate_40",1,FALSE,FALSE
7196675,"gate_40",86,TRUE,FALSE
7196781,"gate_40",7,FALSE,FALSE
7197137,"gate_40",2,FALSE,TRUE
7197151,"gate_30",4,TRUE,FALSE
7197463,"gate_30",26,FALSE,TRUE
7197709,"gate_30",2,FALSE,FALSE
7197722,"gate_30",54,TRUE,FALSE
7198107,"gate_30",2,FALSE,FALSE
7198143,"gate_40",35,TRUE,FALSE
7198218,"gate_30",12,FALSE,FALSE
7198265,"gate_30",1,FALSE,FALSE
7198310,"gate_40",25,TRUE,FALSE
7198355,"gate_40",31,TRUE,TRUE
7198701,"gate_40",68,TRUE,FALSE
7198724,"gate_40",84,TRUE,FALSE
7198810,"gate_40",0,FALSE,FALSE
7198840,"gate_40",2,FALSE,FALSE
7198866,"gate_40",748,TRUE,TRUE
7198996,"gate_30",1,FALSE,FALSE
7199021,"gate_30",8,FALSE,FALSE
7199197,"gate_30",5,FALSE,FALSE
7199285,"gate_30",10,FALSE,FALSE
7199348,"gate_30",12,TRUE,FALSE
7199565,"gate_30",25,FALSE,FALSE
7199584,"gate_30",3,FALSE,FALSE
7199624,"gate_30",1,FALSE,FALSE
7199772,"gate_30",2,TRUE,FALSE
7199798,"gate_40",59,TRUE,TRUE
7199814,"gate_30",10,TRUE,FALSE
7199827,"gate_30",37,FALSE,FALSE
7199934,"gate_30",13,FALSE,FALSE
7199935,"gate_40",1,FALSE,FALSE
7200188,"gate_30",31,TRUE,FALSE
7200338,"gate_40",11,FALSE,FALSE
7200574,"gate_30",3,FALSE,FALSE
7200699,"gate_40",47,TRUE,FALSE
7200726,"gate_30",2,FALSE,FALSE
7200886,"gate_40",1,FALSE,FALSE
7200905,"gate_40",8,FALSE,FALSE
7200974,"gate_30",84,TRUE,FALSE
7201309,"gate_30",60,TRUE,FALSE
7201361,"gate_30",47,TRUE,FALSE
7201580,"gate_30",277,TRUE,TRUE
7201649,"gate_30",41,TRUE,FALSE
7201941,"gate_40",27,TRUE,FALSE
7202037,"gate_30",64,FALSE,FALSE
7202040,"gate_30",5,FALSE,FALSE
7202174,"gate_30",1,FALSE,FALSE
7202314,"gate_40",2,FALSE,FALSE
7202588,"gate_30",1,FALSE,FALSE
7202748,"gate_40",4,FALSE,FALSE
7202756,"gate_30",1,FALSE,FALSE
7202769,"gate_40",138,TRUE,TRUE
7202794,"gate_40",44,TRUE,FALSE
7202901,"gate_30",20,FALSE,FALSE
7202957,"gate_40",10,FALSE,FALSE
7202994,"gate_40",19,TRUE,FALSE
7203168,"gate_30",0,FALSE,FALSE
7203326,"gate_30",4,FALSE,FALSE
7203436,"gate_40",20,TRUE,FALSE
7203484,"gate_40",14,TRUE,FALSE
7203550,"gate_40",20,TRUE,FALSE
7203575,"gate_40",6,TRUE,FALSE
7203661,"gate_30",24,TRUE,FALSE
7203797,"gate_30",0,FALSE,FALSE
7203847,"gate_40",24,TRUE,FALSE
7203871,"gate_30",11,FALSE,FALSE
7204061,"gate_40",27,TRUE,TRUE
7204156,"gate_40",83,FALSE,TRUE
7204285,"gate_30",282,TRUE,TRUE
7204301,"gate_40",65,TRUE,FALSE
7204337,"gate_30",5,FALSE,FALSE
7204347,"gate_40",28,TRUE,FALSE
7204414,"gate_30",4,FALSE,FALSE
7204429,"gate_40",46,TRUE,FALSE
7204628,"gate_40",30,FALSE,FALSE
7204646,"gate_30",156,TRUE,TRUE
7204744,"gate_40",9,FALSE,FALSE
7204948,"gate_30",30,TRUE,FALSE
7204951,"gate_30",226,TRUE,TRUE
7205152,"gate_40",57,TRUE,FALSE
7205196,"gate_40",62,FALSE,FALSE
7205564,"gate_30",252,TRUE,TRUE
7205661,"gate_40",14,TRUE,FALSE
7205669,"gate_30",23,FALSE,FALSE
7206278,"gate_40",4,FALSE,FALSE
7206314,"gate_30",21,TRUE,FALSE
7206335,"gate_30",446,TRUE,FALSE
7206346,"gate_30",9,FALSE,FALSE
7206512,"gate_30",7,FALSE,FALSE
7206536,"gate_40",4,FALSE,FALSE
7206700,"gate_30",15,FALSE,FALSE
7206711,"gate_30",29,TRUE,TRUE
7206754,"gate_40",102,TRUE,TRUE
7206873,"gate_30",1,FALSE,FALSE
7206911,"gate_30",4,FALSE,FALSE
7207007,"gate_40",32,TRUE,FALSE
7207105,"gate_40",131,TRUE,TRUE
7207137,"gate_40",16,FALSE,FALSE
7207173,"gate_30",27,TRUE,FALSE
7207184,"gate_30",5,TRUE,FALSE
7207274,"gate_40",0,FALSE,FALSE
7207339,"gate_30",16,TRUE,FALSE
7207384,"gate_40",16,TRUE,FALSE
7207403,"gate_40",10,FALSE,FALSE
7207425,"gate_40",3,FALSE,FALSE
7207457,"gate_30",13,FALSE,FALSE
7207536,"gate_30",50,FALSE,FALSE
7207869,"gate_40",0,FALSE,FALSE
7207978,"gate_30",2,FALSE,FALSE
7208146,"gate_30",1,FALSE,FALSE
7208458,"gate_40",106,TRUE,FALSE
7208529,"gate_30",14,FALSE,FALSE
7208758,"gate_30",191,TRUE,FALSE
7208834,"gate_40",80,TRUE,TRUE
7208945,"gate_30",0,FALSE,FALSE
7208992,"gate_30",92,TRUE,FALSE
7209269,"gate_30",11,FALSE,FALSE
7209272,"gate_30",8,TRUE,FALSE
7209335,"gate_40",2,FALSE,FALSE
7209595,"gate_40",3,FALSE,FALSE
7209809,"gate_30",12,FALSE,FALSE
7210210,"gate_40",1,FALSE,FALSE
7210347,"gate_40",7,FALSE,FALSE
7210553,"gate_40",2,FALSE,FALSE
7211076,"gate_30",145,TRUE,TRUE
7211121,"gate_40",25,TRUE,FALSE
7211280,"gate_40",40,TRUE,FALSE
7211344,"gate_30",151,TRUE,TRUE
7211347,"gate_30",69,TRUE,TRUE
7211618,"gate_40",15,TRUE,FALSE
7211655,"gate_40",5,TRUE,FALSE
7211782,"gate_40",5,FALSE,FALSE
7211881,"gate_30",35,TRUE,FALSE
7211994,"gate_30",21,FALSE,FALSE
7212030,"gate_30",17,TRUE,TRUE
7212067,"gate_30",48,TRUE,FALSE
7212337,"gate_40",1,FALSE,FALSE
7212356,"gate_30",23,TRUE,FALSE
7212776,"gate_40",557,TRUE,TRUE
7212901,"gate_30",192,TRUE,TRUE
7212903,"gate_40",108,TRUE,FALSE
7212934,"gate_30",2,FALSE,FALSE
7212945,"gate_30",6,FALSE,FALSE
7213086,"gate_30",18,TRUE,TRUE
7213227,"gate_30",3,FALSE,FALSE
7213394,"gate_40",76,TRUE,TRUE
7213421,"gate_40",112,TRUE,TRUE
7213430,"gate_30",134,TRUE,FALSE
7213536,"gate_40",11,TRUE,FALSE
7213565,"gate_30",18,FALSE,FALSE
7213625,"gate_40",8,TRUE,FALSE
7213785,"gate_40",61,TRUE,FALSE
7213885,"gate_30",13,TRUE,FALSE
7214207,"gate_40",70,TRUE,FALSE
7214269,"gate_30",3,FALSE,FALSE
7214279,"gate_40",12,FALSE,FALSE
7214370,"gate_40",0,FALSE,FALSE
7214434,"gate_40",10,FALSE,FALSE
7214509,"gate_30",9,FALSE,FALSE
7214535,"gate_40",7,FALSE,FALSE
7214830,"gate_30",5,FALSE,FALSE
7214840,"gate_30",25,FALSE,TRUE
7215182,"gate_40",1,FALSE,FALSE
7215200,"gate_30",0,FALSE,FALSE
7215259,"gate_40",59,FALSE,TRUE
7215455,"gate_40",10,FALSE,FALSE
7215474,"gate_40",27,TRUE,FALSE
7215581,"gate_30",128,TRUE,FALSE
7215589,"gate_30",21,FALSE,FALSE
7215603,"gate_30",14,FALSE,FALSE
7215760,"gate_30",12,FALSE,FALSE
7215853,"gate_40",186,FALSE,TRUE
7215965,"gate_40",84,TRUE,TRUE
7215986,"gate_30",2,FALSE,FALSE
7216077,"gate_40",3,FALSE,FALSE
7216122,"gate_30",112,TRUE,FALSE
7216203,"gate_40",251,TRUE,TRUE
7216226,"gate_40",5,FALSE,TRUE
7216357,"gate_40",61,TRUE,FALSE
7216585,"gate_40",0,FALSE,FALSE
7216707,"gate_40",4,FALSE,FALSE
7216732,"gate_30",8,TRUE,FALSE
7216768,"gate_30",19,FALSE,FALSE
7216963,"gate_30",15,FALSE,FALSE
7217104,"gate_30",19,FALSE,FALSE
7217228,"gate_40",14,FALSE,FALSE
7217416,"gate_40",1,FALSE,FALSE
7217417,"gate_30",79,TRUE,TRUE
7217500,"gate_40",80,TRUE,FALSE
7217502,"gate_40",1,FALSE,FALSE
7217676,"gate_30",29,TRUE,FALSE
7217687,"gate_40",90,TRUE,FALSE
7217697,"gate_30",176,FALSE,TRUE
7217739,"gate_30",316,TRUE,TRUE
7217764,"gate_40",25,TRUE,FALSE
7217918,"gate_40",13,TRUE,FALSE
7218088,"gate_30",17,FALSE,FALSE
7218126,"gate_30",497,TRUE,TRUE
7218149,"gate_40",52,FALSE,TRUE
7218349,"gate_40",43,TRUE,TRUE
7218668,"gate_30",51,FALSE,FALSE
7218773,"gate_40",29,FALSE,FALSE
7218877,"gate_40",135,TRUE,TRUE
7219005,"gate_30",97,TRUE,FALSE
7219025,"gate_40",111,TRUE,TRUE
7219060,"gate_30",6,FALSE,FALSE
7219315,"gate_30",2,TRUE,FALSE
7219369,"gate_30",36,FALSE,FALSE
7219427,"gate_40",18,TRUE,FALSE
7219429,"gate_40",14,TRUE,FALSE
7219538,"gate_30",7,FALSE,FALSE
7219563,"gate_40",158,TRUE,TRUE
7219603,"gate_40",12,FALSE,FALSE
7219616,"gate_30",2,FALSE,FALSE
7219708,"gate_30",11,FALSE,FALSE
7219722,"gate_40",40,TRUE,FALSE
7219743,"gate_30",3,FALSE,FALSE
7220186,"gate_40",2,FALSE,FALSE
7220195,"gate_30",108,TRUE,FALSE
7220302,"gate_30",43,TRUE,FALSE
7220359,"gate_40",190,TRUE,TRUE
7220440,"gate_40",40,TRUE,FALSE
7220442,"gate_40",12,TRUE,FALSE
7220552,"gate_30",1,FALSE,FALSE
7220603,"gate_40",93,TRUE,FALSE
7220707,"gate_30",12,FALSE,FALSE
7220725,"gate_40",17,FALSE,FALSE
7220753,"gate_30",56,TRUE,FALSE
7220757,"gate_40",5,FALSE,FALSE
7220764,"gate_40",32,TRUE,FALSE
7220986,"gate_30",37,FALSE,FALSE
7221109,"gate_30",28,FALSE,TRUE
7221141,"gate_30",4,FALSE,FALSE
7221179,"gate_30",77,TRUE,TRUE
7221204,"gate_40",2,FALSE,FALSE
7221231,"gate_40",81,TRUE,FALSE
7221362,"gate_40",1,FALSE,FALSE
7221444,"gate_30",209,FALSE,TRUE
7221507,"gate_30",12,TRUE,FALSE
7221548,"gate_40",12,TRUE,FALSE
7221869,"gate_30",8,FALSE,FALSE
7221886,"gate_40",112,TRUE,FALSE
7222229,"gate_30",16,TRUE,FALSE
7222291,"gate_30",0,FALSE,FALSE
7222351,"gate_30",194,TRUE,TRUE
7222370,"gate_40",45,TRUE,FALSE
7222469,"gate_40",4,FALSE,FALSE
7222492,"gate_40",16,TRUE,FALSE
7222500,"gate_40",51,FALSE,FALSE
7222625,"gate_40",137,TRUE,TRUE
7222814,"gate_30",24,TRUE,FALSE
7222915,"gate_40",97,TRUE,FALSE
7223158,"gate_30",82,TRUE,TRUE
7223198,"gate_30",7,FALSE,FALSE
7223220,"gate_30",14,FALSE,FALSE
7223267,"gate_40",37,TRUE,FALSE
7223324,"gate_40",163,TRUE,TRUE
7223458,"gate_30",30,FALSE,TRUE
7223546,"gate_30",9,FALSE,FALSE
7223636,"gate_30",7,TRUE,FALSE
7223677,"gate_30",83,TRUE,FALSE
7223798,"gate_30",38,FALSE,FALSE
7223810,"gate_30",38,TRUE,FALSE
7223855,"gate_40",24,FALSE,FALSE
7223861,"gate_40",48,FALSE,FALSE
7223895,"gate_40",9,FALSE,TRUE
7224056,"gate_30",41,TRUE,TRUE
7224142,"gate_30",52,TRUE,FALSE
7224194,"gate_40",4,FALSE,FALSE
7224349,"gate_40",5,FALSE,FALSE
7224374,"gate_30",1,FALSE,FALSE
7224390,"gate_40",174,TRUE,FALSE
7224568,"gate_40",11,FALSE,FALSE
7224682,"gate_30",2,FALSE,FALSE
7224711,"gate_30",1,FALSE,FALSE
7224861,"gate_40",28,TRUE,FALSE
7224907,"gate_30",180,TRUE,TRUE
7224917,"gate_30",12,TRUE,FALSE
7224929,"gate_30",13,FALSE,FALSE
7225028,"gate_40",6,FALSE,FALSE
7225056,"gate_40",55,FALSE,FALSE
7225344,"gate_40",87,TRUE,FALSE
7225412,"gate_40",0,FALSE,FALSE
7225435,"gate_30",2,FALSE,FALSE
7225506,"gate_30",172,TRUE,TRUE
7225703,"gate_30",38,TRUE,FALSE
7225950,"gate_40",1,FALSE,FALSE
7225985,"gate_40",12,FALSE,FALSE
7226104,"gate_30",2,FALSE,FALSE
7226214,"gate_30",39,TRUE,TRUE
7226222,"gate_40",1,FALSE,FALSE
7226485,"gate_30",4,TRUE,FALSE
7226687,"gate_30",14,TRUE,FALSE
7226868,"gate_30",1,FALSE,FALSE
7226871,"gate_40",276,TRUE,TRUE
7227005,"gate_40",1,FALSE,FALSE
7227181,"gate_40",16,FALSE,FALSE
7227247,"gate_40",9,FALSE,TRUE
7227418,"gate_30",21,FALSE,FALSE
7227424,"gate_40",46,FALSE,FALSE
7227425,"gate_30",1,FALSE,FALSE
7227797,"gate_40",1,FALSE,FALSE
7227799,"gate_30",16,TRUE,FALSE
7227852,"gate_40",4,FALSE,FALSE
7227856,"gate_30",8,TRUE,FALSE
7228300,"gate_30",28,FALSE,FALSE
7228603,"gate_30",55,TRUE,FALSE
7228660,"gate_40",12,FALSE,FALSE
7228786,"gate_30",8,FALSE,FALSE
7228825,"gate_30",2,FALSE,FALSE
7228923,"gate_30",56,TRUE,FALSE
7229044,"gate_40",34,TRUE,FALSE
7229155,"gate_40",91,TRUE,FALSE
7229470,"gate_40",103,TRUE,FALSE
7229552,"gate_40",17,FALSE,FALSE
7229786,"gate_40",0,FALSE,FALSE
7229846,"gate_30",1,FALSE,FALSE
7229936,"gate_30",10,FALSE,FALSE
7230192,"gate_40",58,TRUE,TRUE
7230200,"gate_40",7,FALSE,FALSE
7230211,"gate_30",201,TRUE,TRUE
7230248,"gate_40",2,TRUE,FALSE
7230349,"gate_30",29,TRUE,FALSE
7230356,"gate_30",11,FALSE,FALSE
7230445,"gate_30",5,FALSE,FALSE
7230585,"gate_30",203,TRUE,TRUE
7230599,"gate_40",19,FALSE,FALSE
7230714,"gate_30",85,TRUE,TRUE
7230796,"gate_30",37,FALSE,FALSE
7230833,"gate_40",2,FALSE,FALSE
7230956,"gate_30",14,TRUE,FALSE
7231210,"gate_40",28,FALSE,FALSE
7231406,"gate_40",128,TRUE,FALSE
7231728,"gate_40",1,FALSE,FALSE
7231742,"gate_30",8,FALSE,FALSE
7231749,"gate_30",15,FALSE,FALSE
7231791,"gate_30",14,FALSE,FALSE
7231950,"gate_40",32,TRUE,FALSE
7231960,"gate_30",34,TRUE,FALSE
7232046,"gate_30",5,FALSE,FALSE
7232095,"gate_40",138,FALSE,TRUE
7232129,"gate_30",28,FALSE,FALSE
7232327,"gate_30",5,FALSE,FALSE
7232789,"gate_30",62,FALSE,FALSE
7232845,"gate_30",14,TRUE,FALSE
7232878,"gate_30",0,FALSE,FALSE
7233126,"gate_30",6,FALSE,FALSE
7233347,"gate_30",1,TRUE,FALSE
7233421,"gate_30",171,TRUE,TRUE
7233489,"gate_30",5,FALSE,FALSE
7233552,"gate_40",133,TRUE,FALSE
7233563,"gate_30",9,FALSE,FALSE
7233630,"gate_40",15,TRUE,FALSE
7234044,"gate_30",17,TRUE,FALSE
7234073,"gate_40",29,TRUE,FALSE
7234076,"gate_30",55,TRUE,TRUE
7234260,"gate_30",10,TRUE,FALSE
7234275,"gate_40",23,TRUE,FALSE
7234591,"gate_30",1,FALSE,FALSE
7234915,"gate_30",23,FALSE,FALSE
7235004,"gate_30",103,TRUE,TRUE
7235013,"gate_30",55,TRUE,FALSE
7235250,"gate_40",9,FALSE,FALSE
7235545,"gate_40",5,TRUE,FALSE
7235564,"gate_30",2,FALSE,FALSE
7235617,"gate_40",174,TRUE,FALSE
7235825,"gate_40",9,FALSE,FALSE
7236058,"gate_40",11,TRUE,FALSE
7236242,"gate_30",6,FALSE,FALSE
7236253,"gate_40",5,FALSE,FALSE
7236259,"gate_40",6,TRUE,FALSE
7236379,"gate_30",48,FALSE,TRUE
7236574,"gate_40",18,FALSE,FALSE
7236620,"gate_40",22,FALSE,FALSE
7236657,"gate_30",50,TRUE,FALSE
7236862,"gate_40",12,FALSE,FALSE
7236865,"gate_40",8,FALSE,FALSE
7237171,"gate_40",0,FALSE,FALSE
7237221,"gate_30",7,FALSE,FALSE
7237408,"gate_30",3,FALSE,FALSE
7237539,"gate_30",11,FALSE,FALSE
7237669,"gate_30",3,FALSE,FALSE
7237749,"gate_30",275,TRUE,TRUE
7237814,"gate_40",10,FALSE,FALSE
7237854,"gate_40",3,FALSE,FALSE
7238141,"gate_40",43,FALSE,TRUE
7238142,"gate_40",53,TRUE,FALSE
7238280,"gate_40",5,FALSE,FALSE
7238519,"gate_40",7,FALSE,FALSE
7238544,"gate_40",4,TRUE,FALSE
7238553,"gate_40",106,TRUE,FALSE
7238677,"gate_40",140,FALSE,TRUE
7238834,"gate_30",155,TRUE,FALSE
7239011,"gate_30",32,TRUE,FALSE
7239250,"gate_40",2,FALSE,FALSE
7239280,"gate_30",197,TRUE,FALSE
7239312,"gate_40",95,TRUE,TRUE
7239614,"gate_40",9,FALSE,FALSE
7240110,"gate_40",22,FALSE,TRUE
7240310,"gate_40",20,FALSE,FALSE
7240484,"gate_40",9,TRUE,TRUE
7240540,"gate_40",6,FALSE,FALSE
7240564,"gate_40",130,TRUE,FALSE
7240770,"gate_40",2,FALSE,FALSE
7240784,"gate_30",100,TRUE,FALSE
7240803,"gate_30",0,FALSE,FALSE
7240856,"gate_40",140,TRUE,FALSE
7240869,"gate_40",41,FALSE,TRUE
7241116,"gate_40",12,TRUE,FALSE
7241293,"gate_30",39,TRUE,FALSE
7241469,"gate_40",22,TRUE,TRUE
7241500,"gate_30",8,TRUE,FALSE
7241601,"gate_40",5,FALSE,FALSE
7241693,"gate_30",67,TRUE,TRUE
7241745,"gate_40",98,TRUE,FALSE
7241925,"gate_30",1,FALSE,FALSE
7241975,"gate_40",5,FALSE,FALSE
7242310,"gate_30",447,TRUE,TRUE
7242387,"gate_40",67,FALSE,FALSE
7242415,"gate_30",8,FALSE,FALSE
7242432,"gate_40",133,TRUE,FALSE
7242469,"gate_40",126,TRUE,TRUE
7242551,"gate_30",18,FALSE,FALSE
7242637,"gate_40",139,TRUE,FALSE
7242711,"gate_40",12,TRUE,TRUE
7242764,"gate_30",45,TRUE,FALSE
7242912,"gate_30",5,FALSE,FALSE
7243012,"gate_40",33,TRUE,FALSE
7243075,"gate_40",8,FALSE,FALSE
7243116,"gate_40",19,FALSE,FALSE
7243164,"gate_40",12,TRUE,FALSE
7243325,"gate_30",1,FALSE,FALSE
7243422,"gate_30",88,FALSE,FALSE
7243503,"gate_40",2,FALSE,FALSE
7243703,"gate_30",3,FALSE,FALSE
7243820,"gate_40",57,TRUE,FALSE
7243829,"gate_40",21,FALSE,FALSE
7243869,"gate_30",78,TRUE,TRUE
7243899,"gate_30",4,FALSE,FALSE
7244194,"gate_40",29,FALSE,FALSE
7244284,"gate_30",39,FALSE,TRUE
7244329,"gate_30",20,TRUE,FALSE
7244336,"gate_40",39,TRUE,FALSE
7244339,"gate_30",11,FALSE,FALSE
7244427,"gate_40",87,TRUE,FALSE
7244441,"gate_30",305,TRUE,TRUE
7244460,"gate_40",151,TRUE,FALSE
7244516,"gate_40",2,FALSE,FALSE
7244614,"gate_30",15,TRUE,FALSE
7244623,"gate_40",134,TRUE,TRUE
7244642,"gate_40",27,FALSE,TRUE
7244843,"gate_40",56,TRUE,FALSE
7244909,"gate_30",7,TRUE,FALSE
7245205,"gate_40",10,FALSE,FALSE
7245421,"gate_30",4,FALSE,TRUE
7245740,"gate_40",5,FALSE,FALSE
7245833,"gate_30",32,TRUE,FALSE
7245905,"gate_40",39,FALSE,FALSE
7246083,"gate_40",8,FALSE,FALSE
7246226,"gate_40",62,TRUE,TRUE
7246252,"gate_40",43,TRUE,TRUE
7246346,"gate_40",1,FALSE,FALSE
7246463,"gate_30",35,TRUE,TRUE
7246484,"gate_30",17,TRUE,FALSE
7246744,"gate_30",35,TRUE,FALSE
7246754,"gate_40",20,TRUE,FALSE
7246921,"gate_40",113,TRUE,TRUE
7247040,"gate_40",5,FALSE,FALSE
7247159,"gate_40",23,TRUE,TRUE
7247360,"gate_40",7,TRUE,FALSE
7247416,"gate_30",77,TRUE,TRUE
7247486,"gate_40",6,FALSE,FALSE
7247808,"gate_40",28,FALSE,FALSE
7248025,"gate_40",761,TRUE,TRUE
7248163,"gate_40",41,TRUE,FALSE
7248249,"gate_30",68,TRUE,FALSE
7248333,"gate_40",8,FALSE,FALSE
7248474,"gate_40",11,FALSE,FALSE
7248516,"gate_30",6,FALSE,FALSE
7248530,"gate_30",0,FALSE,FALSE
7248543,"gate_40",39,TRUE,FALSE
7248598,"gate_40",3,FALSE,FALSE
7248745,"gate_40",1,FALSE,FALSE
7248972,"gate_40",52,TRUE,FALSE
7249079,"gate_30",94,TRUE,TRUE
7249254,"gate_30",6,FALSE,FALSE
7249677,"gate_30",11,TRUE,FALSE
7249738,"gate_40",94,TRUE,FALSE
7249946,"gate_30",3,FALSE,FALSE
7249963,"gate_40",94,TRUE,TRUE
7250211,"gate_30",9,FALSE,FALSE
7250218,"gate_40",3,FALSE,FALSE
7250255,"gate_40",11,FALSE,TRUE
7250257,"gate_30",13,FALSE,FALSE
7250335,"gate_40",3,FALSE,FALSE
7250540,"gate_30",2,FALSE,FALSE
7250563,"gate_40",5,FALSE,FALSE
7250626,"gate_40",11,FALSE,FALSE
7250645,"gate_30",2,FALSE,FALSE
7250646,"gate_40",8,TRUE,FALSE
7250682,"gate_30",1,FALSE,FALSE
7250845,"gate_40",101,TRUE,FALSE
7250869,"gate_30",18,FALSE,FALSE
7250929,"gate_30",35,TRUE,FALSE
7251152,"gate_40",12,TRUE,FALSE
7251166,"gate_30",65,TRUE,FALSE
7251176,"gate_30",34,FALSE,FALSE
7251191,"gate_40",65,TRUE,FALSE
7251491,"gate_40",0,FALSE,FALSE
7251698,"gate_30",84,TRUE,FALSE
7251778,"gate_30",86,TRUE,FALSE
7252036,"gate_40",43,TRUE,FALSE
7252120,"gate_40",149,TRUE,TRUE
7252564,"gate_40",3,FALSE,FALSE
7252587,"gate_30",7,FALSE,FALSE
7252859,"gate_30",3,FALSE,FALSE
7252882,"gate_30",0,FALSE,FALSE
7252913,"gate_40",13,FALSE,FALSE
7253021,"gate_40",0,FALSE,FALSE
7253070,"gate_30",45,TRUE,FALSE
7253125,"gate_40",2,FALSE,FALSE
7253335,"gate_30",36,TRUE,FALSE
7253413,"gate_30",1,FALSE,FALSE
7253436,"gate_30",4,FALSE,FALSE
7253487,"gate_40",8,FALSE,FALSE
7253977,"gate_30",10,FALSE,FALSE
7254168,"gate_40",35,FALSE,FALSE
7254189,"gate_40",7,FALSE,FALSE
7254344,"gate_40",126,TRUE,FALSE
7254347,"gate_30",74,TRUE,FALSE
7254578,"gate_40",2,FALSE,FALSE
7254901,"gate_30",14,FALSE,TRUE
7255020,"gate_30",17,FALSE,FALSE
7255123,"gate_30",158,TRUE,TRUE
7255218,"gate_40",1,FALSE,FALSE
7255283,"gate_30",0,FALSE,FALSE
7255448,"gate_40",14,FALSE,FALSE
7255714,"gate_30",336,TRUE,TRUE
7255731,"gate_30",163,TRUE,TRUE
7255736,"gate_30",36,TRUE,FALSE
7255924,"gate_30",139,FALSE,TRUE
7255946,"gate_30",16,FALSE,FALSE
7256081,"gate_30",4,TRUE,FALSE
7256280,"gate_40",1,FALSE,FALSE
7256335,"gate_30",26,TRUE,FALSE
7256644,"gate_40",65,TRUE,FALSE
7256680,"gate_30",324,TRUE,TRUE
7256832,"gate_40",11,FALSE,FALSE
7256897,"gate_40",23,TRUE,FALSE
7257011,"gate_40",19,TRUE,FALSE
7257244,"gate_30",116,TRUE,TRUE
7257286,"gate_40",20,TRUE,FALSE
7257315,"gate_40",1,FALSE,FALSE
7257372,"gate_40",11,FALSE,FALSE
7257420,"gate_40",270,TRUE,FALSE
7257594,"gate_30",14,FALSE,FALSE
7257641,"gate_30",19,TRUE,FALSE
7257741,"gate_40",25,FALSE,FALSE
7257998,"gate_40",5,FALSE,FALSE
7258038,"gate_30",94,TRUE,FALSE
7258153,"gate_30",2,FALSE,FALSE
7258196,"gate_40",30,TRUE,FALSE
7258434,"gate_40",95,FALSE,TRUE
7258460,"gate_40",124,FALSE,FALSE
7258493,"gate_40",15,FALSE,FALSE
7258631,"gate_40",75,TRUE,TRUE
7258693,"gate_40",2,FALSE,FALSE
7258739,"gate_40",57,FALSE,FALSE
7259029,"gate_30",49,TRUE,FALSE
7259038,"gate_30",37,TRUE,FALSE
7259139,"gate_30",4,FALSE,FALSE
7259256,"gate_30",11,FALSE,FALSE
7259286,"gate_30",60,TRUE,TRUE
7259296,"gate_40",2,FALSE,FALSE
7259346,"gate_40",425,TRUE,TRUE
7259566,"gate_40",2,FALSE,FALSE
7259568,"gate_30",8,FALSE,FALSE
7259784,"gate_30",17,TRUE,FALSE
7259887,"gate_40",151,TRUE,FALSE
7260031,"gate_30",1,FALSE,FALSE
7260210,"gate_30",135,TRUE,TRUE
7260314,"gate_30",5,FALSE,FALSE
7260352,"gate_30",0,FALSE,FALSE
7260529,"gate_40",10,TRUE,FALSE
7260727,"gate_30",55,TRUE,FALSE
7261125,"gate_40",14,FALSE,FALSE
7261129,"gate_30",1,FALSE,FALSE
7261450,"gate_40",35,FALSE,FALSE
7261501,"gate_40",360,TRUE,TRUE
7261753,"gate_40",1,FALSE,FALSE
7261759,"gate_30",0,FALSE,FALSE
7261791,"gate_30",7,TRUE,FALSE
7261919,"gate_40",53,TRUE,FALSE
7261941,"gate_40",0,FALSE,FALSE
7261962,"gate_40",5,FALSE,FALSE
7262019,"gate_30",7,FALSE,TRUE
7262101,"gate_30",5,FALSE,FALSE
7262233,"gate_40",7,FALSE,FALSE
7262313,"gate_30",12,TRUE,FALSE
7262333,"gate_30",0,FALSE,FALSE
7262351,"gate_40",10,FALSE,FALSE
7262453,"gate_40",21,TRUE,FALSE
7262481,"gate_30",24,TRUE,FALSE
7262512,"gate_30",27,TRUE,FALSE
7262649,"gate_30",88,TRUE,TRUE
7262692,"gate_40",22,TRUE,FALSE
7262845,"gate_30",40,FALSE,FALSE
7263024,"gate_40",67,TRUE,TRUE
7263188,"gate_30",12,FALSE,FALSE
7263301,"gate_30",1,FALSE,FALSE
7263313,"gate_40",0,FALSE,FALSE
7263395,"gate_40",9,FALSE,FALSE
7263399,"gate_30",1,FALSE,FALSE
7263450,"gate_30",157,TRUE,TRUE
7263560,"gate_40",18,FALSE,FALSE
7263760,"gate_30",46,FALSE,FALSE
7263916,"gate_40",91,TRUE,FALSE
7263933,"gate_40",29,TRUE,FALSE
7263974,"gate_40",25,TRUE,FALSE
7263984,"gate_30",1,FALSE,FALSE
7264058,"gate_40",337,TRUE,FALSE
7264075,"gate_40",1,FALSE,FALSE
7264265,"gate_30",126,TRUE,TRUE
7264283,"gate_30",166,TRUE,TRUE
7264650,"gate_40",0,FALSE,FALSE
7264675,"gate_30",57,TRUE,FALSE
7264713,"gate_40",3,FALSE,FALSE
7264721,"gate_30",3,FALSE,FALSE
7264765,"gate_30",0,FALSE,FALSE
7264793,"gate_30",108,TRUE,FALSE
7264836,"gate_40",91,TRUE,FALSE
7264882,"gate_30",1,FALSE,FALSE
7265111,"gate_30",9,TRUE,FALSE
7265198,"gate_40",9,FALSE,FALSE
7265214,"gate_40",16,TRUE,FALSE
7265507,"gate_30",127,TRUE,TRUE
7265742,"gate_40",6,FALSE,FALSE
7265935,"gate_30",1,FALSE,FALSE
7266192,"gate_40",2,FALSE,FALSE
7266412,"gate_40",148,TRUE,TRUE
7266522,"gate_30",112,TRUE,FALSE
7266587,"gate_40",5,FALSE,FALSE
7266768,"gate_30",4,FALSE,FALSE
7266773,"gate_30",18,TRUE,FALSE
7267014,"gate_40",84,TRUE,FALSE
7267091,"gate_40",58,TRUE,FALSE
7267094,"gate_30",22,FALSE,FALSE
7267570,"gate_40",47,FALSE,FALSE
7267599,"gate_40",291,TRUE,TRUE
7267812,"gate_30",30,TRUE,FALSE
7267964,"gate_30",194,TRUE,TRUE
7267991,"gate_40",1,FALSE,FALSE
7268134,"gate_30",18,TRUE,FALSE
7268179,"gate_40",19,TRUE,TRUE
7268297,"gate_40",13,FALSE,FALSE
7268323,"gate_30",1,FALSE,FALSE
7268345,"gate_40",0,FALSE,FALSE
7268485,"gate_30",7,FALSE,FALSE
7268776,"gate_40",338,TRUE,TRUE
7269118,"gate_30",149,TRUE,TRUE
7269150,"gate_30",0,FALSE,FALSE
7269188,"gate_40",8,FALSE,FALSE
7269214,"gate_40",46,TRUE,FALSE
7269361,"gate_40",28,FALSE,FALSE
7269430,"gate_40",6,FALSE,FALSE
7269565,"gate_40",93,TRUE,FALSE
7269640,"gate_30",32,TRUE,FALSE
7269722,"gate_40",4,FALSE,FALSE
7270063,"gate_30",56,TRUE,FALSE
7270145,"gate_40",1,FALSE,FALSE
7270266,"gate_40",0,FALSE,FALSE
7270413,"gate_40",102,TRUE,TRUE
7270470,"gate_30",1,FALSE,FALSE
7270669,"gate_30",42,FALSE,FALSE
7270754,"gate_30",58,TRUE,FALSE
7270822,"gate_40",3,FALSE,FALSE
7271075,"gate_40",328,TRUE,TRUE
7271155,"gate_40",4,FALSE,FALSE
7271707,"gate_30",29,FALSE,FALSE
7271778,"gate_30",9,FALSE,FALSE
7271915,"gate_40",45,TRUE,TRUE
7272040,"gate_30",488,TRUE,TRUE
7272204,"gate_40",22,TRUE,FALSE
7272209,"gate_30",163,TRUE,FALSE
7272266,"gate_30",148,TRUE,TRUE
7272284,"gate_30",2,FALSE,FALSE
7272401,"gate_40",2,FALSE,FALSE
7272494,"gate_30",37,FALSE,FALSE
7272542,"gate_40",8,FALSE,FALSE
7272588,"gate_40",214,FALSE,TRUE
7273267,"gate_40",5,FALSE,FALSE
7273287,"gate_30",35,FALSE,TRUE
7273412,"gate_40",34,TRUE,FALSE
7273513,"gate_40",5,FALSE,FALSE
7273668,"gate_30",2,FALSE,FALSE
7273727,"gate_40",4,FALSE,FALSE
7273738,"gate_30",4,FALSE,FALSE
7273797,"gate_30",82,TRUE,FALSE
7273952,"gate_40",54,FALSE,FALSE
7274532,"gate_30",4,FALSE,FALSE
7274572,"gate_30",5,TRUE,FALSE
7274790,"gate_40",4,FALSE,FALSE
7274890,"gate_40",1,FALSE,FALSE
7275061,"gate_40",1,FALSE,FALSE
7275081,"gate_30",76,TRUE,TRUE
7275315,"gate_30",15,TRUE,FALSE
7275381,"gate_30",4,TRUE,FALSE
7275449,"gate_40",2,FALSE,FALSE
7275508,"gate_30",8,FALSE,FALSE
7275755,"gate_40",1,FALSE,FALSE
7275801,"gate_30",55,TRUE,TRUE
7275882,"gate_30",5,FALSE,FALSE
7275884,"gate_40",8,TRUE,FALSE
7275918,"gate_30",48,TRUE,FALSE
7275921,"gate_40",452,TRUE,TRUE
7276102,"gate_30",19,TRUE,FALSE
7276169,"gate_40",19,TRUE,FALSE
7276228,"gate_40",12,FALSE,FALSE
7276289,"gate_30",9,TRUE,FALSE
7276299,"gate_30",124,FALSE,TRUE
7276322,"gate_40",8,FALSE,FALSE
7276335,"gate_40",20,FALSE,FALSE
7276343,"gate_30",2,FALSE,FALSE
7276619,"gate_30",270,TRUE,TRUE
7276645,"gate_30",27,TRUE,FALSE
7276660,"gate_30",3,FALSE,FALSE
7277328,"gate_30",20,TRUE,FALSE
7277364,"gate_30",2,FALSE,FALSE
7277419,"gate_40",1,FALSE,FALSE
7277627,"gate_40",32,TRUE,FALSE
7277869,"gate_40",40,TRUE,FALSE
7278003,"gate_40",54,TRUE,FALSE
7278418,"gate_30",53,TRUE,FALSE
7278574,"gate_40",31,FALSE,FALSE
7278625,"gate_30",1,FALSE,FALSE
7278629,"gate_30",43,TRUE,FALSE
7278721,"gate_40",21,TRUE,FALSE
7278756,"gate_40",4,FALSE,FALSE
7278764,"gate_30",62,TRUE,FALSE
7278853,"gate_30",0,FALSE,FALSE
7279034,"gate_30",5,FALSE,FALSE
7279101,"gate_40",203,TRUE,TRUE
7279106,"gate_40",13,FALSE,FALSE
7279189,"gate_30",66,FALSE,FALSE
7279330,"gate_40",2,FALSE,FALSE
7279371,"gate_30",30,TRUE,FALSE
7279390,"gate_30",193,FALSE,FALSE
7279458,"gate_40",247,TRUE,FALSE
7279617,"gate_30",280,TRUE,TRUE
7279628,"gate_30",20,FALSE,FALSE
7280005,"gate_40",21,TRUE,FALSE
7280245,"gate_40",66,TRUE,FALSE
7280665,"gate_40",10,FALSE,FALSE
7280676,"gate_30",57,TRUE,FALSE
7280732,"gate_40",10,FALSE,FALSE
7280737,"gate_40",12,FALSE,FALSE
7280740,"gate_30",0,FALSE,FALSE
7280925,"gate_30",6,FALSE,FALSE
7281161,"gate_30",63,FALSE,FALSE
7281227,"gate_40",104,TRUE,FALSE
7281282,"gate_40",12,FALSE,FALSE
7281473,"gate_30",2,FALSE,FALSE
7281558,"gate_30",3,FALSE,FALSE
7281620,"gate_30",6,FALSE,FALSE
7281636,"gate_30",0,FALSE,FALSE
7281656,"gate_30",10,TRUE,TRUE
7281781,"gate_40",104,FALSE,FALSE
7281859,"gate_40",55,TRUE,FALSE
7281860,"gate_30",511,TRUE,TRUE
7282004,"gate_40",1,FALSE,FALSE
7282062,"gate_40",5,FALSE,TRUE
7282215,"gate_40",74,TRUE,FALSE
7282228,"gate_30",8,TRUE,FALSE
7282354,"gate_30",14,FALSE,FALSE
7282365,"gate_30",0,FALSE,FALSE
7282404,"gate_30",67,FALSE,FALSE
7282454,"gate_30",3,FALSE,FALSE
7282471,"gate_40",5,TRUE,FALSE
7282500,"gate_30",20,TRUE,FALSE
7282560,"gate_30",2,FALSE,FALSE
7282653,"gate_30",13,TRUE,FALSE
7282703,"gate_30",7,TRUE,FALSE
7282814,"gate_30",24,TRUE,FALSE
7282888,"gate_30",18,TRUE,FALSE
7283002,"gate_30",26,TRUE,FALSE
7283189,"gate_40",20,FALSE,FALSE
7283342,"gate_30",63,FALSE,TRUE
7283346,"gate_40",19,TRUE,FALSE
7283368,"gate_40",15,TRUE,FALSE
7283396,"gate_40",158,TRUE,TRUE
7283520,"gate_30",27,TRUE,FALSE
7283654,"gate_40",7,FALSE,FALSE
7283805,"gate_40",9,FALSE,FALSE
7283869,"gate_30",7,FALSE,FALSE
7284387,"gate_30",33,FALSE,FALSE
7284512,"gate_30",32,FALSE,FALSE
7284587,"gate_40",6,TRUE,FALSE
7284626,"gate_40",1,FALSE,FALSE
7284760,"gate_30",2,FALSE,FALSE
7284989,"gate_40",0,FALSE,FALSE
7284999,"gate_40",5,FALSE,FALSE
7285049,"gate_30",60,FALSE,FALSE
7285106,"gate_40",7,TRUE,FALSE
7285212,"gate_30",42,TRUE,FALSE
7285247,"gate_40",20,FALSE,FALSE
7285338,"gate_30",3,TRUE,FALSE
7285442,"gate_30",166,TRUE,FALSE
7285504,"gate_40",0,FALSE,FALSE
7285586,"gate_30",160,FALSE,FALSE
7285616,"gate_30",7,FALSE,FALSE
7285628,"gate_40",17,FALSE,FALSE
7285682,"gate_30",20,FALSE,FALSE
7285806,"gate_30",10,FALSE,FALSE
7285852,"gate_40",26,TRUE,FALSE
7286095,"gate_40",2,FALSE,FALSE
7286261,"gate_30",513,TRUE,TRUE
7286287,"gate_30",77,TRUE,TRUE
7286307,"gate_40",1,FALSE,FALSE
7286374,"gate_40",25,FALSE,FALSE
7286406,"gate_30",103,TRUE,TRUE
7286442,"gate_40",17,FALSE,FALSE
7286456,"gate_30",18,TRUE,FALSE
7286474,"gate_40",5,FALSE,FALSE
7286532,"gate_30",76,TRUE,FALSE
7287014,"gate_30",1,FALSE,FALSE
7287019,"gate_30",7,TRUE,FALSE
7287362,"gate_40",53,TRUE,TRUE
7287379,"gate_40",30,TRUE,FALSE
7287460,"gate_30",8,FALSE,FALSE
7287530,"gate_30",40,TRUE,FALSE
7287621,"gate_40",109,TRUE,TRUE
7287747,"gate_30",3,FALSE,FALSE
7287847,"gate_40",129,TRUE,FALSE
7287880,"gate_30",31,TRUE,FALSE
7288001,"gate_30",6,TRUE,FALSE
7288064,"gate_30",6,FALSE,FALSE
7288388,"gate_40",45,TRUE,FALSE
7288433,"gate_40",3,FALSE,FALSE
7288951,"gate_40",511,TRUE,TRUE
7289139,"gate_40",97,TRUE,TRUE
7289378,"gate_30",227,TRUE,FALSE
7289413,"gate_40",75,TRUE,FALSE
7289525,"gate_40",166,TRUE,FALSE
7289771,"gate_30",34,TRUE,TRUE
7289893,"gate_30",10,FALSE,FALSE
7290076,"gate_30",7,TRUE,FALSE
7290292,"gate_30",49,FALSE,FALSE
7290563,"gate_40",8,FALSE,FALSE
7290565,"gate_40",6,FALSE,FALSE
7290649,"gate_30",35,FALSE,FALSE
7290835,"gate_30",19,FALSE,FALSE
7291310,"gate_40",34,TRUE,FALSE
7291324,"gate_30",19,FALSE,FALSE
7291327,"gate_40",0,FALSE,FALSE
7291345,"gate_30",286,TRUE,TRUE
7291421,"gate_40",164,TRUE,TRUE
7291423,"gate_30",0,FALSE,FALSE
7291483,"gate_40",22,TRUE,FALSE
7291597,"gate_40",75,TRUE,TRUE
7291632,"gate_40",3,FALSE,FALSE
7291651,"gate_30",47,TRUE,FALSE
7291894,"gate_30",15,FALSE,FALSE
7291918,"gate_40",8,FALSE,FALSE
7291926,"gate_40",12,TRUE,FALSE
7292036,"gate_40",3,FALSE,FALSE
7292262,"gate_30",9,FALSE,FALSE
7292367,"gate_40",4,FALSE,FALSE
7292392,"gate_30",6,FALSE,FALSE
7292448,"gate_40",40,FALSE,FALSE
7292598,"gate_40",14,FALSE,FALSE
7292746,"gate_40",3,FALSE,FALSE
7292771,"gate_30",14,TRUE,FALSE
7292825,"gate_40",70,FALSE,FALSE
7292991,"gate_40",18,TRUE,FALSE
7292992,"gate_40",22,FALSE,FALSE
7293270,"gate_40",46,TRUE,TRUE
7293284,"gate_40",476,TRUE,TRUE
7293319,"gate_30",0,FALSE,FALSE
7293351,"gate_30",54,TRUE,FALSE
7293442,"gate_40",16,TRUE,TRUE
7293464,"gate_40",3,FALSE,FALSE
7293624,"gate_40",2,FALSE,FALSE
7293720,"gate_30",10,FALSE,FALSE
7293963,"gate_30",33,FALSE,FALSE
7293965,"gate_40",5,FALSE,FALSE
7293997,"gate_30",12,TRUE,FALSE
7294292,"gate_40",64,FALSE,TRUE
7294389,"gate_30",1,FALSE,FALSE
7294397,"gate_40",77,TRUE,TRUE
7294410,"gate_40",10,FALSE,FALSE
7294677,"gate_30",32,TRUE,FALSE
7294752,"gate_40",0,FALSE,FALSE
7294846,"gate_30",9,FALSE,FALSE
7294873,"gate_40",12,TRUE,FALSE
7295048,"gate_40",166,TRUE,FALSE
7295361,"gate_30",3,FALSE,FALSE
7295421,"gate_40",92,TRUE,FALSE
7295431,"gate_40",58,TRUE,FALSE
7295521,"gate_30",24,TRUE,FALSE
7295993,"gate_40",4,FALSE,FALSE
7296029,"gate_40",163,TRUE,TRUE
7296055,"gate_30",21,TRUE,FALSE
7296123,"gate_40",7,FALSE,FALSE
7296383,"gate_30",3,FALSE,FALSE
7296496,"gate_40",114,FALSE,TRUE
7296621,"gate_40",2,FALSE,FALSE
7296637,"gate_30",2,FALSE,FALSE
7296638,"gate_30",4,FALSE,FALSE
7296726,"gate_40",32,FALSE,FALSE
7296936,"gate_40",18,FALSE,FALSE
7296976,"gate_40",0,FALSE,FALSE
7297052,"gate_40",4,FALSE,FALSE
7297151,"gate_40",32,TRUE,FALSE
7297214,"gate_30",240,TRUE,FALSE
7297267,"gate_30",3,FALSE,FALSE
7297307,"gate_40",11,TRUE,FALSE
7297338,"gate_40",332,TRUE,TRUE
7297463,"gate_40",26,FALSE,FALSE
7297560,"gate_40",28,FALSE,FALSE
7297585,"gate_30",8,FALSE,FALSE
7297710,"gate_40",8,FALSE,FALSE
7297804,"gate_40",76,TRUE,FALSE
7297837,"gate_30",0,FALSE,FALSE
7297872,"gate_40",18,TRUE,FALSE
7297932,"gate_40",31,TRUE,FALSE
7298030,"gate_40",31,TRUE,FALSE
7298085,"gate_30",294,TRUE,TRUE
7298168,"gate_40",280,FALSE,TRUE
7298216,"gate_40",27,FALSE,FALSE
7298235,"gate_40",0,FALSE,FALSE
7298263,"gate_30",9,FALSE,FALSE
7298349,"gate_40",35,TRUE,TRUE
7298353,"gate_30",184,TRUE,TRUE
7298539,"gate_40",0,FALSE,FALSE
7298567,"gate_40",32,FALSE,FALSE
7298715,"gate_40",381,TRUE,TRUE
7298796,"gate_40",6,FALSE,FALSE
7298890,"gate_30",38,FALSE,FALSE
7298895,"gate_30",8,FALSE,FALSE
7299038,"gate_30",8,FALSE,FALSE
7299120,"gate_40",7,FALSE,FALSE
7299185,"gate_30",9,TRUE,FALSE
7299256,"gate_40",28,TRUE,FALSE
7299263,"gate_40",1,FALSE,FALSE
7299317,"gate_30",3,FALSE,FALSE
7299378,"gate_40",39,FALSE,FALSE
7299468,"gate_30",17,TRUE,FALSE
7299494,"gate_40",6,FALSE,FALSE
7299515,"gate_40",6,FALSE,FALSE
7299605,"gate_40",5,FALSE,FALSE
7299671,"gate_40",4,FALSE,FALSE
7299775,"gate_30",30,TRUE,FALSE
7299790,"gate_30",74,FALSE,FALSE
7300134,"gate_40",93,TRUE,TRUE
7300154,"gate_30",1,FALSE,FALSE
7300287,"gate_30",7,FALSE,FALSE
7300364,"gate_30",37,FALSE,FALSE
7300709,"gate_40",98,TRUE,FALSE
7300865,"gate_30",1,FALSE,FALSE
7300874,"gate_40",0,FALSE,FALSE
7300923,"gate_30",12,FALSE,TRUE
7301046,"gate_30",2,FALSE,FALSE
7301343,"gate_40",2,TRUE,FALSE
7301424,"gate_40",3,FALSE,FALSE
7301429,"gate_30",6,FALSE,FALSE
7301448,"gate_40",25,FALSE,FALSE
7301481,"gate_40",26,TRUE,FALSE
7302096,"gate_30",25,TRUE,FALSE
7302174,"gate_30",6,TRUE,FALSE
7302349,"gate_30",4,FALSE,TRUE
7302426,"gate_30",5,FALSE,FALSE
7302457,"gate_30",4,FALSE,FALSE
7302836,"gate_30",127,TRUE,TRUE
7302912,"gate_30",21,FALSE,FALSE
7303033,"gate_40",281,FALSE,FALSE
7303361,"gate_40",149,TRUE,TRUE
7303744,"gate_30",20,FALSE,FALSE
7303788,"gate_30",84,TRUE,FALSE
7303796,"gate_30",5,FALSE,FALSE
7303848,"gate_40",72,TRUE,FALSE
7303883,"gate_40",9,FALSE,FALSE
7303913,"gate_30",43,TRUE,TRUE
7303945,"gate_40",18,TRUE,FALSE
7303999,"gate_40",2,FALSE,FALSE
7304005,"gate_40",34,FALSE,FALSE
7304095,"gate_40",148,TRUE,FALSE
7304121,"gate_40",24,FALSE,FALSE
7304267,"gate_40",6,FALSE,FALSE
7304384,"gate_30",84,TRUE,FALSE
7304417,"gate_30",1,FALSE,FALSE
7304512,"gate_30",1,FALSE,FALSE
7304626,"gate_30",1,FALSE,FALSE
7304724,"gate_30",2,FALSE,FALSE
7304829,"gate_40",138,TRUE,TRUE
7304926,"gate_40",31,FALSE,FALSE
7304937,"gate_30",150,TRUE,FALSE
7304992,"gate_40",5,FALSE,FALSE
7305158,"gate_30",35,FALSE,FALSE
7305206,"gate_40",92,TRUE,TRUE
7305218,"gate_40",4,FALSE,FALSE
7305352,"gate_30",74,TRUE,FALSE
7305387,"gate_40",12,FALSE,FALSE
7305410,"gate_40",69,TRUE,TRUE
7305521,"gate_40",1,FALSE,FALSE
7305571,"gate_30",128,TRUE,TRUE
7305595,"gate_30",82,TRUE,FALSE
7305662,"gate_30",15,TRUE,FALSE
7305739,"gate_30",172,FALSE,TRUE
7305755,"gate_40",4,FALSE,FALSE
7306122,"gate_40",0,FALSE,FALSE
7306214,"gate_30",4,FALSE,FALSE
7306218,"gate_30",6,FALSE,FALSE
7306591,"gate_40",31,TRUE,FALSE
7306621,"gate_40",10,FALSE,FALSE
7306787,"gate_30",40,TRUE,FALSE
7306819,"gate_30",0,TRUE,FALSE
7306873,"gate_40",0,FALSE,FALSE
7307240,"gate_30",2,TRUE,FALSE
7307416,"gate_30",17,FALSE,FALSE
7307448,"gate_40",11,TRUE,TRUE
7307799,"gate_40",73,TRUE,TRUE
7307913,"gate_30",135,TRUE,FALSE
7308125,"gate_40",0,FALSE,FALSE
7308284,"gate_30",0,FALSE,FALSE
7308409,"gate_40",0,FALSE,FALSE
7308411,"gate_30",15,FALSE,FALSE
7308436,"gate_30",2,FALSE,FALSE
7308510,"gate_30",56,TRUE,FALSE
7308518,"gate_40",26,TRUE,FALSE
7308533,"gate_30",1,FALSE,FALSE
7308657,"gate_30",64,TRUE,FALSE
7308784,"gate_30",861,TRUE,TRUE
7308829,"gate_40",195,TRUE,TRUE
7308841,"gate_30",31,TRUE,FALSE
7308893,"gate_30",62,TRUE,TRUE
7309027,"gate_40",4,FALSE,FALSE
7309066,"gate_30",21,FALSE,FALSE
7309343,"gate_30",3,FALSE,FALSE
7309486,"gate_40",1,FALSE,FALSE
7309536,"gate_40",61,TRUE,TRUE
7309566,"gate_40",14,FALSE,FALSE
7309641,"gate_30",43,TRUE,FALSE
7309864,"gate_30",3,FALSE,FALSE
7309922,"gate_30",62,FALSE,FALSE
7310020,"gate_40",22,TRUE,FALSE
7310054,"gate_40",29,TRUE,FALSE
7310110,"gate_30",13,TRUE,FALSE
7310800,"gate_40",8,FALSE,FALSE
7310809,"gate_40",3,FALSE,FALSE
7310928,"gate_40",3,FALSE,FALSE
7310960,"gate_30",28,TRUE,FALSE
7311012,"gate_30",1,FALSE,FALSE
7311275,"gate_30",225,TRUE,TRUE
7311554,"gate_40",94,FALSE,FALSE
7311557,"gate_40",141,TRUE,TRUE
7311560,"gate_30",28,TRUE,FALSE
7311901,"gate_30",0,FALSE,FALSE
7311988,"gate_30",1,FALSE,FALSE
7312146,"gate_40",12,TRUE,FALSE
7312310,"gate_30",5,FALSE,FALSE
7312316,"gate_30",3,FALSE,FALSE
7312361,"gate_40",18,TRUE,FALSE
7312395,"gate_30",2,FALSE,FALSE
7312557,"gate_40",9,TRUE,FALSE
7312675,"gate_30",2,FALSE,FALSE
7312707,"gate_40",23,FALSE,FALSE
7312929,"gate_40",32,TRUE,FALSE
7313180,"gate_30",6,FALSE,FALSE
7313341,"gate_40",495,TRUE,TRUE
7313651,"gate_30",2,FALSE,FALSE
7313899,"gate_40",13,FALSE,FALSE
7313954,"gate_30",39,TRUE,FALSE
7314132,"gate_30",13,FALSE,FALSE
7314156,"gate_30",258,TRUE,TRUE
7314162,"gate_40",9,FALSE,FALSE
7314239,"gate_30",22,TRUE,TRUE
7314244,"gate_30",16,TRUE,FALSE
7314321,"gate_40",56,TRUE,TRUE
7314390,"gate_30",17,TRUE,FALSE
7314568,"gate_30",376,TRUE,TRUE
7314680,"gate_40",156,TRUE,FALSE
7314733,"gate_30",32,FALSE,FALSE
7314770,"gate_40",77,TRUE,FALSE
7314833,"gate_30",87,FALSE,FALSE
7315127,"gate_40",32,FALSE,FALSE
7315134,"gate_40",104,TRUE,FALSE
7315143,"gate_30",20,TRUE,FALSE
7315189,"gate_40",3,FALSE,FALSE
7315331,"gate_40",14,FALSE,FALSE
7315455,"gate_40",77,TRUE,TRUE
7315565,"gate_40",8,FALSE,FALSE
7315933,"gate_40",7,FALSE,FALSE
7316084,"gate_30",64,TRUE,FALSE
7316113,"gate_40",42,TRUE,FALSE
7316417,"gate_30",7,TRUE,FALSE
7316444,"gate_40",9,FALSE,FALSE
7316486,"gate_40",1,FALSE,FALSE
7316727,"gate_30",82,TRUE,TRUE
7316759,"gate_40",113,TRUE,TRUE
7317043,"gate_30",21,FALSE,FALSE
7317241,"gate_30",62,TRUE,FALSE
7317274,"gate_40",59,TRUE,FALSE
7317438,"gate_40",17,TRUE,FALSE
7317768,"gate_40",39,TRUE,TRUE
7317786,"gate_30",44,TRUE,TRUE
7317820,"gate_30",35,TRUE,FALSE
7317839,"gate_30",37,TRUE,FALSE
7317875,"gate_40",19,FALSE,FALSE
7317879,"gate_30",16,TRUE,FALSE
7318015,"gate_40",27,FALSE,FALSE
7318035,"gate_40",14,FALSE,FALSE
7318066,"gate_30",86,TRUE,TRUE
7318221,"gate_40",2,FALSE,FALSE
7318227,"gate_30",44,FALSE,TRUE
7318447,"gate_40",35,TRUE,FALSE
7318637,"gate_30",4,FALSE,FALSE
7318696,"gate_40",5,FALSE,FALSE
7318746,"gate_30",5,FALSE,FALSE
7318911,"gate_30",31,FALSE,FALSE
7319142,"gate_40",42,TRUE,FALSE
7319151,"gate_30",1155,TRUE,TRUE
7319718,"gate_40",74,TRUE,FALSE
7319795,"gate_40",13,FALSE,FALSE
7319825,"gate_30",11,TRUE,FALSE
7319923,"gate_30",1,FALSE,FALSE
7320071,"gate_40",62,TRUE,TRUE
7320216,"gate_40",1,FALSE,FALSE
7320329,"gate_40",0,FALSE,FALSE
7320346,"gate_30",175,TRUE,TRUE
7320404,"gate_40",10,FALSE,FALSE
7320412,"gate_40",19,FALSE,FALSE
7320437,"gate_30",55,TRUE,FALSE
7320457,"gate_40",346,TRUE,TRUE
7320576,"gate_30",24,TRUE,FALSE
7320667,"gate_40",217,TRUE,TRUE
7320676,"gate_30",0,FALSE,FALSE
7320726,"gate_40",10,FALSE,FALSE
7320787,"gate_40",43,TRUE,FALSE
7320929,"gate_40",88,FALSE,TRUE
7320967,"gate_30",2,FALSE,FALSE
7320982,"gate_40",205,TRUE,FALSE
7321007,"gate_30",2,FALSE,FALSE
7321080,"gate_30",39,TRUE,FALSE
7321111,"gate_30",8,FALSE,FALSE
7321308,"gate_30",31,TRUE,FALSE
7321550,"gate_40",4,FALSE,FALSE
7321554,"gate_30",3,FALSE,FALSE
7321652,"gate_40",8,FALSE,FALSE
7321709,"gate_40",15,TRUE,FALSE
7321758,"gate_30",119,FALSE,TRUE
7321903,"gate_30",12,FALSE,FALSE
7321921,"gate_40",6,FALSE,FALSE
7321941,"gate_30",31,TRUE,FALSE
7322071,"gate_40",4,FALSE,FALSE
7322246,"gate_30",31,TRUE,FALSE
7322422,"gate_30",1,FALSE,FALSE
7322512,"gate_30",30,TRUE,FALSE
7322531,"gate_30",18,TRUE,TRUE
7322646,"gate_40",55,TRUE,FALSE
7322690,"gate_40",5,FALSE,FALSE
7322720,"gate_40",4,FALSE,FALSE
7322833,"gate_40",108,TRUE,TRUE
7322834,"gate_30",12,FALSE,FALSE
7322887,"gate_30",1,FALSE,FALSE
7322939,"gate_30",82,TRUE,TRUE
7323043,"gate_30",7,FALSE,FALSE
7323162,"gate_40",3,FALSE,FALSE
7323231,"gate_40",21,FALSE,FALSE
7323336,"gate_40",280,TRUE,TRUE
7323540,"gate_40",174,TRUE,FALSE
7323762,"gate_40",8,FALSE,FALSE
7323924,"gate_30",12,FALSE,FALSE
7324340,"gate_40",142,TRUE,FALSE
7324428,"gate_40",44,FALSE,FALSE
7324437,"gate_30",4,FALSE,FALSE
7324672,"gate_40",42,TRUE,FALSE
7324675,"gate_40",195,TRUE,TRUE
7324684,"gate_40",8,FALSE,FALSE
7324740,"gate_40",14,TRUE,FALSE
7324775,"gate_40",45,TRUE,TRUE
7325052,"gate_30",162,TRUE,TRUE
7325070,"gate_40",22,FALSE,FALSE
7325102,"gate_40",1230,TRUE,TRUE
7325128,"gate_40",5,FALSE,FALSE
7325245,"gate_30",13,TRUE,FALSE
7325304,"gate_30",15,FALSE,FALSE
7325383,"gate_40",10,FALSE,FALSE
7325511,"gate_40",256,TRUE,FALSE
7325714,"gate_40",0,FALSE,FALSE
7325741,"gate_40",3,FALSE,FALSE
7325846,"gate_40",20,TRUE,FALSE
7326092,"gate_30",16,FALSE,FALSE
7326093,"gate_30",117,TRUE,TRUE
7326114,"gate_40",55,TRUE,FALSE
7326133,"gate_40",0,FALSE,FALSE
7326256,"gate_40",49,TRUE,FALSE
7326310,"gate_30",99,TRUE,FALSE
7326325,"gate_40",1,FALSE,FALSE
7326649,"gate_40",9,FALSE,FALSE
7326662,"gate_40",228,TRUE,TRUE
7326796,"gate_40",273,TRUE,TRUE
7327023,"gate_30",0,FALSE,FALSE
7327110,"gate_40",12,FALSE,FALSE
7327130,"gate_40",69,TRUE,TRUE
7327140,"gate_30",20,TRUE,FALSE
7327275,"gate_30",193,TRUE,TRUE
7327570,"gate_40",13,FALSE,FALSE
7327591,"gate_40",56,TRUE,FALSE
7327641,"gate_40",31,TRUE,FALSE
7327895,"gate_40",1,FALSE,FALSE
7327984,"gate_30",49,TRUE,FALSE
7328004,"gate_30",94,TRUE,TRUE
7328030,"gate_40",3,FALSE,FALSE
7328147,"gate_40",0,FALSE,FALSE
7328154,"gate_40",390,TRUE,TRUE
7328210,"gate_40",23,TRUE,FALSE
7328232,"gate_40",3,FALSE,FALSE
7328242,"gate_30",67,FALSE,FALSE
7328321,"gate_30",5,FALSE,FALSE
7328478,"gate_30",8,TRUE,FALSE
7328577,"gate_40",16,TRUE,FALSE
7328977,"gate_30",75,TRUE,FALSE
7329029,"gate_30",2,FALSE,FALSE
7329496,"gate_40",1,FALSE,FALSE
7329537,"gate_40",25,FALSE,FALSE
7329616,"gate_40",1,FALSE,FALSE
7329717,"gate_30",231,TRUE,FALSE
7329753,"gate_30",3,FALSE,FALSE
7329818,"gate_40",154,FALSE,TRUE
7330082,"gate_40",53,TRUE,FALSE
7330263,"gate_40",4,FALSE,FALSE
7330310,"gate_30",304,TRUE,TRUE
7330533,"gate_30",7,TRUE,FALSE
7330560,"gate_30",39,TRUE,FALSE
7330598,"gate_30",103,TRUE,FALSE
7330613,"gate_40",1,TRUE,FALSE
7330651,"gate_30",28,TRUE,TRUE
7330768,"gate_30",1,FALSE,FALSE
7330863,"gate_30",1,FALSE,FALSE
7330931,"gate_40",65,FALSE,TRUE
7331157,"gate_30",9,TRUE,FALSE
7331165,"gate_30",32,TRUE,FALSE
7331422,"gate_30",124,TRUE,TRUE
7331634,"gate_40",48,TRUE,FALSE
7331772,"gate_30",19,TRUE,TRUE
7331813,"gate_40",13,FALSE,FALSE
7331824,"gate_40",14,FALSE,FALSE
7331949,"gate_30",1,FALSE,FALSE
7331956,"gate_30",1,FALSE,FALSE
7331979,"gate_30",23,TRUE,FALSE
7331990,"gate_30",8,FALSE,FALSE
7332020,"gate_30",9,FALSE,FALSE
7332094,"gate_40",8,FALSE,FALSE
7332165,"gate_30",4,FALSE,FALSE
7332224,"gate_30",1,FALSE,FALSE
7332342,"gate_40",4,FALSE,FALSE
7332427,"gate_40",119,FALSE,FALSE
7332565,"gate_30",6,FALSE,FALSE
7332569,"gate_30",1,FALSE,FALSE
7332659,"gate_40",0,FALSE,FALSE
7332716,"gate_40",18,FALSE,FALSE
7333168,"gate_40",102,TRUE,FALSE
7333192,"gate_40",2,FALSE,FALSE
7333247,"gate_30",1,FALSE,FALSE
7333428,"gate_30",1,FALSE,FALSE
7333543,"gate_40",509,TRUE,TRUE
7333551,"gate_40",51,TRUE,TRUE
7333687,"gate_40",18,FALSE,FALSE
7333987,"gate_30",4,FALSE,FALSE
7334127,"gate_40",1,FALSE,FALSE
7334158,"gate_40",20,TRUE,FALSE
7334297,"gate_30",19,FALSE,FALSE
7334370,"gate_30",17,TRUE,FALSE
7334465,"gate_30",4,FALSE,FALSE
7334466,"gate_40",21,TRUE,FALSE
7334537,"gate_30",2,FALSE,FALSE
7334570,"gate_30",26,TRUE,TRUE
7334610,"gate_30",5,FALSE,FALSE
7334627,"gate_30",6,FALSE,FALSE
7334860,"gate_30",52,FALSE,TRUE
7334917,"gate_40",25,TRUE,FALSE
7335003,"gate_40",14,TRUE,FALSE
7335120,"gate_30",4,FALSE,FALSE
7335342,"gate_30",255,TRUE,TRUE
7335383,"gate_40",1,FALSE,FALSE
7335475,"gate_40",35,TRUE,FALSE
7335640,"gate_30",0,FALSE,FALSE
7335918,"gate_40",3,FALSE,FALSE
7335963,"gate_30",6,TRUE,FALSE
7336301,"gate_40",1,TRUE,FALSE
7336314,"gate_40",6,TRUE,TRUE
7336457,"gate_40",7,FALSE,FALSE
7336552,"gate_40",69,TRUE,TRUE
7337254,"gate_40",6,FALSE,FALSE
7337289,"gate_40",332,TRUE,FALSE
7337425,"gate_40",9,TRUE,FALSE
7337508,"gate_40",11,FALSE,FALSE
7337548,"gate_30",18,FALSE,FALSE
7337746,"gate_40",19,FALSE,FALSE
7337827,"gate_40",24,TRUE,FALSE
7337832,"gate_30",16,TRUE,FALSE
7338062,"gate_40",49,TRUE,FALSE
7338187,"gate_30",188,TRUE,FALSE
7338612,"gate_40",7,FALSE,FALSE
7338656,"gate_30",5,FALSE,FALSE
7338841,"gate_40",50,TRUE,FALSE
7338873,"gate_40",19,FALSE,TRUE
7338877,"gate_30",64,TRUE,FALSE
7338893,"gate_30",13,TRUE,FALSE
7338959,"gate_30",71,FALSE,TRUE
7339044,"gate_40",2,FALSE,FALSE
7339214,"gate_40",289,TRUE,TRUE
7339387,"gate_30",13,FALSE,FALSE
7339482,"gate_40",12,TRUE,FALSE
7339753,"gate_30",99,FALSE,TRUE
7339813,"gate_40",4,FALSE,FALSE
7340127,"gate_30",3,FALSE,FALSE
7340160,"gate_30",80,TRUE,FALSE
7340178,"gate_40",0,FALSE,FALSE
7340223,"gate_30",91,TRUE,FALSE
7340393,"gate_30",178,TRUE,TRUE
7340434,"gate_40",3,FALSE,FALSE
7340471,"gate_30",19,FALSE,FALSE
7340496,"gate_40",9,FALSE,FALSE
7340752,"gate_30",4,FALSE,FALSE
7340819,"gate_30",5,FALSE,FALSE
7340893,"gate_30",7,FALSE,FALSE
7340905,"gate_40",17,FALSE,FALSE
7341062,"gate_30",40,TRUE,FALSE
7341091,"gate_30",156,FALSE,FALSE
7341157,"gate_40",180,TRUE,FALSE
7341198,"gate_40",8,FALSE,FALSE
7341231,"gate_30",17,TRUE,FALSE
7341240,"gate_40",164,TRUE,TRUE
7341456,"gate_30",0,FALSE,FALSE
7341596,"gate_40",39,FALSE,FALSE
7341638,"gate_40",99,TRUE,FALSE
7341723,"gate_30",16,FALSE,FALSE
7341727,"gate_40",130,TRUE,TRUE
7341808,"gate_30",1,FALSE,FALSE
7341895,"gate_30",30,TRUE,FALSE
7341898,"gate_30",11,FALSE,FALSE
7341919,"gate_40",5,TRUE,FALSE
7341949,"gate_40",14,TRUE,FALSE
7342055,"gate_30",39,TRUE,TRUE
7342165,"gate_40",5,FALSE,FALSE
7342199,"gate_30",28,FALSE,FALSE
7342201,"gate_30",4,FALSE,FALSE
7342223,"gate_30",17,FALSE,FALSE
7342334,"gate_30",335,TRUE,TRUE
7342460,"gate_40",63,TRUE,FALSE
7342502,"gate_40",1,FALSE,FALSE
7342543,"gate_30",47,TRUE,FALSE
7342590,"gate_30",4,FALSE,FALSE
7342769,"gate_30",75,TRUE,FALSE
7343065,"gate_30",24,TRUE,FALSE
7343077,"gate_40",1,FALSE,FALSE
7343415,"gate_40",65,TRUE,FALSE
7343420,"gate_30",341,TRUE,TRUE
7343453,"gate_30",306,TRUE,FALSE
7343511,"gate_30",1,FALSE,FALSE
7343631,"gate_30",4,FALSE,FALSE
7343790,"gate_30",6,TRUE,FALSE
7343978,"gate_40",24,FALSE,FALSE
7344519,"gate_40",38,TRUE,FALSE
7344557,"gate_40",6,FALSE,FALSE
7344709,"gate_30",27,TRUE,TRUE
7345014,"gate_30",13,TRUE,FALSE
7345134,"gate_30",22,TRUE,FALSE
7345150,"gate_30",2,FALSE,FALSE
7345245,"gate_40",12,FALSE,FALSE
7345290,"gate_40",11,TRUE,FALSE
7345312,"gate_40",45,FALSE,FALSE
7345325,"gate_40",12,TRUE,FALSE
7345443,"gate_40",23,TRUE,FALSE
7345523,"gate_30",30,TRUE,FALSE
7345540,"gate_40",33,TRUE,TRUE
7345699,"gate_30",13,FALSE,FALSE
7345797,"gate_30",6,FALSE,FALSE
7345824,"gate_30",201,TRUE,TRUE
7345923,"gate_30",19,FALSE,FALSE
7346029,"gate_30",82,FALSE,TRUE
7346078,"gate_30",10,FALSE,FALSE
7346106,"gate_40",3,TRUE,FALSE
7346152,"gate_30",20,FALSE,FALSE
7346391,"gate_40",6,FALSE,FALSE
7346669,"gate_40",198,TRUE,TRUE
7347094,"gate_40",9,FALSE,FALSE
7347108,"gate_40",6,FALSE,FALSE
7347273,"gate_40",1,FALSE,FALSE
7347410,"gate_30",36,TRUE,FALSE
7347414,"gate_40",81,TRUE,FALSE
7347419,"gate_30",32,FALSE,FALSE
7347441,"gate_30",15,FALSE,TRUE
7347645,"gate_40",24,FALSE,FALSE
7347668,"gate_30",16,TRUE,FALSE
7347746,"gate_30",9,FALSE,FALSE
7347988,"gate_30",16,TRUE,FALSE
7348033,"gate_40",4,TRUE,FALSE
7348196,"gate_30",23,TRUE,FALSE
7348505,"gate_40",0,FALSE,FALSE
7348538,"gate_30",12,TRUE,TRUE
7348705,"gate_30",6,FALSE,FALSE
7348723,"gate_30",25,TRUE,TRUE
7348839,"gate_30",47,TRUE,FALSE
7348928,"gate_40",1,FALSE,FALSE
7348968,"gate_40",18,TRUE,FALSE
7349501,"gate_40",3,FALSE,FALSE
7349724,"gate_40",15,FALSE,FALSE
7349742,"gate_40",69,TRUE,TRUE
7349748,"gate_40",159,TRUE,TRUE
7349749,"gate_40",4,TRUE,FALSE
7349779,"gate_30",42,TRUE,FALSE
7349998,"gate_30",48,FALSE,FALSE
7350075,"gate_40",23,FALSE,TRUE
7350111,"gate_40",3,FALSE,FALSE
7350411,"gate_40",7,FALSE,FALSE
7350684,"gate_40",109,TRUE,TRUE
7350727,"gate_40",27,TRUE,FALSE
7350864,"gate_40",39,TRUE,FALSE
7350976,"gate_40",98,TRUE,FALSE
7351051,"gate_40",3,TRUE,FALSE
7351105,"gate_30",49,TRUE,FALSE
7351152,"gate_40",2,FALSE,TRUE
7351326,"gate_40",27,TRUE,FALSE
7351477,"gate_40",26,TRUE,FALSE
7351623,"gate_40",13,FALSE,FALSE
7351692,"gate_40",9,FALSE,FALSE
7351696,"gate_40",47,TRUE,TRUE
7351893,"gate_40",266,TRUE,TRUE
7351928,"gate_30",46,FALSE,TRUE
7352034,"gate_40",1,FALSE,FALSE
7352093,"gate_40",82,TRUE,FALSE
7352146,"gate_40",23,FALSE,FALSE
7352320,"gate_40",1,FALSE,FALSE
7352611,"gate_30",4,FALSE,FALSE
7352625,"gate_30",48,TRUE,FALSE
7352638,"gate_40",66,TRUE,FALSE
7352736,"gate_40",85,TRUE,TRUE
7352749,"gate_30",66,TRUE,FALSE
7352825,"gate_40",13,FALSE,FALSE
7353048,"gate_30",144,TRUE,TRUE
7353105,"gate_30",89,TRUE,FALSE
7353127,"gate_30",16,FALSE,FALSE
7353148,"gate_30",144,TRUE,TRUE
7353187,"gate_40",1,FALSE,FALSE
7353193,"gate_40",57,TRUE,FALSE
7353340,"gate_30",4,FALSE,FALSE
7353454,"gate_30",1,FALSE,FALSE
7353548,"gate_30",3,TRUE,FALSE
7353559,"gate_40",9,FALSE,FALSE
7353617,"gate_40",9,FALSE,FALSE
7353773,"gate_40",0,FALSE,FALSE
7353780,"gate_40",3,FALSE,FALSE
7353928,"gate_40",169,TRUE,TRUE
7353995,"gate_40",12,FALSE,FALSE
7354333,"gate_40",168,TRUE,FALSE
7354425,"gate_40",142,TRUE,FALSE
7354428,"gate_30",6,FALSE,FALSE
7354467,"gate_40",42,TRUE,FALSE
7355102,"gate_40",22,TRUE,FALSE
7355189,"gate_40",29,FALSE,FALSE
7355245,"gate_30",6,FALSE,FALSE
7355488,"gate_30",161,FALSE,TRUE
7355567,"gate_40",46,TRUE,TRUE
7355611,"gate_40",432,TRUE,TRUE
7355661,"gate_40",125,TRUE,TRUE
7355756,"gate_40",28,TRUE,FALSE
7356042,"gate_40",38,TRUE,FALSE
7356102,"gate_40",46,TRUE,FALSE
7356444,"gate_40",41,TRUE,TRUE
7356535,"gate_30",12,FALSE,FALSE
7356555,"gate_30",2,FALSE,FALSE
7356567,"gate_40",52,FALSE,FALSE
7356940,"gate_40",17,FALSE,FALSE
7356983,"gate_40",3,FALSE,FALSE
7357215,"gate_40",225,TRUE,TRUE
7357233,"gate_40",48,TRUE,TRUE
7357662,"gate_30",66,TRUE,FALSE
7357800,"gate_30",1,FALSE,FALSE
7357976,"gate_40",140,TRUE,TRUE
7358004,"gate_40",52,TRUE,FALSE
7358217,"gate_40",92,FALSE,FALSE
7358298,"gate_40",3,FALSE,FALSE
7358428,"gate_30",3,FALSE,FALSE
7358462,"gate_40",9,FALSE,FALSE
7358538,"gate_40",2,FALSE,FALSE
7358570,"gate_40",16,TRUE,FALSE
7358583,"gate_40",31,FALSE,TRUE
7358615,"gate_30",62,FALSE,TRUE
7358657,"gate_40",33,FALSE,FALSE
7358703,"gate_30",246,TRUE,TRUE
7358735,"gate_40",61,TRUE,FALSE
7358749,"gate_40",112,TRUE,FALSE
7358927,"gate_30",2,FALSE,FALSE
7359150,"gate_40",12,FALSE,FALSE
7359232,"gate_30",62,TRUE,TRUE
7359408,"gate_30",1,FALSE,FALSE
7359429,"gate_40",164,TRUE,FALSE
7359467,"gate_40",4,FALSE,FALSE
7359651,"gate_30",1,FALSE,FALSE
7359990,"gate_40",20,FALSE,FALSE
7360033,"gate_40",4,FALSE,FALSE
7360180,"gate_30",0,FALSE,FALSE
7360195,"gate_40",3,FALSE,FALSE
7360299,"gate_30",1,FALSE,FALSE
7360401,"gate_40",4,FALSE,FALSE
7360617,"gate_40",2,FALSE,FALSE
7360675,"gate_40",104,TRUE,TRUE
7360694,"gate_30",71,TRUE,FALSE
7360910,"gate_30",56,TRUE,FALSE
7360943,"gate_40",98,TRUE,FALSE
7360962,"gate_30",2,FALSE,FALSE
7360984,"gate_30",16,TRUE,FALSE
7361425,"gate_30",221,TRUE,TRUE
7361439,"gate_40",1,TRUE,FALSE
7361588,"gate_30",53,TRUE,FALSE
7361614,"gate_40",14,TRUE,FALSE
7361631,"gate_40",19,FALSE,FALSE
7361744,"gate_40",13,FALSE,FALSE
7362160,"gate_30",2,FALSE,FALSE
7362372,"gate_40",142,TRUE,TRUE
7362625,"gate_30",10,TRUE,FALSE
7362810,"gate_30",12,TRUE,FALSE
7362864,"gate_30",42,TRUE,FALSE
7363084,"gate_40",1,FALSE,FALSE
7363105,"gate_40",1,FALSE,FALSE
7363131,"gate_30",5,FALSE,FALSE
7363202,"gate_30",3,FALSE,FALSE
7363354,"gate_40",8,FALSE,FALSE
7363418,"gate_30",4,FALSE,FALSE
7363550,"gate_30",18,FALSE,FALSE
7363899,"gate_40",42,TRUE,FALSE
7364027,"gate_40",7,FALSE,FALSE
7364379,"gate_40",331,TRUE,TRUE
7364412,"gate_30",32,FALSE,FALSE
7364546,"gate_30",6,TRUE,FALSE
7364631,"gate_30",9,FALSE,FALSE
7364639,"gate_30",36,FALSE,FALSE
7364700,"gate_40",5,FALSE,FALSE
7364775,"gate_30",18,TRUE,FALSE
7365114,"gate_30",19,TRUE,FALSE
7365189,"gate_30",59,TRUE,TRUE
7365235,"gate_40",9,FALSE,FALSE
7365348,"gate_30",28,FALSE,FALSE
7365465,"gate_30",11,FALSE,FALSE
7365486,"gate_40",1,FALSE,FALSE
7365760,"gate_30",25,TRUE,TRUE
7365895,"gate_40",8,FALSE,FALSE
7365903,"gate_40",25,FALSE,TRUE
7366081,"gate_30",20,FALSE,FALSE
7366216,"gate_40",10,FALSE,FALSE
7366425,"gate_30",8,TRUE,FALSE
7366602,"gate_30",1,FALSE,FALSE
7366785,"gate_40",73,TRUE,TRUE
7366838,"gate_30",126,FALSE,TRUE
7366866,"gate_30",16,TRUE,FALSE
7367036,"gate_30",121,TRUE,TRUE
7367129,"gate_30",53,FALSE,FALSE
7367165,"gate_40",333,TRUE,FALSE
7367542,"gate_40",0,FALSE,FALSE
7367543,"gate_30",19,FALSE,FALSE
7367748,"gate_30",22,TRUE,FALSE
7367771,"gate_30",30,FALSE,TRUE
7367785,"gate_30",2,FALSE,FALSE
7367796,"gate_40",35,FALSE,FALSE
7367850,"gate_40",23,FALSE,FALSE
7368284,"gate_40",24,FALSE,FALSE
7368559,"gate_40",12,TRUE,FALSE
7368639,"gate_30",9,FALSE,FALSE
7368719,"gate_30",9,TRUE,FALSE
7368984,"gate_40",4,FALSE,FALSE
7369135,"gate_30",49,FALSE,FALSE
7369172,"gate_40",33,TRUE,FALSE
7369233,"gate_30",2,FALSE,FALSE
7369380,"gate_30",28,TRUE,FALSE
7369559,"gate_30",23,FALSE,FALSE
7369670,"gate_40",15,FALSE,FALSE
7369741,"gate_40",67,FALSE,TRUE
7369851,"gate_40",159,TRUE,FALSE
7370121,"gate_30",61,TRUE,TRUE
7370335,"gate_40",3,FALSE,FALSE
7370608,"gate_40",31,TRUE,FALSE
7370891,"gate_30",48,TRUE,FALSE
7371094,"gate_30",198,TRUE,TRUE
7371254,"gate_40",22,TRUE,TRUE
7371358,"gate_30",41,TRUE,FALSE
7371414,"gate_40",29,FALSE,FALSE
7371461,"gate_40",70,TRUE,FALSE
7371635,"gate_30",713,TRUE,TRUE
7371900,"gate_30",16,FALSE,FALSE
7372021,"gate_30",19,TRUE,FALSE
7372025,"gate_40",17,FALSE,FALSE
7372111,"gate_30",25,TRUE,TRUE
7372122,"gate_40",8,FALSE,FALSE
7372198,"gate_40",21,TRUE,FALSE
7372213,"gate_30",502,TRUE,TRUE
7372220,"gate_30",2,FALSE,FALSE
7372276,"gate_30",12,FALSE,FALSE
7372510,"gate_30",34,FALSE,TRUE
7372534,"gate_30",4,FALSE,FALSE
7372585,"gate_40",2,FALSE,FALSE
7372679,"gate_30",54,FALSE,FALSE
7372780,"gate_30",37,TRUE,FALSE
7372886,"gate_40",7,FALSE,FALSE
7373068,"gate_30",8,FALSE,FALSE
7373290,"gate_40",1,FALSE,FALSE
7373383,"gate_30",42,FALSE,TRUE
7373911,"gate_30",9,FALSE,FALSE
7374004,"gate_30",98,FALSE,TRUE
7374378,"gate_30",96,TRUE,TRUE
7374696,"gate_40",173,TRUE,TRUE
7374760,"gate_30",45,TRUE,FALSE
7374806,"gate_40",3,FALSE,FALSE
7374834,"gate_40",8,FALSE,FALSE
7374933,"gate_40",19,FALSE,FALSE
7374936,"gate_30",14,FALSE,FALSE
7375255,"gate_40",2,FALSE,FALSE
7375277,"gate_40",128,FALSE,FALSE
7375664,"gate_40",11,FALSE,FALSE
7375689,"gate_30",41,TRUE,TRUE
7375817,"gate_40",45,TRUE,FALSE
7375889,"gate_30",10,TRUE,FALSE
7376058,"gate_30",2,FALSE,FALSE
7376066,"gate_40",12,FALSE,FALSE
7376073,"gate_30",13,FALSE,TRUE
7376123,"gate_30",106,TRUE,TRUE
7376478,"gate_30",3,FALSE,FALSE
7376628,"gate_40",2,FALSE,FALSE
7376773,"gate_40",2,FALSE,FALSE
7376959,"gate_40",71,TRUE,FALSE
7377193,"gate_30",136,TRUE,TRUE
7377315,"gate_30",13,TRUE,FALSE
7377430,"gate_30",62,TRUE,TRUE
7377456,"gate_30",13,FALSE,FALSE
7377480,"gate_40",53,TRUE,FALSE
7377497,"gate_40",2,TRUE,FALSE
7377752,"gate_40",74,TRUE,TRUE
7377846,"gate_40",43,TRUE,FALSE
7378052,"gate_30",34,TRUE,FALSE
7378098,"gate_40",89,TRUE,TRUE
7378137,"gate_30",8,FALSE,FALSE
7378433,"gate_30",12,FALSE,FALSE
7378527,"gate_30",15,FALSE,FALSE
7378806,"gate_30",0,FALSE,FALSE
7378916,"gate_30",34,TRUE,FALSE
7378932,"gate_30",48,TRUE,FALSE
7378964,"gate_30",7,FALSE,FALSE
7378988,"gate_40",13,TRUE,FALSE
7379235,"gate_40",8,TRUE,FALSE
7379299,"gate_30",9,FALSE,FALSE
7379301,"gate_40",0,TRUE,FALSE
7379327,"gate_40",14,FALSE,FALSE
7379408,"gate_30",5,FALSE,FALSE
7379620,"gate_30",3,TRUE,FALSE
7379799,"gate_40",5,FALSE,FALSE
7379854,"gate_40",1,FALSE,FALSE
7379858,"gate_30",130,TRUE,FALSE
7379864,"gate_40",586,TRUE,TRUE
7379874,"gate_40",36,TRUE,TRUE
7379922,"gate_30",141,FALSE,TRUE
7379966,"gate_40",81,TRUE,FALSE
7380031,"gate_30",72,FALSE,TRUE
7380261,"gate_40",24,FALSE,FALSE
7380385,"gate_40",2,FALSE,FALSE
7380449,"gate_30",980,TRUE,TRUE
7380525,"gate_30",26,TRUE,FALSE
7380579,"gate_30",1,FALSE,FALSE
7380931,"gate_30",17,FALSE,FALSE
7381182,"gate_30",8,FALSE,FALSE
7381239,"gate_40",104,TRUE,FALSE
7381669,"gate_40",16,FALSE,FALSE
7381719,"gate_40",1024,TRUE,TRUE
7381877,"gate_40",6,FALSE,FALSE
7381889,"gate_40",14,FALSE,FALSE
7381890,"gate_30",42,TRUE,FALSE
7382022,"gate_40",3,FALSE,FALSE
7382177,"gate_30",7,FALSE,FALSE
7382238,"gate_30",60,FALSE,FALSE
7382389,"gate_40",13,FALSE,FALSE
7382845,"gate_40",1,FALSE,FALSE
7382874,"gate_40",49,FALSE,TRUE
7383040,"gate_40",7,FALSE,FALSE
7383218,"gate_40",8,FALSE,FALSE
7383219,"gate_30",430,TRUE,TRUE
7383407,"gate_30",10,FALSE,FALSE
7383673,"gate_30",99,FALSE,FALSE
7383873,"gate_30",9,FALSE,FALSE
7383923,"gate_30",3,FALSE,FALSE
7383938,"gate_40",5,FALSE,FALSE
7383939,"gate_30",3,FALSE,FALSE
7383957,"gate_30",10,FALSE,FALSE
7383988,"gate_40",60,TRUE,FALSE
7384156,"gate_40",75,FALSE,TRUE
7384376,"gate_40",4,FALSE,FALSE
7384435,"gate_30",34,TRUE,FALSE
7384557,"gate_30",20,FALSE,FALSE
7384687,"gate_30",293,TRUE,TRUE
7384789,"gate_30",51,FALSE,FALSE
7385110,"gate_30",37,TRUE,TRUE
7385123,"gate_30",41,FALSE,FALSE
7385174,"gate_30",3,FALSE,FALSE
7385342,"gate_30",0,FALSE,FALSE
7385353,"gate_30",286,TRUE,FALSE
7385765,"gate_30",80,FALSE,TRUE
7385776,"gate_30",11,FALSE,FALSE
7385883,"gate_30",2,FALSE,FALSE
7385992,"gate_30",49,FALSE,TRUE
7386162,"gate_40",5,FALSE,FALSE
7386163,"gate_40",6,FALSE,FALSE
7386167,"gate_30",23,FALSE,FALSE
7386319,"gate_30",41,TRUE,TRUE
7386355,"gate_40",3,FALSE,FALSE
7386360,"gate_30",1,FALSE,FALSE
7386470,"gate_40",25,TRUE,TRUE
7386581,"gate_40",26,TRUE,FALSE
7386587,"gate_40",60,TRUE,FALSE
7386873,"gate_40",14,TRUE,TRUE
7386876,"gate_30",10,FALSE,FALSE
7386890,"gate_40",34,FALSE,FALSE
7387050,"gate_30",10,TRUE,FALSE
7387079,"gate_40",3,FALSE,FALSE
7387108,"gate_40",33,TRUE,FALSE
7387159,"gate_40",4,FALSE,FALSE
7387185,"gate_40",221,TRUE,FALSE
7387187,"gate_40",19,FALSE,FALSE
7387262,"gate_30",188,TRUE,TRUE
7387295,"gate_30",0,FALSE,FALSE
7387311,"gate_40",4,FALSE,FALSE
7387399,"gate_40",23,TRUE,FALSE
7387443,"gate_30",18,FALSE,FALSE
7387508,"gate_30",109,TRUE,FALSE
7387533,"gate_30",4,FALSE,FALSE
7387534,"gate_40",15,FALSE,FALSE
7387540,"gate_30",3,FALSE,FALSE
7387588,"gate_30",43,TRUE,FALSE
7387759,"gate_30",8,TRUE,FALSE
7387827,"gate_30",101,TRUE,TRUE
7387989,"gate_30",2,FALSE,FALSE
7388047,"gate_40",11,TRUE,FALSE
7388332,"gate_40",144,TRUE,TRUE
7388479,"gate_30",317,TRUE,TRUE
7388769,"gate_40",2,FALSE,FALSE
7388840,"gate_40",108,TRUE,FALSE
7388858,"gate_40",1,FALSE,FALSE
7388864,"gate_40",4,FALSE,FALSE
7389018,"gate_40",16,TRUE,FALSE
7389139,"gate_30",37,FALSE,FALSE
7389218,"gate_40",13,TRUE,FALSE
7389244,"gate_30",10,TRUE,FALSE
7389516,"gate_40",164,TRUE,TRUE
7389777,"gate_40",12,FALSE,FALSE
7389801,"gate_30",1,FALSE,FALSE
7389946,"gate_40",2,FALSE,FALSE
7390189,"gate_30",39,FALSE,FALSE
7390268,"gate_40",2,FALSE,FALSE
7390366,"gate_30",49,TRUE,FALSE
7390667,"gate_30",112,TRUE,TRUE
7390760,"gate_40",9,FALSE,FALSE
7390763,"gate_30",69,FALSE,FALSE
7390906,"gate_30",31,TRUE,FALSE
7390945,"gate_40",2,FALSE,FALSE
7391265,"gate_40",23,TRUE,FALSE
7391525,"gate_30",9,TRUE,FALSE
7391552,"gate_30",404,TRUE,TRUE
7391614,"gate_30",3,FALSE,FALSE
7391637,"gate_40",13,TRUE,FALSE
7391769,"gate_40",3,FALSE,FALSE
7391812,"gate_40",11,FALSE,FALSE
7391845,"gate_30",10,FALSE,FALSE
7392104,"gate_30",61,TRUE,FALSE
7392358,"gate_30",0,FALSE,TRUE
7392733,"gate_40",19,TRUE,FALSE
7392886,"gate_30",24,TRUE,TRUE
7392963,"gate_40",0,FALSE,FALSE
7392978,"gate_40",52,TRUE,FALSE
7393151,"gate_40",8,TRUE,FALSE
7393212,"gate_40",24,FALSE,FALSE
7393468,"gate_40",4,FALSE,FALSE
7393751,"gate_30",19,TRUE,FALSE
7393808,"gate_40",4,FALSE,FALSE
7393958,"gate_30",34,TRUE,TRUE
7393963,"gate_30",26,TRUE,FALSE
7394076,"gate_40",41,TRUE,FALSE
7394122,"gate_40",158,TRUE,TRUE
7394169,"gate_30",11,TRUE,FALSE
7394298,"gate_40",34,TRUE,FALSE
7394305,"gate_40",45,TRUE,FALSE
7394314,"gate_40",9,FALSE,FALSE
7394438,"gate_40",664,TRUE,TRUE
7395022,"gate_40",31,FALSE,FALSE
7395083,"gate_40",332,TRUE,TRUE
7395407,"gate_40",138,TRUE,TRUE
7395696,"gate_30",27,TRUE,FALSE
7395802,"gate_30",67,TRUE,TRUE
7395833,"gate_30",8,FALSE,FALSE
7395897,"gate_30",20,FALSE,FALSE
7395991,"gate_30",0,FALSE,FALSE
7395995,"gate_30",8,FALSE,FALSE
7396202,"gate_40",8,FALSE,FALSE
7396384,"gate_40",124,TRUE,FALSE
7396433,"gate_40",12,TRUE,FALSE
7396460,"gate_40",130,TRUE,TRUE
7396722,"gate_30",43,TRUE,FALSE
7396827,"gate_40",87,TRUE,FALSE
7396971,"gate_40",28,TRUE,FALSE
7396999,"gate_40",263,TRUE,TRUE
7397001,"gate_30",99,FALSE,TRUE
7397035,"gate_30",10,TRUE,FALSE
7397061,"gate_40",2,TRUE,FALSE
7397121,"gate_30",57,TRUE,TRUE
7397136,"gate_40",43,TRUE,FALSE
7397157,"gate_40",21,TRUE,FALSE
7397193,"gate_40",170,TRUE,TRUE
7397460,"gate_40",341,TRUE,TRUE
7397599,"gate_40",12,FALSE,FALSE
7397713,"gate_30",23,FALSE,FALSE
7397753,"gate_30",61,TRUE,TRUE
7397772,"gate_30",3,FALSE,FALSE
7397886,"gate_30",15,TRUE,FALSE
7398044,"gate_30",2,FALSE,FALSE
7398054,"gate_30",2,FALSE,FALSE
7398256,"gate_30",34,TRUE,FALSE
7398325,"gate_30",38,FALSE,FALSE
7398450,"gate_40",0,FALSE,FALSE
7398528,"gate_30",37,TRUE,FALSE
7398647,"gate_30",10,FALSE,FALSE
7398851,"gate_40",12,FALSE,FALSE
7398971,"gate_30",81,TRUE,TRUE
7399393,"gate_40",104,TRUE,TRUE
7399462,"gate_40",130,TRUE,FALSE
7399513,"gate_40",8,TRUE,FALSE
7399547,"gate_30",43,TRUE,FALSE
7399620,"gate_30",3,FALSE,FALSE
7399645,"gate_30",10,FALSE,FALSE
7399818,"gate_40",1,FALSE,FALSE
7399891,"gate_30",9,FALSE,FALSE
7400005,"gate_40",36,FALSE,FALSE
7400008,"gate_40",74,FALSE,TRUE
7400096,"gate_30",2,FALSE,FALSE
7400134,"gate_30",13,TRUE,FALSE
7400157,"gate_40",1,FALSE,FALSE
7400220,"gate_30",62,TRUE,TRUE
7400659,"gate_30",107,FALSE,TRUE
7400668,"gate_40",56,TRUE,TRUE
7400717,"gate_40",17,TRUE,FALSE
7400742,"gate_30",97,FALSE,TRUE
7400797,"gate_30",713,TRUE,TRUE
7401025,"gate_30",208,TRUE,FALSE
7401034,"gate_30",11,FALSE,FALSE
7401096,"gate_30",7,FALSE,FALSE
7401383,"gate_40",36,TRUE,FALSE
7401404,"gate_30",53,TRUE,FALSE
7401498,"gate_40",13,FALSE,FALSE
7401549,"gate_30",65,TRUE,FALSE
7401562,"gate_40",8,FALSE,FALSE
7401688,"gate_30",62,TRUE,FALSE
7401806,"gate_30",29,TRUE,FALSE
7401813,"gate_40",127,TRUE,TRUE
7401889,"gate_40",122,TRUE,FALSE
7402101,"gate_40",16,FALSE,FALSE
7402287,"gate_30",11,FALSE,FALSE
7402291,"gate_40",9,FALSE,FALSE
7402292,"gate_40",2,FALSE,FALSE
7402405,"gate_40",106,TRUE,FALSE
7402497,"gate_30",0,FALSE,FALSE
7402538,"gate_30",53,TRUE,TRUE
7402684,"gate_40",73,TRUE,FALSE
7402714,"gate_30",132,TRUE,TRUE
7402760,"gate_40",18,TRUE,FALSE
7402833,"gate_40",3,TRUE,FALSE
7402837,"gate_30",36,TRUE,FALSE
7403076,"gate_30",7,FALSE,FALSE
7403206,"gate_30",13,FALSE,FALSE
7403207,"gate_30",22,TRUE,FALSE
7403231,"gate_30",24,FALSE,FALSE
7403251,"gate_40",0,FALSE,FALSE
7403398,"gate_30",55,TRUE,TRUE
7403448,"gate_30",5,FALSE,FALSE
7403597,"gate_30",105,TRUE,FALSE
7403616,"gate_40",6,FALSE,FALSE
7403666,"gate_30",147,TRUE,TRUE
7403667,"gate_40",148,TRUE,TRUE
7403905,"gate_40",7,TRUE,FALSE
7403986,"gate_30",330,TRUE,TRUE
7404171,"gate_40",57,TRUE,FALSE
7404215,"gate_30",17,FALSE,FALSE
7404359,"gate_30",2,FALSE,FALSE
7404552,"gate_30",1,FALSE,FALSE
7404744,"gate_30",5,FALSE,FALSE
7404795,"gate_30",31,TRUE,FALSE
7405008,"gate_30",4,FALSE,FALSE
7405011,"gate_40",55,TRUE,FALSE
7405093,"gate_40",2,FALSE,FALSE
7405163,"gate_40",4,FALSE,FALSE
7405174,"gate_40",21,FALSE,FALSE
7405208,"gate_30",99,TRUE,FALSE
7405397,"gate_40",0,FALSE,FALSE
7405665,"gate_30",54,TRUE,FALSE
7405822,"gate_30",13,TRUE,FALSE
7405852,"gate_40",5,TRUE,FALSE
7406355,"gate_30",269,TRUE,TRUE
7406415,"gate_40",6,FALSE,FALSE
7406437,"gate_30",77,TRUE,TRUE
7406521,"gate_40",4,FALSE,FALSE
7406564,"gate_30",51,TRUE,FALSE
7406971,"gate_40",14,FALSE,FALSE
7407147,"gate_40",18,FALSE,FALSE
7407169,"gate_40",81,TRUE,TRUE
7407434,"gate_40",16,TRUE,FALSE
7407690,"gate_40",207,TRUE,TRUE
7407762,"gate_30",4,FALSE,FALSE
7407789,"gate_30",2,FALSE,FALSE
7407848,"gate_30",10,FALSE,FALSE
7407862,"gate_40",2,FALSE,FALSE
7408079,"gate_30",21,TRUE,FALSE
7408181,"gate_30",40,FALSE,FALSE
7408215,"gate_30",46,FALSE,TRUE
7408307,"gate_30",0,FALSE,FALSE
7408656,"gate_40",2,FALSE,FALSE
7408684,"gate_30",1,FALSE,FALSE
7408783,"gate_40",29,TRUE,FALSE
7409020,"gate_40",11,TRUE,TRUE
7409025,"gate_40",11,FALSE,FALSE
7409083,"gate_30",14,FALSE,FALSE
7409273,"gate_40",29,FALSE,FALSE
7409502,"gate_40",132,TRUE,FALSE
7409576,"gate_40",16,FALSE,FALSE
7409747,"gate_40",17,FALSE,FALSE
7409958,"gate_40",2,FALSE,FALSE
7410039,"gate_40",102,TRUE,FALSE
7410142,"gate_40",378,TRUE,TRUE
7410173,"gate_30",98,TRUE,TRUE
7410289,"gate_40",19,FALSE,FALSE
7410563,"gate_30",35,FALSE,FALSE
7410564,"gate_30",13,FALSE,FALSE
7410899,"gate_30",101,TRUE,FALSE
7410955,"gate_30",7,FALSE,FALSE
7411020,"gate_30",16,FALSE,FALSE
7411036,"gate_30",13,FALSE,FALSE
7411063,"gate_30",35,TRUE,FALSE
7411160,"gate_30",7,TRUE,FALSE
7411331,"gate_30",26,FALSE,FALSE
7411433,"gate_40",91,TRUE,TRUE
7411478,"gate_30",537,TRUE,TRUE
7411622,"gate_30",4,FALSE,FALSE
7411701,"gate_30",9,FALSE,FALSE
7411737,"gate_40",25,TRUE,FALSE
7411777,"gate_30",6,FALSE,FALSE
7411983,"gate_30",4,FALSE,FALSE
7412321,"gate_30",39,FALSE,FALSE
7412435,"gate_30",16,FALSE,FALSE
7412881,"gate_30",33,TRUE,FALSE
7412882,"gate_30",54,TRUE,FALSE
7412925,"gate_30",1,FALSE,FALSE
7412957,"gate_40",632,TRUE,TRUE
7413249,"gate_30",127,FALSE,TRUE
7413572,"gate_40",59,TRUE,FALSE
7413594,"gate_40",2,FALSE,FALSE
7414073,"gate_30",0,FALSE,FALSE
7414359,"gate_40",171,TRUE,FALSE
7414676,"gate_30",3,FALSE,FALSE
7414820,"gate_30",25,TRUE,FALSE
7415032,"gate_40",113,FALSE,TRUE
7415148,"gate_30",13,FALSE,FALSE
7415246,"gate_30",23,TRUE,FALSE
7415310,"gate_40",48,TRUE,FALSE
7415363,"gate_30",12,FALSE,TRUE
7415473,"gate_30",17,FALSE,FALSE
7415649,"gate_40",17,FALSE,FALSE
7415800,"gate_40",10,FALSE,FALSE
7415832,"gate_30",12,TRUE,FALSE
7415917,"gate_40",89,TRUE,FALSE
7416151,"gate_40",30,TRUE,FALSE
7416161,"gate_40",11,TRUE,FALSE
7416291,"gate_30",59,TRUE,FALSE
7416317,"gate_30",9,FALSE,FALSE
7416346,"gate_30",7,FALSE,FALSE
7416421,"gate_40",22,FALSE,FALSE
7416489,"gate_30",30,TRUE,FALSE
7416523,"gate_40",20,TRUE,FALSE
7416535,"gate_30",2,FALSE,FALSE
7416821,"gate_40",48,TRUE,FALSE
7417381,"gate_40",1,FALSE,FALSE
7417520,"gate_30",34,TRUE,FALSE
7417536,"gate_30",38,FALSE,FALSE
7417871,"gate_40",1,FALSE,FALSE
7418019,"gate_30",21,FALSE,FALSE
7418113,"gate_40",126,TRUE,TRUE
7418177,"gate_30",5,FALSE,FALSE
7418182,"gate_30",23,FALSE,FALSE
7418425,"gate_40",41,TRUE,TRUE
7418508,"gate_30",2,FALSE,FALSE
7418642,"gate_40",7,FALSE,FALSE
7418685,"gate_40",2,FALSE,FALSE
7419161,"gate_30",5,FALSE,FALSE
7419542,"gate_30",1,FALSE,FALSE
7419614,"gate_40",0,FALSE,FALSE
7419793,"gate_40",1,FALSE,FALSE
7419866,"gate_40",0,FALSE,FALSE
7420008,"gate_40",114,TRUE,TRUE
7420031,"gate_30",2,FALSE,FALSE
7420111,"gate_30",6,FALSE,FALSE
7420157,"gate_40",48,TRUE,FALSE
7420168,"gate_30",37,TRUE,FALSE
7420233,"gate_30",7,FALSE,FALSE
7420261,"gate_40",40,TRUE,FALSE
7420436,"gate_40",6,FALSE,FALSE
7420495,"gate_30",203,TRUE,TRUE
7420535,"gate_30",10,FALSE,FALSE
7420767,"gate_30",50,TRUE,TRUE
7421032,"gate_40",42,TRUE,FALSE
7421107,"gate_40",3,FALSE,FALSE
7421134,"gate_40",21,TRUE,FALSE
7421182,"gate_30",5,FALSE,FALSE
7421240,"gate_40",66,FALSE,TRUE
7421260,"gate_30",40,FALSE,FALSE
7421377,"gate_40",0,FALSE,FALSE
7421505,"gate_40",6,FALSE,FALSE
7421647,"gate_30",5,FALSE,FALSE
7421746,"gate_30",278,TRUE,TRUE
7422375,"gate_40",11,FALSE,FALSE
7422418,"gate_40",43,TRUE,TRUE
7422477,"gate_40",123,TRUE,TRUE
7422712,"gate_30",1,FALSE,FALSE
7422747,"gate_40",5,FALSE,FALSE
7422798,"gate_40",5,FALSE,FALSE
7422838,"gate_30",23,FALSE,FALSE
7422851,"gate_30",1,FALSE,FALSE
7422900,"gate_30",1,FALSE,FALSE
7423008,"gate_30",10,FALSE,FALSE
7423149,"gate_40",0,FALSE,FALSE
7423493,"gate_40",40,TRUE,FALSE
7423506,"gate_40",3,TRUE,FALSE
7423558,"gate_30",9,TRUE,FALSE
7423755,"gate_30",0,FALSE,FALSE
7423822,"gate_30",4,FALSE,FALSE
7423907,"gate_40",22,FALSE,FALSE
7424094,"gate_40",17,FALSE,FALSE
7424191,"gate_30",75,TRUE,TRUE
7424194,"gate_30",185,TRUE,FALSE
7424209,"gate_30",42,TRUE,FALSE
7424315,"gate_30",9,FALSE,TRUE
7424417,"gate_30",19,TRUE,FALSE
7424477,"gate_40",0,FALSE,FALSE
7424538,"gate_40",6,FALSE,FALSE
7424582,"gate_40",0,FALSE,FALSE
7424616,"gate_30",8,FALSE,FALSE
7424633,"gate_30",27,TRUE,FALSE
7424667,"gate_30",42,TRUE,FALSE
7424704,"gate_40",7,FALSE,FALSE
7424719,"gate_30",0,FALSE,FALSE
7424917,"gate_30",23,FALSE,FALSE
7425240,"gate_40",0,FALSE,FALSE
7425285,"gate_40",21,TRUE,FALSE
7425789,"gate_40",30,TRUE,FALSE
7425954,"gate_40",7,FALSE,TRUE
7426096,"gate_30",56,TRUE,TRUE
7426135,"gate_30",0,FALSE,FALSE
7426383,"gate_40",14,TRUE,FALSE
7426395,"gate_40",41,TRUE,FALSE
7426476,"gate_30",3,FALSE,FALSE
7426502,"gate_30",33,FALSE,TRUE
7426672,"gate_30",30,FALSE,FALSE
7426691,"gate_30",24,FALSE,FALSE
7426751,"gate_40",10,FALSE,FALSE
7426786,"gate_40",3,FALSE,FALSE
7427050,"gate_30",12,TRUE,FALSE
7427131,"gate_40",48,TRUE,FALSE
7427171,"gate_30",2,TRUE,FALSE
7427234,"gate_30",22,FALSE,FALSE
7427299,"gate_30",16,TRUE,FALSE
7427338,"gate_30",0,FALSE,FALSE
7427389,"gate_30",121,TRUE,TRUE
7427402,"gate_30",3,FALSE,FALSE
7427454,"gate_30",263,FALSE,TRUE
7427524,"gate_30",6,FALSE,FALSE
7427720,"gate_30",4,FALSE,FALSE
7427944,"gate_30",8,FALSE,FALSE
7428154,"gate_40",20,FALSE,FALSE
7428213,"gate_30",22,FALSE,FALSE
7428403,"gate_40",1,FALSE,FALSE
7428516,"gate_40",7,FALSE,FALSE
7428597,"gate_40",9,FALSE,FALSE
7428723,"gate_40",13,FALSE,FALSE
7428737,"gate_40",136,FALSE,TRUE
7428915,"gate_30",122,TRUE,FALSE
7428978,"gate_30",192,TRUE,FALSE
7429021,"gate_30",6,FALSE,FALSE
7429087,"gate_30",13,TRUE,FALSE
7429152,"gate_40",46,TRUE,FALSE
7429312,"gate_30",212,TRUE,TRUE
7429435,"gate_30",71,TRUE,FALSE
7429482,"gate_40",5,FALSE,FALSE
7429515,"gate_30",1,FALSE,FALSE
7429546,"gate_30",3,FALSE,FALSE
7429602,"gate_40",186,TRUE,TRUE
7429834,"gate_40",10,FALSE,FALSE
7429974,"gate_30",15,FALSE,FALSE
7429995,"gate_30",2,FALSE,FALSE
7430084,"gate_30",9,FALSE,FALSE
7430224,"gate_40",29,FALSE,FALSE
7430333,"gate_40",105,FALSE,TRUE
7430341,"gate_40",5,FALSE,FALSE
7430421,"gate_40",10,FALSE,FALSE
7430460,"gate_40",14,TRUE,FALSE
7430638,"gate_40",26,FALSE,TRUE
7430647,"gate_30",8,TRUE,FALSE
7430805,"gate_30",177,TRUE,FALSE
7430948,"gate_30",45,TRUE,TRUE
7431081,"gate_30",2,TRUE,FALSE
7431188,"gate_40",17,FALSE,FALSE
7431637,"gate_40",129,TRUE,TRUE
7431701,"gate_30",2,FALSE,FALSE
7431891,"gate_30",2,FALSE,FALSE
7431964,"gate_40",66,TRUE,TRUE
7432114,"gate_40",18,FALSE,FALSE
7432220,"gate_40",2,FALSE,FALSE
7432353,"gate_40",449,TRUE,TRUE
7432385,"gate_40",2,FALSE,FALSE
7432492,"gate_40",3,FALSE,FALSE
7432538,"gate_40",14,FALSE,FALSE
7432576,"gate_30",2,FALSE,FALSE
7432666,"gate_30",21,TRUE,FALSE
7433112,"gate_40",1,FALSE,FALSE
7433388,"gate_30",16,FALSE,FALSE
7433454,"gate_40",2,FALSE,FALSE
7433476,"gate_40",1,FALSE,FALSE
7433714,"gate_30",2,FALSE,FALSE
7433835,"gate_40",1,FALSE,FALSE
7433844,"gate_30",164,TRUE,TRUE
7433882,"gate_40",0,FALSE,FALSE
7434155,"gate_30",207,TRUE,TRUE
7434206,"gate_30",13,FALSE,FALSE
7434261,"gate_40",9,FALSE,FALSE
7434271,"gate_30",4,FALSE,FALSE
7434291,"gate_30",53,TRUE,FALSE
7434524,"gate_40",16,TRUE,FALSE
7434771,"gate_30",96,FALSE,FALSE
7434849,"gate_30",321,TRUE,TRUE
7434853,"gate_40",34,FALSE,TRUE
7434857,"gate_40",19,FALSE,FALSE
7434965,"gate_40",79,TRUE,FALSE
7435101,"gate_40",37,TRUE,FALSE
7435159,"gate_40",5,FALSE,FALSE
7435229,"gate_30",753,TRUE,TRUE
7435367,"gate_30",6,FALSE,FALSE
7435490,"gate_30",26,TRUE,FALSE
7435822,"gate_40",14,FALSE,TRUE
7435838,"gate_40",0,FALSE,FALSE
7435907,"gate_40",158,TRUE,TRUE
7435908,"gate_30",98,FALSE,TRUE
7435977,"gate_40",10,FALSE,FALSE
7436157,"gate_30",90,TRUE,FALSE
7436209,"gate_30",1,FALSE,FALSE
7436541,"gate_40",14,FALSE,FALSE
7436549,"gate_40",83,TRUE,TRUE
7436760,"gate_30",7,FALSE,FALSE
7436965,"gate_30",28,TRUE,FALSE
7437097,"gate_30",3,FALSE,FALSE
7437151,"gate_40",161,TRUE,TRUE
7437374,"gate_30",8,FALSE,FALSE
7437486,"gate_40",150,TRUE,TRUE
7437680,"gate_40",16,TRUE,FALSE
7437747,"gate_40",225,TRUE,TRUE
7437846,"gate_30",1,TRUE,FALSE
7437879,"gate_40",0,FALSE,FALSE
7437958,"gate_30",2,FALSE,FALSE
7438094,"gate_40",8,FALSE,FALSE
7438295,"gate_30",8,FALSE,FALSE
7438607,"gate_30",30,TRUE,FALSE
7438622,"gate_40",7,FALSE,FALSE
7438702,"gate_40",497,TRUE,TRUE
7438802,"gate_30",58,TRUE,FALSE
7438830,"gate_30",13,FALSE,FALSE
7439056,"gate_30",619,TRUE,TRUE
7439410,"gate_40",4,FALSE,FALSE
7439497,"gate_40",14,FALSE,FALSE
7439547,"gate_40",1,FALSE,FALSE
7439592,"gate_30",12,FALSE,FALSE
7439640,"gate_30",88,FALSE,TRUE
7439833,"gate_40",8,FALSE,FALSE
7439858,"gate_30",59,TRUE,FALSE
7440006,"gate_40",3,FALSE,FALSE
7440139,"gate_30",14,TRUE,FALSE
7440248,"gate_30",2,FALSE,FALSE
7440276,"gate_40",5,TRUE,TRUE
7440429,"gate_30",28,TRUE,FALSE
7440448,"gate_30",0,FALSE,FALSE
7440535,"gate_40",12,TRUE,FALSE
7440546,"gate_40",50,FALSE,FALSE
7440589,"gate_30",96,TRUE,TRUE
7440623,"gate_40",45,FALSE,FALSE
7440676,"gate_40",1,FALSE,FALSE
7440877,"gate_30",93,TRUE,FALSE
7441121,"gate_40",0,FALSE,FALSE
7441281,"gate_40",11,TRUE,FALSE
7441649,"gate_40",90,FALSE,TRUE
7441656,"gate_30",4,FALSE,FALSE
7441685,"gate_30",2,FALSE,FALSE
7441966,"gate_40",32,FALSE,FALSE
7441975,"gate_40",7,FALSE,FALSE
7442235,"gate_30",65,TRUE,FALSE
7442320,"gate_40",64,FALSE,FALSE
7442466,"gate_40",15,FALSE,FALSE
7442907,"gate_40",17,TRUE,FALSE
7443007,"gate_40",5,FALSE,FALSE
7443068,"gate_30",16,TRUE,FALSE
7443134,"gate_30",27,TRUE,FALSE
7443306,"gate_40",113,TRUE,FALSE
7443316,"gate_30",721,TRUE,TRUE
7443475,"gate_30",50,TRUE,TRUE
7443622,"gate_40",23,FALSE,FALSE
7443868,"gate_40",11,FALSE,FALSE
7443935,"gate_30",387,TRUE,TRUE
7443960,"gate_30",39,TRUE,FALSE
7444108,"gate_40",319,TRUE,TRUE
7444128,"gate_40",117,TRUE,TRUE
7444243,"gate_30",9,TRUE,FALSE
7444252,"gate_40",1,FALSE,FALSE
7444387,"gate_40",30,TRUE,FALSE
7444426,"gate_30",38,TRUE,FALSE
7444470,"gate_30",1,FALSE,FALSE
7444494,"gate_40",59,TRUE,FALSE
7444503,"gate_30",177,TRUE,TRUE
7444558,"gate_40",21,TRUE,FALSE
7444760,"gate_30",11,FALSE,FALSE
7444799,"gate_30",0,FALSE,FALSE
7444875,"gate_30",322,TRUE,TRUE
7444906,"gate_30",1,FALSE,FALSE
7444928,"gate_30",36,FALSE,TRUE
7445011,"gate_30",24,FALSE,TRUE
7445105,"gate_30",7,FALSE,FALSE
7445346,"gate_40",5,FALSE,FALSE
7445350,"gate_40",56,TRUE,TRUE
7445495,"gate_40",30,FALSE,FALSE
7445536,"gate_40",44,FALSE,FALSE
7445592,"gate_30",18,FALSE,FALSE
7445608,"gate_40",10,FALSE,FALSE
7445871,"gate_40",24,TRUE,FALSE
7446018,"gate_40",18,FALSE,TRUE
7446040,"gate_40",1,FALSE,FALSE
7446425,"gate_30",1,FALSE,FALSE
7446439,"gate_30",5,TRUE,FALSE
7446544,"gate_30",52,TRUE,FALSE
7446854,"gate_30",5,FALSE,FALSE
7446892,"gate_30",0,FALSE,FALSE
7447073,"gate_40",18,FALSE,FALSE
7447301,"gate_30",9,FALSE,FALSE
7447316,"gate_40",15,TRUE,FALSE
7447336,"gate_30",24,FALSE,FALSE
7447485,"gate_40",11,TRUE,FALSE
7447562,"gate_30",86,TRUE,FALSE
7447697,"gate_40",36,FALSE,FALSE
7447820,"gate_40",24,FALSE,FALSE
7447915,"gate_30",4,FALSE,FALSE
7448055,"gate_30",8,FALSE,FALSE
7448229,"gate_30",30,TRUE,TRUE
7448469,"gate_30",16,FALSE,FALSE
7448564,"gate_30",14,FALSE,FALSE
7448684,"gate_40",57,TRUE,TRUE
7448879,"gate_30",11,FALSE,FALSE
7448984,"gate_40",2,FALSE,FALSE
7448987,"gate_30",0,FALSE,FALSE
7448990,"gate_40",19,TRUE,FALSE
7449064,"gate_30",4,FALSE,FALSE
7449279,"gate_40",629,TRUE,TRUE
7449304,"gate_30",52,TRUE,FALSE
7449365,"gate_40",42,TRUE,TRUE
7449448,"gate_30",123,FALSE,FALSE
7449450,"gate_30",39,FALSE,TRUE
7449531,"gate_40",25,FALSE,TRUE
7449561,"gate_30",18,TRUE,FALSE
7449720,"gate_40",197,TRUE,TRUE
7449770,"gate_40",49,FALSE,TRUE
7449789,"gate_40",5,TRUE,FALSE
7449915,"gate_30",71,TRUE,FALSE
7449998,"gate_30",89,TRUE,TRUE
7450168,"gate_40",190,TRUE,TRUE
7450335,"gate_40",5,FALSE,FALSE
7450448,"gate_40",6,FALSE,FALSE
7450897,"gate_30",205,TRUE,TRUE
7450931,"gate_40",10,FALSE,FALSE
7450981,"gate_30",28,FALSE,FALSE
7451238,"gate_40",44,TRUE,FALSE
7451290,"gate_40",2,FALSE,FALSE
7451398,"gate_30",22,TRUE,FALSE
7451800,"gate_40",6,FALSE,FALSE
7451843,"gate_30",44,TRUE,FALSE
7451980,"gate_30",87,TRUE,FALSE
7451995,"gate_30",60,TRUE,FALSE
7452055,"gate_40",19,TRUE,FALSE
7452289,"gate_40",1,FALSE,FALSE
7452294,"gate_40",69,TRUE,FALSE
7452381,"gate_40",0,FALSE,FALSE
7452441,"gate_30",8,FALSE,FALSE
7452757,"gate_30",413,TRUE,TRUE
7452969,"gate_30",111,TRUE,TRUE
7453017,"gate_30",2,FALSE,FALSE
7453167,"gate_40",2,FALSE,FALSE
7453277,"gate_40",702,TRUE,TRUE
7453371,"gate_40",13,TRUE,FALSE
7453441,"gate_40",7,FALSE,FALSE
7453636,"gate_40",190,TRUE,FALSE
7453738,"gate_30",21,FALSE,FALSE
7453863,"gate_30",3,FALSE,FALSE
7453865,"gate_30",34,TRUE,FALSE
7453937,"gate_40",39,FALSE,TRUE
7453965,"gate_30",3,FALSE,FALSE
7454096,"gate_30",8,FALSE,FALSE
7454314,"gate_40",127,TRUE,TRUE
7454453,"gate_30",10,TRUE,FALSE
7454508,"gate_30",173,TRUE,FALSE
7454904,"gate_40",12,TRUE,FALSE
7455169,"gate_40",5,FALSE,FALSE
7455601,"gate_40",418,TRUE,TRUE
7455638,"gate_30",27,TRUE,FALSE
7455751,"gate_30",6,FALSE,FALSE
7455845,"gate_40",98,FALSE,TRUE
7455894,"gate_30",83,TRUE,FALSE
7455916,"gate_40",3,FALSE,FALSE
7455938,"gate_30",63,TRUE,FALSE
7455994,"gate_30",4,FALSE,FALSE
7456007,"gate_30",3,FALSE,FALSE
7456119,"gate_40",66,TRUE,TRUE
7456225,"gate_40",10,FALSE,FALSE
7456236,"gate_40",4,FALSE,FALSE
7456442,"gate_40",168,TRUE,TRUE
7456577,"gate_30",7,FALSE,FALSE
7456686,"gate_30",64,TRUE,TRUE
7456711,"gate_40",5,FALSE,FALSE
7456766,"gate_40",54,TRUE,FALSE
7456806,"gate_30",21,FALSE,FALSE
7456837,"gate_30",3,FALSE,FALSE
7456922,"gate_40",4,FALSE,FALSE
7457422,"gate_30",5,FALSE,FALSE
7457475,"gate_30",16,FALSE,FALSE
7457535,"gate_40",51,TRUE,FALSE
7457806,"gate_30",217,TRUE,FALSE
7457819,"gate_30",21,TRUE,FALSE
7457947,"gate_30",15,TRUE,FALSE
7457950,"gate_30",95,TRUE,TRUE
7458147,"gate_40",1,TRUE,FALSE
7458365,"gate_40",1,TRUE,TRUE
7458399,"gate_30",170,TRUE,TRUE
7458438,"gate_30",4,FALSE,FALSE
7458858,"gate_40",14,FALSE,FALSE
7458952,"gate_30",8,FALSE,FALSE
7459046,"gate_30",34,TRUE,FALSE
7459083,"gate_30",41,TRUE,FALSE
7459094,"gate_40",12,TRUE,FALSE
7459191,"gate_30",37,TRUE,FALSE
7459274,"gate_30",25,TRUE,FALSE
7459278,"gate_30",14,FALSE,FALSE
7459382,"gate_40",8,FALSE,FALSE
7459754,"gate_40",4,FALSE,FALSE
7459825,"gate_30",63,TRUE,FALSE
7459898,"gate_40",80,TRUE,FALSE
7459991,"gate_40",56,TRUE,FALSE
7460060,"gate_40",3,FALSE,FALSE
7460212,"gate_30",18,FALSE,FALSE
7460231,"gate_30",3,FALSE,FALSE
7460303,"gate_40",4,FALSE,FALSE
7460643,"gate_40",88,TRUE,TRUE
7460788,"gate_30",3,FALSE,FALSE
7460864,"gate_40",80,TRUE,FALSE
7460881,"gate_30",136,FALSE,FALSE
7461053,"gate_40",9,FALSE,FALSE
7461345,"gate_40",34,TRUE,FALSE
7461447,"gate_30",2,FALSE,FALSE
7461562,"gate_40",119,TRUE,TRUE
7461674,"gate_40",18,FALSE,FALSE
7461688,"gate_40",34,TRUE,TRUE
7461720,"gate_40",4,TRUE,FALSE
7461988,"gate_30",1,FALSE,FALSE
7461993,"gate_40",8,FALSE,FALSE
7462065,"gate_30",25,FALSE,FALSE
7462192,"gate_40",6,FALSE,FALSE
7462329,"gate_40",3,FALSE,FALSE
7462599,"gate_30",1,FALSE,FALSE
7462681,"gate_30",1,FALSE,FALSE
7462792,"gate_40",214,TRUE,TRUE
7462863,"gate_30",19,TRUE,FALSE
7463051,"gate_40",138,TRUE,TRUE
7463086,"gate_30",198,TRUE,TRUE
7463122,"gate_30",9,FALSE,FALSE
7463191,"gate_30",10,TRUE,FALSE
7463199,"gate_30",2,FALSE,FALSE
7463222,"gate_40",13,TRUE,FALSE
7463298,"gate_40",83,TRUE,FALSE
7463311,"gate_40",19,FALSE,TRUE
7463566,"gate_30",202,TRUE,TRUE
7463622,"gate_30",4,FALSE,FALSE
7463628,"gate_40",322,TRUE,FALSE
7464266,"gate_30",118,FALSE,TRUE
7464287,"gate_30",7,FALSE,FALSE
7464499,"gate_30",85,TRUE,FALSE
7464518,"gate_30",3,FALSE,FALSE
7464659,"gate_40",101,FALSE,TRUE
7465123,"gate_30",425,TRUE,TRUE
7465126,"gate_40",20,FALSE,FALSE
7465159,"gate_40",1,FALSE,FALSE
7465167,"gate_40",2,FALSE,FALSE
7465250,"gate_30",29,FALSE,FALSE
7465373,"gate_30",118,TRUE,FALSE
7465561,"gate_30",2,FALSE,FALSE
7465640,"gate_30",816,TRUE,TRUE
7465799,"gate_40",41,TRUE,FALSE
7465829,"gate_30",9,FALSE,FALSE
7465862,"gate_30",1,FALSE,FALSE
7465902,"gate_30",4,FALSE,FALSE
7465995,"gate_40",21,TRUE,FALSE
7466012,"gate_40",205,TRUE,FALSE
7466119,"gate_30",7,FALSE,FALSE
7466403,"gate_40",8,FALSE,FALSE
7466480,"gate_30",24,FALSE,FALSE
7466509,"gate_40",7,FALSE,FALSE
7466586,"gate_40",4,FALSE,FALSE
7466753,"gate_40",30,TRUE,TRUE
7466850,"gate_40",55,TRUE,FALSE
7466991,"gate_40",7,FALSE,FALSE
7467151,"gate_30",3,FALSE,FALSE
7467176,"gate_30",15,FALSE,FALSE
7467292,"gate_40",3,FALSE,FALSE
7467516,"gate_30",43,TRUE,TRUE
7467556,"gate_40",352,TRUE,TRUE
7467750,"gate_40",171,TRUE,TRUE
7467847,"gate_30",21,FALSE,TRUE
7467943,"gate_30",19,FALSE,FALSE
7468186,"gate_30",32,TRUE,FALSE
7468261,"gate_40",7,TRUE,FALSE
7468335,"gate_30",4,FALSE,FALSE
7468387,"gate_40",693,TRUE,TRUE
7468623,"gate_40",8,FALSE,FALSE
7468715,"gate_30",35,FALSE,FALSE
7468784,"gate_30",29,FALSE,FALSE
7468860,"gate_30",16,FALSE,TRUE
7468873,"gate_40",2,TRUE,FALSE
7468875,"gate_30",57,TRUE,FALSE
7468947,"gate_30",14,FALSE,FALSE
7468993,"gate_30",6,TRUE,FALSE
7469000,"gate_40",0,FALSE,FALSE
7469025,"gate_40",63,TRUE,FALSE
7469141,"gate_30",13,FALSE,FALSE
7469229,"gate_40",49,TRUE,TRUE
7469274,"gate_40",11,FALSE,FALSE
7469664,"gate_30",6,FALSE,FALSE
7470142,"gate_30",2,FALSE,FALSE
7470617,"gate_30",4,FALSE,FALSE
7470690,"gate_40",46,TRUE,FALSE
7470772,"gate_40",12,FALSE,FALSE
7470810,"gate_30",117,TRUE,FALSE
7470877,"gate_30",7,FALSE,FALSE
7470932,"gate_40",521,FALSE,TRUE
7471081,"gate_30",16,TRUE,FALSE
7471085,"gate_30",3,FALSE,FALSE
7471117,"gate_30",85,TRUE,TRUE
7471182,"gate_30",13,FALSE,FALSE
7471476,"gate_30",12,TRUE,FALSE
7471568,"gate_30",17,FALSE,FALSE
7471576,"gate_30",3,FALSE,FALSE
7471663,"gate_40",47,TRUE,FALSE
7471802,"gate_40",3,FALSE,FALSE
7472050,"gate_30",2,FALSE,FALSE
7472209,"gate_40",16,FALSE,FALSE
7472403,"gate_30",4,FALSE,FALSE
7472430,"gate_40",10,TRUE,FALSE
7472516,"gate_40",15,FALSE,FALSE
7472526,"gate_30",0,FALSE,FALSE
7472654,"gate_30",91,TRUE,FALSE
7472837,"gate_40",7,FALSE,FALSE
7472873,"gate_40",3,FALSE,FALSE
7473331,"gate_40",350,TRUE,TRUE
7473364,"gate_40",352,TRUE,TRUE
7473386,"gate_40",9,FALSE,FALSE
7473533,"gate_40",2,FALSE,TRUE
7473579,"gate_40",3,TRUE,FALSE
7473706,"gate_30",24,TRUE,FALSE
7473731,"gate_40",7,FALSE,FALSE
7474359,"gate_30",36,TRUE,FALSE
7474565,"gate_30",418,TRUE,TRUE
7474593,"gate_30",7,FALSE,FALSE
7474767,"gate_30",184,TRUE,TRUE
7474775,"gate_40",3,FALSE,FALSE
7474858,"gate_40",119,TRUE,TRUE
7474870,"gate_30",21,FALSE,FALSE
7475350,"gate_30",15,FALSE,FALSE
7475435,"gate_40",102,TRUE,FALSE
7475508,"gate_30",142,TRUE,TRUE
7475523,"gate_40",1,FALSE,FALSE
7475525,"gate_30",48,TRUE,TRUE
7475623,"gate_40",68,FALSE,TRUE
7475653,"gate_40",37,TRUE,FALSE
7475982,"gate_30",64,TRUE,FALSE
7476026,"gate_30",102,FALSE,TRUE
7476069,"gate_40",63,TRUE,FALSE
7476195,"gate_40",2,FALSE,FALSE
7476246,"gate_40",2,FALSE,FALSE
7476311,"gate_40",386,TRUE,TRUE
7476397,"gate_30",26,FALSE,FALSE
7476501,"gate_30",1,FALSE,FALSE
7476614,"gate_40",132,TRUE,TRUE
7476943,"gate_40",0,FALSE,FALSE
7477049,"gate_30",11,TRUE,FALSE
7477074,"gate_40",309,TRUE,TRUE
7477558,"gate_30",16,FALSE,FALSE
7477597,"gate_30",8,FALSE,FALSE
7477598,"gate_30",3,FALSE,FALSE
7477719,"gate_40",1,FALSE,FALSE
7477722,"gate_30",39,TRUE,FALSE
7477859,"gate_40",74,TRUE,FALSE
7478114,"gate_30",11,TRUE,FALSE
7478352,"gate_40",2,FALSE,FALSE
7478354,"gate_40",1,FALSE,FALSE
7478422,"gate_40",50,TRUE,FALSE
7478520,"gate_30",1,FALSE,FALSE
7478692,"gate_40",1,FALSE,FALSE
7478939,"gate_40",5,FALSE,FALSE
7479139,"gate_30",38,TRUE,FALSE
7479217,"gate_30",60,TRUE,FALSE
7479267,"gate_40",94,TRUE,FALSE
7479431,"gate_30",10,FALSE,FALSE
7479455,"gate_40",89,TRUE,FALSE
7479806,"gate_30",12,FALSE,FALSE
7479831,"gate_30",70,TRUE,FALSE
7479983,"gate_30",1,FALSE,FALSE
7480127,"gate_40",2,FALSE,FALSE
7480205,"gate_40",517,TRUE,TRUE
7480360,"gate_30",4,FALSE,FALSE
7480463,"gate_30",1,FALSE,FALSE
7480475,"gate_40",20,FALSE,FALSE
7480662,"gate_40",21,FALSE,FALSE
7480791,"gate_30",74,TRUE,TRUE
7480917,"gate_40",40,TRUE,FALSE
7480943,"gate_40",1,FALSE,FALSE
7481262,"gate_30",11,TRUE,FALSE
7481355,"gate_30",68,TRUE,FALSE
7481406,"gate_40",95,TRUE,TRUE
7481471,"gate_30",176,FALSE,TRUE
7481534,"gate_40",188,TRUE,TRUE
7481574,"gate_30",43,TRUE,FALSE
7481615,"gate_30",46,TRUE,TRUE
7481737,"gate_30",5,FALSE,FALSE
7481832,"gate_30",637,TRUE,TRUE
7481885,"gate_30",143,TRUE,FALSE
7481903,"gate_30",24,FALSE,TRUE
7482296,"gate_30",45,FALSE,TRUE
7482337,"gate_30",20,FALSE,FALSE
7482469,"gate_30",3,FALSE,FALSE
7482485,"gate_30",143,TRUE,TRUE
7482548,"gate_30",337,TRUE,TRUE
7483776,"gate_40",317,TRUE,FALSE
7483793,"gate_30",109,TRUE,FALSE
7483829,"gate_30",114,TRUE,FALSE
7484075,"gate_40",36,TRUE,FALSE
7484188,"gate_40",10,FALSE,FALSE
7484194,"gate_30",0,FALSE,FALSE
7484292,"gate_30",2,FALSE,FALSE
7484568,"gate_30",4,FALSE,FALSE
7484842,"gate_30",16,FALSE,FALSE
7485019,"gate_30",186,TRUE,TRUE
7485039,"gate_30",73,TRUE,FALSE
7485121,"gate_40",1,FALSE,FALSE
7485148,"gate_30",12,FALSE,FALSE
7485422,"gate_40",4,FALSE,FALSE
7485425,"gate_40",79,TRUE,FALSE
7485513,"gate_30",118,TRUE,TRUE
7485604,"gate_30",41,FALSE,FALSE
7485670,"gate_40",85,TRUE,FALSE
7486060,"gate_30",160,TRUE,TRUE
7486118,"gate_40",68,FALSE,TRUE
7486188,"gate_40",2,FALSE,FALSE
7486228,"gate_30",51,TRUE,FALSE
7486259,"gate_30",37,FALSE,FALSE
7486595,"gate_30",53,TRUE,FALSE
7486601,"gate_40",4,FALSE,FALSE
7486835,"gate_40",60,TRUE,FALSE
7486953,"gate_40",4,FALSE,FALSE
7486988,"gate_40",5,TRUE,FALSE
7487199,"gate_30",8,TRUE,FALSE
7487234,"gate_40",22,FALSE,FALSE
7487312,"gate_40",7,FALSE,FALSE
7487356,"gate_30",1,FALSE,FALSE
7487584,"gate_30",452,TRUE,TRUE
7487774,"gate_40",122,TRUE,FALSE
7488144,"gate_30",2,FALSE,FALSE
7488483,"gate_40",40,TRUE,FALSE
7488596,"gate_30",15,FALSE,FALSE
7488614,"gate_40",237,TRUE,TRUE
7489142,"gate_40",58,FALSE,FALSE
7489158,"gate_40",18,FALSE,FALSE
7489164,"gate_40",454,TRUE,TRUE
7489257,"gate_30",43,TRUE,FALSE
7489264,"gate_30",27,TRUE,FALSE
7489405,"gate_40",24,TRUE,FALSE
7489458,"gate_40",4,FALSE,FALSE
7489723,"gate_30",157,TRUE,FALSE
7490167,"gate_40",0,FALSE,FALSE
7490269,"gate_40",10,FALSE,FALSE
7490330,"gate_40",13,TRUE,FALSE
7490449,"gate_40",2,FALSE,FALSE
7490484,"gate_30",9,FALSE,FALSE
7490492,"gate_30",5,FALSE,FALSE
7490524,"gate_30",134,TRUE,TRUE
7490629,"gate_30",5,TRUE,FALSE
7490662,"gate_30",36,FALSE,FALSE
7490670,"gate_30",3,FALSE,FALSE
7490676,"gate_30",56,TRUE,FALSE
7490792,"gate_40",2,FALSE,FALSE
7490837,"gate_40",4,FALSE,FALSE
7490893,"gate_30",0,FALSE,FALSE
7491237,"gate_30",3,FALSE,FALSE
7491252,"gate_30",12,TRUE,FALSE
7491353,"gate_40",20,FALSE,FALSE
7491388,"gate_40",179,TRUE,FALSE
7491558,"gate_40",58,TRUE,FALSE
7491843,"gate_30",17,TRUE,FALSE
7492063,"gate_40",2,FALSE,FALSE
7492073,"gate_30",135,TRUE,FALSE
7492093,"gate_30",216,TRUE,TRUE
7492110,"gate_30",56,TRUE,FALSE
7492224,"gate_40",4,FALSE,FALSE
7492274,"gate_40",2,FALSE,FALSE
7492310,"gate_40",3,FALSE,FALSE
7492426,"gate_30",22,FALSE,FALSE
7492579,"gate_30",27,FALSE,FALSE
7492601,"gate_30",37,TRUE,FALSE
7492680,"gate_30",4,FALSE,FALSE
7492742,"gate_40",2,FALSE,FALSE
7492753,"gate_40",14,TRUE,FALSE
7492787,"gate_30",71,TRUE,TRUE
7493146,"gate_40",3,FALSE,FALSE
7493481,"gate_30",29,TRUE,FALSE
7493486,"gate_30",7,FALSE,FALSE
7493581,"gate_30",5,FALSE,FALSE
7493674,"gate_40",16,TRUE,FALSE
7493691,"gate_40",2,TRUE,FALSE
7493715,"gate_40",13,TRUE,FALSE
7493732,"gate_30",1037,FALSE,TRUE
7493840,"gate_40",20,FALSE,FALSE
7494039,"gate_40",22,FALSE,FALSE
7494049,"gate_40",24,TRUE,FALSE
7494073,"gate_30",3,FALSE,FALSE
7494097,"gate_30",130,TRUE,FALSE
7494240,"gate_40",6,FALSE,FALSE
7494350,"gate_30",694,TRUE,TRUE
7494507,"gate_40",4,FALSE,FALSE
7494625,"gate_30",72,TRUE,FALSE
7494675,"gate_30",13,FALSE,FALSE
7494722,"gate_30",0,FALSE,FALSE
7495019,"gate_40",5,TRUE,FALSE
7495024,"gate_40",122,TRUE,FALSE
7495063,"gate_30",57,TRUE,TRUE
7495140,"gate_30",15,TRUE,FALSE
7495232,"gate_30",0,FALSE,FALSE
7495316,"gate_40",174,TRUE,TRUE
7495475,"gate_40",42,FALSE,FALSE
7495503,"gate_30",70,TRUE,FALSE
7495823,"gate_40",19,TRUE,TRUE
7496174,"gate_30",67,TRUE,TRUE
7496180,"gate_40",15,FALSE,FALSE
7496222,"gate_40",55,TRUE,FALSE
7496335,"gate_40",200,TRUE,FALSE
7496378,"gate_40",5,FALSE,FALSE
7496415,"gate_40",3,FALSE,FALSE
7496452,"gate_40",65,TRUE,TRUE
7496487,"gate_40",15,FALSE,FALSE
7496531,"gate_30",136,TRUE,FALSE
7496687,"gate_30",9,FALSE,FALSE
7496880,"gate_40",6,FALSE,FALSE
7496941,"gate_40",2,FALSE,FALSE
7497009,"gate_40",227,TRUE,TRUE
7497177,"gate_40",42,TRUE,FALSE
7497641,"gate_30",23,TRUE,FALSE
7497928,"gate_40",11,TRUE,FALSE
7497930,"gate_40",55,TRUE,TRUE
7498090,"gate_30",18,FALSE,FALSE
7498379,"gate_30",41,TRUE,FALSE
7498403,"gate_30",58,TRUE,FALSE
7498441,"gate_40",3,FALSE,FALSE
7498735,"gate_40",0,FALSE,FALSE
7498860,"gate_40",23,FALSE,FALSE
7499034,"gate_30",25,TRUE,FALSE
7499087,"gate_30",183,TRUE,TRUE
7499226,"gate_40",2,FALSE,FALSE
7499269,"gate_30",94,TRUE,TRUE
7499375,"gate_30",478,TRUE,TRUE
7499407,"gate_30",8,TRUE,FALSE
7499411,"gate_40",14,FALSE,FALSE
7499466,"gate_40",111,TRUE,TRUE
7499567,"gate_30",26,TRUE,FALSE
7499671,"gate_40",54,FALSE,FALSE
7499890,"gate_40",22,TRUE,FALSE
7499909,"gate_40",11,TRUE,FALSE
7499922,"gate_30",27,TRUE,FALSE
7499961,"gate_40",7,TRUE,FALSE
7499986,"gate_30",7,FALSE,FALSE
7500112,"gate_30",6,FALSE,FALSE
7500370,"gate_30",10,FALSE,FALSE
7500372,"gate_30",42,FALSE,FALSE
7500511,"gate_30",30,TRUE,FALSE
7500515,"gate_40",3,FALSE,FALSE
7500581,"gate_40",2,TRUE,FALSE
7500590,"gate_30",6,FALSE,FALSE
7500644,"gate_40",0,FALSE,FALSE
7500812,"gate_30",71,FALSE,FALSE
7500932,"gate_30",29,FALSE,FALSE
7501005,"gate_30",247,TRUE,FALSE
7501045,"gate_40",260,TRUE,TRUE
7501100,"gate_30",340,TRUE,TRUE
7501122,"gate_40",3,FALSE,FALSE
7501135,"gate_40",12,FALSE,FALSE
7501186,"gate_40",25,TRUE,FALSE
7501206,"gate_40",0,FALSE,FALSE
7501480,"gate_30",17,TRUE,FALSE
7501514,"gate_30",2,FALSE,FALSE
7501527,"gate_40",51,TRUE,FALSE
7501727,"gate_30",14,FALSE,FALSE
7501856,"gate_30",3,FALSE,FALSE
7501897,"gate_30",213,FALSE,FALSE
7501917,"gate_40",0,FALSE,FALSE
7501954,"gate_40",6,FALSE,FALSE
7501974,"gate_30",2,FALSE,FALSE
7502108,"gate_40",22,TRUE,FALSE
7502176,"gate_40",5,FALSE,FALSE
7502186,"gate_30",7,FALSE,FALSE
7502233,"gate_30",81,TRUE,TRUE
7502240,"gate_40",364,TRUE,TRUE
7502252,"gate_40",21,TRUE,FALSE
7502612,"gate_30",19,TRUE,FALSE
7502639,"gate_40",51,TRUE,FALSE
7502929,"gate_40",1,FALSE,FALSE
7503145,"gate_40",2,FALSE,FALSE
7503234,"gate_30",19,TRUE,FALSE
7503289,"gate_30",12,TRUE,TRUE
7503434,"gate_30",152,FALSE,FALSE
7503451,"gate_40",540,TRUE,TRUE
7503685,"gate_40",15,FALSE,FALSE
7503786,"gate_40",4,FALSE,FALSE
7504159,"gate_40",7,FALSE,FALSE
7504170,"gate_40",20,FALSE,FALSE
7504174,"gate_30",103,TRUE,TRUE
7504226,"gate_30",168,TRUE,TRUE
7504458,"gate_40",284,TRUE,TRUE
7504513,"gate_30",86,TRUE,TRUE
7504527,"gate_30",22,FALSE,FALSE
7504955,"gate_40",111,TRUE,FALSE
7505027,"gate_30",6,FALSE,FALSE
7505080,"gate_40",10,FALSE,FALSE
7505179,"gate_40",1,FALSE,FALSE
7505320,"gate_30",7,FALSE,FALSE
7505400,"gate_30",15,TRUE,FALSE
7505423,"gate_30",1,FALSE,FALSE
7505448,"gate_40",1,FALSE,FALSE
7505455,"gate_30",4,FALSE,FALSE
7505459,"gate_30",3,FALSE,FALSE
7505885,"gate_40",11,FALSE,TRUE
7505890,"gate_40",32,FALSE,FALSE
7505960,"gate_30",0,FALSE,FALSE
7506100,"gate_40",9,TRUE,FALSE
7506221,"gate_30",8,TRUE,FALSE
7506238,"gate_30",2,FALSE,FALSE
7506307,"gate_40",3,FALSE,FALSE
7506342,"gate_30",52,TRUE,FALSE
7506440,"gate_40",0,FALSE,FALSE
7506526,"gate_30",19,TRUE,FALSE
7506679,"gate_30",20,TRUE,FALSE
7506692,"gate_30",54,TRUE,FALSE
7506876,"gate_30",60,TRUE,TRUE
7506921,"gate_40",6,FALSE,FALSE
7506925,"gate_40",15,FALSE,FALSE
7506998,"gate_40",645,TRUE,TRUE
7507127,"gate_30",58,TRUE,FALSE
7507222,"gate_40",5,FALSE,FALSE
7507241,"gate_30",30,TRUE,FALSE
7507297,"gate_30",77,TRUE,FALSE
7507310,"gate_30",0,FALSE,FALSE
7507361,"gate_30",144,TRUE,FALSE
7507363,"gate_40",20,FALSE,FALSE
7507635,"gate_40",4,FALSE,FALSE
7507641,"gate_30",11,FALSE,FALSE
7507650,"gate_30",2,FALSE,FALSE
7507692,"gate_40",130,TRUE,FALSE
7507767,"gate_30",123,TRUE,FALSE
7507788,"gate_30",3,FALSE,FALSE
7508082,"gate_30",0,FALSE,FALSE
7508428,"gate_40",64,TRUE,FALSE
7508719,"gate_40",29,TRUE,FALSE
7508812,"gate_40",1,FALSE,FALSE
7508866,"gate_30",37,TRUE,FALSE
7508990,"gate_40",120,TRUE,TRUE
7509026,"gate_30",1,FALSE,FALSE
7509056,"gate_40",0,FALSE,FALSE
7509265,"gate_30",0,FALSE,FALSE
7509269,"gate_40",40,FALSE,FALSE
7509374,"gate_40",3,FALSE,TRUE
7509462,"gate_30",28,TRUE,FALSE
7509471,"gate_40",2,FALSE,FALSE
7509779,"gate_30",12,TRUE,FALSE
7510092,"gate_30",32,FALSE,FALSE
7510312,"gate_40",42,FALSE,FALSE
7510499,"gate_30",16,TRUE,FALSE
7510691,"gate_30",16,FALSE,FALSE
7510693,"gate_40",42,TRUE,FALSE
7510762,"gate_40",10,TRUE,FALSE
7510827,"gate_30",194,TRUE,TRUE
7510841,"gate_40",43,TRUE,TRUE
7510982,"gate_30",21,TRUE,FALSE
7511002,"gate_30",217,TRUE,FALSE
7511110,"gate_30",541,TRUE,TRUE
7511135,"gate_30",9,FALSE,FALSE
7511172,"gate_40",17,FALSE,TRUE
7511187,"gate_30",35,TRUE,FALSE
7511319,"gate_40",43,TRUE,FALSE
7511397,"gate_40",38,TRUE,TRUE
7511436,"gate_40",169,TRUE,TRUE
7511741,"gate_30",81,TRUE,TRUE
7511949,"gate_40",34,FALSE,FALSE
7512190,"gate_30",2,FALSE,FALSE
7512197,"gate_30",12,FALSE,FALSE
7512212,"gate_40",9,FALSE,FALSE
7512271,"gate_30",72,TRUE,FALSE
7512343,"gate_30",3,FALSE,FALSE
7512474,"gate_30",2,FALSE,FALSE
7512569,"gate_40",1,FALSE,FALSE
7512598,"gate_30",2,FALSE,FALSE
7512782,"gate_30",20,TRUE,FALSE
7512994,"gate_30",28,TRUE,FALSE
7513108,"gate_40",6,TRUE,FALSE
7513239,"gate_40",1,FALSE,FALSE
7513417,"gate_40",1090,TRUE,TRUE
7513681,"gate_40",63,FALSE,FALSE
7513712,"gate_30",18,TRUE,FALSE
7514139,"gate_30",0,FALSE,FALSE
7514186,"gate_30",14,FALSE,FALSE
7514366,"gate_40",49,TRUE,FALSE
7514500,"gate_30",2,FALSE,FALSE
7514516,"gate_40",77,FALSE,FALSE
7514566,"gate_40",2,FALSE,FALSE
7514572,"gate_30",8,FALSE,FALSE
7514840,"gate_40",40,TRUE,FALSE
7515012,"gate_30",4,FALSE,FALSE
7515153,"gate_30",1,FALSE,FALSE
7515197,"gate_40",12,FALSE,FALSE
7515546,"gate_30",426,TRUE,TRUE
7515613,"gate_40",28,TRUE,FALSE
7515747,"gate_40",32,TRUE,FALSE
7515765,"gate_30",7,FALSE,FALSE
7515830,"gate_40",38,TRUE,FALSE
7515905,"gate_40",103,TRUE,TRUE
7516048,"gate_40",285,TRUE,TRUE
7516091,"gate_40",2,FALSE,FALSE
7516258,"gate_40",36,TRUE,FALSE
7516314,"gate_30",37,TRUE,FALSE
7516342,"gate_40",4,FALSE,FALSE
7516360,"gate_40",31,TRUE,FALSE
7516450,"gate_40",7,FALSE,FALSE
7516619,"gate_30",7,FALSE,FALSE
7516712,"gate_30",0,FALSE,FALSE
7516714,"gate_30",2,FALSE,FALSE
7516822,"gate_40",0,FALSE,FALSE
7517028,"gate_30",111,TRUE,FALSE
7517078,"gate_30",1,FALSE,FALSE
7517295,"gate_30",16,FALSE,FALSE
7517454,"gate_40",12,FALSE,FALSE
7517594,"gate_30",66,TRUE,FALSE
7517645,"gate_30",23,FALSE,FALSE
7517717,"gate_30",147,FALSE,TRUE
7517946,"gate_30",147,TRUE,TRUE
7518082,"gate_40",0,FALSE,FALSE
7518321,"gate_30",2,FALSE,FALSE
7518730,"gate_40",6,FALSE,FALSE
7518916,"gate_30",6,FALSE,FALSE
7518921,"gate_30",19,FALSE,FALSE
7519066,"gate_30",11,FALSE,FALSE
7519200,"gate_30",4,FALSE,FALSE
7519209,"gate_30",0,FALSE,FALSE
7519294,"gate_40",27,FALSE,FALSE
7519805,"gate_40",17,FALSE,FALSE
7519823,"gate_30",0,FALSE,FALSE
7520153,"gate_30",12,TRUE,FALSE
7520403,"gate_30",33,TRUE,FALSE
7520459,"gate_30",11,FALSE,FALSE
7520495,"gate_30",2,FALSE,FALSE
7520881,"gate_40",63,TRUE,FALSE
7521063,"gate_30",31,TRUE,FALSE
7521064,"gate_40",17,FALSE,FALSE
7521154,"gate_30",1,FALSE,FALSE
7521210,"gate_30",21,FALSE,TRUE
7521247,"gate_30",47,TRUE,FALSE
7521302,"gate_40",22,TRUE,FALSE
7521391,"gate_30",15,TRUE,FALSE
7521677,"gate_40",45,FALSE,FALSE
7521855,"gate_40",109,TRUE,TRUE
7522093,"gate_30",74,TRUE,FALSE
7522241,"gate_30",9,FALSE,FALSE
7522360,"gate_30",41,FALSE,FALSE
7522391,"gate_40",20,FALSE,FALSE
7522669,"gate_30",68,TRUE,TRUE
7522863,"gate_30",26,FALSE,FALSE
7523132,"gate_30",41,TRUE,FALSE
7523144,"gate_30",18,FALSE,FALSE
7523183,"gate_40",10,FALSE,FALSE
7523195,"gate_40",17,FALSE,FALSE
7523255,"gate_30",20,FALSE,FALSE
7523294,"gate_40",76,TRUE,FALSE
7523359,"gate_30",1,FALSE,FALSE
7523503,"gate_30",2,FALSE,FALSE
7523645,"gate_30",2,FALSE,FALSE
7523742,"gate_30",3,FALSE,FALSE
7523787,"gate_30",13,FALSE,FALSE
7523809,"gate_30",3,TRUE,FALSE
7523820,"gate_40",1,FALSE,FALSE
7523896,"gate_40",15,FALSE,TRUE
7523926,"gate_30",0,TRUE,FALSE
7523984,"gate_40",43,TRUE,FALSE
7524030,"gate_30",28,FALSE,FALSE
7524103,"gate_40",16,FALSE,FALSE
7524342,"gate_40",86,TRUE,FALSE
7524478,"gate_30",11,TRUE,FALSE
7524531,"gate_30",40,TRUE,TRUE
7524564,"gate_30",21,FALSE,FALSE
7524571,"gate_40",35,FALSE,FALSE
7524580,"gate_30",9,FALSE,FALSE
7524720,"gate_30",12,FALSE,FALSE
7524867,"gate_40",88,TRUE,FALSE
7525025,"gate_30",75,FALSE,FALSE
7525116,"gate_30",193,TRUE,TRUE
7525157,"gate_40",5,FALSE,FALSE
7525176,"gate_40",31,TRUE,FALSE
7525316,"gate_30",14,TRUE,FALSE
7525363,"gate_40",108,FALSE,FALSE
7525428,"gate_30",13,FALSE,FALSE
7525456,"gate_30",8,FALSE,FALSE
7525515,"gate_30",425,TRUE,TRUE
7525599,"gate_30",1,FALSE,FALSE
7525665,"gate_40",18,TRUE,FALSE
7525722,"gate_40",27,FALSE,FALSE
7525825,"gate_30",4,FALSE,FALSE
7526101,"gate_40",38,TRUE,FALSE
7526185,"gate_30",534,TRUE,TRUE
7526187,"gate_40",310,TRUE,FALSE
7526355,"gate_30",37,TRUE,FALSE
7526807,"gate_40",105,TRUE,FALSE
7527048,"gate_40",0,FALSE,FALSE
7527058,"gate_30",15,FALSE,FALSE
7527109,"gate_30",14,TRUE,FALSE
7527110,"gate_30",2,FALSE,FALSE
7527298,"gate_40",5,TRUE,FALSE
7527330,"gate_30",19,TRUE,FALSE
7527362,"gate_30",16,TRUE,FALSE
7527416,"gate_30",20,FALSE,FALSE
7527681,"gate_30",4,FALSE,FALSE
7527850,"gate_30",3,FALSE,FALSE
7527890,"gate_30",5,FALSE,FALSE
7527922,"gate_30",1,FALSE,FALSE
7527969,"gate_40",18,FALSE,FALSE
7528013,"gate_30",30,FALSE,FALSE
7528042,"gate_40",1,FALSE,FALSE
7528252,"gate_40",13,TRUE,FALSE
7528362,"gate_40",12,FALSE,FALSE
7528510,"gate_30",3,FALSE,FALSE
7528704,"gate_40",3,FALSE,FALSE
7528749,"gate_40",0,FALSE,FALSE
7528774,"gate_30",43,TRUE,TRUE
7528896,"gate_40",3,FALSE,FALSE
7529033,"gate_30",1,FALSE,FALSE
7529067,"gate_40",6,FALSE,FALSE
7529383,"gate_40",7,FALSE,FALSE
7529428,"gate_40",0,FALSE,FALSE
7529706,"gate_40",66,TRUE,FALSE
7529863,"gate_40",0,FALSE,FALSE
7529935,"gate_30",22,TRUE,FALSE
7529947,"gate_40",63,TRUE,FALSE
7530061,"gate_40",7,TRUE,FALSE
7530281,"gate_40",15,FALSE,FALSE
7530339,"gate_30",23,FALSE,FALSE
7530566,"gate_30",105,TRUE,TRUE
7530722,"gate_40",1,FALSE,FALSE
7530730,"gate_30",20,FALSE,FALSE
7530763,"gate_40",14,FALSE,FALSE
7530823,"gate_30",1,FALSE,FALSE
7530880,"gate_30",33,FALSE,FALSE
7530904,"gate_40",1,FALSE,FALSE
7531261,"gate_30",4,FALSE,FALSE
7531686,"gate_30",6,FALSE,FALSE
7531805,"gate_30",705,TRUE,TRUE
7531993,"gate_40",160,TRUE,TRUE
7532068,"gate_40",49,FALSE,FALSE
7532084,"gate_30",0,FALSE,FALSE
7532121,"gate_40",0,FALSE,FALSE
7532273,"gate_30",1,FALSE,FALSE
7532397,"gate_30",46,TRUE,FALSE
7532450,"gate_30",11,TRUE,FALSE
7532486,"gate_40",87,TRUE,FALSE
7532610,"gate_30",33,TRUE,FALSE
7532676,"gate_40",9,FALSE,FALSE
7533067,"gate_30",14,FALSE,FALSE
7533469,"gate_40",14,FALSE,FALSE
7533643,"gate_30",86,TRUE,FALSE
7533684,"gate_30",3,FALSE,FALSE
7533931,"gate_40",13,FALSE,FALSE
7533991,"gate_30",3,FALSE,FALSE
7534179,"gate_40",7,TRUE,FALSE
7534199,"gate_30",76,TRUE,FALSE
7534473,"gate_40",3,FALSE,FALSE
7534494,"gate_30",15,TRUE,FALSE
7534524,"gate_30",27,FALSE,FALSE
7534689,"gate_30",28,FALSE,FALSE
7534739,"gate_40",31,TRUE,FALSE
7534852,"gate_40",17,FALSE,FALSE
7535026,"gate_30",14,FALSE,FALSE
7535089,"gate_40",13,TRUE,FALSE
7535171,"gate_30",57,TRUE,FALSE
7535308,"gate_30",335,TRUE,TRUE
7535546,"gate_30",27,TRUE,FALSE
7535714,"gate_30",3,FALSE,FALSE
7535806,"gate_30",61,TRUE,FALSE
7535872,"gate_30",11,FALSE,FALSE
7535993,"gate_40",212,TRUE,FALSE
7536088,"gate_40",134,TRUE,TRUE
7536241,"gate_30",84,TRUE,TRUE
7536294,"gate_40",94,TRUE,FALSE
7536398,"gate_40",21,FALSE,FALSE
7536436,"gate_40",11,FALSE,FALSE
7536486,"gate_40",3,FALSE,FALSE
7536654,"gate_30",17,TRUE,FALSE
7536665,"gate_30",20,FALSE,FALSE
7536748,"gate_40",15,TRUE,FALSE
7536843,"gate_40",5,FALSE,FALSE
7536890,"gate_30",13,TRUE,FALSE
7536978,"gate_30",6,TRUE,TRUE
7537236,"gate_30",36,FALSE,FALSE
7537294,"gate_30",11,FALSE,FALSE
7537295,"gate_30",25,FALSE,TRUE
7537542,"gate_40",18,TRUE,FALSE
7537567,"gate_40",9,TRUE,FALSE
7537691,"gate_40",15,TRUE,FALSE
7537696,"gate_30",53,TRUE,TRUE
7537810,"gate_30",18,TRUE,TRUE
7538076,"gate_30",10,TRUE,FALSE
7538131,"gate_30",0,FALSE,FALSE
7538262,"gate_30",0,FALSE,FALSE
7538377,"gate_30",1,FALSE,FALSE
7538537,"gate_40",19,FALSE,FALSE
7538588,"gate_40",8,FALSE,FALSE
7538770,"gate_30",0,FALSE,FALSE
7538838,"gate_30",77,TRUE,FALSE
7538959,"gate_30",11,FALSE,FALSE
7539352,"gate_40",9,FALSE,FALSE
7539396,"gate_40",104,FALSE,TRUE
7539504,"gate_30",12,FALSE,FALSE
7539827,"gate_30",22,FALSE,FALSE
7539891,"gate_30",11,FALSE,FALSE
7539919,"gate_40",160,TRUE,FALSE
7540216,"gate_30",360,TRUE,TRUE
7540272,"gate_30",2,FALSE,FALSE
7540440,"gate_30",15,TRUE,FALSE
7540457,"gate_40",28,FALSE,FALSE
7540460,"gate_30",13,FALSE,FALSE
7540471,"gate_30",45,TRUE,FALSE
7540550,"gate_40",83,FALSE,TRUE
7540718,"gate_40",0,FALSE,FALSE
7540732,"gate_30",11,FALSE,FALSE
7540798,"gate_30",32,TRUE,TRUE
7540808,"gate_30",65,TRUE,FALSE
7540832,"gate_40",24,FALSE,FALSE
7540880,"gate_40",6,FALSE,FALSE
7541375,"gate_40",10,FALSE,FALSE
7541619,"gate_30",55,TRUE,FALSE
7541832,"gate_40",5,FALSE,FALSE
7541931,"gate_40",7,FALSE,FALSE
7542025,"gate_40",7,FALSE,FALSE
7542048,"gate_40",93,TRUE,FALSE
7542222,"gate_30",0,FALSE,FALSE
7542274,"gate_30",1,FALSE,FALSE
7542297,"gate_40",65,TRUE,FALSE
7542307,"gate_40",47,TRUE,FALSE
7542377,"gate_40",0,FALSE,FALSE
7542489,"gate_40",3,FALSE,FALSE
7542553,"gate_40",2,FALSE,FALSE
7542580,"gate_30",2,FALSE,FALSE
7542581,"gate_40",29,FALSE,FALSE
7542656,"gate_40",10,TRUE,FALSE
7543096,"gate_40",30,FALSE,FALSE
7543189,"gate_30",13,FALSE,FALSE
7543415,"gate_40",1,FALSE,FALSE
7543436,"gate_40",20,TRUE,FALSE
7543471,"gate_30",12,TRUE,FALSE
7543508,"gate_30",9,TRUE,FALSE
7543954,"gate_40",8,FALSE,FALSE
7544124,"gate_30",270,TRUE,FALSE
7544205,"gate_30",110,TRUE,FALSE
7544226,"gate_30",6,FALSE,FALSE
7544270,"gate_30",10,FALSE,FALSE
7544394,"gate_30",4,FALSE,FALSE
7544484,"gate_30",9,TRUE,FALSE
7544616,"gate_40",113,TRUE,TRUE
7544659,"gate_40",200,TRUE,TRUE
7544677,"gate_30",82,TRUE,TRUE
7544842,"gate_40",548,TRUE,TRUE
7544904,"gate_30",37,TRUE,FALSE
7544908,"gate_30",0,FALSE,FALSE
7545334,"gate_30",31,TRUE,FALSE
7545368,"gate_40",5,TRUE,FALSE
7545409,"gate_40",7,FALSE,FALSE
7545444,"gate_30",553,TRUE,TRUE
7545485,"gate_30",1,TRUE,FALSE
7545495,"gate_40",24,FALSE,TRUE
7545747,"gate_30",3,TRUE,FALSE
7545790,"gate_30",17,FALSE,FALSE
7545861,"gate_30",4,FALSE,FALSE
7545862,"gate_40",5,FALSE,FALSE
7545931,"gate_40",9,FALSE,FALSE
7546144,"gate_40",33,FALSE,FALSE
7546209,"gate_40",3,FALSE,FALSE
7546413,"gate_30",21,TRUE,FALSE
7546416,"gate_30",1,FALSE,FALSE
7546590,"gate_40",54,TRUE,FALSE
7546636,"gate_40",0,FALSE,FALSE
7546958,"gate_40",2,FALSE,FALSE
7546996,"gate_40",149,TRUE,TRUE
7547056,"gate_40",53,TRUE,FALSE
7547065,"gate_30",5,FALSE,FALSE
7547066,"gate_40",65,TRUE,FALSE
7547104,"gate_40",3,FALSE,FALSE
7547288,"gate_30",3,FALSE,FALSE
7547298,"gate_40",14,FALSE,FALSE
7547351,"gate_30",78,TRUE,TRUE
7547487,"gate_30",44,TRUE,FALSE
7547503,"gate_30",0,FALSE,FALSE
7547664,"gate_30",3,FALSE,FALSE
7547701,"gate_30",18,FALSE,FALSE
7547829,"gate_40",144,FALSE,TRUE
7548111,"gate_30",23,FALSE,FALSE
7548145,"gate_40",45,FALSE,FALSE
7548154,"gate_30",36,TRUE,FALSE
7548334,"gate_40",51,TRUE,FALSE
7548342,"gate_30",11,FALSE,FALSE
7548482,"gate_30",60,TRUE,FALSE
7548703,"gate_40",28,FALSE,FALSE
7548704,"gate_30",2,FALSE,FALSE
7548776,"gate_40",32,TRUE,FALSE
7548909,"gate_30",127,TRUE,TRUE
7548959,"gate_40",262,TRUE,TRUE
7549236,"gate_40",8,TRUE,FALSE
7549326,"gate_40",11,TRUE,FALSE
7549333,"gate_30",29,FALSE,FALSE
7549344,"gate_30",17,FALSE,FALSE
7549427,"gate_30",251,TRUE,TRUE
7549493,"gate_40",1,FALSE,FALSE
7549563,"gate_30",33,TRUE,FALSE
7549576,"gate_30",2,FALSE,FALSE
7549659,"gate_40",21,FALSE,TRUE
7549881,"gate_40",105,TRUE,TRUE
7550094,"gate_40",14,FALSE,TRUE
7550176,"gate_30",4,FALSE,FALSE
7550208,"gate_30",3,FALSE,FALSE
7550228,"gate_30",9,FALSE,FALSE
7550328,"gate_30",104,TRUE,FALSE
7550383,"gate_30",4,FALSE,FALSE
7550523,"gate_30",220,TRUE,TRUE
7550524,"gate_30",14,FALSE,FALSE
7550755,"gate_30",6,FALSE,FALSE
7551011,"gate_40",1,FALSE,FALSE
7551119,"gate_30",132,TRUE,FALSE
7551146,"gate_40",119,TRUE,FALSE
7551211,"gate_30",16,FALSE,FALSE
7551247,"gate_30",54,TRUE,FALSE
7551324,"gate_30",20,TRUE,FALSE
7551327,"gate_40",3,FALSE,FALSE
7551478,"gate_30",5,FALSE,FALSE
7551770,"gate_30",8,FALSE,FALSE
7551913,"gate_40",116,FALSE,FALSE
7552441,"gate_40",1,FALSE,FALSE
7552446,"gate_30",71,TRUE,FALSE
7552552,"gate_30",12,FALSE,TRUE
7552596,"gate_30",163,TRUE,FALSE
7552665,"gate_40",13,FALSE,FALSE
7553240,"gate_30",12,FALSE,FALSE
7553383,"gate_30",7,FALSE,FALSE
7553559,"gate_40",84,TRUE,FALSE
7553826,"gate_40",24,FALSE,FALSE
7554104,"gate_30",12,FALSE,FALSE
7554121,"gate_30",19,FALSE,FALSE
7554128,"gate_30",8,FALSE,FALSE
7554540,"gate_30",6,FALSE,FALSE
7554638,"gate_40",26,TRUE,FALSE
7554685,"gate_40",1,FALSE,FALSE
7554814,"gate_40",21,FALSE,FALSE
7554850,"gate_40",34,TRUE,FALSE
7554852,"gate_40",297,TRUE,TRUE
7554993,"gate_30",15,TRUE,FALSE
7555018,"gate_30",4,FALSE,FALSE
7555234,"gate_40",32,TRUE,TRUE
7555782,"gate_30",12,FALSE,FALSE
7555809,"gate_30",43,TRUE,FALSE
7556198,"gate_40",99,TRUE,FALSE
7556389,"gate_40",57,TRUE,FALSE
7556691,"gate_30",2,TRUE,FALSE
7556696,"gate_30",93,TRUE,TRUE
7556884,"gate_40",51,TRUE,FALSE
7557017,"gate_30",13,FALSE,FALSE
7557018,"gate_40",0,FALSE,FALSE
7557140,"gate_30",13,TRUE,FALSE
7557507,"gate_30",7,TRUE,FALSE
7557631,"gate_30",157,FALSE,FALSE
7557745,"gate_40",60,FALSE,FALSE
7557757,"gate_40",64,TRUE,TRUE
7557799,"gate_40",6,FALSE,FALSE
7558609,"gate_40",329,TRUE,TRUE
7558620,"gate_30",2,FALSE,FALSE
7558733,"gate_30",54,TRUE,FALSE
7558763,"gate_40",0,FALSE,FALSE
7558765,"gate_30",4,FALSE,FALSE
7558789,"gate_40",177,TRUE,TRUE
7558807,"gate_30",24,TRUE,FALSE
7559143,"gate_30",103,TRUE,FALSE
7559250,"gate_30",7,FALSE,FALSE
7559252,"gate_40",6,FALSE,TRUE
7559270,"gate_30",15,TRUE,FALSE
7559312,"gate_30",15,TRUE,FALSE
7559317,"gate_40",87,TRUE,FALSE
7559465,"gate_30",340,TRUE,TRUE
7559638,"gate_30",31,TRUE,FALSE
7559839,"gate_30",21,FALSE,FALSE
7560179,"gate_40",10,FALSE,FALSE
7560279,"gate_40",109,TRUE,TRUE
7560430,"gate_40",31,TRUE,TRUE
7560455,"gate_40",2,FALSE,FALSE
7560571,"gate_40",3,FALSE,FALSE
7560762,"gate_30",31,TRUE,FALSE
7560913,"gate_40",7,FALSE,FALSE
7561013,"gate_40",1,FALSE,FALSE
7561098,"gate_30",258,TRUE,FALSE
7561135,"gate_40",1,FALSE,FALSE
7561279,"gate_30",9,FALSE,FALSE
7561363,"gate_30",9,FALSE,FALSE
7561383,"gate_30",2,FALSE,FALSE
7561715,"gate_40",13,FALSE,FALSE
7561730,"gate_40",445,TRUE,TRUE
7562260,"gate_30",4,FALSE,FALSE
7562377,"gate_40",18,FALSE,FALSE
7562384,"gate_40",6,FALSE,FALSE
7562453,"gate_30",0,FALSE,FALSE
7562576,"gate_40",5,FALSE,FALSE
7562668,"gate_40",0,FALSE,FALSE
7562741,"gate_40",9,FALSE,FALSE
7562749,"gate_30",21,TRUE,FALSE
7562751,"gate_40",30,TRUE,FALSE
7562928,"gate_30",2,FALSE,FALSE
7563009,"gate_30",4,FALSE,FALSE
7563085,"gate_40",9,TRUE,FALSE
7563364,"gate_40",3,FALSE,FALSE
7563416,"gate_40",12,TRUE,FALSE
7563467,"gate_40",61,TRUE,TRUE
7563498,"gate_40",56,TRUE,FALSE
7563523,"gate_30",13,FALSE,FALSE
7563545,"gate_30",98,TRUE,TRUE
7563547,"gate_40",28,TRUE,FALSE
7563661,"gate_40",189,TRUE,FALSE
7563671,"gate_40",105,TRUE,FALSE
7563690,"gate_40",1,FALSE,FALSE
7563930,"gate_40",115,TRUE,TRUE
7563946,"gate_30",0,FALSE,FALSE
7564097,"gate_30",58,TRUE,FALSE
7564243,"gate_40",56,FALSE,FALSE
7564416,"gate_40",0,FALSE,FALSE
7564453,"gate_30",118,TRUE,TRUE
7564459,"gate_40",1,FALSE,FALSE
7564632,"gate_30",9,FALSE,FALSE
7564689,"gate_30",38,TRUE,FALSE
7564731,"gate_30",1,FALSE,FALSE
7564772,"gate_40",50,TRUE,TRUE
7564821,"gate_30",4,FALSE,FALSE
7564850,"gate_40",9,FALSE,FALSE
7564986,"gate_30",1,FALSE,FALSE
7565210,"gate_30",322,TRUE,TRUE
7565321,"gate_40",43,TRUE,FALSE
7565404,"gate_40",58,TRUE,FALSE
7565429,"gate_40",4,FALSE,FALSE
7565796,"gate_30",6,TRUE,FALSE
7565801,"gate_30",84,TRUE,FALSE
7565808,"gate_30",7,FALSE,FALSE
7565885,"gate_30",17,FALSE,FALSE
7566218,"gate_40",51,TRUE,TRUE
7566332,"gate_30",2,FALSE,FALSE
7566376,"gate_30",245,TRUE,FALSE
7566524,"gate_30",14,FALSE,FALSE
7566552,"gate_30",26,TRUE,FALSE
7566725,"gate_40",37,TRUE,FALSE
7567210,"gate_40",29,TRUE,FALSE
7567234,"gate_40",375,TRUE,TRUE
7567249,"gate_30",2,FALSE,FALSE
7567266,"gate_30",9,FALSE,FALSE
7567432,"gate_30",31,TRUE,TRUE
7567576,"gate_30",8,TRUE,FALSE
7567608,"gate_30",60,TRUE,FALSE
7567673,"gate_40",22,FALSE,FALSE
7567721,"gate_30",3,FALSE,FALSE
7567807,"gate_30",5,TRUE,FALSE
7567868,"gate_30",27,TRUE,FALSE
7567976,"gate_40",0,FALSE,FALSE
7568050,"gate_30",2,FALSE,FALSE
7568081,"gate_40",4,FALSE,FALSE
7568105,"gate_40",26,TRUE,FALSE
7568703,"gate_40",444,TRUE,TRUE
7569150,"gate_30",64,TRUE,TRUE
7569236,"gate_40",14,FALSE,FALSE
7569403,"gate_40",14,TRUE,FALSE
7569553,"gate_30",8,TRUE,TRUE
7569644,"gate_30",20,FALSE,FALSE
7569662,"gate_30",7,FALSE,FALSE
7569789,"gate_40",37,FALSE,FALSE
7569825,"gate_40",18,FALSE,FALSE
7569827,"gate_30",7,FALSE,FALSE
7570005,"gate_40",186,TRUE,FALSE
7570034,"gate_30",5,FALSE,FALSE
7570083,"gate_30",15,FALSE,FALSE
7570238,"gate_40",35,FALSE,FALSE
7570241,"gate_40",5,FALSE,FALSE
7570383,"gate_40",26,FALSE,FALSE
7570389,"gate_40",50,TRUE,FALSE
7570539,"gate_40",53,TRUE,FALSE
7570635,"gate_30",5,FALSE,FALSE
7570950,"gate_40",20,FALSE,FALSE
7570953,"gate_30",5,FALSE,FALSE
7571000,"gate_40",4,FALSE,FALSE
7571006,"gate_30",8,FALSE,FALSE
7571025,"gate_30",7,FALSE,FALSE
7571176,"gate_30",8,FALSE,FALSE
7571475,"gate_30",6,FALSE,FALSE
7571542,"gate_40",4,TRUE,FALSE
7571747,"gate_30",14,TRUE,FALSE
7571814,"gate_40",3,FALSE,FALSE
7571819,"gate_40",18,TRUE,FALSE
7572208,"gate_30",5,FALSE,FALSE
7572241,"gate_40",40,FALSE,FALSE
7572404,"gate_30",58,TRUE,FALSE
7572486,"gate_30",14,FALSE,FALSE
7572821,"gate_30",7,FALSE,FALSE
7573170,"gate_40",30,FALSE,FALSE
7573255,"gate_30",15,FALSE,FALSE
7573352,"gate_40",11,TRUE,FALSE
7573580,"gate_40",9,TRUE,FALSE
7573670,"gate_30",82,TRUE,FALSE
7574073,"gate_30",6,FALSE,FALSE
7574204,"gate_30",3,FALSE,FALSE
7574359,"gate_30",67,TRUE,TRUE
7574426,"gate_40",2,FALSE,FALSE
7574493,"gate_40",4,FALSE,FALSE
7574511,"gate_30",31,FALSE,FALSE
7574604,"gate_40",4,TRUE,FALSE
7574709,"gate_30",57,TRUE,FALSE
7574746,"gate_30",26,TRUE,FALSE
7574885,"gate_30",129,FALSE,FALSE
7574897,"gate_30",12,FALSE,FALSE
7574915,"gate_30",1,FALSE,FALSE
7574922,"gate_40",7,FALSE,FALSE
7574943,"gate_40",4,FALSE,FALSE
7575009,"gate_40",140,TRUE,FALSE
7575212,"gate_40",2,FALSE,FALSE
7575585,"gate_30",3,FALSE,FALSE
7575602,"gate_30",286,TRUE,FALSE
7575870,"gate_30",20,FALSE,TRUE
7575991,"gate_30",160,TRUE,TRUE
7576178,"gate_30",120,TRUE,TRUE
7576411,"gate_40",4,FALSE,FALSE
7576550,"gate_40",75,TRUE,TRUE
7576580,"gate_40",23,FALSE,FALSE
7576658,"gate_40",82,TRUE,FALSE
7576863,"gate_30",148,TRUE,TRUE
7577024,"gate_30",10,FALSE,FALSE
7577081,"gate_40",1,FALSE,FALSE
7577104,"gate_40",8,FALSE,FALSE
7577141,"gate_30",7,FALSE,FALSE
7577155,"gate_40",59,TRUE,FALSE
7577317,"gate_40",27,FALSE,FALSE
7577339,"gate_40",1,FALSE,FALSE
7577364,"gate_30",145,TRUE,TRUE
7577381,"gate_30",1,FALSE,FALSE
7577423,"gate_30",6,FALSE,FALSE
7577655,"gate_40",4,TRUE,FALSE
7577683,"gate_30",36,FALSE,FALSE
7577850,"gate_40",4,FALSE,FALSE
7577878,"gate_40",42,TRUE,FALSE
7578148,"gate_30",31,TRUE,FALSE
7578183,"gate_40",17,FALSE,FALSE
7578262,"gate_30",2,TRUE,FALSE
7578294,"gate_30",382,TRUE,TRUE
7578393,"gate_40",69,TRUE,FALSE
7578510,"gate_40",7,FALSE,FALSE
7578650,"gate_30",100,TRUE,FALSE
7578870,"gate_40",2,FALSE,TRUE
7579008,"gate_30",14,FALSE,FALSE
7579242,"gate_30",43,TRUE,FALSE
7579253,"gate_40",5,FALSE,FALSE
7579339,"gate_40",12,FALSE,FALSE
7579351,"gate_30",3,FALSE,FALSE
7579642,"gate_30",0,FALSE,FALSE
7579809,"gate_40",85,TRUE,TRUE
7579834,"gate_30",37,TRUE,FALSE
7579867,"gate_30",129,TRUE,FALSE
7580062,"gate_30",6,FALSE,FALSE
7580305,"gate_40",0,FALSE,FALSE
7580377,"gate_40",5,FALSE,FALSE
7581104,"gate_40",9,FALSE,FALSE
7581140,"gate_40",90,TRUE,FALSE
7581151,"gate_30",7,FALSE,FALSE
7581250,"gate_40",729,TRUE,TRUE
7581252,"gate_30",101,TRUE,TRUE
7581369,"gate_40",6,FALSE,FALSE
7581401,"gate_40",261,TRUE,FALSE
7581635,"gate_40",45,FALSE,FALSE
7581674,"gate_30",0,FALSE,FALSE
7582087,"gate_40",13,TRUE,FALSE
7582239,"gate_40",9,FALSE,FALSE
7582605,"gate_30",1,FALSE,FALSE
7582988,"gate_30",13,FALSE,FALSE
7583217,"gate_30",174,TRUE,TRUE
7583224,"gate_40",15,FALSE,FALSE
7583247,"gate_40",65,FALSE,FALSE
7583288,"gate_40",29,TRUE,FALSE
7583348,"gate_30",8,FALSE,FALSE
7583354,"gate_40",2,FALSE,FALSE
7583410,"gate_40",2,TRUE,FALSE
7583639,"gate_30",1,FALSE,FALSE
7583684,"gate_40",1,FALSE,FALSE
7583797,"gate_30",4,FALSE,FALSE
7583846,"gate_30",2,FALSE,FALSE
7584000,"gate_40",6,FALSE,FALSE
7584217,"gate_30",3,FALSE,FALSE
7584316,"gate_30",232,TRUE,FALSE
7584318,"gate_40",21,TRUE,FALSE
7584341,"gate_30",26,FALSE,FALSE
7584359,"gate_40",38,TRUE,FALSE
7584542,"gate_30",17,TRUE,FALSE
7584561,"gate_40",127,TRUE,TRUE
7584590,"gate_30",0,FALSE,FALSE
7584710,"gate_40",1,FALSE,FALSE
7584871,"gate_30",19,FALSE,FALSE
7584892,"gate_40",0,FALSE,FALSE
7585054,"gate_40",1,FALSE,FALSE
7585077,"gate_30",4,FALSE,FALSE
7585168,"gate_30",260,TRUE,TRUE
7585426,"gate_40",75,TRUE,FALSE
7585524,"gate_30",96,TRUE,FALSE
7585532,"gate_30",13,FALSE,FALSE
7585683,"gate_30",41,TRUE,FALSE
7585784,"gate_30",20,FALSE,FALSE
7585905,"gate_40",210,TRUE,FALSE
7586028,"gate_40",13,FALSE,FALSE
7586195,"gate_40",140,TRUE,TRUE
7586257,"gate_40",0,FALSE,FALSE
7586258,"gate_30",3,FALSE,FALSE
7586345,"gate_30",7,TRUE,FALSE
7586360,"gate_40",39,FALSE,FALSE
7586363,"gate_30",4,FALSE,FALSE
7586406,"gate_40",317,TRUE,TRUE
7586423,"gate_40",13,FALSE,FALSE
7586520,"gate_30",0,FALSE,FALSE
7586877,"gate_40",46,TRUE,FALSE
7587070,"gate_40",0,FALSE,FALSE
7587239,"gate_30",178,TRUE,FALSE
7587477,"gate_30",3,FALSE,FALSE
7587606,"gate_40",76,TRUE,FALSE
7587745,"gate_40",28,FALSE,FALSE
7587945,"gate_40",8,TRUE,FALSE
7588006,"gate_30",6,TRUE,FALSE
7588052,"gate_40",13,TRUE,FALSE
7588056,"gate_30",30,TRUE,FALSE
7588149,"gate_30",36,TRUE,TRUE
7588160,"gate_30",22,TRUE,FALSE
7588219,"gate_30",55,FALSE,FALSE
7588349,"gate_30",5,FALSE,FALSE
7588385,"gate_40",1,TRUE,FALSE
7588396,"gate_40",32,TRUE,FALSE
7588444,"gate_30",9,FALSE,FALSE
7588503,"gate_30",64,TRUE,FALSE
7588587,"gate_30",36,FALSE,FALSE
7588694,"gate_40",357,TRUE,TRUE
7588762,"gate_40",63,TRUE,FALSE
7588786,"gate_30",0,FALSE,FALSE
7588885,"gate_40",33,TRUE,FALSE
7588910,"gate_30",6,FALSE,FALSE
7588938,"gate_40",103,TRUE,TRUE
7588957,"gate_30",166,FALSE,FALSE
7589003,"gate_30",0,FALSE,FALSE
7589005,"gate_40",133,TRUE,TRUE
7589127,"gate_30",4,FALSE,FALSE
7589288,"gate_30",17,FALSE,FALSE
7589350,"gate_30",42,TRUE,TRUE
7589415,"gate_40",279,TRUE,TRUE
7589458,"gate_40",3,FALSE,FALSE
7589501,"gate_40",1,FALSE,FALSE
7589836,"gate_30",136,TRUE,FALSE
7589848,"gate_30",13,TRUE,FALSE
7589968,"gate_40",106,TRUE,FALSE
7590003,"gate_40",3,FALSE,FALSE
7590070,"gate_30",18,FALSE,FALSE
7590087,"gate_30",42,TRUE,FALSE
7590098,"gate_30",10,TRUE,FALSE
7590173,"gate_30",3,FALSE,FALSE
7590329,"gate_40",3,FALSE,FALSE
7590470,"gate_40",16,TRUE,FALSE
7590486,"gate_30",14,FALSE,FALSE
7590542,"gate_40",14,FALSE,FALSE
7590604,"gate_30",9,TRUE,FALSE
7590642,"gate_40",17,TRUE,FALSE
7590964,"gate_40",155,FALSE,TRUE
7590992,"gate_40",4,FALSE,FALSE
7591022,"gate_30",28,TRUE,FALSE
7591168,"gate_40",2,FALSE,FALSE
7591188,"gate_40",15,FALSE,FALSE
7591224,"gate_40",6,FALSE,FALSE
7591334,"gate_40",62,FALSE,FALSE
7591539,"gate_40",199,TRUE,TRUE
7591897,"gate_40",21,TRUE,FALSE
7591906,"gate_40",129,TRUE,TRUE
7591927,"gate_40",34,TRUE,TRUE
7591973,"gate_40",9,FALSE,FALSE
7592040,"gate_40",2,FALSE,FALSE
7592281,"gate_40",43,TRUE,FALSE
7592382,"gate_40",47,TRUE,TRUE
7592625,"gate_40",11,FALSE,FALSE
7592676,"gate_40",8,FALSE,FALSE
7592871,"gate_40",2,FALSE,FALSE
7592929,"gate_30",7,TRUE,TRUE
7592970,"gate_30",3,FALSE,FALSE
7593055,"gate_30",44,TRUE,FALSE
7593092,"gate_30",100,TRUE,TRUE
7593093,"gate_30",14,TRUE,FALSE
7593262,"gate_30",2,FALSE,FALSE
7593297,"gate_30",110,TRUE,FALSE
7593559,"gate_40",46,TRUE,FALSE
7593624,"gate_30",14,TRUE,TRUE
7593625,"gate_30",63,TRUE,FALSE
7593797,"gate_40",167,TRUE,TRUE
7594166,"gate_40",356,TRUE,TRUE
7594212,"gate_40",0,FALSE,FALSE
7594288,"gate_30",38,TRUE,FALSE
7594468,"gate_40",49,TRUE,FALSE
7594491,"gate_40",184,TRUE,TRUE
7594656,"gate_30",35,TRUE,FALSE
7594667,"gate_40",15,FALSE,FALSE
7594830,"gate_40",1355,TRUE,TRUE
7594916,"gate_30",13,FALSE,FALSE
7594947,"gate_40",2,FALSE,FALSE
7595065,"gate_30",16,TRUE,FALSE
7595147,"gate_30",9,FALSE,FALSE
7595169,"gate_40",12,FALSE,FALSE
7595173,"gate_30",8,TRUE,FALSE
7595248,"gate_30",1,FALSE,FALSE
7595525,"gate_30",11,TRUE,FALSE
7595539,"gate_40",8,FALSE,FALSE
7595568,"gate_30",0,FALSE,FALSE
7595611,"gate_40",58,TRUE,FALSE
7595630,"gate_40",3,TRUE,FALSE
7595634,"gate_40",4,FALSE,FALSE
7595810,"gate_40",29,TRUE,FALSE
7595981,"gate_40",57,TRUE,FALSE
7596051,"gate_40",196,FALSE,TRUE
7596150,"gate_40",3,FALSE,FALSE
7596166,"gate_40",41,TRUE,FALSE
7596172,"gate_30",13,FALSE,FALSE
7596177,"gate_40",20,FALSE,FALSE
7596244,"gate_40",9,FALSE,FALSE
7596375,"gate_30",15,FALSE,FALSE
7596522,"gate_40",46,TRUE,FALSE
7596536,"gate_30",2,TRUE,FALSE
7596611,"gate_30",31,TRUE,FALSE
7596792,"gate_30",22,FALSE,FALSE
7596998,"gate_30",9,TRUE,FALSE
7597036,"gate_40",18,FALSE,FALSE
7597062,"gate_30",58,FALSE,FALSE
7597204,"gate_40",4,FALSE,FALSE
7597410,"gate_40",197,TRUE,TRUE
7597741,"gate_30",3,FALSE,FALSE
7597764,"gate_30",26,TRUE,FALSE
7597859,"gate_30",20,TRUE,FALSE
7598182,"gate_40",27,TRUE,FALSE
7598246,"gate_30",33,TRUE,FALSE
7598525,"gate_30",10,TRUE,FALSE
7598628,"gate_30",152,TRUE,TRUE
7598663,"gate_40",739,TRUE,TRUE
7598711,"gate_30",2,FALSE,FALSE
7598743,"gate_30",1,FALSE,FALSE
7598755,"gate_40",0,FALSE,FALSE
7598830,"gate_40",6,TRUE,FALSE
7598874,"gate_30",38,FALSE,TRUE
7598990,"gate_30",36,TRUE,FALSE
7599329,"gate_40",46,TRUE,FALSE
7599486,"gate_40",4,FALSE,FALSE
7599502,"gate_30",10,TRUE,FALSE
7599536,"gate_30",3,FALSE,FALSE
7599693,"gate_30",17,TRUE,FALSE
7599732,"gate_30",16,TRUE,FALSE
7599935,"gate_30",73,TRUE,FALSE
7599936,"gate_40",22,TRUE,FALSE
7599940,"gate_30",1,FALSE,FALSE
7600057,"gate_40",60,TRUE,TRUE
7600094,"gate_40",207,FALSE,FALSE
7600153,"gate_40",7,FALSE,FALSE
7600164,"gate_30",14,FALSE,FALSE
7600433,"gate_40",28,TRUE,FALSE
7600449,"gate_40",13,TRUE,TRUE
7600525,"gate_40",127,TRUE,FALSE
7600538,"gate_30",19,FALSE,FALSE
7600663,"gate_30",52,TRUE,TRUE
7600843,"gate_40",395,TRUE,TRUE
7601127,"gate_40",86,FALSE,FALSE
7601239,"gate_30",7,TRUE,FALSE
7601571,"gate_40",6,FALSE,FALSE
7601623,"gate_40",5,TRUE,FALSE
7601729,"gate_40",0,FALSE,FALSE
7601794,"gate_30",6,FALSE,FALSE
7601849,"gate_30",37,FALSE,TRUE
7601931,"gate_40",0,FALSE,FALSE
7602025,"gate_30",0,FALSE,FALSE
7602159,"gate_40",2,FALSE,FALSE
7602245,"gate_30",64,TRUE,TRUE
7602409,"gate_30",24,FALSE,FALSE
7602426,"gate_40",31,TRUE,FALSE
7602489,"gate_30",17,FALSE,FALSE
7602701,"gate_40",10,FALSE,FALSE
7602784,"gate_30",151,TRUE,TRUE
7602925,"gate_30",48,TRUE,FALSE
7603093,"gate_30",4,TRUE,FALSE
7603103,"gate_40",0,FALSE,FALSE
7603212,"gate_30",17,FALSE,FALSE
7603226,"gate_40",113,TRUE,FALSE
7603259,"gate_30",10,FALSE,FALSE
7603443,"gate_40",147,TRUE,FALSE
7603638,"gate_30",47,TRUE,TRUE
7603728,"gate_30",287,TRUE,TRUE
7603734,"gate_40",32,TRUE,FALSE
7603753,"gate_40",76,TRUE,FALSE
7603759,"gate_40",27,TRUE,FALSE
7603766,"gate_30",135,FALSE,FALSE
7603789,"gate_30",7,FALSE,FALSE
7603851,"gate_30",51,TRUE,FALSE
7603881,"gate_40",7,FALSE,FALSE
7603923,"gate_40",8,FALSE,FALSE
7604113,"gate_30",24,TRUE,FALSE
7604158,"gate_30",4,FALSE,FALSE
7604198,"gate_40",32,FALSE,FALSE
7604201,"gate_40",2,TRUE,FALSE
7604235,"gate_40",9,FALSE,FALSE
7604391,"gate_40",128,TRUE,FALSE
7604398,"gate_30",51,TRUE,FALSE
7604509,"gate_30",1,FALSE,FALSE
7604578,"gate_40",35,TRUE,FALSE
7604684,"gate_30",4,FALSE,FALSE
7604907,"gate_30",3,FALSE,FALSE
7605217,"gate_40",2,FALSE,FALSE
7605225,"gate_40",4,FALSE,FALSE
7605482,"gate_30",5,FALSE,FALSE
7605573,"gate_30",63,TRUE,TRUE
7605624,"gate_30",59,TRUE,TRUE
7605663,"gate_40",31,TRUE,FALSE
7605684,"gate_40",35,TRUE,FALSE
7605805,"gate_30",16,FALSE,FALSE
7606051,"gate_30",7,TRUE,FALSE
7606496,"gate_30",4,FALSE,FALSE
7606572,"gate_30",0,FALSE,FALSE
7606642,"gate_30",8,FALSE,FALSE
7606703,"gate_40",17,TRUE,FALSE
7606712,"gate_40",37,TRUE,FALSE
7606847,"gate_30",3,FALSE,FALSE
7606913,"gate_40",4,FALSE,FALSE
7606932,"gate_40",43,FALSE,FALSE
7607139,"gate_30",0,FALSE,FALSE
7607197,"gate_30",16,TRUE,FALSE
7607450,"gate_40",103,TRUE,TRUE
7607503,"gate_40",88,TRUE,FALSE
7607562,"gate_40",17,FALSE,FALSE
7607632,"gate_30",12,FALSE,FALSE
7607774,"gate_40",2,FALSE,FALSE
7607998,"gate_30",16,TRUE,FALSE
7608072,"gate_30",11,FALSE,FALSE
7608532,"gate_40",267,TRUE,TRUE
7608893,"gate_40",0,FALSE,FALSE
7609310,"gate_30",200,TRUE,TRUE
7609315,"gate_30",25,TRUE,FALSE
7609341,"gate_30",7,FALSE,FALSE
7609621,"gate_40",52,TRUE,TRUE
7609900,"gate_30",347,TRUE,TRUE
7610000,"gate_30",192,TRUE,TRUE
7610019,"gate_30",14,FALSE,FALSE
7610060,"gate_40",3,FALSE,FALSE
7610106,"gate_30",3,FALSE,FALSE
7610113,"gate_30",63,FALSE,TRUE
7610231,"gate_30",18,TRUE,FALSE
7610356,"gate_30",34,TRUE,FALSE
7610737,"gate_30",1,FALSE,TRUE
7610865,"gate_40",8,FALSE,TRUE
7610883,"gate_40",1,FALSE,FALSE
7610899,"gate_40",4,FALSE,FALSE
7610940,"gate_30",3,FALSE,FALSE
7610973,"gate_30",37,TRUE,FALSE
7611128,"gate_40",5,FALSE,FALSE
7611246,"gate_30",19,TRUE,FALSE
7611366,"gate_40",17,TRUE,FALSE
7611479,"gate_40",1,FALSE,FALSE
7611506,"gate_30",7,TRUE,TRUE
7611546,"gate_30",5,TRUE,FALSE
7611573,"gate_30",2,FALSE,FALSE
7611608,"gate_40",34,TRUE,TRUE
7611682,"gate_40",4,FALSE,FALSE
7611847,"gate_30",10,FALSE,FALSE
7611860,"gate_30",59,TRUE,FALSE
7611877,"gate_30",14,FALSE,TRUE
7611878,"gate_30",15,TRUE,FALSE
7612178,"gate_40",26,FALSE,FALSE
7612323,"gate_40",153,TRUE,TRUE
7612352,"gate_40",65,TRUE,FALSE
7612372,"gate_30",0,FALSE,FALSE
7612995,"gate_40",5,FALSE,FALSE
7613105,"gate_30",200,TRUE,TRUE
7613132,"gate_30",112,TRUE,TRUE
7613173,"gate_40",82,TRUE,FALSE
7613363,"gate_40",162,TRUE,TRUE
7613506,"gate_30",5,FALSE,FALSE
7613783,"gate_30",71,TRUE,FALSE
7613808,"gate_30",0,FALSE,FALSE
7613948,"gate_40",4,FALSE,FALSE
7613999,"gate_30",1,FALSE,FALSE
7614517,"gate_30",458,TRUE,TRUE
7614558,"gate_40",1,FALSE,FALSE
7614635,"gate_40",20,TRUE,FALSE
7614704,"gate_40",13,FALSE,FALSE
7614814,"gate_30",3,FALSE,FALSE
7615035,"gate_30",3,FALSE,FALSE
7615133,"gate_40",2,FALSE,FALSE
7615437,"gate_30",3,FALSE,FALSE
7615515,"gate_40",215,TRUE,TRUE
7615591,"gate_30",34,FALSE,FALSE
7615749,"gate_40",516,TRUE,TRUE
7615823,"gate_40",15,FALSE,FALSE
7615859,"gate_30",23,TRUE,FALSE
7615903,"gate_40",11,FALSE,FALSE
7616043,"gate_30",8,FALSE,FALSE
7616064,"gate_30",22,TRUE,FALSE
7616275,"gate_30",10,FALSE,FALSE
7616288,"gate_40",78,TRUE,TRUE
7616342,"gate_40",0,FALSE,FALSE
7616369,"gate_30",269,TRUE,TRUE
7616432,"gate_30",1,FALSE,FALSE
7616524,"gate_30",35,TRUE,FALSE
7616627,"gate_30",6,FALSE,FALSE
7616694,"gate_40",17,FALSE,FALSE
7616822,"gate_40",65,TRUE,FALSE
7617416,"gate_40",5,FALSE,FALSE
7617443,"gate_40",28,TRUE,FALSE
7617551,"gate_30",4,FALSE,FALSE
7617884,"gate_30",41,TRUE,FALSE
7618100,"gate_40",23,FALSE,FALSE
7618126,"gate_40",4,FALSE,FALSE
7618293,"gate_40",18,TRUE,FALSE
7618324,"gate_30",13,FALSE,FALSE
7618510,"gate_40",7,FALSE,FALSE
7618605,"gate_30",61,TRUE,FALSE
7618798,"gate_30",23,FALSE,TRUE
7618808,"gate_30",3,FALSE,FALSE
7618857,"gate_30",218,TRUE,FALSE
7618894,"gate_30",33,TRUE,FALSE
7619026,"gate_30",0,FALSE,FALSE
7619075,"gate_40",255,TRUE,FALSE
7619124,"gate_40",5,FALSE,FALSE
7619143,"gate_40",0,FALSE,FALSE
7619509,"gate_30",191,TRUE,FALSE
7619558,"gate_40",199,TRUE,TRUE
7619601,"gate_30",0,FALSE,FALSE
7619682,"gate_30",6,FALSE,FALSE
7619772,"gate_30",19,FALSE,FALSE
7619783,"gate_40",32,TRUE,FALSE
7619791,"gate_30",0,FALSE,FALSE
7620062,"gate_40",62,TRUE,TRUE
7620119,"gate_30",0,FALSE,FALSE
7620125,"gate_40",47,TRUE,FALSE
7620161,"gate_30",15,TRUE,FALSE
7620226,"gate_30",21,TRUE,FALSE
7620373,"gate_40",241,TRUE,TRUE
7620397,"gate_30",26,FALSE,FALSE
7620550,"gate_40",152,TRUE,FALSE
7620557,"gate_30",215,TRUE,TRUE
7620750,"gate_30",81,TRUE,TRUE
7620932,"gate_40",7,FALSE,FALSE
7620961,"gate_40",6,FALSE,FALSE
7621293,"gate_30",1,FALSE,FALSE
7621406,"gate_40",24,TRUE,TRUE
7621595,"gate_30",32,TRUE,TRUE
7621699,"gate_40",23,TRUE,FALSE
7621920,"gate_40",21,FALSE,FALSE
7621943,"gate_40",5,FALSE,FALSE
7621950,"gate_40",17,FALSE,FALSE
7621995,"gate_30",12,TRUE,FALSE
7622013,"gate_30",41,TRUE,FALSE
7622116,"gate_40",243,TRUE,TRUE
7622135,"gate_30",13,TRUE,FALSE
7622196,"gate_30",6,FALSE,FALSE
7622202,"gate_30",137,TRUE,TRUE
7622236,"gate_30",28,TRUE,FALSE
7622403,"gate_30",34,FALSE,FALSE
7622693,"gate_30",18,TRUE,FALSE
7622928,"gate_30",5,TRUE,FALSE
7623006,"gate_30",46,TRUE,FALSE
7623232,"gate_30",41,FALSE,FALSE
7623422,"gate_40",1,FALSE,FALSE
7623457,"gate_30",5,FALSE,FALSE
7623586,"gate_30",4,TRUE,FALSE
7623595,"gate_40",87,FALSE,FALSE
7623790,"gate_40",66,TRUE,FALSE
7623858,"gate_40",44,TRUE,FALSE
7624114,"gate_30",1,FALSE,FALSE
7624194,"gate_30",24,TRUE,FALSE
7624401,"gate_30",90,TRUE,FALSE
7624547,"gate_40",3,FALSE,FALSE
7624896,"gate_40",6,FALSE,FALSE
7624916,"gate_40",2,FALSE,FALSE
7625061,"gate_40",15,TRUE,FALSE
7625091,"gate_40",35,TRUE,FALSE
7625115,"gate_30",53,TRUE,TRUE
7625300,"gate_30",2,FALSE,FALSE
7625817,"gate_30",52,FALSE,FALSE
7626157,"gate_30",67,FALSE,FALSE
7626353,"gate_30",18,TRUE,FALSE
7626503,"gate_40",1,FALSE,FALSE
7626533,"gate_40",19,FALSE,FALSE
7626542,"gate_40",47,TRUE,FALSE
7626583,"gate_40",121,TRUE,TRUE
7626598,"gate_40",227,TRUE,TRUE
7626679,"gate_30",46,TRUE,FALSE
7627052,"gate_30",7,FALSE,FALSE
7627238,"gate_30",7,FALSE,FALSE
7627382,"gate_30",14,TRUE,TRUE
7627497,"gate_30",12,TRUE,FALSE
7627621,"gate_40",5,FALSE,FALSE
7627653,"gate_40",11,FALSE,FALSE
7627693,"gate_30",5,FALSE,FALSE
7627775,"gate_40",8,TRUE,FALSE
7627947,"gate_40",12,FALSE,FALSE
7628090,"gate_40",6,FALSE,FALSE
7628237,"gate_30",5,FALSE,FALSE
7628241,"gate_40",6,FALSE,FALSE
7628560,"gate_30",216,TRUE,TRUE
7628632,"gate_30",219,TRUE,TRUE
7628703,"gate_40",34,TRUE,FALSE
7628873,"gate_30",2,FALSE,FALSE
7628949,"gate_40",7,FALSE,FALSE
7628989,"gate_30",13,FALSE,FALSE
7629010,"gate_40",126,TRUE,TRUE
7629136,"gate_30",218,TRUE,FALSE
7629142,"gate_30",29,FALSE,FALSE
7629219,"gate_30",12,TRUE,FALSE
7629358,"gate_40",10,TRUE,FALSE
7629405,"gate_40",6,FALSE,FALSE
7629436,"gate_40",11,FALSE,FALSE
7629457,"gate_30",11,TRUE,FALSE
7629723,"gate_40",8,TRUE,FALSE
7629981,"gate_30",257,TRUE,TRUE
7629995,"gate_30",9,FALSE,FALSE
7630001,"gate_30",117,TRUE,TRUE
7630013,"gate_40",22,TRUE,TRUE
7630441,"gate_40",16,FALSE,TRUE
7630548,"gate_40",10,FALSE,FALSE
7630576,"gate_30",18,FALSE,FALSE
7630615,"gate_30",2,FALSE,FALSE
7630639,"gate_30",24,TRUE,FALSE
7630698,"gate_40",1,FALSE,FALSE
7630861,"gate_30",52,TRUE,TRUE
7631035,"gate_30",7,FALSE,FALSE
7631036,"gate_40",7,FALSE,FALSE
7631058,"gate_30",9,FALSE,FALSE
7631328,"gate_30",25,FALSE,FALSE
7631487,"gate_40",151,TRUE,FALSE
7631664,"gate_30",45,TRUE,TRUE
7631824,"gate_30",1,FALSE,FALSE
7631832,"gate_30",83,FALSE,FALSE
7631849,"gate_30",40,TRUE,FALSE
7632156,"gate_40",14,FALSE,FALSE
7632196,"gate_30",20,TRUE,FALSE
7632569,"gate_30",9,FALSE,FALSE
7632589,"gate_40",30,TRUE,FALSE
7632630,"gate_40",5,FALSE,FALSE
7632977,"gate_40",0,FALSE,FALSE
7633006,"gate_40",106,TRUE,FALSE
7633032,"gate_40",272,TRUE,TRUE
7633075,"gate_30",8,FALSE,FALSE
7633120,"gate_40",6,FALSE,FALSE
7633140,"gate_30",84,TRUE,FALSE
7633162,"gate_30",1,TRUE,FALSE
7633226,"gate_40",2,FALSE,FALSE
7633436,"gate_30",58,TRUE,FALSE
7633469,"gate_30",38,TRUE,FALSE
7633593,"gate_40",22,FALSE,FALSE
7633702,"gate_40",15,TRUE,FALSE
7633749,"gate_30",1,FALSE,FALSE
7633807,"gate_40",5,FALSE,FALSE
7633845,"gate_40",14,FALSE,TRUE
7633860,"gate_40",50,TRUE,FALSE
7633884,"gate_30",46,TRUE,FALSE
7634006,"gate_30",173,TRUE,TRUE
7634017,"gate_40",9,TRUE,FALSE
7634123,"gate_40",0,FALSE,FALSE
7634137,"gate_30",1,FALSE,FALSE
7634157,"gate_30",13,TRUE,FALSE
7634373,"gate_40",33,TRUE,TRUE
7634899,"gate_40",10,TRUE,FALSE
7635081,"gate_40",307,TRUE,TRUE
7635254,"gate_40",3,FALSE,FALSE
7635299,"gate_40",221,TRUE,TRUE
7635398,"gate_30",23,TRUE,TRUE
7635521,"gate_30",14,TRUE,FALSE
7635554,"gate_30",128,TRUE,TRUE
7635706,"gate_40",12,TRUE,FALSE
7635722,"gate_40",90,TRUE,TRUE
7635871,"gate_40",19,FALSE,FALSE
7635945,"gate_40",0,FALSE,FALSE
7636026,"gate_40",7,FALSE,FALSE
7636032,"gate_30",79,TRUE,FALSE
7636133,"gate_40",273,TRUE,TRUE
7636214,"gate_30",120,TRUE,FALSE
7636276,"gate_30",2,FALSE,FALSE
7636553,"gate_30",22,TRUE,FALSE
7636647,"gate_30",31,TRUE,FALSE
7636701,"gate_40",9,FALSE,FALSE
7636777,"gate_40",180,TRUE,FALSE
7636886,"gate_40",166,TRUE,TRUE
7636897,"gate_40",2,FALSE,FALSE
7636922,"gate_40",0,FALSE,FALSE
7636933,"gate_40",27,TRUE,FALSE
7637092,"gate_30",45,TRUE,TRUE
7637126,"gate_40",4,FALSE,FALSE
7637279,"gate_30",36,TRUE,FALSE
7637381,"gate_40",4,FALSE,FALSE
7637445,"gate_30",42,FALSE,FALSE
7637528,"gate_30",49,TRUE,FALSE
7637553,"gate_30",1,FALSE,FALSE
7637614,"gate_30",17,TRUE,FALSE
7637634,"gate_40",141,TRUE,TRUE
7637762,"gate_30",5,FALSE,FALSE
7637902,"gate_30",83,TRUE,FALSE
7638134,"gate_30",22,TRUE,FALSE
7638147,"gate_40",93,TRUE,FALSE
7638795,"gate_40",69,TRUE,FALSE
7638832,"gate_40",2,FALSE,FALSE
7639683,"gate_40",37,FALSE,FALSE
7639848,"gate_40",1,FALSE,FALSE
7639857,"gate_40",715,TRUE,TRUE
7639890,"gate_40",107,TRUE,TRUE
7639900,"gate_30",14,TRUE,FALSE
7639935,"gate_40",20,TRUE,FALSE
7640053,"gate_40",21,TRUE,TRUE
7640123,"gate_40",78,TRUE,FALSE
7640193,"gate_30",227,TRUE,TRUE
7640382,"gate_40",6,FALSE,FALSE
7640398,"gate_30",8,FALSE,TRUE
7640579,"gate_30",11,FALSE,FALSE
7640635,"gate_30",16,FALSE,TRUE
7640661,"gate_40",13,FALSE,FALSE
7640703,"gate_40",21,TRUE,FALSE
7640736,"gate_40",2,FALSE,FALSE
7640767,"gate_30",3,FALSE,FALSE
7641055,"gate_40",15,FALSE,FALSE
7641277,"gate_30",4,FALSE,FALSE
7641281,"gate_40",4,FALSE,FALSE
7641300,"gate_30",17,TRUE,FALSE
7641319,"gate_40",96,TRUE,TRUE
7641488,"gate_30",22,FALSE,FALSE
7641557,"gate_30",1,FALSE,FALSE
7641711,"gate_40",82,TRUE,FALSE
7641942,"gate_30",2,FALSE,FALSE
7642266,"gate_40",22,TRUE,FALSE
7642585,"gate_40",4,FALSE,FALSE
7642726,"gate_30",101,TRUE,FALSE
7642752,"gate_30",5,FALSE,FALSE
7642820,"gate_40",11,TRUE,TRUE
7643028,"gate_30",279,TRUE,TRUE
7643337,"gate_40",32,TRUE,FALSE
7643710,"gate_40",5,FALSE,FALSE
7643852,"gate_30",2,FALSE,FALSE
7644215,"gate_30",3,FALSE,FALSE
7644252,"gate_30",11,TRUE,FALSE
7644278,"gate_40",8,FALSE,FALSE
7644313,"gate_30",20,FALSE,FALSE
7644357,"gate_30",3,FALSE,FALSE
7644413,"gate_40",64,TRUE,FALSE
7644774,"gate_40",22,TRUE,FALSE
7644784,"gate_40",50,TRUE,FALSE
7644791,"gate_40",108,TRUE,FALSE
7644797,"gate_40",9,FALSE,FALSE
7644818,"gate_30",4,FALSE,FALSE
7644826,"gate_30",8,FALSE,FALSE
7644928,"gate_40",3,FALSE,FALSE
7645189,"gate_30",1,FALSE,FALSE
7645236,"gate_40",5,FALSE,FALSE
7645296,"gate_40",3,FALSE,FALSE
7645381,"gate_30",25,FALSE,FALSE
7645520,"gate_40",12,TRUE,FALSE
7645561,"gate_30",1,FALSE,FALSE
7645737,"gate_40",4,FALSE,FALSE
7645795,"gate_40",5,FALSE,FALSE
7645909,"gate_30",21,FALSE,FALSE
7646267,"gate_30",84,TRUE,TRUE
7646288,"gate_30",513,TRUE,TRUE
7646655,"gate_30",9,FALSE,FALSE
7646779,"gate_30",8,TRUE,FALSE
7646888,"gate_40",47,TRUE,FALSE
7646942,"gate_30",42,TRUE,FALSE
7646960,"gate_30",534,TRUE,TRUE
7646991,"gate_30",8,FALSE,FALSE
7647031,"gate_40",35,TRUE,TRUE
7647121,"gate_30",8,FALSE,FALSE
7647162,"gate_40",129,TRUE,FALSE
7647304,"gate_40",205,TRUE,TRUE
7647322,"gate_40",13,FALSE,FALSE
7647387,"gate_40",0,FALSE,FALSE
7647626,"gate_40",23,TRUE,FALSE
7647702,"gate_40",105,FALSE,FALSE
7647780,"gate_40",18,FALSE,FALSE
7647999,"gate_40",18,FALSE,FALSE
7648080,"gate_40",12,FALSE,FALSE
7648319,"gate_40",16,TRUE,FALSE
7648500,"gate_40",4,TRUE,FALSE
7648523,"gate_40",15,FALSE,FALSE
7648597,"gate_30",121,TRUE,TRUE
7648718,"gate_30",158,TRUE,FALSE
7648757,"gate_40",1,FALSE,FALSE
7648809,"gate_40",298,TRUE,TRUE
7648811,"gate_40",14,FALSE,FALSE
7648963,"gate_30",111,TRUE,TRUE
7649160,"gate_40",66,FALSE,FALSE
7649301,"gate_40",0,FALSE,FALSE
7649347,"gate_40",9,FALSE,FALSE
7649618,"gate_40",18,FALSE,FALSE
7649670,"gate_40",550,TRUE,TRUE
7649882,"gate_30",19,TRUE,FALSE
7649937,"gate_30",10,TRUE,FALSE
7650101,"gate_30",3,FALSE,FALSE
7650136,"gate_30",66,TRUE,FALSE
7650192,"gate_30",6,TRUE,FALSE
7650232,"gate_40",31,FALSE,FALSE
7650280,"gate_40",12,TRUE,FALSE
7650298,"gate_40",4,FALSE,FALSE
7650315,"gate_40",5,FALSE,FALSE
7650337,"gate_30",16,TRUE,FALSE
7650360,"gate_40",135,TRUE,FALSE
7650427,"gate_40",63,FALSE,TRUE
7650469,"gate_30",1,FALSE,FALSE
7650699,"gate_40",610,TRUE,TRUE
7650942,"gate_30",32,TRUE,FALSE
7651088,"gate_40",31,FALSE,FALSE
7651215,"gate_30",3,FALSE,FALSE
7651388,"gate_40",3,FALSE,FALSE
7651428,"gate_30",4,FALSE,FALSE
7651475,"gate_40",5,FALSE,FALSE
7651714,"gate_40",74,TRUE,FALSE
7651900,"gate_30",14,FALSE,FALSE
7652173,"gate_40",3,FALSE,FALSE
7652266,"gate_40",11,FALSE,FALSE
7652340,"gate_40",8,FALSE,FALSE
7652783,"gate_40",15,TRUE,FALSE
7652817,"gate_40",7,FALSE,FALSE
7652862,"gate_40",1,FALSE,FALSE
7653255,"gate_30",9,FALSE,FALSE
7653278,"gate_40",34,TRUE,FALSE
7653381,"gate_30",45,FALSE,FALSE
7653385,"gate_30",43,TRUE,FALSE
7653437,"gate_30",52,TRUE,FALSE
7653450,"gate_30",47,TRUE,FALSE
7653495,"gate_40",2,FALSE,FALSE
7653597,"gate_30",20,FALSE,FALSE
7653631,"gate_30",12,FALSE,FALSE
7653662,"gate_40",16,FALSE,FALSE
7653679,"gate_30",7,TRUE,FALSE
7653754,"gate_40",79,FALSE,TRUE
7653778,"gate_30",268,TRUE,TRUE
7653860,"gate_40",150,TRUE,TRUE
7653888,"gate_30",6,FALSE,FALSE
7654179,"gate_30",7,FALSE,FALSE
7654225,"gate_30",18,TRUE,FALSE
7654270,"gate_40",325,TRUE,TRUE
7654280,"gate_30",0,FALSE,FALSE
7654367,"gate_40",287,TRUE,TRUE
7654748,"gate_30",26,TRUE,FALSE
7654821,"gate_40",7,FALSE,FALSE
7654967,"gate_40",9,TRUE,FALSE
7655028,"gate_30",67,TRUE,FALSE
7655060,"gate_30",1,FALSE,FALSE
7655121,"gate_40",151,TRUE,TRUE
7655344,"gate_40",20,FALSE,FALSE
7655347,"gate_30",3,TRUE,FALSE
7655512,"gate_40",11,FALSE,FALSE
7655696,"gate_40",4,FALSE,FALSE
7655796,"gate_30",6,FALSE,FALSE
7655902,"gate_30",3,FALSE,FALSE
7655907,"gate_30",1,FALSE,FALSE
7656063,"gate_40",151,TRUE,FALSE
7656103,"gate_40",29,TRUE,FALSE
7656145,"gate_40",32,TRUE,FALSE
7656148,"gate_30",0,FALSE,FALSE
7656318,"gate_30",16,TRUE,FALSE
7656366,"gate_30",58,TRUE,FALSE
7656609,"gate_30",79,TRUE,FALSE
7656671,"gate_30",7,FALSE,FALSE
7656689,"gate_30",180,TRUE,TRUE
7656692,"gate_40",121,TRUE,TRUE
7656698,"gate_30",2,FALSE,FALSE
7656701,"gate_30",35,TRUE,FALSE
7656918,"gate_40",40,TRUE,FALSE
7656929,"gate_40",8,FALSE,FALSE
7657583,"gate_30",14,FALSE,FALSE
7657641,"gate_30",3,FALSE,FALSE
7657724,"gate_40",1,FALSE,FALSE
7657748,"gate_30",26,FALSE,FALSE
7657812,"gate_30",15,FALSE,FALSE
7657839,"gate_30",6,FALSE,FALSE
7657956,"gate_40",17,FALSE,FALSE
7658087,"gate_30",2,FALSE,FALSE
7658174,"gate_30",4,FALSE,FALSE
7658190,"gate_30",0,FALSE,FALSE
7658191,"gate_30",42,FALSE,TRUE
7658216,"gate_30",9,TRUE,FALSE
7658274,"gate_40",18,FALSE,FALSE
7658285,"gate_40",324,TRUE,TRUE
7658486,"gate_40",48,FALSE,FALSE
7658541,"gate_40",16,FALSE,FALSE
7658725,"gate_40",4,FALSE,FALSE
7658753,"gate_40",3,FALSE,FALSE
7658882,"gate_40",10,TRUE,FALSE
7658923,"gate_40",13,FALSE,FALSE
7658954,"gate_30",6,FALSE,FALSE
7659092,"gate_30",8,FALSE,FALSE
7659327,"gate_30",31,TRUE,FALSE
7659744,"gate_30",8,FALSE,FALSE
7660017,"gate_30",27,FALSE,FALSE
7660045,"gate_30",53,TRUE,FALSE
7660170,"gate_30",6,FALSE,FALSE
7660195,"gate_30",48,TRUE,FALSE
7660245,"gate_40",16,FALSE,FALSE
7660306,"gate_30",34,TRUE,FALSE
7660387,"gate_30",52,FALSE,FALSE
7660630,"gate_30",4,FALSE,FALSE
7660814,"gate_40",114,FALSE,TRUE
7660847,"gate_40",80,TRUE,TRUE
7661098,"gate_40",14,FALSE,FALSE
7661106,"gate_30",13,TRUE,FALSE
7661145,"gate_30",27,FALSE,FALSE
7661570,"gate_30",308,FALSE,FALSE
7661692,"gate_30",12,TRUE,FALSE
7661725,"gate_40",3,FALSE,FALSE
7661844,"gate_30",7,TRUE,TRUE
7662120,"gate_40",19,TRUE,FALSE
7662273,"gate_40",187,TRUE,TRUE
7662388,"gate_30",210,TRUE,FALSE
7662394,"gate_30",13,FALSE,FALSE
7662421,"gate_40",0,FALSE,FALSE
7663081,"gate_40",32,FALSE,FALSE
7663189,"gate_40",62,TRUE,FALSE
7663267,"gate_40",4,FALSE,FALSE
7663367,"gate_40",27,TRUE,FALSE
7663411,"gate_40",21,TRUE,FALSE
7663436,"gate_30",174,TRUE,TRUE
7663451,"gate_30",3,FALSE,FALSE
7663709,"gate_40",4,FALSE,FALSE
7663742,"gate_30",17,TRUE,FALSE
7663916,"gate_30",22,TRUE,FALSE
7663951,"gate_40",48,TRUE,TRUE
7664117,"gate_40",334,TRUE,TRUE
7664214,"gate_30",38,TRUE,FALSE
7664486,"gate_40",20,TRUE,FALSE
7664514,"gate_30",58,TRUE,TRUE
7664528,"gate_30",16,TRUE,FALSE
7664628,"gate_40",70,TRUE,TRUE
7664758,"gate_40",20,TRUE,FALSE
7664868,"gate_30",13,FALSE,TRUE
7664964,"gate_30",4,FALSE,FALSE
7665000,"gate_40",57,TRUE,FALSE
7665013,"gate_30",4,FALSE,FALSE
7665101,"gate_30",2,FALSE,FALSE
7665122,"gate_30",70,FALSE,FALSE
7665141,"gate_30",16,FALSE,FALSE
7665233,"gate_30",5,FALSE,FALSE
7665822,"gate_30",10,TRUE,FALSE
7665988,"gate_40",16,TRUE,FALSE
7666135,"gate_30",170,TRUE,TRUE
7666193,"gate_40",6,FALSE,FALSE
7666268,"gate_40",32,TRUE,FALSE
7666438,"gate_30",226,TRUE,TRUE
7666813,"gate_30",135,TRUE,FALSE
7666921,"gate_30",13,FALSE,FALSE
7667068,"gate_40",21,TRUE,FALSE
7667125,"gate_40",1,FALSE,FALSE
7667214,"gate_40",16,TRUE,FALSE
7667227,"gate_40",25,FALSE,FALSE
7667703,"gate_40",1,FALSE,FALSE
7667807,"gate_40",0,FALSE,FALSE
7667936,"gate_30",30,TRUE,FALSE
7667983,"gate_30",12,TRUE,FALSE
7668021,"gate_30",12,FALSE,FALSE
7668094,"gate_30",4,TRUE,FALSE
7668159,"gate_30",553,TRUE,TRUE
7668286,"gate_40",606,TRUE,TRUE
7668492,"gate_40",18,FALSE,FALSE
7668510,"gate_30",6,FALSE,FALSE
7668712,"gate_40",8,TRUE,FALSE
7668720,"gate_40",19,FALSE,FALSE
7668904,"gate_30",16,FALSE,FALSE
7669091,"gate_30",55,TRUE,FALSE
7669144,"gate_40",1,FALSE,FALSE
7669205,"gate_40",91,TRUE,TRUE
7669356,"gate_40",10,FALSE,TRUE
7669473,"gate_40",80,TRUE,TRUE
7669565,"gate_40",77,FALSE,TRUE
7669637,"gate_30",6,TRUE,FALSE
7669907,"gate_40",119,TRUE,TRUE
7670054,"gate_40",1,FALSE,FALSE
7670088,"gate_40",6,FALSE,FALSE
7670122,"gate_40",9,FALSE,FALSE
7670189,"gate_30",4,FALSE,FALSE
7670225,"gate_30",22,FALSE,FALSE
7670284,"gate_40",3,FALSE,FALSE
7670419,"gate_30",11,FALSE,FALSE
7670492,"gate_40",60,FALSE,FALSE
7670667,"gate_40",9,FALSE,FALSE
7670720,"gate_40",87,TRUE,FALSE
7670874,"gate_40",2,FALSE,FALSE
7670906,"gate_40",9,FALSE,FALSE
7671000,"gate_30",28,TRUE,FALSE
7671005,"gate_30",140,TRUE,TRUE
7671215,"gate_40",9,FALSE,FALSE
7671428,"gate_30",18,FALSE,FALSE
7671666,"gate_30",61,TRUE,FALSE
7671691,"gate_30",3,FALSE,FALSE
7671738,"gate_30",3,FALSE,FALSE
7671743,"gate_30",6,FALSE,FALSE
7672124,"gate_40",29,FALSE,FALSE
7672156,"gate_30",27,TRUE,FALSE
7672204,"gate_30",17,TRUE,FALSE
7672250,"gate_30",149,TRUE,TRUE
7672338,"gate_30",40,TRUE,FALSE
7672357,"gate_40",1,TRUE,FALSE
7672373,"gate_30",1,FALSE,FALSE
7672521,"gate_30",164,TRUE,FALSE
7672785,"gate_30",47,FALSE,FALSE
7672786,"gate_30",1,FALSE,FALSE
7672796,"gate_30",2,FALSE,FALSE
7672834,"gate_40",9,FALSE,FALSE
7672854,"gate_40",1,FALSE,FALSE
7672890,"gate_40",176,TRUE,FALSE
7672914,"gate_40",10,TRUE,FALSE
7672918,"gate_30",99,TRUE,FALSE
7673031,"gate_40",1,FALSE,FALSE
7673166,"gate_40",17,TRUE,FALSE
7673378,"gate_40",0,FALSE,FALSE
7673617,"gate_40",74,TRUE,FALSE
7673658,"gate_40",0,FALSE,FALSE
7673702,"gate_30",1,FALSE,FALSE
7673798,"gate_40",20,FALSE,FALSE
7673885,"gate_30",77,TRUE,FALSE
7673929,"gate_30",7,FALSE,FALSE
7673958,"gate_40",24,TRUE,FALSE
7673967,"gate_40",23,TRUE,FALSE
7674047,"gate_40",12,FALSE,FALSE
7674198,"gate_30",5,FALSE,FALSE
7674232,"gate_40",10,TRUE,FALSE
7674275,"gate_40",4,FALSE,FALSE
7674324,"gate_40",138,FALSE,TRUE
7674550,"gate_30",1079,TRUE,TRUE
7674620,"gate_40",37,FALSE,FALSE
7674628,"gate_30",91,TRUE,FALSE
7674706,"gate_30",58,TRUE,FALSE
7675020,"gate_40",104,TRUE,TRUE
7675111,"gate_30",11,FALSE,FALSE
7675275,"gate_40",81,TRUE,FALSE
7675852,"gate_40",7,TRUE,FALSE
7675971,"gate_40",3,FALSE,FALSE
7676056,"gate_40",30,TRUE,FALSE
7676136,"gate_40",91,TRUE,FALSE
7676272,"gate_30",2,FALSE,FALSE
7676336,"gate_40",1,FALSE,FALSE
7676742,"gate_40",5,FALSE,FALSE
7676784,"gate_30",8,FALSE,FALSE
7676842,"gate_40",64,TRUE,FALSE
7676870,"gate_30",335,TRUE,TRUE
7677007,"gate_40",103,TRUE,TRUE
7677226,"gate_30",5,FALSE,FALSE
7677556,"gate_40",23,TRUE,FALSE
7677574,"gate_40",9,TRUE,FALSE
7677629,"gate_30",14,FALSE,FALSE
7677854,"gate_30",339,TRUE,TRUE
7677997,"gate_40",77,TRUE,TRUE
7678216,"gate_40",1,TRUE,FALSE
7678240,"gate_30",47,TRUE,FALSE
7678310,"gate_40",21,TRUE,FALSE
7678585,"gate_30",32,FALSE,FALSE
7678642,"gate_30",40,TRUE,FALSE
7678744,"gate_30",0,TRUE,FALSE
7679119,"gate_40",2,FALSE,FALSE
7679197,"gate_30",9,TRUE,FALSE
7679212,"gate_30",79,FALSE,TRUE
7679488,"gate_40",112,TRUE,TRUE
7679650,"gate_40",56,FALSE,TRUE
7679657,"gate_40",4,FALSE,FALSE
7679742,"gate_40",9,FALSE,FALSE
7679787,"gate_30",7,FALSE,FALSE
7680208,"gate_40",158,TRUE,FALSE
7680533,"gate_40",7,FALSE,FALSE
7680676,"gate_30",25,FALSE,FALSE
7680770,"gate_30",1,FALSE,FALSE
7680818,"gate_40",3,FALSE,FALSE
7680824,"gate_40",51,TRUE,FALSE
7680879,"gate_30",46,FALSE,FALSE
7680891,"gate_30",12,FALSE,FALSE
7681104,"gate_30",90,TRUE,FALSE
7681122,"gate_30",1,FALSE,FALSE
7681267,"gate_30",11,FALSE,FALSE
7681540,"gate_40",0,FALSE,FALSE
7681561,"gate_40",1,FALSE,FALSE
7681587,"gate_30",71,FALSE,FALSE
7681624,"gate_40",8,FALSE,FALSE
7681631,"gate_40",2,FALSE,FALSE
7681632,"gate_40",21,TRUE,FALSE
7681704,"gate_30",1,FALSE,FALSE
7681854,"gate_30",87,FALSE,TRUE
7681886,"gate_30",285,TRUE,TRUE
7681990,"gate_40",0,FALSE,FALSE
7682047,"gate_30",20,TRUE,FALSE
7682086,"gate_30",213,TRUE,TRUE
7682359,"gate_30",6,FALSE,FALSE
7682415,"gate_30",39,FALSE,FALSE
7682589,"gate_30",33,TRUE,FALSE
7682628,"gate_30",6,FALSE,FALSE
7682703,"gate_30",3,FALSE,FALSE
7683004,"gate_30",16,FALSE,FALSE
7683345,"gate_30",116,TRUE,FALSE
7683407,"gate_40",29,TRUE,FALSE
7683504,"gate_40",21,TRUE,FALSE
7683523,"gate_40",10,FALSE,FALSE
7683612,"gate_40",28,FALSE,FALSE
7683658,"gate_30",928,TRUE,TRUE
7683707,"gate_40",59,FALSE,TRUE
7683821,"gate_30",82,TRUE,TRUE
7684072,"gate_30",45,TRUE,FALSE
7684085,"gate_30",23,TRUE,FALSE
7684132,"gate_30",29,FALSE,FALSE
7684350,"gate_30",36,TRUE,FALSE
7684479,"gate_40",1,FALSE,FALSE
7684685,"gate_40",5,TRUE,FALSE
7684735,"gate_30",103,TRUE,FALSE
7684834,"gate_30",93,TRUE,FALSE
7684925,"gate_30",7,FALSE,FALSE
7684990,"gate_30",620,TRUE,TRUE
7685008,"gate_30",31,TRUE,FALSE
7685051,"gate_40",18,FALSE,FALSE
7685060,"gate_40",3,FALSE,FALSE
7685082,"gate_30",3,FALSE,FALSE
7685178,"gate_30",52,TRUE,TRUE
7685277,"gate_40",25,FALSE,TRUE
7685582,"gate_40",1,FALSE,FALSE
7685626,"gate_40",100,TRUE,TRUE
7685688,"gate_30",137,FALSE,TRUE
7685695,"gate_30",2,FALSE,FALSE
7685755,"gate_30",7,FALSE,FALSE
7685772,"gate_30",2,FALSE,FALSE
7685887,"gate_40",8,FALSE,TRUE
7685944,"gate_40",6,FALSE,FALSE
7686121,"gate_30",144,TRUE,FALSE
7686195,"gate_30",4,TRUE,TRUE
7686204,"gate_40",13,TRUE,FALSE
7686269,"gate_40",47,FALSE,FALSE
7686456,"gate_40",6,FALSE,FALSE
7686616,"gate_30",13,FALSE,FALSE
7686691,"gate_40",9,FALSE,FALSE
7686738,"gate_30",38,FALSE,FALSE
7686796,"gate_30",10,FALSE,FALSE
7686933,"gate_40",5,FALSE,FALSE
7686946,"gate_30",283,TRUE,TRUE
7687050,"gate_30",420,TRUE,TRUE
7687310,"gate_40",6,FALSE,FALSE
7687368,"gate_40",8,FALSE,FALSE
7687418,"gate_30",0,FALSE,FALSE
7687504,"gate_30",5,FALSE,FALSE
7687586,"gate_30",10,FALSE,FALSE
7687590,"gate_30",58,TRUE,TRUE
7687652,"gate_30",6,FALSE,FALSE
7687707,"gate_40",122,TRUE,FALSE
7687818,"gate_40",27,TRUE,FALSE
7687933,"gate_40",10,FALSE,FALSE
7688183,"gate_40",1,FALSE,FALSE
7688194,"gate_30",11,TRUE,FALSE
7688198,"gate_40",23,TRUE,FALSE
7688200,"gate_40",17,FALSE,FALSE
7688317,"gate_40",4,FALSE,FALSE
7688353,"gate_40",150,TRUE,TRUE
7688671,"gate_30",2,FALSE,FALSE
7688994,"gate_40",58,TRUE,FALSE
7689272,"gate_40",485,TRUE,TRUE
7689290,"gate_40",39,TRUE,FALSE
7689316,"gate_30",4,FALSE,FALSE
7689516,"gate_30",153,TRUE,FALSE
7689696,"gate_40",36,FALSE,FALSE
7689704,"gate_40",4,TRUE,FALSE
7690077,"gate_30",12,TRUE,FALSE
7690081,"gate_30",78,TRUE,FALSE
7690085,"gate_40",33,TRUE,FALSE
7690180,"gate_30",1,FALSE,FALSE
7690227,"gate_40",12,TRUE,FALSE
7690842,"gate_40",48,TRUE,FALSE
7690847,"gate_30",30,FALSE,TRUE
7690974,"gate_30",10,FALSE,FALSE
7691362,"gate_40",21,TRUE,FALSE
7691527,"gate_40",21,TRUE,FALSE
7691583,"gate_30",9,TRUE,FALSE
7691609,"gate_30",3,TRUE,FALSE
7691642,"gate_30",30,FALSE,FALSE
7691673,"gate_30",2,FALSE,FALSE
7691729,"gate_30",555,TRUE,TRUE
7691789,"gate_30",1,TRUE,FALSE
7691803,"gate_40",0,FALSE,FALSE
7691841,"gate_30",1,FALSE,FALSE
7692061,"gate_40",4,FALSE,FALSE
7692245,"gate_40",31,TRUE,FALSE
7692305,"gate_30",43,TRUE,FALSE
7692370,"gate_30",4,FALSE,FALSE
7692447,"gate_40",10,FALSE,FALSE
7692454,"gate_30",9,FALSE,FALSE
7692501,"gate_40",70,TRUE,TRUE
7692794,"gate_40",12,TRUE,FALSE
7692995,"gate_30",118,TRUE,TRUE
7693207,"gate_30",1009,TRUE,TRUE
7693208,"gate_40",10,FALSE,FALSE
7693660,"gate_40",14,FALSE,FALSE
7693665,"gate_40",50,FALSE,FALSE
7693680,"gate_40",20,FALSE,FALSE
7693732,"gate_30",10,FALSE,FALSE
7693982,"gate_40",7,FALSE,FALSE
7694227,"gate_30",6,FALSE,FALSE
7694588,"gate_30",22,TRUE,FALSE
7694610,"gate_40",10,FALSE,FALSE
7694823,"gate_30",11,FALSE,FALSE
7695005,"gate_30",2,FALSE,FALSE
7695097,"gate_30",10,FALSE,FALSE
7695175,"gate_40",8,FALSE,FALSE
7695244,"gate_40",24,FALSE,FALSE
7695259,"gate_30",12,TRUE,FALSE
7695449,"gate_30",8,FALSE,FALSE
7695543,"gate_40",159,TRUE,FALSE
7695577,"gate_30",60,FALSE,TRUE
7695620,"gate_40",3,FALSE,FALSE
7695636,"gate_40",4,FALSE,FALSE
7695646,"gate_30",27,FALSE,TRUE
7695727,"gate_40",181,FALSE,TRUE
7695775,"gate_40",19,FALSE,FALSE
7695856,"gate_30",2,FALSE,FALSE
7695964,"gate_30",50,TRUE,TRUE
7696228,"gate_30",4,FALSE,FALSE
7696434,"gate_40",137,TRUE,FALSE
7696610,"gate_40",187,TRUE,FALSE
7696693,"gate_40",0,FALSE,FALSE
7696773,"gate_30",19,FALSE,FALSE
7696851,"gate_30",40,TRUE,TRUE
7697001,"gate_40",34,TRUE,FALSE
7697118,"gate_40",2,FALSE,FALSE
7697140,"gate_40",145,TRUE,TRUE
7697331,"gate_40",4,FALSE,FALSE
7697340,"gate_40",18,TRUE,FALSE
7697441,"gate_30",72,TRUE,FALSE
7697524,"gate_40",0,FALSE,FALSE
7697561,"gate_40",6,TRUE,FALSE
7697752,"gate_30",1,FALSE,FALSE
7698232,"gate_30",6,FALSE,FALSE
7698371,"gate_40",52,TRUE,FALSE
7698399,"gate_40",117,TRUE,FALSE
7698451,"gate_30",2,FALSE,FALSE
7698542,"gate_40",16,FALSE,FALSE
7698711,"gate_30",1,FALSE,FALSE
7698737,"gate_40",2,FALSE,FALSE
7698758,"gate_30",3,FALSE,FALSE
7698865,"gate_40",103,FALSE,TRUE
7699026,"gate_40",1,FALSE,FALSE
7699053,"gate_40",290,TRUE,TRUE
7699155,"gate_30",49,FALSE,FALSE
7699266,"gate_30",5,FALSE,FALSE
7699295,"gate_40",65,TRUE,FALSE
7699322,"gate_40",178,TRUE,TRUE
7699389,"gate_40",336,FALSE,TRUE
7699433,"gate_30",53,FALSE,FALSE
7699459,"gate_40",15,TRUE,FALSE
7699673,"gate_30",6,FALSE,FALSE
7699763,"gate_30",6,FALSE,FALSE
7699773,"gate_40",18,FALSE,FALSE
7699986,"gate_40",9,TRUE,FALSE
7700150,"gate_30",38,TRUE,FALSE
7700427,"gate_30",43,FALSE,TRUE
7700453,"gate_40",2,FALSE,FALSE
7700572,"gate_40",112,TRUE,TRUE
7700587,"gate_40",2,FALSE,FALSE
7700619,"gate_40",55,TRUE,TRUE
7700766,"gate_30",55,TRUE,TRUE
7700789,"gate_30",19,TRUE,FALSE
7700791,"gate_40",24,FALSE,FALSE
7700824,"gate_40",149,FALSE,TRUE
7700825,"gate_40",35,TRUE,FALSE
7701235,"gate_40",8,FALSE,FALSE
7701266,"gate_30",4,FALSE,FALSE
7701305,"gate_40",3,FALSE,FALSE
7701414,"gate_30",22,FALSE,TRUE
7701674,"gate_40",80,FALSE,FALSE
7701758,"gate_40",5,FALSE,FALSE
7701786,"gate_30",6,FALSE,TRUE
7701788,"gate_40",104,TRUE,TRUE
7701861,"gate_30",16,TRUE,FALSE
7701878,"gate_30",10,FALSE,FALSE
7702188,"gate_30",17,FALSE,FALSE
7702241,"gate_30",59,TRUE,FALSE
7702274,"gate_40",9,FALSE,FALSE
7702281,"gate_30",9,FALSE,FALSE
7702470,"gate_40",16,FALSE,TRUE
7702595,"gate_40",33,TRUE,FALSE
7702596,"gate_40",15,FALSE,FALSE
7702717,"gate_30",28,TRUE,FALSE
7702741,"gate_30",195,TRUE,TRUE
7702857,"gate_40",32,TRUE,FALSE
7702965,"gate_30",22,FALSE,FALSE
7702973,"gate_40",14,TRUE,FALSE
7703031,"gate_30",23,FALSE,FALSE
7703071,"gate_30",9,FALSE,FALSE
7703129,"gate_30",109,FALSE,TRUE
7703153,"gate_40",138,TRUE,TRUE
7703193,"gate_30",20,FALSE,FALSE
7703273,"gate_30",6,TRUE,FALSE
7703293,"gate_40",49,TRUE,FALSE
7703397,"gate_30",4,TRUE,FALSE
7703539,"gate_40",11,FALSE,FALSE
7703546,"gate_30",294,TRUE,TRUE
7703783,"gate_30",169,FALSE,TRUE
7703852,"gate_30",13,FALSE,FALSE
7703937,"gate_30",17,FALSE,TRUE
7703941,"gate_30",3,FALSE,FALSE
7704132,"gate_30",19,FALSE,FALSE
7704165,"gate_40",17,FALSE,FALSE
7704234,"gate_40",24,TRUE,FALSE
7704491,"gate_30",2,FALSE,FALSE
7704557,"gate_30",31,TRUE,FALSE
7704788,"gate_40",36,TRUE,TRUE
7704821,"gate_40",7,TRUE,TRUE
7704960,"gate_30",21,FALSE,FALSE
7705029,"gate_30",5,FALSE,FALSE
7705061,"gate_30",11,TRUE,FALSE
7705264,"gate_30",159,TRUE,TRUE
7705269,"gate_30",1,FALSE,FALSE
7705534,"gate_30",295,TRUE,TRUE
7705618,"gate_30",1,FALSE,FALSE
7705907,"gate_30",4,FALSE,FALSE
7705925,"gate_40",15,FALSE,FALSE
7706090,"gate_40",27,TRUE,FALSE
7706091,"gate_40",13,TRUE,FALSE
7706142,"gate_30",140,TRUE,TRUE
7706229,"gate_40",60,TRUE,FALSE
7706402,"gate_40",0,FALSE,FALSE
7706522,"gate_40",7,FALSE,FALSE
7706523,"gate_40",9,FALSE,FALSE
7706985,"gate_30",19,FALSE,FALSE
7707160,"gate_30",11,TRUE,FALSE
7707367,"gate_40",8,FALSE,FALSE
7707426,"gate_40",132,TRUE,TRUE
7707451,"gate_30",16,FALSE,FALSE
7707466,"gate_40",68,FALSE,TRUE
7707489,"gate_30",73,TRUE,TRUE
7707801,"gate_30",18,FALSE,FALSE
7707833,"gate_40",1,FALSE,FALSE
7707868,"gate_30",225,TRUE,FALSE
7708376,"gate_40",0,FALSE,FALSE
7708424,"gate_30",3,FALSE,FALSE
7708456,"gate_40",16,TRUE,FALSE
7708486,"gate_40",4,FALSE,FALSE
7708536,"gate_40",32,TRUE,FALSE
7708710,"gate_40",10,TRUE,FALSE
7708993,"gate_40",3,FALSE,FALSE
7709124,"gate_40",3,FALSE,FALSE
7709145,"gate_40",21,TRUE,FALSE
7709761,"gate_30",12,FALSE,FALSE
7710010,"gate_30",2,TRUE,FALSE
7710021,"gate_30",68,TRUE,FALSE
7710023,"gate_30",88,TRUE,TRUE
7710147,"gate_30",276,TRUE,FALSE
7710160,"gate_40",9,FALSE,FALSE
7710185,"gate_40",58,TRUE,FALSE
7710201,"gate_40",64,TRUE,TRUE
7710613,"gate_40",10,FALSE,FALSE
7710652,"gate_40",96,TRUE,FALSE
7711092,"gate_40",145,TRUE,TRUE
7711120,"gate_40",35,TRUE,FALSE
7711197,"gate_30",12,FALSE,FALSE
7711289,"gate_40",90,TRUE,TRUE
7711421,"gate_30",2,FALSE,FALSE
7711455,"gate_30",12,TRUE,FALSE
7711482,"gate_40",43,FALSE,FALSE
7711762,"gate_40",46,TRUE,FALSE
7711773,"gate_40",4,FALSE,FALSE
7711824,"gate_40",118,TRUE,FALSE
7712080,"gate_30",2,FALSE,FALSE
7712116,"gate_30",4,TRUE,FALSE
7712265,"gate_30",33,TRUE,FALSE
7712501,"gate_30",5,FALSE,FALSE
7712540,"gate_40",30,TRUE,FALSE
7712599,"gate_40",31,TRUE,FALSE
7712699,"gate_30",68,FALSE,TRUE
7713061,"gate_30",23,FALSE,FALSE
7713068,"gate_40",88,TRUE,FALSE
7713094,"gate_40",3,FALSE,FALSE
7713138,"gate_30",1,FALSE,FALSE
7713167,"gate_30",12,FALSE,FALSE
7713266,"gate_40",11,TRUE,FALSE
7713350,"gate_40",10,TRUE,FALSE
7713363,"gate_30",8,TRUE,FALSE
7713413,"gate_40",12,TRUE,TRUE
7713478,"gate_30",26,TRUE,FALSE
7713496,"gate_30",51,TRUE,FALSE
7713507,"gate_40",127,TRUE,FALSE
7713568,"gate_30",32,TRUE,FALSE
7713840,"gate_30",121,TRUE,TRUE
7714078,"gate_30",9,FALSE,FALSE
7714184,"gate_30",62,TRUE,FALSE
7714338,"gate_40",5,FALSE,FALSE
7714352,"gate_40",37,FALSE,FALSE
7714457,"gate_30",8,TRUE,FALSE
7714465,"gate_30",8,FALSE,FALSE
7714546,"gate_30",429,TRUE,TRUE
7714703,"gate_40",61,TRUE,FALSE
7714728,"gate_40",36,FALSE,FALSE
7714770,"gate_40",83,TRUE,FALSE
7714775,"gate_30",32,TRUE,FALSE
7714943,"gate_40",98,TRUE,FALSE
7715044,"gate_40",21,TRUE,FALSE
7715176,"gate_30",118,FALSE,TRUE
7715185,"gate_30",39,FALSE,FALSE
7715582,"gate_30",5,TRUE,FALSE
7715744,"gate_40",194,TRUE,TRUE
7715895,"gate_40",19,TRUE,TRUE
7715921,"gate_40",53,TRUE,FALSE
7715985,"gate_30",231,TRUE,TRUE
7716398,"gate_30",0,FALSE,FALSE
7716516,"gate_40",17,TRUE,FALSE
7716553,"gate_30",153,TRUE,TRUE
7716776,"gate_30",11,FALSE,FALSE
7716824,"gate_30",3,FALSE,FALSE
7716839,"gate_30",15,FALSE,FALSE
7716876,"gate_30",13,FALSE,FALSE
7716897,"gate_30",130,TRUE,FALSE
7717419,"gate_30",40,TRUE,FALSE
7717430,"gate_30",193,TRUE,TRUE
7717573,"gate_40",43,TRUE,FALSE
7717682,"gate_30",11,FALSE,FALSE
7717797,"gate_30",6,TRUE,FALSE
7717798,"gate_30",0,FALSE,FALSE
7717810,"gate_30",5,FALSE,FALSE
7717892,"gate_40",2,FALSE,FALSE
7718248,"gate_40",10,FALSE,FALSE
7718281,"gate_30",6,FALSE,FALSE
7718769,"gate_40",15,TRUE,FALSE
7718797,"gate_40",0,FALSE,FALSE
7718808,"gate_30",360,TRUE,TRUE
7719102,"gate_40",4,TRUE,FALSE
7719173,"gate_30",2,FALSE,FALSE
7719439,"gate_30",62,TRUE,FALSE
7719544,"gate_30",94,TRUE,TRUE
7719545,"gate_30",24,FALSE,FALSE
7719717,"gate_40",182,TRUE,TRUE
7719807,"gate_40",10,FALSE,FALSE
7720016,"gate_40",37,TRUE,FALSE
7720049,"gate_40",6,FALSE,FALSE
7720133,"gate_40",1,FALSE,FALSE
7720274,"gate_40",0,FALSE,FALSE
7720275,"gate_30",11,FALSE,FALSE
7720311,"gate_30",19,TRUE,TRUE
7720558,"gate_40",347,TRUE,TRUE
7720570,"gate_40",4,FALSE,FALSE
7720775,"gate_40",74,TRUE,TRUE
7720919,"gate_30",4,FALSE,FALSE
7720993,"gate_40",3,TRUE,FALSE
7721131,"gate_40",2,FALSE,FALSE
7721138,"gate_30",3,FALSE,FALSE
7721188,"gate_40",14,FALSE,FALSE
7721193,"gate_40",5,FALSE,TRUE
7721586,"gate_30",1,FALSE,FALSE
7721636,"gate_30",39,TRUE,FALSE
7721644,"gate_40",41,FALSE,FALSE
7721797,"gate_30",2,FALSE,FALSE
7721812,"gate_40",43,TRUE,FALSE
7721945,"gate_30",1,FALSE,FALSE
7722054,"gate_30",28,TRUE,FALSE
7722338,"gate_30",44,TRUE,FALSE
7722636,"gate_40",2,FALSE,FALSE
7722989,"gate_30",355,TRUE,FALSE
7723053,"gate_30",2,FALSE,FALSE
7723072,"gate_40",8,FALSE,FALSE
7723410,"gate_40",560,TRUE,TRUE
7723510,"gate_30",1,FALSE,FALSE
7723809,"gate_40",36,FALSE,FALSE
7723978,"gate_40",25,FALSE,FALSE
7724079,"gate_30",20,TRUE,FALSE
7724209,"gate_30",11,TRUE,FALSE
7724361,"gate_40",5,FALSE,FALSE
7724438,"gate_40",112,TRUE,FALSE
7724474,"gate_40",4,TRUE,FALSE
7724481,"gate_30",60,FALSE,FALSE
7724509,"gate_40",49,TRUE,FALSE
7724547,"gate_40",75,TRUE,TRUE
7724586,"gate_40",13,FALSE,FALSE
7724685,"gate_30",35,TRUE,FALSE
7724718,"gate_40",12,TRUE,FALSE
7725312,"gate_30",6,FALSE,FALSE
7725321,"gate_30",120,TRUE,TRUE
7725411,"gate_40",9,TRUE,TRUE
7725517,"gate_30",41,TRUE,FALSE
7725582,"gate_30",101,TRUE,FALSE
7725605,"gate_40",13,FALSE,FALSE
7725723,"gate_40",6,TRUE,FALSE
7725730,"gate_30",8,FALSE,FALSE
7725763,"gate_30",5,FALSE,FALSE
7725769,"gate_40",25,FALSE,FALSE
7725954,"gate_30",28,FALSE,FALSE
7726086,"gate_30",10,TRUE,FALSE
7726221,"gate_40",0,FALSE,FALSE
7726518,"gate_40",89,TRUE,FALSE
7726729,"gate_30",39,TRUE,FALSE
7726748,"gate_40",42,TRUE,FALSE
7726927,"gate_30",26,FALSE,FALSE
7727081,"gate_40",236,FALSE,TRUE
7727131,"gate_40",110,TRUE,TRUE
7727152,"gate_40",53,TRUE,TRUE
7727301,"gate_30",12,FALSE,FALSE
7727411,"gate_40",16,FALSE,FALSE
7727509,"gate_40",15,FALSE,FALSE
7727516,"gate_40",6,FALSE,FALSE
7727831,"gate_40",6,FALSE,FALSE
7727940,"gate_30",21,FALSE,FALSE
7727983,"gate_40",0,FALSE,FALSE
7728076,"gate_30",6,FALSE,FALSE
7728093,"gate_40",14,TRUE,FALSE
7728306,"gate_40",47,TRUE,FALSE
7728348,"gate_30",24,FALSE,FALSE
7728442,"gate_30",4,TRUE,FALSE
7728447,"gate_30",8,FALSE,FALSE
7728480,"gate_40",5,FALSE,FALSE
7728530,"gate_40",14,TRUE,FALSE
7728583,"gate_40",0,FALSE,FALSE
7728662,"gate_40",173,FALSE,TRUE
7728819,"gate_30",1,FALSE,FALSE
7729028,"gate_40",73,TRUE,FALSE
7729076,"gate_40",0,FALSE,FALSE
7729078,"gate_30",28,TRUE,FALSE
7729086,"gate_30",10,FALSE,FALSE
7729122,"gate_40",15,TRUE,FALSE
7729436,"gate_30",185,TRUE,FALSE
7729762,"gate_30",48,TRUE,FALSE
7729763,"gate_30",3,FALSE,FALSE
7729931,"gate_40",4,FALSE,FALSE
7730018,"gate_30",11,TRUE,FALSE
7730234,"gate_30",497,TRUE,TRUE
7730281,"gate_40",0,FALSE,FALSE
7730368,"gate_40",11,TRUE,FALSE
7730370,"gate_30",527,TRUE,TRUE
7730590,"gate_30",261,TRUE,TRUE
7730596,"gate_40",278,TRUE,TRUE
7730645,"gate_40",659,TRUE,TRUE
7730673,"gate_40",2,FALSE,FALSE
7730761,"gate_30",5,FALSE,FALSE
7730815,"gate_40",10,FALSE,FALSE
7730857,"gate_30",6,FALSE,FALSE
7730940,"gate_40",11,TRUE,FALSE
7730942,"gate_30",16,TRUE,TRUE
7730973,"gate_40",4,FALSE,FALSE
7731111,"gate_40",98,TRUE,TRUE
7731155,"gate_30",5,TRUE,FALSE
7731217,"gate_40",52,FALSE,FALSE
7731949,"gate_30",36,TRUE,FALSE
7732105,"gate_30",26,TRUE,FALSE
7732113,"gate_40",1,FALSE,FALSE
7732139,"gate_40",3,FALSE,TRUE
7732284,"gate_40",1,FALSE,FALSE
7732410,"gate_30",5,FALSE,FALSE
7732417,"gate_40",19,FALSE,FALSE
7732532,"gate_40",4,FALSE,TRUE
7733038,"gate_30",3,FALSE,FALSE
7733047,"gate_30",19,TRUE,FALSE
7733099,"gate_40",0,FALSE,FALSE
7733192,"gate_40",0,FALSE,FALSE
7733225,"gate_40",4,FALSE,FALSE
7733377,"gate_30",28,TRUE,FALSE
7733436,"gate_40",49,TRUE,FALSE
7733626,"gate_30",0,FALSE,FALSE
7733775,"gate_30",48,TRUE,FALSE
7733874,"gate_40",188,TRUE,TRUE
7733885,"gate_30",42,TRUE,FALSE
7734110,"gate_30",31,FALSE,FALSE
7734144,"gate_40",48,TRUE,FALSE
7734156,"gate_40",4,FALSE,FALSE
7734210,"gate_40",167,FALSE,FALSE
7734266,"gate_40",26,TRUE,FALSE
7734282,"gate_40",121,TRUE,TRUE
7734865,"gate_40",14,FALSE,FALSE
7734978,"gate_30",74,TRUE,FALSE
7734986,"gate_40",593,TRUE,TRUE
7735043,"gate_30",5,FALSE,FALSE
7735066,"gate_30",0,FALSE,FALSE
7735119,"gate_30",91,TRUE,FALSE
7735301,"gate_30",3,FALSE,FALSE
7735382,"gate_40",33,TRUE,FALSE
7735409,"gate_30",79,TRUE,TRUE
7735454,"gate_30",63,FALSE,TRUE
7735494,"gate_40",20,TRUE,FALSE
7735575,"gate_30",7,FALSE,FALSE
7735605,"gate_40",2,FALSE,FALSE
7735652,"gate_30",5,FALSE,FALSE
7735944,"gate_40",144,FALSE,TRUE
7736081,"gate_30",0,FALSE,FALSE
7736116,"gate_30",9,FALSE,TRUE
7736144,"gate_40",3,FALSE,FALSE
7736398,"gate_30",20,FALSE,FALSE
7736710,"gate_40",11,FALSE,FALSE
7736875,"gate_40",36,TRUE,FALSE
7736984,"gate_40",464,TRUE,TRUE
7736993,"gate_30",6,FALSE,FALSE
7737048,"gate_40",8,FALSE,FALSE
7737109,"gate_30",12,TRUE,FALSE
7737320,"gate_40",11,FALSE,FALSE
7737348,"gate_30",2,FALSE,FALSE
7737501,"gate_40",2,FALSE,FALSE
7737548,"gate_40",234,TRUE,TRUE
7737685,"gate_30",2,FALSE,FALSE
7738094,"gate_40",15,FALSE,FALSE
7738149,"gate_40",45,FALSE,FALSE
7738157,"gate_40",64,TRUE,TRUE
7738192,"gate_30",25,FALSE,FALSE
7738194,"gate_30",8,FALSE,FALSE
7738245,"gate_30",2,FALSE,FALSE
7738271,"gate_40",0,FALSE,FALSE
7738319,"gate_30",20,TRUE,TRUE
7738889,"gate_40",136,TRUE,TRUE
7738899,"gate_40",60,TRUE,FALSE
7738933,"gate_30",20,FALSE,FALSE
7739065,"gate_30",9,FALSE,FALSE
7739244,"gate_40",19,FALSE,FALSE
7739245,"gate_40",7,TRUE,FALSE
7739253,"gate_30",13,TRUE,FALSE
7739437,"gate_40",2,FALSE,FALSE
7739568,"gate_30",74,TRUE,FALSE
7739612,"gate_30",3,FALSE,FALSE
7739992,"gate_40",34,FALSE,FALSE
7740073,"gate_40",38,FALSE,FALSE
7740083,"gate_40",86,FALSE,TRUE
7740125,"gate_40",439,TRUE,TRUE
7740288,"gate_40",24,TRUE,FALSE
7740549,"gate_40",35,FALSE,FALSE
7740652,"gate_40",53,TRUE,FALSE
7741199,"gate_30",22,FALSE,FALSE
7741230,"gate_30",1,FALSE,FALSE
7741252,"gate_30",12,TRUE,FALSE
7741343,"gate_40",26,FALSE,FALSE
7741373,"gate_30",16,TRUE,FALSE
7741422,"gate_30",4,FALSE,FALSE
7741622,"gate_30",30,FALSE,TRUE
7741645,"gate_40",11,FALSE,FALSE
7741678,"gate_30",10,FALSE,FALSE
7741791,"gate_30",0,FALSE,FALSE
7741938,"gate_30",51,TRUE,FALSE
7741961,"gate_30",79,TRUE,FALSE
7742116,"gate_40",2,FALSE,FALSE
7742159,"gate_40",223,TRUE,TRUE
7742254,"gate_30",1,FALSE,FALSE
7742476,"gate_40",28,TRUE,TRUE
7742743,"gate_30",94,TRUE,FALSE
7742847,"gate_40",55,FALSE,FALSE
7742940,"gate_30",321,TRUE,TRUE
7743257,"gate_30",42,FALSE,TRUE
7743357,"gate_30",24,TRUE,FALSE
7743425,"gate_30",2,FALSE,FALSE
7743466,"gate_40",17,FALSE,FALSE
7743598,"gate_40",54,TRUE,FALSE
7743655,"gate_40",29,TRUE,FALSE
7743921,"gate_40",3,FALSE,FALSE
7744051,"gate_30",67,FALSE,FALSE
7744228,"gate_40",3,FALSE,FALSE
7744418,"gate_40",15,FALSE,FALSE
7744624,"gate_40",39,FALSE,FALSE
7744701,"gate_40",7,FALSE,FALSE
7744839,"gate_40",5,FALSE,FALSE
7744861,"gate_30",13,TRUE,FALSE
7744980,"gate_40",2,FALSE,FALSE
7745062,"gate_30",29,FALSE,FALSE
7745216,"gate_40",3,FALSE,FALSE
7745226,"gate_30",6,FALSE,TRUE
7745494,"gate_40",15,TRUE,FALSE
7745513,"gate_40",8,FALSE,FALSE
7745626,"gate_30",15,FALSE,FALSE
7745776,"gate_30",3,FALSE,FALSE
7745815,"gate_30",8,FALSE,TRUE
7745972,"gate_30",226,TRUE,TRUE
7746056,"gate_40",0,FALSE,FALSE
7746168,"gate_40",5,FALSE,FALSE
7746172,"gate_40",656,TRUE,TRUE
7746334,"gate_40",224,TRUE,TRUE
7746464,"gate_30",46,TRUE,FALSE
7746663,"gate_40",61,TRUE,TRUE
7746806,"gate_30",2,FALSE,FALSE
7746832,"gate_40",10,TRUE,FALSE
7746887,"gate_30",0,FALSE,FALSE
7746894,"gate_40",7,FALSE,FALSE
7746900,"gate_40",16,TRUE,FALSE
7747216,"gate_40",39,TRUE,FALSE
7747228,"gate_40",20,TRUE,FALSE
7747239,"gate_30",4,FALSE,FALSE
7747502,"gate_30",7,FALSE,FALSE
7747685,"gate_30",128,FALSE,TRUE
7747752,"gate_30",9,FALSE,FALSE
7748017,"gate_30",0,FALSE,FALSE
7748295,"gate_40",4,FALSE,FALSE
7748353,"gate_30",6,FALSE,FALSE
7748377,"gate_30",50,TRUE,TRUE
7748590,"gate_40",16,TRUE,FALSE
7748674,"gate_40",1,FALSE,FALSE
7748749,"gate_40",17,FALSE,FALSE
7748799,"gate_40",0,FALSE,FALSE
7748872,"gate_40",20,FALSE,FALSE
7748910,"gate_40",66,TRUE,FALSE
7748983,"gate_30",92,TRUE,FALSE
7749011,"gate_40",83,TRUE,FALSE
7749047,"gate_30",17,TRUE,TRUE
7749098,"gate_40",19,FALSE,FALSE
7749250,"gate_40",9,FALSE,FALSE
7749282,"gate_30",14,TRUE,FALSE
7749404,"gate_40",0,FALSE,FALSE
7749410,"gate_40",19,FALSE,FALSE
7749413,"gate_30",29,TRUE,FALSE
7749798,"gate_40",2,FALSE,FALSE
7749839,"gate_40",0,FALSE,FALSE
7749899,"gate_30",5,FALSE,FALSE
7749910,"gate_40",252,TRUE,TRUE
7750168,"gate_40",5,FALSE,FALSE
7750446,"gate_30",12,FALSE,FALSE
7750639,"gate_40",158,TRUE,FALSE
7750729,"gate_40",25,FALSE,TRUE
7750767,"gate_40",202,TRUE,FALSE
7750791,"gate_40",6,TRUE,FALSE
7750948,"gate_40",1,FALSE,FALSE
7751099,"gate_40",45,TRUE,TRUE
7751340,"gate_30",1,FALSE,FALSE
7751466,"gate_30",2,FALSE,FALSE
7751471,"gate_30",360,TRUE,TRUE
7751477,"gate_40",5,FALSE,FALSE
7751527,"gate_40",2,FALSE,FALSE
7751700,"gate_40",1,FALSE,FALSE
7751775,"gate_40",61,TRUE,FALSE
7751892,"gate_30",144,TRUE,FALSE
7751904,"gate_40",4,FALSE,FALSE
7751909,"gate_30",22,FALSE,FALSE
7751929,"gate_40",1,FALSE,FALSE
7752010,"gate_40",8,FALSE,FALSE
7752065,"gate_40",3,FALSE,FALSE
7752076,"gate_40",3,FALSE,FALSE
7752081,"gate_40",17,TRUE,FALSE
7752113,"gate_30",17,TRUE,FALSE
7752168,"gate_30",6,TRUE,FALSE
7752654,"gate_30",4,TRUE,FALSE
7752672,"gate_40",1,FALSE,FALSE
7752781,"gate_40",3,FALSE,FALSE
7752787,"gate_40",8,TRUE,FALSE
7752885,"gate_40",2,FALSE,FALSE
7752889,"gate_40",0,FALSE,FALSE
7753011,"gate_30",0,FALSE,FALSE
7753168,"gate_40",5,FALSE,FALSE
7753171,"gate_40",4,FALSE,FALSE
7753287,"gate_40",2,TRUE,FALSE
7753466,"gate_40",50,TRUE,FALSE
7753591,"gate_30",207,TRUE,TRUE
7753740,"gate_40",7,FALSE,FALSE
7753840,"gate_30",23,FALSE,TRUE
7753865,"gate_40",6,FALSE,FALSE
7753903,"gate_40",195,TRUE,TRUE
7754204,"gate_30",500,TRUE,TRUE
7754235,"gate_40",4,FALSE,FALSE
7754353,"gate_30",107,FALSE,FALSE
7754481,"gate_30",125,TRUE,FALSE
7754631,"gate_30",9,TRUE,FALSE
7754724,"gate_30",0,FALSE,FALSE
7754733,"gate_40",233,TRUE,TRUE
7754833,"gate_30",0,FALSE,FALSE
7754978,"gate_40",5,FALSE,FALSE
7755079,"gate_40",3,FALSE,FALSE
7755087,"gate_40",14,FALSE,FALSE
7755424,"gate_40",15,FALSE,FALSE
7755570,"gate_30",2,FALSE,FALSE
7755686,"gate_30",19,TRUE,FALSE
7756093,"gate_30",127,FALSE,TRUE
7756376,"gate_30",35,FALSE,FALSE
7756440,"gate_30",4,FALSE,FALSE
7756461,"gate_40",46,TRUE,FALSE
7756483,"gate_40",18,FALSE,TRUE
7756634,"gate_40",4,TRUE,FALSE
7756663,"gate_40",35,TRUE,FALSE
7756678,"gate_30",15,FALSE,FALSE
7756843,"gate_30",39,FALSE,FALSE
7757106,"gate_40",100,TRUE,FALSE
7757427,"gate_40",4,FALSE,FALSE
7757501,"gate_40",113,TRUE,TRUE
7757775,"gate_30",8,FALSE,FALSE
7757836,"gate_40",18,TRUE,FALSE
7757910,"gate_40",13,TRUE,FALSE
7758168,"gate_40",40,TRUE,FALSE
7758196,"gate_40",15,FALSE,FALSE
7758285,"gate_30",46,FALSE,FALSE
7758424,"gate_40",164,TRUE,TRUE
7758449,"gate_40",12,TRUE,FALSE
7758542,"gate_40",36,TRUE,FALSE
7758592,"gate_40",55,TRUE,FALSE
7759133,"gate_40",20,FALSE,FALSE
7759244,"gate_40",15,FALSE,FALSE
7759298,"gate_30",1,FALSE,FALSE
7759314,"gate_40",2,FALSE,FALSE
7759644,"gate_40",0,FALSE,FALSE
7759660,"gate_30",45,TRUE,TRUE
7759947,"gate_30",0,FALSE,FALSE
7760075,"gate_40",58,TRUE,FALSE
7760613,"gate_40",205,FALSE,TRUE
7760658,"gate_40",48,FALSE,TRUE
7760687,"gate_40",17,FALSE,FALSE
7760910,"gate_40",27,FALSE,FALSE
7761096,"gate_40",17,FALSE,FALSE
7761457,"gate_30",32,FALSE,FALSE
7761566,"gate_40",41,TRUE,FALSE
7761645,"gate_40",19,FALSE,FALSE
7761963,"gate_40",4,FALSE,FALSE
7762145,"gate_40",408,TRUE,FALSE
7762173,"gate_30",3,FALSE,FALSE
7762179,"gate_30",22,FALSE,FALSE
7762349,"gate_40",218,TRUE,TRUE
7762563,"gate_40",8,FALSE,FALSE
7762574,"gate_40",141,TRUE,FALSE
7762687,"gate_30",95,TRUE,TRUE
7762740,"gate_30",21,FALSE,FALSE
7762814,"gate_40",68,TRUE,TRUE
7762821,"gate_40",18,TRUE,FALSE
7762893,"gate_30",122,TRUE,FALSE
7762945,"gate_30",5,FALSE,FALSE
7763104,"gate_30",99,TRUE,TRUE
7763114,"gate_40",8,FALSE,FALSE
7763115,"gate_40",16,FALSE,FALSE
7763146,"gate_40",114,TRUE,TRUE
7763149,"gate_40",3,FALSE,FALSE
7763262,"gate_40",7,FALSE,FALSE
7763319,"gate_40",12,FALSE,FALSE
7763539,"gate_30",9,FALSE,FALSE
7763576,"gate_30",0,FALSE,FALSE
7763597,"gate_40",18,TRUE,FALSE
7763677,"gate_40",15,FALSE,FALSE
7763718,"gate_40",21,FALSE,FALSE
7763763,"gate_40",11,TRUE,FALSE
7763831,"gate_40",3,FALSE,FALSE
7763837,"gate_30",2,FALSE,FALSE
7764074,"gate_40",2,FALSE,FALSE
7764096,"gate_30",28,FALSE,FALSE
7764366,"gate_40",447,TRUE,TRUE
7764630,"gate_30",16,TRUE,FALSE
7764655,"gate_40",2,FALSE,FALSE
7764746,"gate_40",0,FALSE,FALSE
7764766,"gate_30",0,FALSE,FALSE
7764822,"gate_30",10,FALSE,TRUE
7765064,"gate_40",2,FALSE,FALSE
7765240,"gate_40",1,FALSE,FALSE
7765384,"gate_40",80,TRUE,TRUE
7765435,"gate_40",62,TRUE,FALSE
7765538,"gate_40",0,FALSE,FALSE
7765564,"gate_30",102,TRUE,FALSE
7765689,"gate_40",283,TRUE,TRUE
7765777,"gate_30",2,FALSE,FALSE
7765806,"gate_30",273,TRUE,TRUE
7766002,"gate_40",14,TRUE,FALSE
7766092,"gate_30",23,TRUE,FALSE
7766217,"gate_30",14,FALSE,FALSE
7766273,"gate_40",13,TRUE,FALSE
7766331,"gate_30",9,FALSE,FALSE
7766368,"gate_30",1,FALSE,FALSE
7766470,"gate_30",117,TRUE,TRUE
7766634,"gate_40",66,TRUE,FALSE
7766673,"gate_40",2,FALSE,FALSE
7766816,"gate_40",12,FALSE,FALSE
7767027,"gate_40",14,FALSE,FALSE
7767080,"gate_30",32,TRUE,FALSE
7767187,"gate_40",60,TRUE,TRUE
7767217,"gate_30",25,TRUE,TRUE
7767229,"gate_40",81,TRUE,FALSE
7767621,"gate_40",14,FALSE,FALSE
7767631,"gate_30",18,FALSE,FALSE
7767737,"gate_40",1,FALSE,FALSE
7767802,"gate_30",2,FALSE,FALSE
7767837,"gate_30",5,TRUE,FALSE
7767971,"gate_40",17,FALSE,FALSE
7767994,"gate_30",16,FALSE,FALSE
7768127,"gate_40",23,FALSE,FALSE
7768179,"gate_30",2,FALSE,FALSE
7768238,"gate_40",34,TRUE,FALSE
7768281,"gate_30",4,FALSE,FALSE
7769391,"gate_30",6,FALSE,FALSE
7769494,"gate_40",5,FALSE,FALSE
7769497,"gate_40",2,FALSE,FALSE
7769498,"gate_40",8,FALSE,FALSE
7769641,"gate_40",4,FALSE,FALSE
7769652,"gate_30",7,FALSE,FALSE
7769800,"gate_30",0,FALSE,FALSE
7769834,"gate_40",32,FALSE,TRUE
7770702,"gate_30",8,TRUE,FALSE
7770873,"gate_30",23,TRUE,FALSE
7770878,"gate_30",4,TRUE,FALSE
7771005,"gate_40",19,TRUE,FALSE
7771142,"gate_40",90,TRUE,FALSE
7771367,"gate_40",15,FALSE,FALSE
7771459,"gate_30",79,TRUE,FALSE
7771507,"gate_30",10,FALSE,FALSE
7771530,"gate_40",80,TRUE,FALSE
7771539,"gate_40",3,FALSE,FALSE
7771591,"gate_40",29,FALSE,FALSE
7771781,"gate_40",107,TRUE,FALSE
7771966,"gate_30",289,TRUE,TRUE
7772223,"gate_30",21,TRUE,FALSE
7772319,"gate_30",1,FALSE,FALSE
7772350,"gate_30",192,TRUE,TRUE
7772393,"gate_30",76,TRUE,FALSE
7772490,"gate_40",9,FALSE,FALSE
7772630,"gate_40",31,FALSE,FALSE
7772907,"gate_30",41,TRUE,TRUE
7773086,"gate_40",36,TRUE,FALSE
7773191,"gate_40",31,FALSE,FALSE
7773199,"gate_40",4,FALSE,FALSE
7773392,"gate_30",33,TRUE,TRUE
7773811,"gate_40",16,FALSE,FALSE
7773890,"gate_40",21,TRUE,FALSE
7773942,"gate_40",12,FALSE,FALSE
7774043,"gate_40",32,TRUE,FALSE
7774062,"gate_30",2,FALSE,FALSE
7774167,"gate_40",99,FALSE,FALSE
7774620,"gate_40",3,FALSE,FALSE
7774712,"gate_30",315,TRUE,TRUE
7774742,"gate_40",332,TRUE,TRUE
7774801,"gate_40",8,FALSE,FALSE
7774963,"gate_30",164,TRUE,TRUE
7775139,"gate_40",45,TRUE,FALSE
7775178,"gate_40",200,TRUE,FALSE
7775443,"gate_30",61,TRUE,TRUE
7775556,"gate_30",1,FALSE,FALSE
7775645,"gate_40",75,TRUE,FALSE
7775672,"gate_40",53,TRUE,FALSE
7775740,"gate_30",15,FALSE,FALSE
7775803,"gate_30",2,FALSE,FALSE
7775969,"gate_40",1,FALSE,FALSE
7776163,"gate_40",6,FALSE,FALSE
7776210,"gate_30",9,FALSE,FALSE
7776243,"gate_40",7,FALSE,FALSE
7776496,"gate_40",28,TRUE,FALSE
7776704,"gate_30",88,FALSE,FALSE
7776809,"gate_30",54,TRUE,FALSE
7776982,"gate_40",14,FALSE,FALSE
7777001,"gate_30",50,FALSE,TRUE
7777239,"gate_40",14,FALSE,TRUE
7777272,"gate_40",56,TRUE,FALSE
7777543,"gate_40",95,TRUE,FALSE
7777592,"gate_30",8,FALSE,FALSE
7777662,"gate_40",264,TRUE,TRUE
7777805,"gate_40",8,FALSE,FALSE
7777819,"gate_40",1,FALSE,FALSE
7777850,"gate_30",562,TRUE,TRUE
7777940,"gate_30",1,FALSE,FALSE
7778040,"gate_40",19,TRUE,FALSE
7778067,"gate_30",6,TRUE,FALSE
7778187,"gate_30",36,FALSE,FALSE
7778253,"gate_30",2,FALSE,FALSE
7778309,"gate_30",18,FALSE,FALSE
7778474,"gate_40",5,FALSE,FALSE
7778591,"gate_40",6,FALSE,FALSE
7778605,"gate_30",33,TRUE,TRUE
7778824,"gate_40",0,FALSE,FALSE
7778874,"gate_30",0,FALSE,FALSE
7778879,"gate_30",6,FALSE,FALSE
7779017,"gate_30",54,FALSE,FALSE
7779039,"gate_30",11,FALSE,FALSE
7779241,"gate_40",17,TRUE,FALSE
7779339,"gate_30",7,TRUE,FALSE
7779442,"gate_40",7,FALSE,FALSE
7779542,"gate_30",248,TRUE,TRUE
7779884,"gate_30",7,FALSE,FALSE
7780278,"gate_30",38,FALSE,FALSE
7780309,"gate_30",40,FALSE,FALSE
7780430,"gate_40",9,FALSE,FALSE
7780442,"gate_40",494,TRUE,TRUE
7780499,"gate_30",38,TRUE,FALSE
7780553,"gate_40",105,TRUE,FALSE
7780581,"gate_30",20,FALSE,TRUE
7780625,"gate_30",65,TRUE,FALSE
7780772,"gate_30",4,FALSE,FALSE
7780791,"gate_40",269,TRUE,TRUE
7780794,"gate_40",10,TRUE,FALSE
7780963,"gate_30",5,FALSE,FALSE
7780984,"gate_30",1,FALSE,FALSE
7780996,"gate_30",14,FALSE,FALSE
7781335,"gate_30",64,TRUE,FALSE
7781440,"gate_40",54,TRUE,FALSE
7781462,"gate_30",11,FALSE,FALSE
7781492,"gate_30",13,FALSE,FALSE
7781511,"gate_30",8,FALSE,FALSE
7781516,"gate_40",10,FALSE,FALSE
7781536,"gate_30",49,TRUE,FALSE
7781606,"gate_40",3,FALSE,FALSE
7781650,"gate_40",6,FALSE,FALSE
7781746,"gate_40",2,FALSE,FALSE
7781779,"gate_40",22,TRUE,FALSE
7782027,"gate_40",123,FALSE,TRUE
7782510,"gate_30",48,TRUE,TRUE
7782937,"gate_30",1,FALSE,FALSE
7783048,"gate_40",3,FALSE,FALSE
7783056,"gate_40",1,FALSE,FALSE
7783070,"gate_30",1,FALSE,FALSE
7783211,"gate_40",16,FALSE,FALSE
7783287,"gate_30",30,TRUE,FALSE
7783290,"gate_30",73,TRUE,FALSE
7783642,"gate_30",0,FALSE,FALSE
7783772,"gate_40",40,TRUE,FALSE
7783774,"gate_30",1,FALSE,FALSE
7783949,"gate_40",13,FALSE,FALSE
7784184,"gate_40",14,TRUE,FALSE
7784482,"gate_40",34,TRUE,FALSE
7784535,"gate_40",5,TRUE,FALSE
7784649,"gate_40",20,TRUE,FALSE
7784719,"gate_30",28,TRUE,FALSE
7784897,"gate_30",3,FALSE,FALSE
7785162,"gate_30",11,FALSE,FALSE
7785189,"gate_40",4,FALSE,FALSE
7785838,"gate_40",2,FALSE,FALSE
7786290,"gate_30",0,FALSE,FALSE
7786393,"gate_40",1,FALSE,FALSE
7786448,"gate_30",1,FALSE,FALSE
7786673,"gate_40",111,TRUE,TRUE
7786812,"gate_40",2,FALSE,FALSE
7786981,"gate_30",18,FALSE,FALSE
7787084,"gate_30",5,TRUE,FALSE
7787092,"gate_30",116,FALSE,FALSE
7787104,"gate_40",3,FALSE,FALSE
7787357,"gate_40",237,TRUE,TRUE
7787417,"gate_40",58,FALSE,TRUE
7787463,"gate_40",1,FALSE,FALSE
7787493,"gate_30",6,FALSE,FALSE
7787518,"gate_40",3,TRUE,FALSE
7787550,"gate_30",83,TRUE,TRUE
7787663,"gate_30",84,TRUE,TRUE
7787679,"gate_30",2,FALSE,FALSE
7787771,"gate_40",6,FALSE,FALSE
7788075,"gate_40",2,FALSE,FALSE
7788121,"gate_30",4,FALSE,FALSE
7788197,"gate_40",2,FALSE,FALSE
7788255,"gate_40",119,TRUE,TRUE
7788269,"gate_40",2,FALSE,FALSE
7788316,"gate_40",51,FALSE,FALSE
7788371,"gate_40",3,FALSE,FALSE
7788372,"gate_30",26,FALSE,FALSE
7788425,"gate_30",0,FALSE,FALSE
7788454,"gate_30",2,FALSE,FALSE
7788817,"gate_30",7,FALSE,FALSE
7789170,"gate_40",104,FALSE,TRUE
7789176,"gate_30",1,FALSE,FALSE
7789186,"gate_40",7,FALSE,FALSE
7789194,"gate_40",20,TRUE,FALSE
7789220,"gate_30",18,FALSE,FALSE
7789385,"gate_30",49,FALSE,FALSE
7789478,"gate_40",16,TRUE,FALSE
7789498,"gate_30",1,FALSE,FALSE
7789529,"gate_40",101,TRUE,FALSE
7789606,"gate_40",12,FALSE,FALSE
7789760,"gate_30",1,FALSE,FALSE
7789882,"gate_40",0,FALSE,FALSE
7789996,"gate_30",31,TRUE,FALSE
7790182,"gate_30",26,FALSE,FALSE
7790194,"gate_30",3,FALSE,FALSE
7790293,"gate_40",12,FALSE,FALSE
7790364,"gate_30",0,FALSE,FALSE
7790583,"gate_40",3,FALSE,FALSE
7790590,"gate_30",5,FALSE,FALSE
7790668,"gate_40",0,FALSE,FALSE
7790913,"gate_40",54,FALSE,TRUE
7790923,"gate_40",2,FALSE,FALSE
7790994,"gate_40",149,TRUE,TRUE
7791184,"gate_40",40,TRUE,FALSE
7791264,"gate_40",33,FALSE,FALSE
7791354,"gate_40",2,FALSE,FALSE
7791379,"gate_40",124,TRUE,FALSE
7791406,"gate_40",16,TRUE,FALSE
7791764,"gate_30",5,FALSE,FALSE
7791890,"gate_40",192,TRUE,TRUE
7791948,"gate_40",21,FALSE,FALSE
7791964,"gate_30",46,TRUE,TRUE
7792084,"gate_40",5,TRUE,FALSE
7792114,"gate_30",9,TRUE,TRUE
7792267,"gate_30",0,FALSE,FALSE
7792367,"gate_40",15,FALSE,FALSE
7792470,"gate_30",1,FALSE,FALSE
7792740,"gate_30",15,TRUE,FALSE
7792788,"gate_30",27,TRUE,TRUE
7792809,"gate_40",20,TRUE,TRUE
7792850,"gate_40",168,TRUE,TRUE
7792911,"gate_40",29,TRUE,FALSE
7793126,"gate_30",3,FALSE,FALSE
7793163,"gate_40",23,FALSE,TRUE
7793424,"gate_30",8,FALSE,FALSE
7793501,"gate_40",47,TRUE,TRUE
7793582,"gate_40",52,TRUE,FALSE
7793787,"gate_30",30,FALSE,FALSE
7793799,"gate_30",128,TRUE,FALSE
7794101,"gate_40",26,TRUE,FALSE
7794174,"gate_40",9,FALSE,FALSE
7794175,"gate_40",29,FALSE,FALSE
7794220,"gate_40",20,FALSE,FALSE
7794276,"gate_40",2,FALSE,FALSE
7794302,"gate_40",30,TRUE,FALSE
7794353,"gate_30",13,TRUE,FALSE
7794357,"gate_30",21,FALSE,FALSE
7794436,"gate_30",61,TRUE,FALSE
7794488,"gate_30",21,TRUE,FALSE
7794508,"gate_40",15,FALSE,TRUE
7794937,"gate_30",23,TRUE,FALSE
7795212,"gate_30",8,FALSE,FALSE
7795326,"gate_40",126,TRUE,FALSE
7795556,"gate_40",9,FALSE,FALSE
7795735,"gate_30",1,FALSE,FALSE
7795779,"gate_40",18,FALSE,FALSE
7795915,"gate_30",1,FALSE,FALSE
7796040,"gate_30",55,TRUE,TRUE
7796167,"gate_30",54,TRUE,FALSE
7796541,"gate_30",0,FALSE,FALSE
7796722,"gate_30",63,TRUE,FALSE
7797280,"gate_30",73,FALSE,FALSE
7797390,"gate_40",8,FALSE,FALSE
7797473,"gate_30",5,FALSE,FALSE
7797588,"gate_40",80,TRUE,TRUE
7797611,"gate_30",435,TRUE,TRUE
7797833,"gate_30",13,TRUE,FALSE
7798058,"gate_30",16,FALSE,FALSE
7798186,"gate_30",2,FALSE,FALSE
7798294,"gate_40",38,TRUE,FALSE
7798306,"gate_40",100,TRUE,TRUE
7798486,"gate_30",24,FALSE,FALSE
7798537,"gate_30",83,TRUE,TRUE
7798642,"gate_40",32,FALSE,FALSE
7798770,"gate_30",1,FALSE,FALSE
7798778,"gate_40",42,TRUE,FALSE
7798803,"gate_30",16,FALSE,FALSE
7798832,"gate_40",9,TRUE,FALSE
7798844,"gate_30",17,TRUE,FALSE
7798912,"gate_40",2,FALSE,FALSE
7798968,"gate_40",80,TRUE,FALSE
7799023,"gate_30",12,TRUE,FALSE
7799086,"gate_30",7,FALSE,FALSE
7799234,"gate_40",40,TRUE,FALSE
7799324,"gate_30",4,FALSE,FALSE
7799449,"gate_40",1,FALSE,FALSE
7799498,"gate_30",145,TRUE,FALSE
7799706,"gate_40",80,TRUE,FALSE
7799764,"gate_40",54,TRUE,FALSE
7799810,"gate_30",22,TRUE,FALSE
7799931,"gate_40",20,TRUE,FALSE
7799947,"gate_40",86,FALSE,FALSE
7800225,"gate_40",344,TRUE,TRUE
7800457,"gate_40",18,TRUE,TRUE
7800462,"gate_30",4,FALSE,FALSE
7800508,"gate_40",6,FALSE,FALSE
7800570,"gate_30",25,TRUE,FALSE
7800672,"gate_30",162,TRUE,TRUE
7800858,"gate_30",99,TRUE,TRUE
7801078,"gate_30",50,FALSE,FALSE
7801119,"gate_30",29,FALSE,FALSE
7801152,"gate_30",35,FALSE,FALSE
7801340,"gate_30",0,FALSE,FALSE
7801452,"gate_30",495,TRUE,TRUE
7801483,"gate_40",2,FALSE,FALSE
7801555,"gate_40",5,TRUE,FALSE
7801794,"gate_30",29,FALSE,FALSE
7802028,"gate_40",16,FALSE,FALSE
7802036,"gate_40",10,TRUE,TRUE
7802129,"gate_40",211,TRUE,TRUE
7802183,"gate_40",474,TRUE,TRUE
7802707,"gate_30",273,TRUE,TRUE
7802721,"gate_30",69,TRUE,FALSE
7802739,"gate_40",51,FALSE,FALSE
7802949,"gate_40",2,FALSE,FALSE
7802965,"gate_30",29,TRUE,FALSE
7802971,"gate_30",13,TRUE,FALSE
7803015,"gate_30",23,FALSE,FALSE
7803017,"gate_40",58,FALSE,FALSE
7803099,"gate_30",17,FALSE,FALSE
7803133,"gate_30",41,FALSE,FALSE
7803150,"gate_40",13,TRUE,FALSE
7803533,"gate_40",7,FALSE,FALSE
7803668,"gate_40",1,FALSE,FALSE
7803727,"gate_30",22,TRUE,FALSE
7803951,"gate_30",28,FALSE,TRUE
7804011,"gate_30",134,TRUE,TRUE
7804147,"gate_40",124,TRUE,FALSE
7804243,"gate_40",1,FALSE,FALSE
7804312,"gate_30",74,TRUE,FALSE
7804353,"gate_40",2,FALSE,FALSE
7804435,"gate_30",48,TRUE,FALSE
7804511,"gate_30",25,TRUE,TRUE
7804558,"gate_30",11,TRUE,TRUE
7804696,"gate_30",40,FALSE,FALSE
7804712,"gate_40",1,FALSE,FALSE
7804770,"gate_40",26,TRUE,FALSE
7804875,"gate_30",161,TRUE,TRUE
7805001,"gate_40",2,FALSE,FALSE
7805337,"gate_40",8,FALSE,FALSE
7805448,"gate_40",0,FALSE,FALSE
7805479,"gate_40",25,TRUE,FALSE
7805514,"gate_30",3,TRUE,FALSE
7805852,"gate_40",61,TRUE,TRUE
7805873,"gate_30",4,FALSE,FALSE
7805972,"gate_30",25,TRUE,FALSE
7806038,"gate_40",325,TRUE,TRUE
7806114,"gate_40",151,TRUE,TRUE
7806129,"gate_30",3,TRUE,FALSE
7806150,"gate_30",73,TRUE,TRUE
7806197,"gate_30",11,FALSE,FALSE
7806225,"gate_30",3,FALSE,FALSE
7806322,"gate_40",31,TRUE,FALSE
7806450,"gate_40",46,FALSE,TRUE
7806462,"gate_40",154,TRUE,FALSE
7806484,"gate_40",3,FALSE,FALSE
7806543,"gate_40",23,TRUE,FALSE
7806654,"gate_30",2,FALSE,FALSE
7806690,"gate_30",24,TRUE,FALSE
7806709,"gate_40",4,FALSE,FALSE
7806783,"gate_40",2,FALSE,FALSE
7806911,"gate_40",6,FALSE,FALSE
7807382,"gate_40",125,TRUE,FALSE
7807388,"gate_40",4,FALSE,FALSE
7807455,"gate_30",56,TRUE,FALSE
7807769,"gate_30",89,TRUE,TRUE
7807773,"gate_40",72,TRUE,FALSE
7807945,"gate_30",277,TRUE,TRUE
7807958,"gate_30",0,FALSE,FALSE
7808020,"gate_30",1,FALSE,FALSE
7808286,"gate_30",27,FALSE,FALSE
7808441,"gate_40",47,TRUE,FALSE
7808688,"gate_30",22,TRUE,FALSE
7808760,"gate_30",38,TRUE,FALSE
7808880,"gate_40",11,FALSE,FALSE
7808996,"gate_40",15,FALSE,FALSE
7809014,"gate_40",24,TRUE,FALSE
7809040,"gate_30",20,FALSE,FALSE
7809309,"gate_40",16,TRUE,TRUE
7809311,"gate_40",19,TRUE,FALSE
7809367,"gate_30",56,FALSE,FALSE
7809509,"gate_30",0,FALSE,FALSE
7809676,"gate_30",6,FALSE,FALSE
7809737,"gate_30",42,TRUE,TRUE
7809744,"gate_40",52,FALSE,FALSE
7809807,"gate_30",225,TRUE,TRUE
7810070,"gate_30",27,TRUE,FALSE
7810101,"gate_30",137,TRUE,FALSE
7810166,"gate_40",2,FALSE,FALSE
7810264,"gate_40",10,FALSE,FALSE
7810278,"gate_30",12,FALSE,FALSE
7810330,"gate_30",17,TRUE,TRUE
7810364,"gate_30",24,TRUE,FALSE
7810426,"gate_30",13,FALSE,FALSE
7810557,"gate_30",17,TRUE,FALSE
7810642,"gate_30",398,TRUE,TRUE
7810735,"gate_30",1,FALSE,FALSE
7810742,"gate_40",20,FALSE,FALSE
7810866,"gate_30",6,TRUE,FALSE
7810954,"gate_40",7,FALSE,FALSE
7810965,"gate_40",136,TRUE,FALSE
7811132,"gate_40",6,FALSE,FALSE
7811278,"gate_30",9,FALSE,FALSE
7811488,"gate_30",53,TRUE,FALSE
7811588,"gate_40",32,TRUE,FALSE
7811751,"gate_30",31,FALSE,FALSE
7811811,"gate_40",3,TRUE,FALSE
7812250,"gate_30",47,TRUE,FALSE
7812262,"gate_30",2,FALSE,FALSE
7812344,"gate_40",4,FALSE,FALSE
7812387,"gate_40",2,FALSE,FALSE
7812480,"gate_40",21,FALSE,FALSE
7812919,"gate_30",33,FALSE,TRUE
7812943,"gate_30",24,TRUE,FALSE
7812999,"gate_30",2,FALSE,FALSE
7813392,"gate_40",7,TRUE,FALSE
7813549,"gate_40",0,FALSE,FALSE
7813952,"gate_30",176,TRUE,TRUE
7814072,"gate_40",1,FALSE,FALSE
7814202,"gate_30",1,FALSE,FALSE
7814223,"gate_40",155,FALSE,TRUE
7814225,"gate_30",425,TRUE,FALSE
7814300,"gate_40",9,FALSE,FALSE
7814304,"gate_40",0,FALSE,FALSE
7814323,"gate_30",60,TRUE,TRUE
7814409,"gate_40",2,FALSE,FALSE
7814478,"gate_30",107,TRUE,TRUE
7814555,"gate_30",13,FALSE,FALSE
7814594,"gate_30",96,FALSE,FALSE
7814619,"gate_40",28,TRUE,FALSE
7814754,"gate_30",12,FALSE,FALSE
7814984,"gate_40",3,FALSE,FALSE
7815143,"gate_40",8,FALSE,FALSE
7815217,"gate_40",5,FALSE,FALSE
7815253,"gate_30",1,FALSE,FALSE
7815264,"gate_30",34,TRUE,FALSE
7815561,"gate_30",1,FALSE,FALSE
7815617,"gate_40",4,FALSE,FALSE
7815662,"gate_30",116,TRUE,FALSE
7815796,"gate_30",2,FALSE,FALSE
7815984,"gate_40",17,TRUE,FALSE
7816142,"gate_30",341,TRUE,TRUE
7816260,"gate_30",2,FALSE,FALSE
7816380,"gate_30",378,TRUE,TRUE
7816455,"gate_40",288,TRUE,TRUE
7816641,"gate_40",8,FALSE,FALSE
7817149,"gate_40",14,FALSE,FALSE
7817223,"gate_30",48,FALSE,FALSE
7817232,"gate_30",54,TRUE,FALSE
7817327,"gate_30",5,FALSE,FALSE
7817442,"gate_40",4,FALSE,FALSE
7817595,"gate_30",65,TRUE,FALSE
7817920,"gate_30",51,TRUE,FALSE
7817952,"gate_40",155,TRUE,TRUE
7818045,"gate_30",42,FALSE,FALSE
7818128,"gate_30",17,TRUE,FALSE
7818258,"gate_30",19,TRUE,TRUE
7818385,"gate_30",2,FALSE,FALSE
7818432,"gate_40",91,FALSE,TRUE
7818586,"gate_30",177,TRUE,TRUE
7818903,"gate_40",16,TRUE,FALSE
7819067,"gate_30",24,TRUE,FALSE
7819113,"gate_30",249,TRUE,TRUE
7819262,"gate_30",97,FALSE,FALSE
7819276,"gate_40",8,FALSE,FALSE
7819305,"gate_30",30,TRUE,FALSE
7819340,"gate_40",17,FALSE,FALSE
7819641,"gate_40",54,TRUE,FALSE
7819663,"gate_30",220,TRUE,TRUE
7819698,"gate_40",0,FALSE,FALSE
7819726,"gate_30",2,FALSE,FALSE
7819754,"gate_40",61,TRUE,FALSE
7819771,"gate_40",54,TRUE,TRUE
7819803,"gate_30",429,TRUE,TRUE
7819851,"gate_30",29,TRUE,TRUE
7819889,"gate_40",4,TRUE,FALSE
7820131,"gate_30",2,FALSE,FALSE
7820147,"gate_40",0,FALSE,FALSE
7820701,"gate_40",39,TRUE,FALSE
7820859,"gate_40",79,TRUE,FALSE
7820935,"gate_30",65,FALSE,TRUE
7821094,"gate_40",101,FALSE,FALSE
7821168,"gate_40",17,FALSE,FALSE
7821432,"gate_40",5,FALSE,FALSE
7821440,"gate_40",78,TRUE,FALSE
7821679,"gate_30",73,TRUE,TRUE
7821686,"gate_40",23,TRUE,FALSE
7821733,"gate_30",64,TRUE,FALSE
7821884,"gate_40",15,FALSE,FALSE
7821935,"gate_30",15,FALSE,FALSE
7822053,"gate_40",88,TRUE,TRUE
7822240,"gate_40",7,FALSE,FALSE
7822295,"gate_40",18,FALSE,FALSE
7822418,"gate_40",4,TRUE,FALSE
7822628,"gate_30",9,FALSE,FALSE
7822673,"gate_30",5,FALSE,FALSE
7822710,"gate_40",4,FALSE,FALSE
7822884,"gate_40",1,FALSE,FALSE
7823087,"gate_30",3,FALSE,FALSE
7823159,"gate_30",12,TRUE,FALSE
7823231,"gate_30",5,FALSE,FALSE
7823681,"gate_40",2,FALSE,FALSE
7823777,"gate_30",1,FALSE,FALSE
7823833,"gate_30",4,FALSE,FALSE
7823862,"gate_30",17,TRUE,TRUE
7823878,"gate_30",18,TRUE,FALSE
7823880,"gate_30",51,TRUE,TRUE
7824136,"gate_40",42,TRUE,FALSE
7824175,"gate_40",14,TRUE,FALSE
7824234,"gate_40",15,FALSE,FALSE
7824277,"gate_40",17,FALSE,FALSE
7824431,"gate_30",18,FALSE,FALSE
7824435,"gate_40",5,FALSE,FALSE
7824465,"gate_40",63,TRUE,FALSE
7824483,"gate_40",137,FALSE,TRUE
7824518,"gate_40",100,TRUE,FALSE
7824599,"gate_40",68,TRUE,FALSE
7824610,"gate_40",1,FALSE,FALSE
7824738,"gate_30",2,FALSE,FALSE
7824917,"gate_40",15,FALSE,FALSE
7825158,"gate_30",4,FALSE,FALSE
7825255,"gate_40",111,TRUE,TRUE
7825339,"gate_40",12,TRUE,FALSE
7825441,"gate_40",6,TRUE,FALSE
7825467,"gate_40",76,TRUE,TRUE
7825479,"gate_40",2,FALSE,FALSE
7825507,"gate_30",2,TRUE,FALSE
7825527,"gate_40",2,FALSE,FALSE
7825647,"gate_40",11,TRUE,FALSE
7825659,"gate_40",7,FALSE,FALSE
7825699,"gate_40",4,FALSE,FALSE
7825727,"gate_40",1,FALSE,FALSE
7825819,"gate_30",40,FALSE,FALSE
7825917,"gate_30",98,TRUE,FALSE
7826086,"gate_30",12,TRUE,FALSE
7826218,"gate_40",17,FALSE,FALSE
7826348,"gate_30",10,FALSE,FALSE
7826416,"gate_40",6,FALSE,FALSE
7826561,"gate_30",24,TRUE,FALSE
7826588,"gate_40",126,TRUE,FALSE
7826972,"gate_40",133,TRUE,FALSE
7827168,"gate_40",58,TRUE,FALSE
7827188,"gate_40",34,TRUE,FALSE
7827248,"gate_30",5,TRUE,FALSE
7827277,"gate_30",8,FALSE,FALSE
7827354,"gate_40",14,TRUE,FALSE
7827375,"gate_30",0,FALSE,FALSE
7827653,"gate_30",9,FALSE,FALSE
7827994,"gate_30",52,TRUE,FALSE
7828298,"gate_40",98,TRUE,TRUE
7828366,"gate_40",183,TRUE,TRUE
7828522,"gate_30",51,TRUE,TRUE
7828685,"gate_30",591,TRUE,TRUE
7828700,"gate_40",6,FALSE,FALSE
7828865,"gate_40",32,TRUE,TRUE
7828919,"gate_30",5,FALSE,FALSE
7828943,"gate_40",0,FALSE,FALSE
7829038,"gate_40",2,FALSE,FALSE
7829118,"gate_40",46,FALSE,FALSE
7829334,"gate_40",55,TRUE,FALSE
7829360,"gate_30",8,TRUE,FALSE
7829441,"gate_40",4,FALSE,FALSE
7829459,"gate_30",38,FALSE,FALSE
7829495,"gate_40",5,FALSE,FALSE
7829539,"gate_30",278,TRUE,TRUE
7829713,"gate_40",54,TRUE,FALSE
7829742,"gate_40",5,FALSE,FALSE
7829838,"gate_30",144,TRUE,TRUE
7830010,"gate_40",40,FALSE,TRUE
7830186,"gate_30",52,FALSE,FALSE
7830562,"gate_40",111,TRUE,TRUE
7830683,"gate_40",1,FALSE,FALSE
7830816,"gate_40",78,FALSE,TRUE
7831338,"gate_30",1,FALSE,FALSE
7831355,"gate_40",2,FALSE,FALSE
7831419,"gate_40",32,TRUE,FALSE
7831449,"gate_30",107,TRUE,FALSE
7831731,"gate_40",9,TRUE,FALSE
7831776,"gate_40",177,FALSE,FALSE
7831910,"gate_40",14,FALSE,FALSE
7832043,"gate_30",0,FALSE,FALSE
7832109,"gate_40",46,TRUE,TRUE
7832114,"gate_40",28,FALSE,FALSE
7832270,"gate_40",14,FALSE,FALSE
7832350,"gate_30",158,TRUE,TRUE
7832374,"gate_40",60,TRUE,FALSE
7832376,"gate_40",28,TRUE,FALSE
7832455,"gate_40",1,FALSE,FALSE
7832604,"gate_30",18,FALSE,FALSE
7832745,"gate_30",140,TRUE,TRUE
7832768,"gate_30",53,TRUE,FALSE
7832836,"gate_30",61,TRUE,TRUE
7832845,"gate_30",123,TRUE,TRUE
7832999,"gate_30",8,FALSE,FALSE
7833045,"gate_30",140,TRUE,FALSE
7833323,"gate_30",238,TRUE,TRUE
7833367,"gate_30",102,FALSE,TRUE
7833466,"gate_30",0,FALSE,FALSE
7833479,"gate_30",147,TRUE,TRUE
7833526,"gate_40",155,TRUE,TRUE
7833533,"gate_40",47,TRUE,FALSE
7833786,"gate_40",7,FALSE,FALSE
7833819,"gate_30",6,FALSE,FALSE
7833855,"gate_40",25,TRUE,FALSE
7834002,"gate_30",11,FALSE,FALSE
7834228,"gate_30",42,TRUE,FALSE
7834514,"gate_30",38,TRUE,FALSE
7834569,"gate_30",3,FALSE,FALSE
7834616,"gate_40",237,TRUE,TRUE
7834693,"gate_30",21,FALSE,TRUE
7834719,"gate_40",5,FALSE,FALSE
7834832,"gate_40",3,FALSE,TRUE
7835180,"gate_30",9,FALSE,FALSE
7835328,"gate_30",241,TRUE,TRUE
7835433,"gate_40",10,TRUE,FALSE
7835576,"gate_30",137,FALSE,TRUE
7835745,"gate_40",4,TRUE,FALSE
7836042,"gate_40",19,FALSE,FALSE
7836263,"gate_30",13,FALSE,FALSE
7836352,"gate_30",6,FALSE,FALSE
7836396,"gate_30",3,FALSE,FALSE
7836417,"gate_30",115,TRUE,FALSE
7837012,"gate_40",14,FALSE,FALSE
7837296,"gate_30",3,FALSE,FALSE
7837311,"gate_30",32,TRUE,FALSE
7837326,"gate_30",5,TRUE,FALSE
7837446,"gate_30",6,FALSE,FALSE
7837484,"gate_30",2,FALSE,FALSE
7837531,"gate_30",17,FALSE,FALSE
7837587,"gate_40",9,FALSE,FALSE
7837785,"gate_30",193,TRUE,TRUE
7837910,"gate_30",5,TRUE,FALSE
7838041,"gate_40",1,FALSE,FALSE
7838141,"gate_30",80,TRUE,TRUE
7838327,"gate_30",63,FALSE,FALSE
7838452,"gate_40",9,FALSE,FALSE
7838508,"gate_30",16,FALSE,FALSE
7838597,"gate_40",4,FALSE,FALSE
7838663,"gate_30",2,TRUE,TRUE
7838794,"gate_30",74,TRUE,FALSE
7838810,"gate_30",5,FALSE,FALSE
7838955,"gate_40",71,TRUE,TRUE
7838989,"gate_30",7,FALSE,FALSE
7838998,"gate_40",21,FALSE,FALSE
7839250,"gate_40",16,TRUE,FALSE
7839264,"gate_40",15,FALSE,FALSE
7839322,"gate_30",8,FALSE,FALSE
7839605,"gate_40",4,FALSE,FALSE
7839860,"gate_30",14,TRUE,FALSE
7840066,"gate_40",132,TRUE,FALSE
7840146,"gate_30",15,FALSE,FALSE
7840336,"gate_30",2,FALSE,FALSE
7840415,"gate_30",16,FALSE,FALSE
7840422,"gate_40",18,TRUE,FALSE
7840428,"gate_30",16,FALSE,FALSE
7840519,"gate_30",22,TRUE,FALSE
7840555,"gate_30",9,FALSE,FALSE
7840624,"gate_40",39,FALSE,FALSE
7840816,"gate_30",11,FALSE,FALSE
7841157,"gate_40",17,TRUE,FALSE
7841595,"gate_40",1,FALSE,FALSE
7841633,"gate_30",14,FALSE,FALSE
7841650,"gate_40",206,TRUE,FALSE
7841668,"gate_40",7,TRUE,FALSE
7841701,"gate_30",13,TRUE,FALSE
7841885,"gate_40",1,FALSE,FALSE
7842057,"gate_30",3,FALSE,FALSE
7842150,"gate_40",23,FALSE,TRUE
7842268,"gate_40",2,FALSE,FALSE
7842369,"gate_30",5,FALSE,FALSE
7842552,"gate_40",35,FALSE,FALSE
7842567,"gate_40",334,TRUE,TRUE
7842851,"gate_30",21,TRUE,FALSE
7842906,"gate_40",0,FALSE,FALSE
7842988,"gate_40",2,FALSE,FALSE
7843052,"gate_40",41,TRUE,TRUE
7843134,"gate_30",1,FALSE,FALSE
7843149,"gate_40",4,FALSE,FALSE
7843176,"gate_40",25,FALSE,FALSE
7843228,"gate_30",8,FALSE,FALSE
7843413,"gate_30",4,FALSE,FALSE
7843591,"gate_40",1108,TRUE,TRUE
7843696,"gate_40",213,FALSE,FALSE
7843742,"gate_30",36,TRUE,TRUE
7843935,"gate_40",64,FALSE,FALSE
7843963,"gate_40",1,FALSE,FALSE
7844051,"gate_30",13,FALSE,FALSE
7844095,"gate_40",27,TRUE,FALSE
7844172,"gate_30",29,TRUE,TRUE
7844426,"gate_30",8,FALSE,FALSE
7844446,"gate_40",2,FALSE,FALSE
7844773,"gate_40",1,FALSE,FALSE
7844871,"gate_40",427,TRUE,TRUE
7845142,"gate_30",0,FALSE,FALSE
7845151,"gate_40",22,TRUE,FALSE
7845232,"gate_40",23,FALSE,FALSE
7845272,"gate_40",40,TRUE,FALSE
7845602,"gate_30",49,FALSE,FALSE
7845671,"gate_40",113,FALSE,TRUE
7845761,"gate_30",19,TRUE,FALSE
7845823,"gate_30",130,TRUE,TRUE
7845848,"gate_30",205,TRUE,TRUE
7845936,"gate_30",6,FALSE,FALSE
7846104,"gate_40",8,FALSE,FALSE
7846149,"gate_30",11,TRUE,FALSE
7846210,"gate_40",6,TRUE,FALSE
7846378,"gate_40",1,FALSE,FALSE
7846523,"gate_30",2,FALSE,FALSE
7846561,"gate_40",20,FALSE,FALSE
7846586,"gate_30",15,FALSE,FALSE
7846851,"gate_40",4,FALSE,FALSE
7846889,"gate_30",84,TRUE,FALSE
7847339,"gate_40",3,FALSE,FALSE
7847340,"gate_30",72,TRUE,FALSE
7847392,"gate_30",4,FALSE,FALSE
7847589,"gate_30",2,FALSE,FALSE
7847594,"gate_40",98,FALSE,TRUE
7847769,"gate_30",8,FALSE,FALSE
7847847,"gate_30",73,TRUE,FALSE
7848090,"gate_30",32,FALSE,FALSE
7848105,"gate_40",7,FALSE,FALSE
7848365,"gate_30",84,TRUE,TRUE
7848451,"gate_30",5,FALSE,FALSE
7848550,"gate_30",45,TRUE,FALSE
7848701,"gate_30",7,FALSE,FALSE
7848730,"gate_40",0,FALSE,FALSE
7848965,"gate_30",16,TRUE,FALSE
7849054,"gate_30",38,TRUE,FALSE
7849315,"gate_30",159,TRUE,TRUE
7849326,"gate_30",122,TRUE,TRUE
7849393,"gate_40",50,TRUE,TRUE
7849651,"gate_30",55,TRUE,FALSE
7849669,"gate_40",304,TRUE,TRUE
7849893,"gate_30",8,FALSE,FALSE
7849935,"gate_40",213,TRUE,TRUE
7850034,"gate_30",45,FALSE,FALSE
7850035,"gate_30",95,TRUE,FALSE
7850103,"gate_30",31,TRUE,FALSE
7850146,"gate_40",12,FALSE,FALSE
7850335,"gate_30",225,TRUE,FALSE
7850451,"gate_40",3,FALSE,FALSE
7850467,"gate_40",17,FALSE,FALSE
7850496,"gate_40",66,FALSE,FALSE
7850588,"gate_30",1,FALSE,FALSE
7850611,"gate_40",2,FALSE,FALSE
7850635,"gate_30",42,TRUE,FALSE
7850639,"gate_40",27,FALSE,TRUE
7851158,"gate_30",9,TRUE,FALSE
7851181,"gate_40",1,FALSE,FALSE
7851193,"gate_40",0,FALSE,FALSE
7851476,"gate_30",2,FALSE,FALSE
7851605,"gate_30",19,TRUE,FALSE
7851617,"gate_30",41,TRUE,FALSE
7851624,"gate_40",12,FALSE,FALSE
7851625,"gate_40",50,TRUE,TRUE
7851731,"gate_40",25,TRUE,FALSE
7852158,"gate_30",13,FALSE,FALSE
7852240,"gate_40",35,TRUE,FALSE
7852269,"gate_30",0,FALSE,FALSE
7852360,"gate_40",1,FALSE,FALSE
7852505,"gate_30",27,TRUE,TRUE
7852829,"gate_30",23,TRUE,FALSE
7852987,"gate_40",7,FALSE,FALSE
7853429,"gate_40",492,TRUE,TRUE
7853528,"gate_40",20,FALSE,FALSE
7853837,"gate_40",22,TRUE,FALSE
7853937,"gate_30",36,FALSE,TRUE
7854046,"gate_40",2,TRUE,FALSE
7854166,"gate_30",353,TRUE,TRUE
7854240,"gate_40",120,TRUE,FALSE
7854259,"gate_40",82,TRUE,FALSE
7854294,"gate_30",94,TRUE,FALSE
7854561,"gate_40",45,FALSE,FALSE
7854721,"gate_30",38,TRUE,FALSE
7854802,"gate_40",111,TRUE,TRUE
7854829,"gate_30",2,FALSE,FALSE
7855053,"gate_40",321,TRUE,TRUE
7855091,"gate_30",136,TRUE,TRUE
7855313,"gate_40",202,TRUE,FALSE
7855394,"gate_40",13,TRUE,FALSE
7855496,"gate_30",186,TRUE,FALSE
7855586,"gate_40",9,FALSE,FALSE
7855687,"gate_40",130,TRUE,TRUE
7855699,"gate_30",17,FALSE,FALSE
7855712,"gate_30",4,FALSE,FALSE
7855910,"gate_40",15,TRUE,FALSE
7855912,"gate_40",15,TRUE,FALSE
7856208,"gate_30",8,FALSE,FALSE
7856280,"gate_30",19,FALSE,FALSE
7856456,"gate_40",179,TRUE,TRUE
7856489,"gate_40",33,FALSE,FALSE
7856497,"gate_30",13,TRUE,FALSE
7856681,"gate_40",14,FALSE,FALSE
7856751,"gate_30",126,TRUE,FALSE
7856871,"gate_30",46,TRUE,FALSE
7856872,"gate_30",0,FALSE,FALSE
7857141,"gate_40",14,TRUE,TRUE
7857278,"gate_30",1,FALSE,FALSE
7857348,"gate_30",44,FALSE,TRUE
7857390,"gate_40",20,TRUE,FALSE
7857701,"gate_30",39,TRUE,TRUE
7858047,"gate_40",166,FALSE,FALSE
7858108,"gate_40",2,FALSE,FALSE
7858438,"gate_30",141,TRUE,FALSE
7858542,"gate_30",91,TRUE,FALSE
7858586,"gate_30",48,TRUE,FALSE
7858655,"gate_30",4,FALSE,FALSE
7858688,"gate_40",27,TRUE,FALSE
7858715,"gate_30",6,FALSE,FALSE
7858961,"gate_30",57,TRUE,FALSE
7858971,"gate_40",14,TRUE,FALSE
7859033,"gate_40",24,FALSE,FALSE
7859208,"gate_30",155,TRUE,TRUE
7859210,"gate_40",3,FALSE,FALSE
7859217,"gate_30",34,TRUE,FALSE
7859261,"gate_30",22,FALSE,FALSE
7859265,"gate_30",35,TRUE,FALSE
7859266,"gate_30",80,TRUE,FALSE
7859309,"gate_30",231,FALSE,TRUE
7859363,"gate_30",1,FALSE,FALSE
7859412,"gate_40",8,FALSE,FALSE
7859432,"gate_40",5,FALSE,FALSE
7859491,"gate_30",39,TRUE,FALSE
7859577,"gate_40",6,FALSE,FALSE
7859627,"gate_30",15,FALSE,FALSE
7859689,"gate_40",1,FALSE,FALSE
7859699,"gate_40",25,FALSE,TRUE
7859824,"gate_40",104,TRUE,TRUE
7860064,"gate_30",5,TRUE,FALSE
7860105,"gate_40",12,FALSE,FALSE
7860108,"gate_40",2,FALSE,FALSE
7860134,"gate_30",31,TRUE,FALSE
7860237,"gate_30",3,FALSE,FALSE
7860240,"gate_30",1,FALSE,FALSE
7860419,"gate_40",3,FALSE,FALSE
7860574,"gate_40",51,TRUE,TRUE
7860628,"gate_40",2,FALSE,FALSE
7860709,"gate_30",1,FALSE,FALSE
7860852,"gate_30",14,TRUE,FALSE
7860885,"gate_30",11,FALSE,FALSE
7861330,"gate_30",1,FALSE,FALSE
7861403,"gate_30",1,FALSE,FALSE
7861455,"gate_30",9,TRUE,FALSE
7861668,"gate_30",10,TRUE,FALSE
7861880,"gate_30",765,TRUE,TRUE
7861912,"gate_40",40,TRUE,FALSE
7862060,"gate_40",5,TRUE,FALSE
7862344,"gate_30",14,TRUE,FALSE
7862368,"gate_30",96,TRUE,FALSE
7862491,"gate_40",8,FALSE,FALSE
7862583,"gate_30",0,FALSE,FALSE
7862761,"gate_30",117,TRUE,TRUE
7862789,"gate_30",1,FALSE,FALSE
7863041,"gate_40",1,FALSE,FALSE
7863050,"gate_30",55,TRUE,FALSE
7863195,"gate_30",9,FALSE,FALSE
7863212,"gate_40",83,TRUE,FALSE
7863248,"gate_40",0,FALSE,FALSE
7863249,"gate_30",3,FALSE,FALSE
7863262,"gate_40",116,TRUE,FALSE
7863281,"gate_30",17,TRUE,FALSE
7863338,"gate_30",22,TRUE,FALSE
7863486,"gate_40",18,FALSE,FALSE
7863532,"gate_30",56,TRUE,FALSE
7863800,"gate_40",1,FALSE,FALSE
7863899,"gate_40",9,FALSE,FALSE
7863948,"gate_30",16,FALSE,FALSE
7864060,"gate_40",160,TRUE,FALSE
7864121,"gate_30",1,FALSE,FALSE
7864123,"gate_30",22,TRUE,FALSE
7864194,"gate_30",14,FALSE,FALSE
7864363,"gate_30",58,TRUE,TRUE
7864737,"gate_30",1,FALSE,FALSE
7864813,"gate_30",41,TRUE,FALSE
7864816,"gate_30",6,FALSE,FALSE
7864907,"gate_30",170,TRUE,TRUE
7864973,"gate_40",9,TRUE,FALSE
7864978,"gate_40",12,TRUE,FALSE
7864981,"gate_30",41,TRUE,FALSE
7865039,"gate_40",7,FALSE,FALSE
7865121,"gate_30",5,FALSE,FALSE
7865345,"gate_30",38,TRUE,FALSE
7865621,"gate_30",25,TRUE,FALSE
7865671,"gate_30",18,TRUE,FALSE
7865679,"gate_30",28,TRUE,FALSE
7865930,"gate_30",5,FALSE,FALSE
7865961,"gate_30",34,TRUE,FALSE
7866029,"gate_30",54,TRUE,FALSE
7866058,"gate_40",1,FALSE,FALSE
7866064,"gate_40",7,FALSE,FALSE
7866242,"gate_30",7,FALSE,FALSE
7866445,"gate_40",0,FALSE,FALSE
7866547,"gate_40",4,FALSE,FALSE
7866722,"gate_40",1,FALSE,FALSE
7866860,"gate_30",23,FALSE,FALSE
7866886,"gate_40",12,TRUE,FALSE
7866894,"gate_30",65,TRUE,TRUE
7866951,"gate_30",3,FALSE,FALSE
7866996,"gate_30",115,TRUE,TRUE
7867131,"gate_30",2,FALSE,FALSE
7867157,"gate_30",8,TRUE,TRUE
7867361,"gate_30",41,TRUE,TRUE
7867566,"gate_30",8,FALSE,FALSE
7867568,"gate_40",147,TRUE,TRUE
7867689,"gate_40",12,TRUE,FALSE
7867694,"gate_40",128,TRUE,TRUE
7867720,"gate_30",161,TRUE,TRUE
7867745,"gate_40",4,FALSE,FALSE
7867747,"gate_30",407,TRUE,TRUE
7867847,"gate_40",15,FALSE,FALSE
7867866,"gate_40",38,TRUE,FALSE
7867912,"gate_40",6,FALSE,FALSE
7867942,"gate_40",5,FALSE,FALSE
7868006,"gate_40",1,FALSE,FALSE
7868051,"gate_40",11,FALSE,FALSE
7868209,"gate_30",48,TRUE,FALSE
7868278,"gate_30",4,FALSE,FALSE
7868321,"gate_40",25,TRUE,FALSE
7868377,"gate_30",2,FALSE,FALSE
7868382,"gate_40",2,FALSE,FALSE
7868423,"gate_40",75,TRUE,TRUE
7868660,"gate_30",6,TRUE,FALSE
7868787,"gate_40",10,FALSE,FALSE
7869027,"gate_30",4,FALSE,FALSE
7869073,"gate_30",3,FALSE,FALSE
7869076,"gate_40",2,FALSE,FALSE
7869196,"gate_30",81,FALSE,FALSE
7869501,"gate_40",15,FALSE,FALSE
7869541,"gate_30",46,TRUE,FALSE
7869776,"gate_30",5,FALSE,FALSE
7869832,"gate_40",24,TRUE,FALSE
7869909,"gate_40",4,TRUE,FALSE
7869960,"gate_30",1,FALSE,FALSE
7870041,"gate_40",31,TRUE,FALSE
7870084,"gate_40",14,TRUE,FALSE
7870089,"gate_30",4,FALSE,FALSE
7870111,"gate_30",3,FALSE,FALSE
7870196,"gate_30",48,FALSE,FALSE
7870211,"gate_40",9,FALSE,FALSE
7870344,"gate_30",27,FALSE,FALSE
7870430,"gate_40",6,FALSE,FALSE
7870437,"gate_40",98,TRUE,TRUE
7870521,"gate_40",95,TRUE,TRUE
7870577,"gate_30",0,FALSE,FALSE
7870760,"gate_30",42,TRUE,FALSE
7870774,"gate_40",14,TRUE,FALSE
7870823,"gate_30",6,TRUE,FALSE
7870868,"gate_30",48,FALSE,FALSE
7870904,"gate_30",12,FALSE,FALSE
7870973,"gate_30",6,TRUE,FALSE
7871035,"gate_40",44,TRUE,FALSE
7871046,"gate_30",1,FALSE,FALSE
7871187,"gate_30",2,FALSE,FALSE
7871197,"gate_30",0,FALSE,FALSE
7871228,"gate_40",13,FALSE,FALSE
7871259,"gate_40",1,FALSE,FALSE
7871319,"gate_30",60,TRUE,TRUE
7871325,"gate_40",3,FALSE,FALSE
7871338,"gate_40",6,FALSE,FALSE
7871566,"gate_40",8,FALSE,FALSE
7871599,"gate_30",19,TRUE,FALSE
7871745,"gate_30",22,TRUE,FALSE
7871860,"gate_30",46,TRUE,FALSE
7871912,"gate_30",175,TRUE,TRUE
7872103,"gate_30",0,FALSE,FALSE
7872110,"gate_40",8,TRUE,FALSE
7872302,"gate_30",3,FALSE,FALSE
7872536,"gate_40",6,FALSE,FALSE
7872628,"gate_30",3,FALSE,FALSE
7872676,"gate_40",19,FALSE,FALSE
7872909,"gate_30",30,FALSE,TRUE
7873016,"gate_30",20,TRUE,FALSE
7873171,"gate_40",3,FALSE,FALSE
7873299,"gate_40",3,TRUE,FALSE
7873445,"gate_30",133,FALSE,TRUE
7873473,"gate_30",17,FALSE,FALSE
7873714,"gate_30",7,FALSE,FALSE
7873890,"gate_40",5,TRUE,FALSE
7874133,"gate_30",7,FALSE,FALSE
7874509,"gate_30",8,FALSE,FALSE
7874538,"gate_30",28,TRUE,FALSE
7874631,"gate_40",40,TRUE,TRUE
7874830,"gate_40",33,TRUE,FALSE
7874867,"gate_40",86,TRUE,FALSE
7874986,"gate_40",9,FALSE,FALSE
7875038,"gate_30",51,TRUE,TRUE
7875159,"gate_30",62,TRUE,FALSE
7875174,"gate_30",7,FALSE,FALSE
7875308,"gate_40",115,FALSE,FALSE
7875365,"gate_30",7,FALSE,FALSE
7875528,"gate_40",8,FALSE,FALSE
7875661,"gate_30",314,TRUE,TRUE
7875797,"gate_30",107,TRUE,FALSE
7875963,"gate_40",3,FALSE,FALSE
7876069,"gate_40",0,FALSE,FALSE
7876121,"gate_40",4,FALSE,FALSE
7876280,"gate_40",2,FALSE,FALSE
7876360,"gate_30",2,FALSE,FALSE
7876452,"gate_40",37,TRUE,FALSE
7876482,"gate_40",6,FALSE,FALSE
7876494,"gate_30",8,FALSE,FALSE
7876765,"gate_40",47,FALSE,FALSE
7876828,"gate_40",8,FALSE,FALSE
7876840,"gate_30",3,FALSE,FALSE
7876845,"gate_30",379,TRUE,TRUE
7876960,"gate_40",60,TRUE,FALSE
7877070,"gate_30",78,FALSE,FALSE
7877157,"gate_40",306,TRUE,TRUE
7877301,"gate_30",3,FALSE,FALSE
7877494,"gate_40",14,TRUE,FALSE
7877583,"gate_30",13,FALSE,FALSE
7877588,"gate_30",6,FALSE,FALSE
7877722,"gate_40",307,TRUE,TRUE
7877771,"gate_30",10,FALSE,FALSE
7878220,"gate_30",27,TRUE,FALSE
7878379,"gate_40",1,FALSE,FALSE
7878529,"gate_40",228,TRUE,FALSE
7878832,"gate_40",13,FALSE,FALSE
7878984,"gate_30",62,TRUE,FALSE
7879161,"gate_40",3,FALSE,FALSE
7879390,"gate_40",1,FALSE,FALSE
7879437,"gate_30",1,FALSE,FALSE
7879660,"gate_40",2,FALSE,FALSE
7879842,"gate_40",74,TRUE,TRUE
7879863,"gate_30",3,FALSE,FALSE
7879983,"gate_30",57,FALSE,TRUE
7880026,"gate_40",3,FALSE,FALSE
7880093,"gate_40",12,FALSE,FALSE
7880097,"gate_30",653,TRUE,TRUE
7880256,"gate_30",1,FALSE,FALSE
7880343,"gate_40",6,FALSE,FALSE
7880628,"gate_30",51,TRUE,FALSE
7880861,"gate_40",130,TRUE,FALSE
7881048,"gate_40",270,TRUE,TRUE
7881184,"gate_30",10,FALSE,FALSE
7881216,"gate_40",0,FALSE,FALSE
7881312,"gate_30",1,FALSE,FALSE
7881376,"gate_30",33,FALSE,FALSE
7881428,"gate_40",18,FALSE,FALSE
7881479,"gate_40",9,FALSE,FALSE
7881495,"gate_30",30,TRUE,FALSE
7881499,"gate_30",7,FALSE,FALSE
7881503,"gate_30",4,FALSE,FALSE
7881566,"gate_30",9,TRUE,FALSE
7881652,"gate_30",151,TRUE,FALSE
7881700,"gate_30",339,FALSE,TRUE
7881923,"gate_40",200,TRUE,TRUE
7882046,"gate_30",181,TRUE,TRUE
7882173,"gate_30",14,FALSE,FALSE
7882280,"gate_40",1,FALSE,FALSE
7882453,"gate_30",0,FALSE,FALSE
7882478,"gate_30",1,FALSE,FALSE
7882511,"gate_30",5,FALSE,FALSE
7882527,"gate_30",5,TRUE,FALSE
7882766,"gate_30",4,FALSE,FALSE
7882858,"gate_40",8,FALSE,FALSE
7882916,"gate_40",29,TRUE,FALSE
7883547,"gate_30",24,FALSE,FALSE
7883551,"gate_40",32,TRUE,FALSE
7883669,"gate_40",2,FALSE,FALSE
7883689,"gate_40",10,FALSE,FALSE
7883865,"gate_30",7,FALSE,FALSE
7884005,"gate_30",17,TRUE,FALSE
7884151,"gate_30",8,FALSE,FALSE
7884530,"gate_40",283,TRUE,TRUE
7884553,"gate_40",3,FALSE,FALSE
7884555,"gate_30",14,TRUE,FALSE
7884671,"gate_30",47,TRUE,FALSE
7884736,"gate_30",108,TRUE,TRUE
7884996,"gate_30",33,FALSE,FALSE
7885052,"gate_30",20,FALSE,FALSE
7885192,"gate_30",5,FALSE,FALSE
7885266,"gate_40",31,TRUE,FALSE
7885331,"gate_40",2,FALSE,FALSE
7885452,"gate_30",18,FALSE,FALSE
7885549,"gate_30",29,FALSE,FALSE
7885635,"gate_40",78,FALSE,TRUE
7885731,"gate_30",3,TRUE,FALSE
7885738,"gate_40",3,FALSE,FALSE
7885838,"gate_40",8,FALSE,FALSE
7885927,"gate_40",2,FALSE,FALSE
7885978,"gate_30",6,TRUE,FALSE
7886144,"gate_40",8,FALSE,FALSE
7886257,"gate_40",9,FALSE,FALSE
7886305,"gate_40",55,TRUE,FALSE
7886310,"gate_30",4,TRUE,TRUE
7886496,"gate_30",1,FALSE,FALSE
7886940,"gate_40",9,FALSE,FALSE
7886984,"gate_30",187,FALSE,FALSE
7887076,"gate_40",2,FALSE,FALSE
7887084,"gate_40",6,FALSE,FALSE
7887297,"gate_40",13,TRUE,FALSE
7887626,"gate_40",125,TRUE,FALSE
7887891,"gate_30",182,FALSE,TRUE
7887988,"gate_30",15,TRUE,FALSE
7888049,"gate_40",3,FALSE,FALSE
7888061,"gate_30",33,FALSE,FALSE
7888068,"gate_30",22,TRUE,FALSE
7888074,"gate_30",5,FALSE,FALSE
7888127,"gate_30",11,TRUE,FALSE
7888152,"gate_40",2,FALSE,FALSE
7888256,"gate_30",22,TRUE,TRUE
7888381,"gate_40",84,TRUE,FALSE
7888408,"gate_30",50,TRUE,FALSE
7888560,"gate_30",47,TRUE,FALSE
7888651,"gate_40",90,TRUE,FALSE
7888922,"gate_30",171,TRUE,FALSE
7889010,"gate_40",3,FALSE,FALSE
7889071,"gate_30",1,FALSE,FALSE
7889092,"gate_40",15,FALSE,FALSE
7889145,"gate_40",85,TRUE,FALSE
7889185,"gate_30",15,TRUE,FALSE
7889250,"gate_40",2,FALSE,FALSE
7889324,"gate_30",12,FALSE,FALSE
7889381,"gate_40",13,FALSE,FALSE
7889610,"gate_40",36,TRUE,FALSE
7889655,"gate_40",18,FALSE,FALSE
7889836,"gate_40",2,FALSE,FALSE
7889988,"gate_30",197,TRUE,TRUE
7890073,"gate_30",46,TRUE,FALSE
7890186,"gate_30",40,TRUE,FALSE
7890405,"gate_30",6,FALSE,FALSE
7890588,"gate_30",81,FALSE,TRUE
7890926,"gate_30",4,FALSE,FALSE
7890977,"gate_30",54,TRUE,FALSE
7891131,"gate_30",235,TRUE,TRUE
7891254,"gate_40",44,FALSE,FALSE
7891351,"gate_30",220,TRUE,TRUE
7891447,"gate_30",5,TRUE,FALSE
7891506,"gate_30",1,FALSE,FALSE
7891560,"gate_30",17,FALSE,FALSE
7891702,"gate_40",1,FALSE,FALSE
7891704,"gate_30",3,FALSE,FALSE
7891833,"gate_40",240,TRUE,TRUE
7891865,"gate_40",2,FALSE,FALSE
7891921,"gate_30",34,TRUE,FALSE
7892124,"gate_30",0,FALSE,FALSE
7892170,"gate_40",126,TRUE,FALSE
7892216,"gate_30",170,FALSE,TRUE
7892318,"gate_40",108,TRUE,FALSE
7892346,"gate_30",49,TRUE,FALSE
7892431,"gate_30",3,FALSE,FALSE
7892498,"gate_30",6,FALSE,FALSE
7892557,"gate_40",166,TRUE,FALSE
7892838,"gate_30",14,FALSE,FALSE
7892919,"gate_40",17,TRUE,FALSE
7892935,"gate_40",81,TRUE,TRUE
7893068,"gate_30",0,FALSE,FALSE
7893123,"gate_30",17,TRUE,FALSE
7893137,"gate_40",3,FALSE,FALSE
7893334,"gate_30",34,TRUE,TRUE
7893348,"gate_30",11,FALSE,FALSE
7893374,"gate_40",24,TRUE,FALSE
7893452,"gate_30",1,FALSE,FALSE
7893548,"gate_40",32,FALSE,FALSE
7893759,"gate_30",10,TRUE,FALSE
7893951,"gate_30",356,TRUE,TRUE
7894330,"gate_40",0,FALSE,FALSE
7894347,"gate_40",48,TRUE,TRUE
7894356,"gate_30",17,FALSE,TRUE
7894542,"gate_30",0,FALSE,FALSE
7894892,"gate_40",10,FALSE,FALSE
7894944,"gate_30",29,FALSE,FALSE
7895107,"gate_40",601,TRUE,TRUE
7895187,"gate_40",148,TRUE,TRUE
7895584,"gate_30",94,TRUE,TRUE
7895636,"gate_30",246,TRUE,TRUE
7895711,"gate_40",18,FALSE,FALSE
7895714,"gate_30",4,TRUE,FALSE
7895828,"gate_40",4,FALSE,FALSE
7895846,"gate_40",200,TRUE,FALSE
7895894,"gate_40",25,FALSE,TRUE
7895974,"gate_40",31,TRUE,FALSE
7896071,"gate_40",26,FALSE,FALSE
7896119,"gate_40",0,FALSE,FALSE
7896454,"gate_40",24,FALSE,FALSE
7896498,"gate_30",15,TRUE,FALSE
7896652,"gate_30",44,FALSE,FALSE
7896676,"gate_30",13,FALSE,FALSE
7896848,"gate_30",2,FALSE,FALSE
7897018,"gate_40",7,FALSE,FALSE
7897052,"gate_40",22,FALSE,FALSE
7897111,"gate_30",57,TRUE,TRUE
7897377,"gate_30",39,TRUE,FALSE
7897653,"gate_40",179,TRUE,TRUE
7897796,"gate_30",13,FALSE,FALSE
7897829,"gate_40",183,TRUE,FALSE
7897990,"gate_40",50,FALSE,FALSE
7898036,"gate_40",14,FALSE,FALSE
7898058,"gate_40",1,FALSE,FALSE
7898082,"gate_30",15,FALSE,FALSE
7898255,"gate_30",5,FALSE,FALSE
7898274,"gate_40",20,TRUE,TRUE
7898321,"gate_40",17,FALSE,FALSE
7898448,"gate_40",14,FALSE,FALSE
7898592,"gate_30",0,FALSE,FALSE
7898609,"gate_30",2,TRUE,FALSE
7898686,"gate_30",14,FALSE,FALSE
7898775,"gate_30",1,FALSE,FALSE
7899054,"gate_30",140,TRUE,TRUE
7899309,"gate_30",23,FALSE,TRUE
7899339,"gate_30",2,FALSE,FALSE
7899646,"gate_40",5,TRUE,FALSE
7899734,"gate_30",31,TRUE,FALSE
7899804,"gate_40",2,FALSE,FALSE
7900026,"gate_30",9,FALSE,FALSE
7900112,"gate_30",5,FALSE,FALSE
7900156,"gate_40",84,TRUE,FALSE
7900185,"gate_30",5,FALSE,FALSE
7900240,"gate_30",49,TRUE,TRUE
7900391,"gate_40",3,TRUE,FALSE
7900741,"gate_40",1,FALSE,FALSE
7900760,"gate_40",7,FALSE,FALSE
7900825,"gate_40",5,FALSE,FALSE
7900960,"gate_40",19,TRUE,FALSE
7900998,"gate_40",10,TRUE,FALSE
7901127,"gate_30",30,FALSE,FALSE
7901150,"gate_30",14,FALSE,FALSE
7901158,"gate_40",34,FALSE,TRUE
7901179,"gate_40",8,FALSE,FALSE
7901257,"gate_30",6,FALSE,FALSE
7901423,"gate_40",16,TRUE,FALSE
7901477,"gate_30",1,FALSE,FALSE
7901502,"gate_30",64,TRUE,FALSE
7901558,"gate_40",97,FALSE,FALSE
7901655,"gate_40",49,TRUE,FALSE
7901666,"gate_40",4,FALSE,FALSE
7901822,"gate_40",46,TRUE,FALSE
7901873,"gate_30",7,FALSE,FALSE
7901887,"gate_30",6,FALSE,FALSE
7902032,"gate_30",5,FALSE,FALSE
7902079,"gate_30",178,TRUE,TRUE
7902126,"gate_40",3,FALSE,FALSE
7902127,"gate_40",58,TRUE,FALSE
7902302,"gate_40",41,TRUE,FALSE
7902532,"gate_40",9,FALSE,FALSE
7902600,"gate_40",7,FALSE,FALSE
7902844,"gate_40",6,FALSE,FALSE
7902931,"gate_30",569,TRUE,FALSE
7902935,"gate_40",19,TRUE,FALSE
7903029,"gate_40",0,FALSE,FALSE
7903039,"gate_30",1,FALSE,FALSE
7903291,"gate_40",18,FALSE,FALSE
7903359,"gate_30",4,FALSE,FALSE
7903527,"gate_40",36,TRUE,FALSE
7903644,"gate_40",0,FALSE,FALSE
7903861,"gate_40",2,FALSE,FALSE
7903979,"gate_40",4,FALSE,FALSE
7903980,"gate_40",12,TRUE,TRUE
7904018,"gate_40",68,TRUE,FALSE
7904148,"gate_40",7,FALSE,FALSE
7904173,"gate_30",32,FALSE,FALSE
7904250,"gate_40",7,FALSE,FALSE
7904307,"gate_40",16,FALSE,FALSE
7904344,"gate_30",49,TRUE,FALSE
7904473,"gate_30",16,TRUE,FALSE
7904474,"gate_30",19,FALSE,TRUE
7904507,"gate_30",39,TRUE,FALSE
7905098,"gate_40",73,TRUE,TRUE
7905173,"gate_30",334,TRUE,TRUE
7905303,"gate_40",6,TRUE,FALSE
7905457,"gate_30",147,TRUE,TRUE
7905570,"gate_30",3,FALSE,FALSE
7905580,"gate_30",57,FALSE,FALSE
7905693,"gate_40",0,FALSE,FALSE
7905699,"gate_30",30,TRUE,FALSE
7905762,"gate_40",5,FALSE,FALSE
7905866,"gate_30",161,TRUE,FALSE
7905941,"gate_30",0,FALSE,FALSE
7906072,"gate_40",5,FALSE,FALSE
7906269,"gate_30",33,TRUE,FALSE
7906353,"gate_40",266,TRUE,TRUE
7906514,"gate_40",99,TRUE,TRUE
7906619,"gate_40",97,TRUE,TRUE
7906646,"gate_40",1,FALSE,FALSE
7906648,"gate_30",34,TRUE,FALSE
7906767,"gate_30",0,FALSE,FALSE
7906931,"gate_40",68,TRUE,FALSE
7907315,"gate_30",5,FALSE,FALSE
7907442,"gate_40",8,TRUE,FALSE
7907621,"gate_40",2,FALSE,FALSE
7907699,"gate_40",8,FALSE,FALSE
7907733,"gate_30",83,FALSE,FALSE
7907778,"gate_30",16,FALSE,FALSE
7907872,"gate_40",4,FALSE,FALSE
7907915,"gate_40",13,FALSE,FALSE
7908019,"gate_30",79,TRUE,TRUE
7908081,"gate_30",11,TRUE,FALSE
7908282,"gate_30",2,FALSE,FALSE
7908620,"gate_40",87,TRUE,FALSE
7908839,"gate_40",3,FALSE,FALSE
7908888,"gate_40",25,TRUE,FALSE
7909309,"gate_30",26,TRUE,FALSE
7909339,"gate_30",0,FALSE,FALSE
7909499,"gate_40",123,TRUE,TRUE
7909553,"gate_40",0,FALSE,FALSE
7909621,"gate_30",10,FALSE,FALSE
7909750,"gate_30",33,TRUE,FALSE
7909896,"gate_40",20,FALSE,FALSE
7909905,"gate_30",46,FALSE,FALSE
7910109,"gate_40",52,TRUE,FALSE
7910114,"gate_40",2,FALSE,FALSE
7910291,"gate_30",44,FALSE,FALSE
7910524,"gate_40",4,FALSE,FALSE
7910600,"gate_40",8,FALSE,FALSE
7910609,"gate_30",28,TRUE,FALSE
7910751,"gate_30",209,TRUE,TRUE
7910801,"gate_40",157,TRUE,TRUE
7910820,"gate_40",15,TRUE,FALSE
7910824,"gate_40",0,FALSE,FALSE
7910867,"gate_40",48,TRUE,FALSE
7910889,"gate_40",183,TRUE,TRUE
7910979,"gate_40",21,TRUE,FALSE
7911152,"gate_40",8,TRUE,FALSE
7911165,"gate_40",15,FALSE,FALSE
7911319,"gate_40",106,TRUE,TRUE
7911510,"gate_40",30,TRUE,FALSE
7911615,"gate_30",6,FALSE,FALSE
7911630,"gate_30",214,TRUE,TRUE
7911742,"gate_30",13,TRUE,FALSE
7911851,"gate_40",60,TRUE,FALSE
7911992,"gate_40",59,TRUE,FALSE
7912140,"gate_40",9,TRUE,FALSE
7912290,"gate_30",21,FALSE,FALSE
7912334,"gate_30",73,TRUE,FALSE
7912590,"gate_40",13,FALSE,FALSE
7912615,"gate_30",22,TRUE,TRUE
7912628,"gate_30",25,TRUE,FALSE
7912651,"gate_30",110,TRUE,TRUE
7912717,"gate_40",2,FALSE,FALSE
7912738,"gate_40",105,TRUE,TRUE
7912749,"gate_40",3,FALSE,FALSE
7912779,"gate_30",3,FALSE,FALSE
7912879,"gate_30",7,FALSE,FALSE
7913185,"gate_40",3,FALSE,FALSE
7913396,"gate_40",71,TRUE,TRUE
7913433,"gate_30",0,FALSE,FALSE
7913440,"gate_30",151,TRUE,TRUE
7913593,"gate_40",10,FALSE,FALSE
7913673,"gate_30",9,FALSE,FALSE
7913740,"gate_30",0,FALSE,FALSE
7913791,"gate_30",134,FALSE,TRUE
7913822,"gate_30",124,FALSE,FALSE
7913860,"gate_40",1,FALSE,FALSE
7913960,"gate_30",3,FALSE,FALSE
7913963,"gate_30",6,FALSE,FALSE
7913979,"gate_40",22,TRUE,FALSE
7914075,"gate_30",3,FALSE,FALSE
7914081,"gate_40",17,FALSE,FALSE
7914117,"gate_40",12,FALSE,FALSE
7914140,"gate_30",6,FALSE,FALSE
7914239,"gate_30",10,FALSE,FALSE
7914290,"gate_40",1,FALSE,FALSE
7914582,"gate_40",13,FALSE,FALSE
7914602,"gate_30",5,FALSE,FALSE
7914681,"gate_40",94,TRUE,TRUE
7914992,"gate_40",84,TRUE,TRUE
7915005,"gate_40",0,FALSE,FALSE
7915089,"gate_30",6,FALSE,FALSE
7915121,"gate_40",275,TRUE,TRUE
7915433,"gate_40",5,FALSE,FALSE
7915511,"gate_40",1,FALSE,FALSE
7915547,"gate_40",145,TRUE,TRUE
7915556,"gate_40",21,TRUE,FALSE
7915587,"gate_30",19,FALSE,FALSE
7915609,"gate_30",276,TRUE,TRUE
7915726,"gate_40",5,FALSE,FALSE
7915748,"gate_30",12,FALSE,FALSE
7915870,"gate_40",11,FALSE,FALSE
7915889,"gate_30",8,FALSE,FALSE
7915939,"gate_30",14,TRUE,FALSE
7916000,"gate_30",1,FALSE,FALSE
7916059,"gate_40",10,TRUE,FALSE
7916093,"gate_40",9,TRUE,FALSE
7916148,"gate_40",7,TRUE,FALSE
7916450,"gate_30",25,FALSE,FALSE
7916661,"gate_40",15,FALSE,FALSE
7916716,"gate_40",16,TRUE,FALSE
7916832,"gate_40",12,FALSE,FALSE
7917058,"gate_30",16,FALSE,TRUE
7917229,"gate_30",64,TRUE,FALSE
7917582,"gate_30",11,FALSE,FALSE
7917595,"gate_30",22,TRUE,FALSE
7917600,"gate_40",81,TRUE,TRUE
7917644,"gate_30",1,FALSE,FALSE
7917680,"gate_40",26,TRUE,FALSE
7917914,"gate_40",14,TRUE,FALSE
7917941,"gate_40",11,TRUE,FALSE
7917961,"gate_30",23,TRUE,FALSE
7917998,"gate_30",58,FALSE,FALSE
7918097,"gate_30",77,TRUE,FALSE
7918201,"gate_40",3,FALSE,FALSE
7918207,"gate_30",67,TRUE,TRUE
7918231,"gate_30",4,FALSE,FALSE
7918260,"gate_30",198,TRUE,FALSE
7918412,"gate_40",1,FALSE,FALSE
7918656,"gate_30",3,FALSE,FALSE
7919125,"gate_30",6,FALSE,FALSE
7919264,"gate_40",9,FALSE,FALSE
7919319,"gate_40",11,TRUE,FALSE
7919339,"gate_30",6,FALSE,FALSE
7919463,"gate_40",3,FALSE,FALSE
7919628,"gate_30",33,FALSE,FALSE
7920008,"gate_40",7,FALSE,FALSE
7920011,"gate_30",406,TRUE,TRUE
7920059,"gate_40",17,TRUE,FALSE
7920292,"gate_40",565,TRUE,TRUE
7920442,"gate_40",1,FALSE,FALSE
7920506,"gate_40",2,FALSE,FALSE
7920531,"gate_30",185,TRUE,TRUE
7920563,"gate_30",21,TRUE,FALSE
7920587,"gate_40",31,TRUE,FALSE
7920636,"gate_40",5,TRUE,FALSE
7920704,"gate_30",4,FALSE,FALSE
7920923,"gate_40",138,TRUE,TRUE
7921109,"gate_40",13,FALSE,FALSE
7921157,"gate_30",12,FALSE,FALSE
7921217,"gate_40",217,TRUE,TRUE
7921287,"gate_40",31,TRUE,TRUE
7921288,"gate_30",0,FALSE,FALSE
7921297,"gate_30",36,FALSE,FALSE
7921426,"gate_40",1,FALSE,FALSE
7921452,"gate_30",2,FALSE,FALSE
7921615,"gate_30",3,FALSE,FALSE
7921821,"gate_40",1,FALSE,FALSE
7922157,"gate_30",14,FALSE,FALSE
7922158,"gate_30",1,FALSE,FALSE
7922203,"gate_40",0,FALSE,FALSE
7922259,"gate_30",1,FALSE,FALSE
7922305,"gate_40",16,TRUE,FALSE
7922317,"gate_40",12,FALSE,FALSE
7922366,"gate_40",174,TRUE,TRUE
7922391,"gate_30",9,FALSE,FALSE
7922410,"gate_40",73,TRUE,FALSE
7922438,"gate_40",7,TRUE,FALSE
7922612,"gate_40",59,FALSE,FALSE
7922614,"gate_30",196,TRUE,TRUE
7922650,"gate_30",3,FALSE,FALSE
7922660,"gate_40",2,FALSE,FALSE
7922663,"gate_40",0,FALSE,FALSE
7922710,"gate_30",239,TRUE,FALSE
7922982,"gate_30",5,FALSE,FALSE
7923296,"gate_40",10,TRUE,FALSE
7923526,"gate_40",24,FALSE,FALSE
7923572,"gate_40",20,TRUE,FALSE
7923665,"gate_30",8,TRUE,FALSE
7923722,"gate_30",5,FALSE,FALSE
7924046,"gate_40",0,FALSE,FALSE
7924074,"gate_40",202,TRUE,TRUE
7924075,"gate_30",7,TRUE,FALSE
7924216,"gate_40",0,FALSE,FALSE
7924331,"gate_40",1,FALSE,FALSE
7924377,"gate_30",10,FALSE,FALSE
7924654,"gate_40",19,TRUE,FALSE
7924703,"gate_40",1,FALSE,FALSE
7924705,"gate_40",77,TRUE,FALSE
7924835,"gate_30",8,TRUE,FALSE
7924840,"gate_40",21,FALSE,FALSE
7924904,"gate_40",0,FALSE,FALSE
7925015,"gate_40",10,TRUE,FALSE
7925063,"gate_30",7,FALSE,TRUE
7925213,"gate_30",563,TRUE,TRUE
7925338,"gate_40",9,FALSE,FALSE
7925442,"gate_30",20,TRUE,FALSE
7925489,"gate_40",1,FALSE,FALSE
7925759,"gate_40",0,FALSE,FALSE
7925849,"gate_40",47,TRUE,FALSE
7926107,"gate_40",23,FALSE,FALSE
7926216,"gate_40",4,TRUE,FALSE
7926539,"gate_40",6,FALSE,FALSE
7926563,"gate_30",1,FALSE,FALSE
7926629,"gate_30",2,FALSE,FALSE
7926738,"gate_40",5,TRUE,FALSE
7926995,"gate_30",3,FALSE,FALSE
7927145,"gate_40",5,TRUE,FALSE
7927258,"gate_40",0,FALSE,FALSE
7927438,"gate_40",3,FALSE,FALSE
7927512,"gate_30",10,FALSE,FALSE
7927868,"gate_30",9,TRUE,FALSE
7928086,"gate_40",142,TRUE,TRUE
7928253,"gate_40",4,FALSE,FALSE
7928314,"gate_30",102,TRUE,TRUE
7928362,"gate_40",37,FALSE,TRUE
7928506,"gate_40",232,TRUE,TRUE
7928649,"gate_40",6,FALSE,FALSE
7928685,"gate_30",24,TRUE,TRUE
7928699,"gate_40",2,FALSE,FALSE
7928714,"gate_30",3,FALSE,FALSE
7928838,"gate_30",15,FALSE,TRUE
7928856,"gate_40",13,FALSE,FALSE
7929098,"gate_30",86,TRUE,TRUE
7929134,"gate_30",62,TRUE,FALSE
7929235,"gate_30",20,FALSE,FALSE
7929334,"gate_40",62,TRUE,TRUE
7929381,"gate_40",150,TRUE,TRUE
7929500,"gate_40",31,FALSE,FALSE
7929554,"gate_40",10,TRUE,FALSE
7929561,"gate_30",10,FALSE,FALSE
7929688,"gate_40",26,FALSE,FALSE
7929738,"gate_40",7,FALSE,FALSE
7929872,"gate_40",11,TRUE,FALSE
7929886,"gate_30",144,TRUE,FALSE
7930229,"gate_30",40,TRUE,FALSE
7930235,"gate_40",7,TRUE,FALSE
7930517,"gate_30",82,TRUE,FALSE
7930534,"gate_40",6,FALSE,FALSE
7930614,"gate_30",10,FALSE,FALSE
7930684,"gate_30",638,TRUE,TRUE
7930725,"gate_40",10,FALSE,FALSE
7930771,"gate_30",29,TRUE,FALSE
7930787,"gate_30",44,TRUE,FALSE
7930808,"gate_40",4,FALSE,FALSE
7930812,"gate_40",14,FALSE,FALSE
7930952,"gate_40",22,FALSE,FALSE
7931113,"gate_30",3,FALSE,FALSE
7931280,"gate_30",93,TRUE,FALSE
7931481,"gate_40",10,TRUE,FALSE
7931643,"gate_40",16,TRUE,FALSE
7931652,"gate_40",29,TRUE,FALSE
7931661,"gate_40",175,TRUE,TRUE
7931715,"gate_40",79,TRUE,FALSE
7932036,"gate_40",17,FALSE,FALSE
7932108,"gate_30",3,FALSE,FALSE
7932129,"gate_30",92,TRUE,TRUE
7932145,"gate_30",148,TRUE,TRUE
7932154,"gate_40",37,FALSE,FALSE
7932200,"gate_30",15,TRUE,FALSE
7932365,"gate_30",35,FALSE,FALSE
7932531,"gate_30",0,FALSE,FALSE
7932561,"gate_40",33,FALSE,FALSE
7932571,"gate_40",86,TRUE,FALSE
7932577,"gate_40",114,TRUE,FALSE
7932688,"gate_40",470,FALSE,TRUE
7932977,"gate_30",461,TRUE,TRUE
7932980,"gate_40",2,FALSE,FALSE
7933056,"gate_30",9,TRUE,FALSE
7933223,"gate_30",0,FALSE,FALSE
7933641,"gate_40",118,TRUE,TRUE
7933683,"gate_40",27,TRUE,FALSE
7933741,"gate_30",7,FALSE,FALSE
7933824,"gate_30",39,TRUE,FALSE
7933841,"gate_40",11,TRUE,FALSE
7933862,"gate_40",12,FALSE,FALSE
7934181,"gate_40",1,FALSE,FALSE
7934263,"gate_30",17,FALSE,FALSE
7934282,"gate_40",12,FALSE,FALSE
7934330,"gate_40",5,FALSE,FALSE
7934504,"gate_40",88,TRUE,TRUE
7934561,"gate_40",65,TRUE,FALSE
7934576,"gate_40",49,FALSE,TRUE
7934864,"gate_40",88,TRUE,TRUE
7934916,"gate_40",1,FALSE,FALSE
7934974,"gate_40",19,FALSE,FALSE
7935006,"gate_30",10,FALSE,TRUE
7935011,"gate_40",729,TRUE,TRUE
7935211,"gate_40",79,TRUE,TRUE
7935590,"gate_30",31,TRUE,FALSE
7935609,"gate_30",4,FALSE,FALSE
7935653,"gate_30",11,FALSE,FALSE
7935899,"gate_30",239,TRUE,FALSE
7936052,"gate_40",62,TRUE,FALSE
7936091,"gate_40",2,FALSE,FALSE
7936478,"gate_40",106,TRUE,TRUE
7936530,"gate_40",39,TRUE,TRUE
7936600,"gate_30",10,TRUE,FALSE
7936648,"gate_30",9,FALSE,FALSE
7936826,"gate_40",175,TRUE,TRUE
7937029,"gate_40",15,FALSE,FALSE
7937093,"gate_40",8,TRUE,FALSE
7937101,"gate_40",7,FALSE,FALSE
7937166,"gate_30",7,FALSE,FALSE
7937227,"gate_30",32,FALSE,FALSE
7937286,"gate_40",0,FALSE,FALSE
7937553,"gate_30",1,FALSE,FALSE
7937721,"gate_40",3,FALSE,FALSE
7937753,"gate_40",89,TRUE,TRUE
7937881,"gate_30",44,TRUE,TRUE
7937911,"gate_40",12,FALSE,FALSE
7938030,"gate_30",11,FALSE,FALSE
7938159,"gate_40",2,FALSE,FALSE
7938217,"gate_30",6,FALSE,FALSE
7938226,"gate_40",16,FALSE,FALSE
7938312,"gate_30",281,TRUE,TRUE
7938489,"gate_40",10,FALSE,FALSE
7938517,"gate_30",104,FALSE,TRUE
7938657,"gate_30",0,FALSE,FALSE
7938843,"gate_30",3,FALSE,FALSE
7938861,"gate_40",22,TRUE,FALSE
7938889,"gate_40",44,FALSE,FALSE
7938910,"gate_30",24,TRUE,FALSE
7938977,"gate_30",3,FALSE,FALSE
7939185,"gate_40",2,FALSE,FALSE
7939321,"gate_30",71,FALSE,TRUE
7939367,"gate_40",27,FALSE,FALSE
7939372,"gate_40",8,FALSE,FALSE
7939628,"gate_40",37,FALSE,FALSE
7939786,"gate_30",78,TRUE,TRUE
7939815,"gate_30",5,FALSE,FALSE
7939868,"gate_40",7,FALSE,FALSE
7939994,"gate_40",4,FALSE,FALSE
7940009,"gate_30",53,TRUE,TRUE
7940102,"gate_40",34,TRUE,FALSE
7940335,"gate_30",8,FALSE,FALSE
7940583,"gate_30",10,FALSE,FALSE
7940637,"gate_30",17,TRUE,FALSE
7940712,"gate_40",111,TRUE,FALSE
7941019,"gate_30",10,FALSE,FALSE
7941030,"gate_40",25,FALSE,FALSE
7941124,"gate_40",1,FALSE,FALSE
7941241,"gate_40",36,TRUE,FALSE
7941386,"gate_40",28,FALSE,TRUE
7941428,"gate_40",6,FALSE,FALSE
7941454,"gate_30",1,FALSE,FALSE
7941456,"gate_40",302,FALSE,FALSE
7941533,"gate_30",12,FALSE,TRUE
7941573,"gate_30",29,TRUE,FALSE
7941619,"gate_30",10,TRUE,FALSE
7941656,"gate_40",52,TRUE,FALSE
7941742,"gate_30",46,FALSE,FALSE
7941801,"gate_40",3,FALSE,FALSE
7941916,"gate_30",19,TRUE,FALSE
7942054,"gate_40",5,FALSE,FALSE
7942078,"gate_30",30,TRUE,FALSE
7942246,"gate_30",3,FALSE,FALSE
7942298,"gate_30",118,TRUE,TRUE
7942320,"gate_40",4,FALSE,FALSE
7942408,"gate_30",1,FALSE,FALSE
7942484,"gate_40",7,FALSE,TRUE
7942557,"gate_40",147,TRUE,FALSE
7942581,"gate_40",13,TRUE,FALSE
7942773,"gate_40",11,FALSE,FALSE
7942924,"gate_30",55,TRUE,FALSE
7943003,"gate_40",15,TRUE,FALSE
7943038,"gate_30",24,TRUE,FALSE
7943108,"gate_40",3,FALSE,FALSE
7943169,"gate_30",47,TRUE,FALSE
7943301,"gate_30",18,TRUE,FALSE
7943400,"gate_40",52,FALSE,TRUE
7943589,"gate_40",187,TRUE,FALSE
7943791,"gate_40",1,FALSE,FALSE
7943931,"gate_40",6,TRUE,FALSE
7944013,"gate_40",29,FALSE,FALSE
7944145,"gate_40",17,TRUE,FALSE
7944186,"gate_30",3,FALSE,FALSE
7944257,"gate_40",822,TRUE,TRUE
7944668,"gate_30",17,FALSE,FALSE
7944940,"gate_30",0,FALSE,FALSE
7944955,"gate_40",85,TRUE,TRUE
7945110,"gate_40",141,TRUE,TRUE
7945286,"gate_40",54,TRUE,FALSE
7945307,"gate_30",6,FALSE,FALSE
7945317,"gate_30",1,FALSE,FALSE
7945512,"gate_40",13,FALSE,FALSE
7945546,"gate_40",42,FALSE,FALSE
7945783,"gate_30",22,FALSE,FALSE
7945923,"gate_40",1,FALSE,FALSE
7945933,"gate_30",52,TRUE,FALSE
7946027,"gate_40",30,TRUE,FALSE
7946200,"gate_40",3,FALSE,FALSE
7946577,"gate_40",1,FALSE,FALSE
7946933,"gate_30",3,FALSE,FALSE
7946992,"gate_40",19,TRUE,FALSE
7947062,"gate_30",6,FALSE,FALSE
7947264,"gate_30",0,FALSE,FALSE
7947569,"gate_40",4,FALSE,FALSE
7947633,"gate_30",4,FALSE,FALSE
7947692,"gate_30",2,FALSE,FALSE
7947753,"gate_30",81,TRUE,FALSE
7947827,"gate_30",4,TRUE,FALSE
7947959,"gate_40",8,FALSE,FALSE
7948023,"gate_30",6,FALSE,FALSE
7948045,"gate_30",11,FALSE,FALSE
7948232,"gate_40",211,TRUE,FALSE
7948239,"gate_40",15,FALSE,FALSE
7948287,"gate_30",16,FALSE,FALSE
7948430,"gate_30",10,FALSE,FALSE
7948679,"gate_30",79,TRUE,FALSE
7948828,"gate_40",53,TRUE,FALSE
7948870,"gate_40",154,TRUE,TRUE
7948890,"gate_30",4,TRUE,FALSE
7948917,"gate_30",35,TRUE,FALSE
7949324,"gate_30",191,TRUE,TRUE
7949490,"gate_30",86,TRUE,FALSE
7949503,"gate_30",46,TRUE,FALSE
7949666,"gate_40",8,TRUE,TRUE
7949712,"gate_40",117,TRUE,TRUE
7949729,"gate_40",25,TRUE,FALSE
7949783,"gate_40",385,TRUE,TRUE
7949893,"gate_40",80,TRUE,FALSE
7950117,"gate_40",13,FALSE,FALSE
7950193,"gate_40",1,FALSE,FALSE
7950253,"gate_30",35,TRUE,FALSE
7950388,"gate_40",14,TRUE,FALSE
7950599,"gate_30",4,TRUE,FALSE
7950659,"gate_30",148,TRUE,TRUE
7950692,"gate_30",73,FALSE,TRUE
7950722,"gate_30",62,TRUE,FALSE
7950809,"gate_30",239,TRUE,TRUE
7950971,"gate_30",280,TRUE,TRUE
7951128,"gate_30",38,FALSE,FALSE
7951314,"gate_30",47,TRUE,TRUE
7951357,"gate_40",53,TRUE,FALSE
7951605,"gate_30",63,TRUE,FALSE
7951644,"gate_40",31,TRUE,TRUE
7951735,"gate_40",181,TRUE,FALSE
7951852,"gate_40",8,FALSE,FALSE
7952159,"gate_30",20,TRUE,FALSE
7952242,"gate_30",12,TRUE,FALSE
7952417,"gate_40",66,FALSE,FALSE
7952502,"gate_40",22,TRUE,FALSE
7952609,"gate_40",29,FALSE,FALSE
7952624,"gate_30",40,TRUE,FALSE
7952704,"gate_30",0,FALSE,FALSE
7953020,"gate_30",21,FALSE,FALSE
7953060,"gate_40",313,TRUE,TRUE
7953118,"gate_30",77,TRUE,TRUE
7953134,"gate_30",13,FALSE,FALSE
7953286,"gate_40",2,TRUE,FALSE
7953316,"gate_30",9,FALSE,FALSE
7953370,"gate_40",67,TRUE,FALSE
7953551,"gate_30",30,TRUE,FALSE
7953858,"gate_30",17,FALSE,FALSE
7953908,"gate_40",40,TRUE,FALSE
7953956,"gate_40",7,FALSE,TRUE
7954042,"gate_30",44,TRUE,TRUE
7954088,"gate_40",190,TRUE,TRUE
7954120,"gate_30",14,FALSE,FALSE
7954140,"gate_30",28,FALSE,FALSE
7954231,"gate_40",5,FALSE,FALSE
7954236,"gate_40",168,TRUE,TRUE
7954253,"gate_40",44,TRUE,FALSE
7954435,"gate_40",4,TRUE,FALSE
7954454,"gate_30",14,TRUE,FALSE
7954490,"gate_30",21,FALSE,FALSE
7954492,"gate_40",2,FALSE,FALSE
7954533,"gate_40",135,TRUE,TRUE
7954620,"gate_40",66,FALSE,FALSE
7954636,"gate_30",9,FALSE,FALSE
7954657,"gate_40",93,FALSE,FALSE
7954819,"gate_30",0,FALSE,FALSE
7954831,"gate_30",15,TRUE,FALSE
7955055,"gate_30",24,FALSE,TRUE
7955154,"gate_40",48,FALSE,FALSE
7955170,"gate_40",530,TRUE,TRUE
7955429,"gate_40",3,FALSE,FALSE
7955559,"gate_40",35,TRUE,FALSE
7956296,"gate_40",326,TRUE,TRUE
7956454,"gate_40",21,FALSE,FALSE
7956587,"gate_40",6,FALSE,FALSE
7956627,"gate_40",89,FALSE,FALSE
7956697,"gate_40",10,FALSE,FALSE
7956753,"gate_40",10,TRUE,FALSE
7956851,"gate_40",15,TRUE,FALSE
7957028,"gate_40",2,FALSE,FALSE
7957106,"gate_40",69,TRUE,TRUE
7957160,"gate_30",1266,TRUE,TRUE
7957247,"gate_40",82,FALSE,FALSE
7957368,"gate_30",123,TRUE,TRUE
7957492,"gate_40",70,TRUE,FALSE
7957549,"gate_30",63,FALSE,TRUE
7957673,"gate_40",127,TRUE,FALSE
7957741,"gate_40",19,TRUE,FALSE
7957804,"gate_40",6,FALSE,TRUE
7957860,"gate_30",98,TRUE,FALSE
7957866,"gate_40",13,FALSE,FALSE
7957928,"gate_40",51,TRUE,FALSE
7958047,"gate_30",17,FALSE,FALSE
7958135,"gate_40",115,TRUE,TRUE
7958256,"gate_30",86,TRUE,TRUE
7958419,"gate_40",1,FALSE,FALSE
7958500,"gate_40",54,TRUE,FALSE
7958693,"gate_40",4,FALSE,FALSE
7958772,"gate_40",4,FALSE,FALSE
7958866,"gate_30",3,FALSE,FALSE
7958904,"gate_30",4,FALSE,FALSE
7959044,"gate_40",16,TRUE,FALSE
7959106,"gate_40",12,TRUE,FALSE
7959145,"gate_30",6,FALSE,FALSE
7959296,"gate_30",13,FALSE,FALSE
7959379,"gate_40",1,FALSE,FALSE
7959551,"gate_40",1,FALSE,FALSE
7959620,"gate_40",2,FALSE,FALSE
7960077,"gate_30",9,TRUE,FALSE
7960351,"gate_40",2,FALSE,FALSE
7960483,"gate_40",5,FALSE,FALSE
7960519,"gate_40",67,TRUE,TRUE
7960571,"gate_30",4,FALSE,FALSE
7960625,"gate_30",35,TRUE,TRUE
7960730,"gate_40",1,FALSE,FALSE
7960736,"gate_40",79,TRUE,TRUE
7960884,"gate_40",0,FALSE,FALSE
7960908,"gate_40",3,FALSE,FALSE
7960938,"gate_40",40,TRUE,FALSE
7961000,"gate_40",3,FALSE,FALSE
7961005,"gate_40",5,FALSE,FALSE
7961095,"gate_30",19,TRUE,FALSE
7961118,"gate_40",0,FALSE,FALSE
7961179,"gate_40",236,TRUE,TRUE
7961329,"gate_30",37,TRUE,FALSE
7961338,"gate_30",14,FALSE,FALSE
7961356,"gate_40",15,TRUE,FALSE
7961372,"gate_30",4,FALSE,FALSE
7961695,"gate_30",6,FALSE,FALSE
7961844,"gate_30",36,FALSE,FALSE
7961901,"gate_30",35,FALSE,TRUE
7961959,"gate_30",11,FALSE,FALSE
7961970,"gate_40",1,FALSE,FALSE
7962220,"gate_40",14,TRUE,FALSE
7962279,"gate_40",4,FALSE,FALSE
7962547,"gate_40",5,FALSE,FALSE
7962563,"gate_30",5,FALSE,FALSE
7962573,"gate_40",0,FALSE,FALSE
7962649,"gate_30",2,FALSE,FALSE
7962726,"gate_40",158,TRUE,FALSE
7962805,"gate_40",19,TRUE,FALSE
7962824,"gate_30",0,FALSE,FALSE
7962934,"gate_30",1,FALSE,FALSE
7963037,"gate_30",8,FALSE,FALSE
7963043,"gate_40",6,TRUE,FALSE
7963198,"gate_30",3,FALSE,FALSE
7963203,"gate_30",4,FALSE,FALSE
7963214,"gate_30",0,FALSE,FALSE
7963398,"gate_30",19,TRUE,FALSE
7963413,"gate_30",63,TRUE,FALSE
7963438,"gate_30",10,FALSE,FALSE
7963514,"gate_40",7,TRUE,FALSE
7963693,"gate_40",213,TRUE,FALSE
7963714,"gate_40",115,TRUE,FALSE
7963997,"gate_40",3,FALSE,FALSE
7964142,"gate_30",59,TRUE,TRUE
7964485,"gate_40",2,FALSE,FALSE
7964502,"gate_40",993,TRUE,TRUE
7964511,"gate_30",44,TRUE,FALSE
7964644,"gate_40",20,TRUE,FALSE
7964671,"gate_40",22,TRUE,FALSE
7964830,"gate_40",22,FALSE,FALSE
7965026,"gate_30",173,TRUE,TRUE
7965085,"gate_40",4,FALSE,FALSE
7965305,"gate_40",28,TRUE,FALSE
7965338,"gate_30",123,FALSE,FALSE
7965378,"gate_40",22,TRUE,FALSE
7965462,"gate_30",64,TRUE,TRUE
7965483,"gate_40",102,FALSE,FALSE
7965625,"gate_30",92,TRUE,TRUE
7965636,"gate_30",0,FALSE,FALSE
7965814,"gate_40",35,TRUE,TRUE
7965824,"gate_30",0,FALSE,FALSE
7965961,"gate_30",79,TRUE,TRUE
7966198,"gate_40",53,TRUE,TRUE
7966218,"gate_40",12,FALSE,FALSE
7966244,"gate_40",79,TRUE,FALSE
7966421,"gate_40",64,FALSE,FALSE
7966428,"gate_30",5,FALSE,FALSE
7966508,"gate_40",32,TRUE,FALSE
7966597,"gate_30",13,FALSE,FALSE
7966600,"gate_40",15,FALSE,FALSE
7966641,"gate_30",8,FALSE,FALSE
7967034,"gate_40",257,TRUE,FALSE
7967113,"gate_30",7,TRUE,FALSE
7967244,"gate_30",32,FALSE,FALSE
7967293,"gate_30",57,FALSE,FALSE
7967307,"gate_40",1,FALSE,FALSE
7967337,"gate_40",21,TRUE,FALSE
7967610,"gate_30",31,TRUE,FALSE
7967693,"gate_40",3,TRUE,FALSE
7967710,"gate_40",1,FALSE,FALSE
7967711,"gate_40",53,TRUE,FALSE
7967797,"gate_30",20,TRUE,FALSE
7967837,"gate_40",14,FALSE,FALSE
7967910,"gate_40",3,FALSE,FALSE
7967911,"gate_30",2,FALSE,FALSE
7968266,"gate_40",59,TRUE,TRUE
7968373,"gate_30",33,TRUE,FALSE
7968569,"gate_30",12,TRUE,FALSE
7968589,"gate_40",1,FALSE,FALSE
7968752,"gate_30",11,FALSE,FALSE
7968808,"gate_30",3,FALSE,FALSE
7968856,"gate_40",25,TRUE,FALSE
7969235,"gate_30",11,FALSE,FALSE
7969284,"gate_40",2,FALSE,FALSE
7969344,"gate_30",68,TRUE,FALSE
7969369,"gate_30",235,TRUE,TRUE
7969377,"gate_30",52,FALSE,TRUE
7969464,"gate_30",119,TRUE,TRUE
7969684,"gate_30",41,FALSE,FALSE
7969997,"gate_30",2,FALSE,FALSE
7970070,"gate_40",17,FALSE,FALSE
7970187,"gate_30",12,FALSE,FALSE
7970458,"gate_40",291,TRUE,FALSE
7970469,"gate_30",5,FALSE,FALSE
7970471,"gate_40",6,FALSE,FALSE
7970513,"gate_40",10,FALSE,FALSE
7970522,"gate_40",44,TRUE,FALSE
7970539,"gate_30",24,FALSE,FALSE
7970580,"gate_30",118,TRUE,FALSE
7970815,"gate_30",4,FALSE,FALSE
7970834,"gate_40",75,TRUE,FALSE
7970905,"gate_40",50,TRUE,FALSE
7970971,"gate_30",3,FALSE,FALSE
7971020,"gate_30",101,TRUE,FALSE
7971062,"gate_40",20,TRUE,FALSE
7971077,"gate_40",2,TRUE,FALSE
7971196,"gate_40",29,TRUE,FALSE
7971363,"gate_40",3,FALSE,FALSE
7971503,"gate_30",20,TRUE,FALSE
7971534,"gate_40",2,FALSE,FALSE
7971665,"gate_40",5,FALSE,FALSE
7971688,"gate_30",43,FALSE,FALSE
7971741,"gate_30",30,TRUE,FALSE
7972126,"gate_40",19,TRUE,FALSE
7972138,"gate_30",5,FALSE,FALSE
7972169,"gate_30",1,FALSE,FALSE
7972180,"gate_40",5,FALSE,FALSE
7972269,"gate_30",55,FALSE,FALSE
7972458,"gate_40",1,FALSE,FALSE
7972494,"gate_40",5,FALSE,FALSE
7972577,"gate_30",19,FALSE,FALSE
7972827,"gate_40",116,FALSE,FALSE
7972848,"gate_40",162,TRUE,TRUE
7972962,"gate_30",15,TRUE,FALSE
7972969,"gate_40",4,FALSE,FALSE
7973213,"gate_30",17,TRUE,FALSE
7973227,"gate_40",1,FALSE,FALSE
7973498,"gate_30",79,TRUE,FALSE
7973512,"gate_30",22,FALSE,FALSE
7973671,"gate_40",4,FALSE,FALSE
7973702,"gate_40",29,TRUE,FALSE
7973819,"gate_40",22,TRUE,FALSE
7974228,"gate_40",102,TRUE,FALSE
7974263,"gate_40",5,TRUE,FALSE
7974351,"gate_30",83,FALSE,FALSE
7974379,"gate_30",3,FALSE,FALSE
7974618,"gate_40",27,FALSE,FALSE
7974887,"gate_30",13,FALSE,FALSE
7974970,"gate_30",0,FALSE,FALSE
7974995,"gate_30",15,TRUE,FALSE
7975300,"gate_40",1,FALSE,FALSE
7975349,"gate_30",6,FALSE,FALSE
7975601,"gate_40",239,TRUE,TRUE
7975767,"gate_30",52,TRUE,FALSE
7975875,"gate_30",7,FALSE,FALSE
7976056,"gate_40",2,FALSE,FALSE
7976207,"gate_30",1,FALSE,FALSE
7976209,"gate_30",385,TRUE,TRUE
7976246,"gate_30",99,TRUE,TRUE
7976275,"gate_30",48,TRUE,FALSE
7976330,"gate_30",27,TRUE,FALSE
7976382,"gate_40",68,TRUE,FALSE
7976395,"gate_30",48,TRUE,TRUE
7976455,"gate_30",6,FALSE,FALSE
7976465,"gate_30",13,FALSE,FALSE
7976472,"gate_40",120,TRUE,FALSE
7976501,"gate_30",106,TRUE,TRUE
7976667,"gate_30",56,FALSE,FALSE
7976796,"gate_40",20,TRUE,FALSE
7976906,"gate_40",21,FALSE,FALSE
7977033,"gate_40",185,TRUE,TRUE
7977256,"gate_40",8,FALSE,FALSE
7977430,"gate_40",55,TRUE,FALSE
7977629,"gate_40",28,FALSE,FALSE
7977728,"gate_40",191,TRUE,FALSE
7977866,"gate_30",16,TRUE,FALSE
7978030,"gate_40",719,TRUE,TRUE
7978138,"gate_40",32,FALSE,FALSE
7978167,"gate_30",96,TRUE,TRUE
7978376,"gate_30",125,TRUE,TRUE
7978425,"gate_40",18,FALSE,FALSE
7978481,"gate_30",11,TRUE,FALSE
7978487,"gate_30",18,FALSE,FALSE
7978521,"gate_30",17,FALSE,FALSE
7979079,"gate_30",40,TRUE,FALSE
7979163,"gate_30",1,FALSE,FALSE
7979219,"gate_40",14,FALSE,TRUE
7979306,"gate_30",2,FALSE,FALSE
7979361,"gate_30",130,TRUE,TRUE
7979453,"gate_30",41,TRUE,FALSE
7979509,"gate_30",1,FALSE,FALSE
7979527,"gate_40",0,FALSE,FALSE
7979586,"gate_30",10,FALSE,FALSE
7979661,"gate_30",121,FALSE,TRUE
7979757,"gate_30",49,FALSE,FALSE
7979769,"gate_40",25,FALSE,TRUE
7979863,"gate_40",233,TRUE,TRUE
7979990,"gate_40",12,FALSE,FALSE
7980079,"gate_40",8,FALSE,FALSE
7980219,"gate_40",39,TRUE,FALSE
7980229,"gate_40",0,TRUE,FALSE
7980489,"gate_40",14,FALSE,FALSE
7980683,"gate_30",105,TRUE,FALSE
7980942,"gate_40",4,FALSE,FALSE
7981027,"gate_40",39,TRUE,FALSE
7981191,"gate_40",36,FALSE,FALSE
7981219,"gate_40",10,FALSE,FALSE
7981286,"gate_30",1,FALSE,FALSE
7981380,"gate_30",10,FALSE,FALSE
7981383,"gate_30",21,FALSE,TRUE
7981474,"gate_40",9,TRUE,FALSE
7981689,"gate_30",6,FALSE,FALSE
7981723,"gate_40",0,FALSE,FALSE
7981939,"gate_40",38,FALSE,FALSE
7981959,"gate_40",33,TRUE,FALSE
7982064,"gate_40",5,FALSE,FALSE
7982069,"gate_30",74,TRUE,TRUE
7982114,"gate_40",15,FALSE,FALSE
7982179,"gate_40",39,FALSE,FALSE
7982360,"gate_40",52,TRUE,TRUE
7982388,"gate_30",31,FALSE,FALSE
7982390,"gate_40",9,TRUE,FALSE
7982761,"gate_30",4,TRUE,FALSE
7982934,"gate_30",4,TRUE,FALSE
7982953,"gate_40",20,TRUE,FALSE
7982955,"gate_30",13,FALSE,FALSE
7983031,"gate_40",42,TRUE,FALSE
7983151,"gate_40",90,FALSE,FALSE
7983357,"gate_30",31,TRUE,FALSE
7983426,"gate_40",0,FALSE,FALSE
7983571,"gate_30",60,FALSE,FALSE
7983687,"gate_40",20,FALSE,FALSE
7983787,"gate_30",51,TRUE,FALSE
7983850,"gate_40",2,FALSE,FALSE
7984155,"gate_40",46,TRUE,TRUE
7984301,"gate_40",1,FALSE,FALSE
7984353,"gate_30",11,TRUE,TRUE
7984376,"gate_30",736,TRUE,TRUE
7984389,"gate_30",5,TRUE,FALSE
7984450,"gate_30",14,FALSE,FALSE
7984530,"gate_30",76,TRUE,TRUE
7984595,"gate_40",2,FALSE,FALSE
7984650,"gate_30",68,TRUE,TRUE
7984784,"gate_40",16,FALSE,FALSE
7984840,"gate_40",3,FALSE,FALSE
7984907,"gate_30",2,FALSE,FALSE
7984945,"gate_30",32,TRUE,TRUE
7985117,"gate_30",0,FALSE,FALSE
7985432,"gate_30",35,FALSE,FALSE
7985433,"gate_30",8,FALSE,FALSE
7985602,"gate_40",4,TRUE,FALSE
7986020,"gate_30",20,FALSE,FALSE
7986404,"gate_40",99,TRUE,FALSE
7986460,"gate_30",6,FALSE,FALSE
7986647,"gate_40",363,TRUE,TRUE
7986667,"gate_40",99,TRUE,TRUE
7986741,"gate_40",18,TRUE,FALSE
7986854,"gate_40",11,FALSE,FALSE
7986946,"gate_40",13,FALSE,FALSE
7986974,"gate_30",108,TRUE,FALSE
7986990,"gate_30",840,TRUE,TRUE
7986991,"gate_40",1,FALSE,FALSE
7987175,"gate_40",78,TRUE,FALSE
7987384,"gate_40",257,TRUE,TRUE
7987432,"gate_30",2,FALSE,FALSE
7987510,"gate_30",40,FALSE,FALSE
7987683,"gate_40",304,TRUE,TRUE
7987704,"gate_40",25,FALSE,FALSE
7987723,"gate_40",88,TRUE,FALSE
7987870,"gate_40",2,FALSE,FALSE
7988007,"gate_30",1,FALSE,FALSE
7988008,"gate_30",303,TRUE,FALSE
7988105,"gate_30",0,FALSE,FALSE
7988294,"gate_40",42,TRUE,TRUE
7988464,"gate_40",4,FALSE,FALSE
7988474,"gate_30",332,TRUE,TRUE
7988628,"gate_30",29,FALSE,TRUE
7988694,"gate_30",12,FALSE,FALSE
7988967,"gate_40",4,FALSE,FALSE
7989310,"gate_40",33,FALSE,TRUE
7989817,"gate_40",82,TRUE,FALSE
7989869,"gate_40",567,TRUE,TRUE
7989910,"gate_40",10,FALSE,FALSE
7989918,"gate_30",14,TRUE,FALSE
7989939,"gate_30",1,FALSE,FALSE
7989940,"gate_30",13,FALSE,FALSE
7990148,"gate_40",6,FALSE,FALSE
7990168,"gate_40",11,FALSE,FALSE
7990292,"gate_30",1,FALSE,FALSE
7990331,"gate_30",13,FALSE,FALSE
7990532,"gate_30",2,FALSE,FALSE
7990554,"gate_40",47,TRUE,FALSE
7990609,"gate_40",1,FALSE,FALSE
7990673,"gate_40",95,TRUE,TRUE
7990714,"gate_40",12,TRUE,FALSE
7990855,"gate_40",76,TRUE,TRUE
7990867,"gate_30",12,FALSE,FALSE
7990872,"gate_40",5,FALSE,FALSE
7991088,"gate_30",27,TRUE,FALSE
7991125,"gate_30",3,FALSE,FALSE
7991195,"gate_30",205,TRUE,TRUE
7991296,"gate_30",37,TRUE,FALSE
7991374,"gate_40",13,FALSE,FALSE
7991432,"gate_30",5,TRUE,FALSE
7991527,"gate_40",50,TRUE,FALSE
7991596,"gate_40",603,TRUE,TRUE
7991699,"gate_40",12,FALSE,FALSE
7991885,"gate_30",8,TRUE,FALSE
7991909,"gate_40",2,FALSE,FALSE
7992044,"gate_30",123,TRUE,TRUE
7992084,"gate_40",64,TRUE,TRUE
7992175,"gate_30",119,FALSE,FALSE
7992591,"gate_40",0,FALSE,FALSE
7992790,"gate_30",14,FALSE,FALSE
7992796,"gate_30",1,FALSE,FALSE
7992963,"gate_40",23,TRUE,FALSE
7993310,"gate_40",2,FALSE,FALSE
7993331,"gate_40",17,FALSE,FALSE
7993414,"gate_40",27,TRUE,FALSE
7993420,"gate_30",28,TRUE,FALSE
7993890,"gate_30",17,TRUE,FALSE
7994069,"gate_30",58,FALSE,TRUE
7994192,"gate_40",4,FALSE,FALSE
7994219,"gate_30",118,TRUE,TRUE
7994286,"gate_30",19,TRUE,FALSE
7994335,"gate_40",2,FALSE,FALSE
7994455,"gate_40",34,TRUE,FALSE
7994561,"gate_30",5,FALSE,FALSE
7994573,"gate_30",165,TRUE,TRUE
7994592,"gate_40",54,FALSE,FALSE
7994741,"gate_40",3,TRUE,FALSE
7994795,"gate_30",10,TRUE,FALSE
7995000,"gate_40",10,FALSE,FALSE
7995096,"gate_30",17,TRUE,FALSE
7995151,"gate_30",151,TRUE,TRUE
7995206,"gate_30",76,TRUE,FALSE
7995209,"gate_30",1,FALSE,FALSE
7995315,"gate_30",19,TRUE,FALSE
7995338,"gate_40",53,TRUE,TRUE
7995491,"gate_30",32,TRUE,FALSE
7995550,"gate_30",65,TRUE,FALSE
7995552,"gate_40",102,TRUE,TRUE
7995736,"gate_30",11,TRUE,FALSE
7995996,"gate_30",14,FALSE,FALSE
7996041,"gate_40",24,FALSE,FALSE
7996220,"gate_40",0,FALSE,FALSE
7996330,"gate_40",72,TRUE,FALSE
7996342,"gate_40",458,TRUE,TRUE
7996428,"gate_40",12,TRUE,FALSE
7996649,"gate_40",23,FALSE,FALSE
7996658,"gate_30",8,FALSE,FALSE
7996904,"gate_40",14,FALSE,FALSE
7996909,"gate_30",0,FALSE,FALSE
7997161,"gate_40",51,TRUE,FALSE
7997260,"gate_30",240,TRUE,TRUE
7997271,"gate_30",4,TRUE,FALSE
7997332,"gate_30",4,FALSE,FALSE
7997433,"gate_30",1,FALSE,FALSE
7997450,"gate_30",8,FALSE,FALSE
7997472,"gate_30",18,TRUE,TRUE
7997539,"gate_30",12,TRUE,FALSE
7997621,"gate_30",17,TRUE,FALSE
7997866,"gate_30",6,FALSE,FALSE
7998086,"gate_40",12,FALSE,FALSE
7998106,"gate_30",4,FALSE,FALSE
7998176,"gate_40",17,FALSE,FALSE
7998229,"gate_30",66,TRUE,FALSE
7998584,"gate_40",14,TRUE,FALSE
7998656,"gate_30",23,TRUE,TRUE
7998822,"gate_40",6,FALSE,FALSE
7998879,"gate_30",123,TRUE,TRUE
7998925,"gate_30",15,TRUE,FALSE
7999025,"gate_30",76,TRUE,FALSE
7999062,"gate_40",27,TRUE,FALSE
7999095,"gate_30",7,FALSE,FALSE
7999158,"gate_30",11,FALSE,FALSE
7999351,"gate_40",5,FALSE,FALSE
7999390,"gate_40",109,TRUE,FALSE
7999577,"gate_30",2,FALSE,FALSE
7999632,"gate_40",50,TRUE,TRUE
7999645,"gate_40",3,TRUE,FALSE
7999693,"gate_40",29,FALSE,FALSE
7999756,"gate_40",0,FALSE,FALSE
7999805,"gate_30",52,FALSE,TRUE
7999807,"gate_40",33,TRUE,FALSE
7999995,"gate_30",3,FALSE,FALSE
8000108,"gate_40",10,FALSE,FALSE
8000453,"gate_40",19,FALSE,FALSE
8000780,"gate_40",8,FALSE,FALSE
8000817,"gate_30",7,FALSE,FALSE
8000980,"gate_40",43,TRUE,FALSE
8000987,"gate_30",0,FALSE,FALSE
8001578,"gate_30",107,TRUE,FALSE
8001649,"gate_40",6,FALSE,FALSE
8001896,"gate_40",62,FALSE,FALSE
8002099,"gate_40",10,FALSE,FALSE
8002463,"gate_40",50,FALSE,FALSE
8002510,"gate_30",39,TRUE,TRUE
8002514,"gate_40",9,FALSE,FALSE
8002515,"gate_30",21,TRUE,FALSE
8002589,"gate_30",0,FALSE,FALSE
8002649,"gate_30",31,TRUE,FALSE
8002662,"gate_30",23,TRUE,FALSE
8002693,"gate_40",191,TRUE,TRUE
8002778,"gate_30",112,TRUE,FALSE
8002959,"gate_40",214,TRUE,TRUE
8003009,"gate_30",4,FALSE,FALSE
8003089,"gate_30",2,FALSE,FALSE
8003090,"gate_40",148,TRUE,FALSE
8003172,"gate_30",314,FALSE,TRUE
8003267,"gate_40",6,FALSE,FALSE
8003409,"gate_40",1,FALSE,FALSE
8003440,"gate_30",18,FALSE,FALSE
8003443,"gate_40",333,TRUE,TRUE
8003531,"gate_30",15,TRUE,FALSE
8003646,"gate_30",7,TRUE,FALSE
8003831,"gate_40",2,FALSE,FALSE
8003839,"gate_40",1,FALSE,FALSE
8004040,"gate_40",14,FALSE,FALSE
8004071,"gate_40",39,TRUE,TRUE
8004141,"gate_40",7,FALSE,FALSE
8004150,"gate_40",3,FALSE,FALSE
8004197,"gate_40",53,FALSE,FALSE
8004206,"gate_30",1,FALSE,FALSE
8004218,"gate_30",256,TRUE,TRUE
8004697,"gate_40",3,FALSE,FALSE
8004943,"gate_30",2,FALSE,FALSE
8005218,"gate_40",54,TRUE,FALSE
8005336,"gate_40",1,FALSE,FALSE
8005373,"gate_30",71,TRUE,FALSE
8005439,"gate_30",4,FALSE,FALSE
8005677,"gate_30",2,FALSE,FALSE
8005717,"gate_40",1,FALSE,FALSE
8005913,"gate_40",1,FALSE,FALSE
8005949,"gate_30",10,FALSE,FALSE
8005991,"gate_40",58,TRUE,FALSE
8006018,"gate_40",53,TRUE,FALSE
8006117,"gate_30",189,TRUE,TRUE
8006235,"gate_30",6,FALSE,FALSE
8006577,"gate_30",44,TRUE,FALSE
8006608,"gate_30",150,TRUE,TRUE
8006664,"gate_40",3,FALSE,FALSE
8006725,"gate_40",86,TRUE,TRUE
8006848,"gate_40",43,TRUE,FALSE
8007006,"gate_40",71,TRUE,FALSE
8007089,"gate_30",10,TRUE,FALSE
8007106,"gate_30",237,TRUE,TRUE
8007120,"gate_30",21,FALSE,FALSE
8007453,"gate_40",0,FALSE,FALSE
8007500,"gate_40",167,TRUE,FALSE
8007799,"gate_30",40,TRUE,FALSE
8007804,"gate_40",37,TRUE,FALSE
8007901,"gate_30",13,TRUE,FALSE
8008084,"gate_30",3,FALSE,FALSE
8008120,"gate_30",61,FALSE,FALSE
8008253,"gate_30",286,TRUE,FALSE
8008357,"gate_40",25,TRUE,FALSE
8008369,"gate_30",48,TRUE,FALSE
8008391,"gate_40",10,FALSE,FALSE
8008505,"gate_40",74,FALSE,FALSE
8008619,"gate_30",1,FALSE,FALSE
8008661,"gate_30",18,TRUE,FALSE
8008680,"gate_30",0,FALSE,FALSE
8009027,"gate_30",66,FALSE,FALSE
8009117,"gate_40",88,TRUE,TRUE
8009293,"gate_40",0,FALSE,FALSE
8009435,"gate_30",4,TRUE,FALSE
8009456,"gate_30",90,TRUE,FALSE
8009468,"gate_30",221,TRUE,FALSE
8009511,"gate_30",9,FALSE,FALSE
8009712,"gate_30",115,TRUE,FALSE
8009923,"gate_40",8,TRUE,FALSE
8010043,"gate_40",2,FALSE,FALSE
8010350,"gate_30",7,FALSE,FALSE
8010382,"gate_30",8,TRUE,FALSE
8010674,"gate_30",25,TRUE,FALSE
8010678,"gate_30",25,TRUE,FALSE
8010973,"gate_30",10,TRUE,TRUE
8011036,"gate_40",11,TRUE,FALSE
8011076,"gate_30",10,TRUE,FALSE
8011300,"gate_30",0,FALSE,FALSE
8011478,"gate_30",14,FALSE,FALSE
8011557,"gate_30",11,FALSE,FALSE
8011674,"gate_40",9,FALSE,FALSE
8011762,"gate_40",0,FALSE,FALSE
8011910,"gate_40",3,FALSE,FALSE
8012376,"gate_40",21,FALSE,FALSE
8012422,"gate_30",16,FALSE,FALSE
8012475,"gate_40",175,TRUE,TRUE
8012533,"gate_40",4,FALSE,FALSE
8012725,"gate_40",80,TRUE,FALSE
8012809,"gate_40",41,TRUE,FALSE
8013030,"gate_40",110,TRUE,FALSE
8013105,"gate_30",89,TRUE,FALSE
8013198,"gate_30",49,TRUE,TRUE
8013251,"gate_40",2,FALSE,FALSE
8013305,"gate_30",12,FALSE,TRUE
8013355,"gate_40",193,TRUE,TRUE
8013438,"gate_40",169,TRUE,TRUE
8013532,"gate_30",214,TRUE,TRUE
8013749,"gate_30",111,TRUE,TRUE
8013962,"gate_30",242,TRUE,TRUE
8014254,"gate_30",17,FALSE,FALSE
8014329,"gate_40",7,FALSE,FALSE
8014373,"gate_40",191,TRUE,TRUE
8014524,"gate_30",332,FALSE,FALSE
8014642,"gate_40",202,TRUE,TRUE
8014826,"gate_30",34,FALSE,FALSE
8014939,"gate_40",4,FALSE,FALSE
8015120,"gate_30",13,FALSE,FALSE
8015148,"gate_30",2,FALSE,FALSE
8015405,"gate_30",109,TRUE,FALSE
8015481,"gate_40",29,FALSE,FALSE
8015509,"gate_30",96,FALSE,TRUE
8015516,"gate_40",5,TRUE,FALSE
8015742,"gate_30",25,FALSE,FALSE
8015965,"gate_30",7,FALSE,FALSE
8016028,"gate_30",215,TRUE,FALSE
8016095,"gate_40",6,FALSE,FALSE
8016229,"gate_30",19,TRUE,FALSE
8016333,"gate_40",7,FALSE,FALSE
8016423,"gate_40",45,FALSE,FALSE
8016749,"gate_30",30,TRUE,FALSE
8016784,"gate_30",86,FALSE,FALSE
8016873,"gate_40",0,FALSE,FALSE
8016931,"gate_40",1,FALSE,FALSE
8017307,"gate_30",9,FALSE,FALSE
8017308,"gate_40",40,TRUE,FALSE
8017526,"gate_30",1,FALSE,FALSE
8017651,"gate_30",0,FALSE,FALSE
8017873,"gate_40",34,TRUE,FALSE
8017960,"gate_40",19,FALSE,FALSE
8018076,"gate_40",45,TRUE,FALSE
8018078,"gate_30",37,TRUE,FALSE
8018335,"gate_40",1,FALSE,FALSE
8018614,"gate_30",120,TRUE,FALSE
8018709,"gate_30",69,TRUE,TRUE
8018787,"gate_30",6,TRUE,FALSE
8018847,"gate_40",64,TRUE,FALSE
8019132,"gate_30",38,TRUE,TRUE
8019144,"gate_30",534,TRUE,TRUE
8019155,"gate_30",131,TRUE,FALSE
8019188,"gate_30",55,TRUE,FALSE
8019279,"gate_40",58,TRUE,FALSE
8019496,"gate_30",76,TRUE,FALSE
8019501,"gate_30",10,TRUE,FALSE
8019680,"gate_30",5,FALSE,FALSE
8019773,"gate_40",10,TRUE,FALSE
8019841,"gate_40",2,FALSE,FALSE
8019857,"gate_40",2,FALSE,FALSE
8019921,"gate_30",7,FALSE,FALSE
8020097,"gate_30",95,TRUE,TRUE
8020209,"gate_30",121,TRUE,TRUE
8020458,"gate_30",19,TRUE,FALSE
8021154,"gate_30",1,FALSE,FALSE
8021234,"gate_40",21,TRUE,FALSE
8021273,"gate_40",15,FALSE,FALSE
8021325,"gate_30",8,TRUE,FALSE
8021354,"gate_30",10,FALSE,FALSE
8021374,"gate_40",31,TRUE,FALSE
8021434,"gate_40",73,TRUE,FALSE
8021468,"gate_30",18,TRUE,FALSE
8021505,"gate_40",19,TRUE,FALSE
8021578,"gate_30",287,TRUE,FALSE
8021705,"gate_30",179,TRUE,TRUE
8021886,"gate_30",14,TRUE,FALSE
8022257,"gate_40",0,FALSE,FALSE
8022484,"gate_30",38,FALSE,FALSE
8022685,"gate_30",34,FALSE,FALSE
8022712,"gate_40",706,TRUE,TRUE
8022748,"gate_40",19,FALSE,FALSE
8022911,"gate_40",57,TRUE,FALSE
8023028,"gate_40",54,TRUE,TRUE
8023055,"gate_40",109,FALSE,TRUE
8023098,"gate_30",73,TRUE,TRUE
8023435,"gate_30",38,FALSE,FALSE
8023440,"gate_30",6,FALSE,FALSE
8023444,"gate_40",13,FALSE,FALSE
8023496,"gate_40",14,FALSE,FALSE
8023850,"gate_40",30,FALSE,FALSE
8023851,"gate_30",786,TRUE,TRUE
8024195,"gate_40",4,TRUE,FALSE
8024356,"gate_40",3,FALSE,FALSE
8024509,"gate_40",12,TRUE,FALSE
8024678,"gate_30",31,FALSE,FALSE
8024744,"gate_30",6,FALSE,FALSE
8024881,"gate_40",1,FALSE,FALSE
8025067,"gate_30",92,TRUE,TRUE
8025609,"gate_30",7,FALSE,FALSE
8025660,"gate_30",19,FALSE,TRUE
8025722,"gate_40",11,TRUE,FALSE
8025799,"gate_40",36,TRUE,FALSE
8026038,"gate_40",20,TRUE,FALSE
8026400,"gate_30",0,FALSE,FALSE
8026411,"gate_40",2,FALSE,FALSE
8026426,"gate_40",4,FALSE,FALSE
8026505,"gate_30",5,FALSE,FALSE
8026758,"gate_40",11,TRUE,FALSE
8026835,"gate_40",3,FALSE,FALSE
8026865,"gate_40",42,FALSE,TRUE
8026990,"gate_40",1,FALSE,FALSE
8027053,"gate_40",14,FALSE,FALSE
8027087,"gate_30",1,FALSE,FALSE
8027416,"gate_40",30,TRUE,FALSE
8027460,"gate_30",2,FALSE,FALSE
8027488,"gate_40",3,FALSE,FALSE
8027500,"gate_30",20,FALSE,FALSE
8027585,"gate_30",9,FALSE,FALSE
8027817,"gate_40",6,FALSE,FALSE
8028136,"gate_30",1,FALSE,FALSE
8028393,"gate_40",12,FALSE,FALSE
8028538,"gate_30",23,TRUE,FALSE
8028612,"gate_40",8,TRUE,FALSE
8028778,"gate_30",2,FALSE,FALSE
8028867,"gate_40",123,FALSE,FALSE
8028936,"gate_40",24,FALSE,FALSE
8029087,"gate_30",0,FALSE,FALSE
8029200,"gate_40",16,TRUE,FALSE
8029348,"gate_30",20,TRUE,FALSE
8029352,"gate_30",43,TRUE,TRUE
8029368,"gate_30",10,FALSE,FALSE
8029392,"gate_40",17,TRUE,FALSE
8029405,"gate_40",160,TRUE,TRUE
8029459,"gate_30",5,FALSE,FALSE
8029493,"gate_30",9,FALSE,FALSE
8029505,"gate_30",0,FALSE,FALSE
8029614,"gate_30",1,FALSE,FALSE
8029664,"gate_30",1,FALSE,FALSE
8029665,"gate_30",17,FALSE,FALSE
8029787,"gate_30",5,FALSE,FALSE
8029900,"gate_40",144,TRUE,TRUE
8029943,"gate_30",18,FALSE,FALSE
8029957,"gate_40",3,FALSE,FALSE
8030208,"gate_40",9,FALSE,FALSE
8030253,"gate_40",173,TRUE,TRUE
8030350,"gate_30",6,FALSE,FALSE
8030397,"gate_30",79,TRUE,TRUE
8030631,"gate_30",42,FALSE,FALSE
8030747,"gate_30",4,FALSE,FALSE
8030806,"gate_40",22,FALSE,FALSE
8030816,"gate_30",4,FALSE,FALSE
8030856,"gate_30",2,FALSE,FALSE
8030890,"gate_40",101,FALSE,FALSE
8031006,"gate_30",11,FALSE,FALSE
8031091,"gate_30",6,FALSE,FALSE
8031142,"gate_40",323,TRUE,TRUE
8031214,"gate_30",1,FALSE,FALSE
8031572,"gate_40",397,TRUE,TRUE
8031593,"gate_40",35,TRUE,FALSE
8031784,"gate_30",17,TRUE,FALSE
8031925,"gate_40",16,FALSE,FALSE
8031974,"gate_30",64,FALSE,TRUE
8031998,"gate_40",0,FALSE,FALSE
8032082,"gate_40",8,TRUE,FALSE
8032130,"gate_30",101,TRUE,TRUE
8032162,"gate_30",35,TRUE,TRUE
8032198,"gate_30",1,FALSE,FALSE
8032218,"gate_40",31,TRUE,TRUE
8032266,"gate_30",33,FALSE,FALSE
8032451,"gate_30",3,FALSE,FALSE
8032718,"gate_40",4,FALSE,FALSE
8032765,"gate_30",15,FALSE,TRUE
8032847,"gate_30",391,TRUE,TRUE
8032871,"gate_30",8,FALSE,FALSE
8032979,"gate_30",3,FALSE,FALSE
8033024,"gate_40",5,FALSE,FALSE
8033128,"gate_40",35,TRUE,FALSE
8033173,"gate_30",50,TRUE,FALSE
8033214,"gate_40",30,TRUE,FALSE
8033283,"gate_40",12,TRUE,FALSE
8033290,"gate_40",7,FALSE,FALSE
8033405,"gate_30",133,TRUE,TRUE
8033465,"gate_40",0,FALSE,FALSE
8033780,"gate_40",54,TRUE,FALSE
8033967,"gate_40",23,TRUE,FALSE
8034047,"gate_30",4,FALSE,FALSE
8034065,"gate_40",5,FALSE,FALSE
8034200,"gate_30",39,TRUE,TRUE
8034279,"gate_30",35,TRUE,FALSE
8034643,"gate_30",9,FALSE,FALSE
8034778,"gate_30",15,FALSE,FALSE
8035248,"gate_40",6,FALSE,FALSE
8035420,"gate_40",4,FALSE,FALSE
8035770,"gate_40",1,FALSE,FALSE
8035979,"gate_30",5,FALSE,FALSE
8036199,"gate_40",268,FALSE,TRUE
8036241,"gate_30",57,TRUE,FALSE
8036313,"gate_30",35,TRUE,FALSE
8036439,"gate_30",9,FALSE,FALSE
8036518,"gate_40",9,FALSE,FALSE
8036625,"gate_30",26,FALSE,FALSE
8036633,"gate_30",0,FALSE,FALSE
8036772,"gate_30",168,TRUE,TRUE
8036810,"gate_40",64,TRUE,TRUE
8036830,"gate_40",1,FALSE,FALSE
8036934,"gate_40",54,FALSE,FALSE
8037217,"gate_30",67,TRUE,FALSE
8037260,"gate_40",46,TRUE,TRUE
8037409,"gate_40",3,FALSE,FALSE
8037653,"gate_40",0,FALSE,FALSE
8037707,"gate_40",5,FALSE,FALSE
8037850,"gate_30",47,FALSE,TRUE
8037901,"gate_30",0,FALSE,FALSE
8038089,"gate_40",268,TRUE,TRUE
8038169,"gate_30",20,TRUE,FALSE
8038236,"gate_40",0,FALSE,FALSE
8038250,"gate_40",6,FALSE,FALSE
8038305,"gate_30",75,TRUE,TRUE
8038344,"gate_30",19,FALSE,FALSE
8038438,"gate_30",65,FALSE,TRUE
8038549,"gate_30",0,FALSE,FALSE
8038639,"gate_30",26,TRUE,FALSE
8038667,"gate_40",330,TRUE,TRUE
8038771,"gate_30",40,TRUE,TRUE
8038836,"gate_40",13,TRUE,FALSE
8038929,"gate_30",1,FALSE,FALSE
8038934,"gate_30",4,FALSE,FALSE
8038993,"gate_40",19,TRUE,FALSE
8039006,"gate_30",16,FALSE,FALSE
8039065,"gate_40",18,TRUE,TRUE
8039121,"gate_40",21,TRUE,FALSE
8039697,"gate_40",8,FALSE,FALSE
8039816,"gate_30",11,TRUE,FALSE
8039864,"gate_30",459,TRUE,TRUE
8039937,"gate_40",17,FALSE,FALSE
8040015,"gate_40",72,TRUE,FALSE
8040052,"gate_30",6,FALSE,FALSE
8040085,"gate_40",42,FALSE,TRUE
8040105,"gate_40",31,FALSE,FALSE
8040144,"gate_30",118,TRUE,FALSE
8040429,"gate_30",1,FALSE,FALSE
8040455,"gate_30",9,FALSE,FALSE
8040622,"gate_30",44,FALSE,FALSE
8040663,"gate_40",4,FALSE,FALSE
8040725,"gate_30",2,FALSE,FALSE
8040754,"gate_40",64,TRUE,FALSE
8040764,"gate_40",2,FALSE,FALSE
8040879,"gate_40",8,FALSE,FALSE
8040914,"gate_40",59,TRUE,FALSE
8040988,"gate_40",54,TRUE,FALSE
8041103,"gate_30",736,TRUE,TRUE
8041145,"gate_30",6,FALSE,FALSE
8041240,"gate_30",24,TRUE,FALSE
8041277,"gate_30",4,FALSE,FALSE
8041307,"gate_30",20,TRUE,FALSE
8041358,"gate_40",2,FALSE,FALSE
8041559,"gate_40",26,TRUE,FALSE
8041658,"gate_40",22,FALSE,FALSE
8041733,"gate_30",1,FALSE,FALSE
8041780,"gate_40",20,FALSE,FALSE
8042103,"gate_40",4,FALSE,FALSE
8042303,"gate_30",48,FALSE,FALSE
8042514,"gate_30",27,FALSE,FALSE
8042628,"gate_30",41,TRUE,FALSE
8042736,"gate_30",63,TRUE,FALSE
8042760,"gate_40",8,TRUE,FALSE
8042817,"gate_40",4,FALSE,FALSE
8043066,"gate_30",8,TRUE,FALSE
8043106,"gate_40",300,TRUE,TRUE
8043199,"gate_40",3,FALSE,FALSE
8043280,"gate_30",77,TRUE,TRUE
8043718,"gate_40",4,FALSE,FALSE
8043795,"gate_40",71,TRUE,FALSE
8043843,"gate_30",25,TRUE,FALSE
8043847,"gate_40",1,FALSE,FALSE
8043912,"gate_40",7,FALSE,FALSE
8043976,"gate_30",885,TRUE,TRUE
8044092,"gate_40",0,FALSE,FALSE
8044260,"gate_40",0,FALSE,FALSE
8044314,"gate_40",15,FALSE,FALSE
8044657,"gate_30",4,FALSE,FALSE
8044741,"gate_40",9,FALSE,FALSE
8044772,"gate_40",129,TRUE,TRUE
8044878,"gate_40",78,TRUE,FALSE
8044882,"gate_40",2,TRUE,FALSE
8044910,"gate_40",18,TRUE,FALSE
8045041,"gate_30",93,TRUE,TRUE
8045189,"gate_40",223,TRUE,TRUE
8045245,"gate_30",104,TRUE,FALSE
8045266,"gate_30",29,FALSE,FALSE
8045385,"gate_30",2,FALSE,FALSE
8045472,"gate_30",11,TRUE,FALSE
8045570,"gate_30",22,TRUE,FALSE
8045623,"gate_30",22,TRUE,FALSE
8045684,"gate_40",8,FALSE,FALSE
8045814,"gate_40",155,TRUE,TRUE
8045884,"gate_30",15,FALSE,FALSE
8045887,"gate_40",5,TRUE,FALSE
8045936,"gate_30",8,TRUE,FALSE
8045937,"gate_40",28,TRUE,FALSE
8046345,"gate_40",3,FALSE,FALSE
8046582,"gate_30",23,TRUE,FALSE
8046818,"gate_40",8,FALSE,FALSE
8046872,"gate_30",13,FALSE,FALSE
8046923,"gate_40",73,FALSE,FALSE
8047215,"gate_30",2,FALSE,FALSE
8047241,"gate_40",1,TRUE,FALSE
8047287,"gate_30",0,FALSE,FALSE
8047322,"gate_40",6,FALSE,FALSE
8047329,"gate_30",21,FALSE,FALSE
8047396,"gate_30",6,FALSE,FALSE
8047417,"gate_40",18,TRUE,FALSE
8047599,"gate_30",110,TRUE,FALSE
8047607,"gate_30",8,FALSE,FALSE
8047778,"gate_40",9,FALSE,FALSE
8047802,"gate_30",3,FALSE,FALSE
8047873,"gate_30",6,FALSE,FALSE
8047895,"gate_30",4,FALSE,FALSE
8048061,"gate_40",14,TRUE,TRUE
8048343,"gate_30",10,FALSE,FALSE
8048432,"gate_40",11,FALSE,FALSE
8048513,"gate_40",12,FALSE,FALSE
8048528,"gate_40",4,FALSE,FALSE
8048885,"gate_40",65,TRUE,TRUE
8048953,"gate_30",45,TRUE,FALSE
8049207,"gate_30",15,TRUE,FALSE
8049360,"gate_30",4,FALSE,FALSE
8049426,"gate_40",35,TRUE,TRUE
8049495,"gate_30",4,FALSE,FALSE
8049517,"gate_30",106,FALSE,TRUE
8049780,"gate_30",194,TRUE,TRUE
8049911,"gate_30",24,FALSE,FALSE
8050015,"gate_40",58,TRUE,FALSE
8050027,"gate_30",0,TRUE,FALSE
8050278,"gate_40",1,FALSE,FALSE
8050294,"gate_40",136,TRUE,TRUE
8050433,"gate_30",8,FALSE,FALSE
8050647,"gate_40",5,FALSE,FALSE
8050747,"gate_40",48,FALSE,FALSE
8050831,"gate_30",0,FALSE,FALSE
8050857,"gate_30",42,TRUE,FALSE
8050929,"gate_40",22,TRUE,FALSE
8051121,"gate_40",8,TRUE,FALSE
8051132,"gate_30",2,FALSE,FALSE
8051138,"gate_40",0,FALSE,FALSE
8051155,"gate_40",4,TRUE,FALSE
8051175,"gate_30",5,FALSE,FALSE
8051194,"gate_40",8,TRUE,FALSE
8051256,"gate_30",181,FALSE,TRUE
8051301,"gate_30",61,TRUE,FALSE
8051324,"gate_40",6,FALSE,FALSE
8051359,"gate_30",4,FALSE,FALSE
8051415,"gate_40",23,TRUE,FALSE
8051645,"gate_30",1,FALSE,FALSE
8051656,"gate_30",4,FALSE,FALSE
8051709,"gate_40",38,FALSE,FALSE
8051724,"gate_40",26,TRUE,FALSE
8051897,"gate_40",13,FALSE,FALSE
8051961,"gate_40",1,FALSE,FALSE
8051979,"gate_40",30,TRUE,FALSE
8052212,"gate_40",4,FALSE,FALSE
8052220,"gate_30",14,FALSE,TRUE
8052236,"gate_30",24,FALSE,TRUE
8052355,"gate_40",71,TRUE,TRUE
8052553,"gate_40",274,TRUE,TRUE
8052565,"gate_40",5,TRUE,FALSE
8052590,"gate_30",2,FALSE,FALSE
8052910,"gate_30",215,TRUE,TRUE
8053228,"gate_40",38,TRUE,FALSE
8053414,"gate_30",14,FALSE,FALSE
8053434,"gate_40",7,FALSE,TRUE
8053631,"gate_30",44,TRUE,TRUE
8053670,"gate_30",12,TRUE,FALSE
8053753,"gate_40",26,FALSE,FALSE
8053768,"gate_40",1,FALSE,FALSE
8053775,"gate_30",0,FALSE,FALSE
8053927,"gate_40",5,FALSE,FALSE
8054134,"gate_30",14,FALSE,FALSE
8054268,"gate_30",16,FALSE,FALSE
8054334,"gate_30",23,FALSE,FALSE
8054361,"gate_40",118,TRUE,FALSE
8054543,"gate_30",22,FALSE,FALSE
8054604,"gate_30",6,FALSE,FALSE
8054961,"gate_40",1105,TRUE,TRUE
8055117,"gate_40",9,FALSE,FALSE
8055247,"gate_30",38,TRUE,FALSE
8055401,"gate_40",8,FALSE,FALSE
8055480,"gate_30",2,FALSE,FALSE
8055507,"gate_30",338,TRUE,TRUE
8055571,"gate_30",66,FALSE,FALSE
8055669,"gate_40",77,TRUE,FALSE
8055673,"gate_30",4,TRUE,FALSE
8055679,"gate_30",1,FALSE,FALSE
8055788,"gate_40",6,TRUE,FALSE
8056108,"gate_40",6,FALSE,FALSE
8056178,"gate_40",8,TRUE,FALSE
8056214,"gate_30",22,FALSE,TRUE
8056248,"gate_30",2,FALSE,FALSE
8056522,"gate_40",9,TRUE,FALSE
8056570,"gate_40",1,FALSE,FALSE
8056706,"gate_40",183,TRUE,FALSE
8056957,"gate_30",45,TRUE,FALSE
8057002,"gate_40",2,FALSE,FALSE
8057077,"gate_40",1,FALSE,FALSE
8057100,"gate_40",13,FALSE,FALSE
8057118,"gate_40",95,FALSE,FALSE
8057189,"gate_40",36,TRUE,FALSE
8057235,"gate_30",121,TRUE,TRUE
8057314,"gate_40",236,TRUE,TRUE
8057354,"gate_40",124,FALSE,TRUE
8057372,"gate_30",67,TRUE,FALSE
8057586,"gate_30",1,TRUE,FALSE
8057605,"gate_40",6,FALSE,FALSE
8057641,"gate_40",31,FALSE,FALSE
8057660,"gate_40",32,TRUE,FALSE
8057769,"gate_40",42,TRUE,FALSE
8057820,"gate_40",73,FALSE,TRUE
8057830,"gate_30",55,TRUE,FALSE
8057885,"gate_40",13,TRUE,FALSE
8058107,"gate_30",25,TRUE,FALSE
8058156,"gate_30",20,TRUE,FALSE
8058176,"gate_30",34,TRUE,FALSE
8058197,"gate_30",2,FALSE,FALSE
8058202,"gate_40",0,FALSE,FALSE
8058257,"gate_40",27,FALSE,FALSE
8058384,"gate_30",2,TRUE,FALSE
8058389,"gate_40",1,FALSE,FALSE
8058419,"gate_30",232,TRUE,TRUE
8058464,"gate_30",23,FALSE,FALSE
8058519,"gate_30",17,TRUE,FALSE
8058539,"gate_30",0,FALSE,FALSE
8058545,"gate_30",6,TRUE,FALSE
8058607,"gate_30",24,FALSE,FALSE
8058674,"gate_30",51,TRUE,TRUE
8058703,"gate_30",9,TRUE,FALSE
8058726,"gate_40",32,FALSE,FALSE
8058912,"gate_40",2,FALSE,FALSE
8059080,"gate_30",31,FALSE,FALSE
8059081,"gate_40",175,TRUE,FALSE
8059121,"gate_30",72,TRUE,TRUE
8059399,"gate_40",24,FALSE,FALSE
8059487,"gate_30",4,TRUE,FALSE
8059589,"gate_40",2,FALSE,FALSE
8059603,"gate_30",257,TRUE,FALSE
8060185,"gate_40",16,FALSE,FALSE
8060195,"gate_30",9,TRUE,FALSE
8060484,"gate_40",88,TRUE,TRUE
8060557,"gate_40",283,TRUE,FALSE
8060594,"gate_40",6,FALSE,FALSE
8060652,"gate_40",60,TRUE,FALSE
8060724,"gate_40",44,TRUE,FALSE
8060771,"gate_40",607,TRUE,TRUE
8060964,"gate_40",7,FALSE,FALSE
8060991,"gate_30",41,FALSE,FALSE
8061081,"gate_40",15,FALSE,FALSE
8061144,"gate_30",34,FALSE,FALSE
8061147,"gate_30",198,TRUE,TRUE
8061162,"gate_40",2,FALSE,FALSE
8061165,"gate_40",313,TRUE,TRUE
8061241,"gate_40",19,FALSE,TRUE
8061279,"gate_30",25,FALSE,FALSE
8061477,"gate_30",31,TRUE,FALSE
8061560,"gate_30",2,TRUE,FALSE
8061687,"gate_40",11,TRUE,FALSE
8061748,"gate_30",10,FALSE,FALSE
8061755,"gate_30",18,FALSE,TRUE
8061950,"gate_40",10,FALSE,FALSE
8062259,"gate_30",38,TRUE,FALSE
8062798,"gate_30",46,TRUE,FALSE
8063369,"gate_40",58,FALSE,FALSE
8063390,"gate_30",263,TRUE,TRUE
8063576,"gate_30",44,TRUE,FALSE
8063695,"gate_40",38,TRUE,FALSE
8063801,"gate_40",0,FALSE,FALSE
8063805,"gate_40",3,FALSE,FALSE
8063831,"gate_30",53,FALSE,FALSE
8064058,"gate_30",1,FALSE,FALSE
8064123,"gate_30",251,TRUE,TRUE
8064157,"gate_40",3,FALSE,FALSE
8064374,"gate_40",3,FALSE,FALSE
8064385,"gate_40",7,TRUE,FALSE
8064388,"gate_40",97,TRUE,FALSE
8064539,"gate_40",9,FALSE,FALSE
8064552,"gate_30",1,FALSE,FALSE
8064789,"gate_40",46,TRUE,FALSE
8064849,"gate_40",22,TRUE,FALSE
8064911,"gate_40",13,FALSE,FALSE
8065085,"gate_40",1,FALSE,FALSE
8065525,"gate_30",23,FALSE,TRUE
8065732,"gate_40",25,TRUE,FALSE
8065740,"gate_30",89,TRUE,TRUE
8065983,"gate_40",18,FALSE,TRUE
8066097,"gate_40",45,FALSE,FALSE
8066114,"gate_30",6,FALSE,FALSE
8066373,"gate_40",84,TRUE,FALSE
8066409,"gate_40",156,FALSE,TRUE
8066439,"gate_40",31,TRUE,FALSE
8066463,"gate_30",146,TRUE,TRUE
8066588,"gate_40",2,TRUE,FALSE
8066715,"gate_40",18,FALSE,FALSE
8066765,"gate_40",67,TRUE,TRUE
8066795,"gate_40",12,TRUE,FALSE
8066862,"gate_40",2,FALSE,FALSE
8067143,"gate_30",23,FALSE,FALSE
8067192,"gate_40",136,TRUE,FALSE
8067332,"gate_30",247,TRUE,FALSE
8067604,"gate_40",2,FALSE,FALSE
8067676,"gate_40",12,TRUE,FALSE
8067708,"gate_30",6,FALSE,FALSE
8067723,"gate_30",312,TRUE,TRUE
8067734,"gate_30",16,FALSE,FALSE
8067763,"gate_30",7,FALSE,FALSE
8067945,"gate_40",179,TRUE,TRUE
8067995,"gate_40",778,TRUE,TRUE
8068479,"gate_30",24,FALSE,TRUE
8068682,"gate_30",2,FALSE,FALSE
8068724,"gate_30",30,TRUE,FALSE
8068949,"gate_40",57,TRUE,FALSE
8069101,"gate_30",2,FALSE,FALSE
8069132,"gate_30",40,TRUE,FALSE
8069348,"gate_30",12,FALSE,FALSE
8069695,"gate_40",4,FALSE,FALSE
8069806,"gate_40",5,FALSE,FALSE
8069904,"gate_40",6,FALSE,FALSE
8070101,"gate_40",0,FALSE,FALSE
8070208,"gate_30",48,TRUE,FALSE
8070235,"gate_40",8,FALSE,TRUE
8070286,"gate_40",14,TRUE,FALSE
8070288,"gate_40",13,FALSE,FALSE
8070382,"gate_40",5,TRUE,FALSE
8070518,"gate_40",5,FALSE,FALSE
8070749,"gate_40",1,FALSE,FALSE
8070775,"gate_40",176,TRUE,TRUE
8070777,"gate_40",15,TRUE,FALSE
8070847,"gate_40",25,TRUE,FALSE
8070935,"gate_40",12,FALSE,FALSE
8071106,"gate_30",94,TRUE,FALSE
8071129,"gate_30",32,FALSE,FALSE
8071204,"gate_30",325,TRUE,TRUE
8071291,"gate_30",26,FALSE,FALSE
8071485,"gate_40",3,FALSE,FALSE
8071791,"gate_30",15,FALSE,FALSE
8072229,"gate_30",0,FALSE,FALSE
8072691,"gate_30",13,TRUE,FALSE
8072818,"gate_30",180,TRUE,TRUE
8072879,"gate_40",10,FALSE,FALSE
8072967,"gate_40",3,FALSE,FALSE
8073162,"gate_30",0,FALSE,FALSE
8073166,"gate_30",13,FALSE,FALSE
8073176,"gate_40",103,FALSE,FALSE
8073309,"gate_40",2,FALSE,FALSE
8073433,"gate_40",0,FALSE,FALSE
8073521,"gate_30",16,TRUE,FALSE
8073548,"gate_40",2,FALSE,FALSE
8073764,"gate_40",0,FALSE,FALSE
8073781,"gate_40",418,TRUE,TRUE
8074055,"gate_40",4,FALSE,FALSE
8074081,"gate_40",0,FALSE,FALSE
8074206,"gate_30",31,TRUE,FALSE
8074419,"gate_40",1,FALSE,FALSE
8074524,"gate_30",114,TRUE,TRUE
8074651,"gate_30",107,TRUE,FALSE
8074768,"gate_30",47,TRUE,FALSE
8074904,"gate_30",17,TRUE,FALSE
8074968,"gate_30",3,FALSE,FALSE
8075096,"gate_40",9,FALSE,FALSE
8075117,"gate_40",27,FALSE,FALSE
8075165,"gate_30",162,TRUE,FALSE
8075183,"gate_40",5,FALSE,FALSE
8075439,"gate_30",1,FALSE,FALSE
8075575,"gate_30",4,FALSE,FALSE
8075662,"gate_40",1,FALSE,FALSE
8075691,"gate_30",4,FALSE,FALSE
8075991,"gate_30",0,FALSE,FALSE
8076046,"gate_40",99,FALSE,FALSE
8076060,"gate_30",213,TRUE,FALSE
8076182,"gate_30",34,TRUE,TRUE
8076401,"gate_40",25,FALSE,FALSE
8076581,"gate_30",34,TRUE,FALSE
8076661,"gate_30",1,FALSE,FALSE
8076923,"gate_30",0,FALSE,FALSE
8077025,"gate_30",46,TRUE,FALSE
8077067,"gate_40",107,TRUE,FALSE
8077255,"gate_30",5,FALSE,FALSE
8077345,"gate_40",17,TRUE,FALSE
8077355,"gate_30",91,TRUE,FALSE
8077360,"gate_40",9,TRUE,FALSE
8077405,"gate_30",61,TRUE,TRUE
8077522,"gate_30",0,FALSE,FALSE
8077543,"gate_40",30,FALSE,FALSE
8077563,"gate_40",0,FALSE,FALSE
8077606,"gate_30",2,TRUE,FALSE
8077620,"gate_40",19,FALSE,FALSE
8077794,"gate_30",20,FALSE,FALSE
8077924,"gate_40",22,TRUE,FALSE
8077957,"gate_40",151,FALSE,FALSE
8078072,"gate_40",7,FALSE,FALSE
8078282,"gate_30",3,FALSE,FALSE
8078298,"gate_40",244,TRUE,TRUE
8078723,"gate_30",53,TRUE,FALSE
8078801,"gate_40",20,FALSE,FALSE
8078978,"gate_40",1,FALSE,FALSE
8079016,"gate_30",43,TRUE,FALSE
8079032,"gate_40",102,TRUE,TRUE
8079133,"gate_40",8,FALSE,FALSE
8079258,"gate_30",1,FALSE,FALSE
8079531,"gate_40",168,TRUE,TRUE
8079538,"gate_40",69,FALSE,FALSE
8079562,"gate_30",146,TRUE,TRUE
8079659,"gate_30",2,FALSE,FALSE
8079696,"gate_40",0,FALSE,FALSE
8079710,"gate_40",206,TRUE,TRUE
8079779,"gate_40",0,FALSE,FALSE
8079840,"gate_30",5,FALSE,FALSE
8079845,"gate_30",39,FALSE,FALSE
8079922,"gate_30",13,FALSE,FALSE
8080019,"gate_40",40,TRUE,FALSE
8080056,"gate_30",276,TRUE,FALSE
8080445,"gate_40",19,TRUE,FALSE
8080450,"gate_30",11,TRUE,FALSE
8080561,"gate_40",33,TRUE,FALSE
8080616,"gate_30",164,TRUE,FALSE
8080664,"gate_40",116,TRUE,TRUE
8080861,"gate_40",9,FALSE,FALSE
8081011,"gate_30",35,TRUE,FALSE
8081173,"gate_40",7,FALSE,FALSE
8081280,"gate_40",0,FALSE,FALSE
8081297,"gate_30",5,TRUE,FALSE
8081366,"gate_30",47,TRUE,TRUE
8081502,"gate_30",2,FALSE,FALSE
8081540,"gate_30",15,FALSE,FALSE
8081749,"gate_30",11,TRUE,FALSE
8081814,"gate_30",173,TRUE,TRUE
8081871,"gate_40",15,TRUE,FALSE
8082120,"gate_30",0,FALSE,FALSE
8082150,"gate_30",7,FALSE,FALSE
8082166,"gate_30",20,TRUE,FALSE
8082188,"gate_40",38,FALSE,TRUE
8082195,"gate_30",4,FALSE,FALSE
8082364,"gate_30",13,FALSE,FALSE
8082559,"gate_40",20,TRUE,FALSE
8082617,"gate_30",1,FALSE,FALSE
8082792,"gate_30",7,FALSE,FALSE
8082846,"gate_30",0,FALSE,FALSE
8082847,"gate_40",5,FALSE,FALSE
8082856,"gate_40",0,FALSE,FALSE
8082879,"gate_30",12,TRUE,FALSE
8083076,"gate_40",236,TRUE,TRUE
8083122,"gate_40",3,FALSE,FALSE
8083266,"gate_40",1,FALSE,FALSE
8083480,"gate_40",53,TRUE,FALSE
8083520,"gate_40",87,TRUE,FALSE
8083745,"gate_30",63,TRUE,FALSE
8083841,"gate_40",27,FALSE,FALSE
8083866,"gate_30",40,TRUE,FALSE
8083874,"gate_40",41,TRUE,FALSE
8084263,"gate_40",18,FALSE,FALSE
8084275,"gate_30",296,TRUE,TRUE
8084341,"gate_30",65,TRUE,FALSE
8084369,"gate_40",5,TRUE,FALSE
8084379,"gate_30",37,FALSE,FALSE
8084552,"gate_30",6,FALSE,FALSE
8084971,"gate_30",15,TRUE,FALSE
8085018,"gate_30",15,TRUE,FALSE
8085080,"gate_30",6,FALSE,FALSE
8085096,"gate_30",16,FALSE,FALSE
8085287,"gate_30",16,TRUE,FALSE
8085367,"gate_30",2,FALSE,FALSE
8085404,"gate_30",17,TRUE,FALSE
8085563,"gate_30",90,TRUE,TRUE
8085780,"gate_40",6,FALSE,FALSE
8085798,"gate_30",2,FALSE,FALSE
8085814,"gate_30",5,TRUE,FALSE
8085837,"gate_30",7,FALSE,FALSE
8085870,"gate_30",4,FALSE,FALSE
8085934,"gate_40",21,FALSE,FALSE
8085987,"gate_30",37,TRUE,FALSE
8086094,"gate_30",8,FALSE,FALSE
8086097,"gate_30",35,TRUE,FALSE
8086151,"gate_40",5,FALSE,FALSE
8086169,"gate_40",193,TRUE,TRUE
8086230,"gate_40",1,TRUE,FALSE
8086340,"gate_40",14,FALSE,FALSE
8086372,"gate_40",23,FALSE,FALSE
8086453,"gate_30",93,TRUE,FALSE
8086889,"gate_30",3,FALSE,TRUE
8087221,"gate_30",0,FALSE,FALSE
8087371,"gate_40",18,FALSE,FALSE
8087421,"gate_40",4,FALSE,FALSE
8087581,"gate_30",2,FALSE,FALSE
8087725,"gate_40",1,FALSE,FALSE
8087778,"gate_40",69,TRUE,FALSE
8087945,"gate_30",15,TRUE,FALSE
8088036,"gate_40",19,FALSE,FALSE
8088053,"gate_30",188,TRUE,TRUE
8088085,"gate_40",27,FALSE,FALSE
8088126,"gate_40",72,TRUE,FALSE
8088142,"gate_40",1,FALSE,FALSE
8088168,"gate_40",24,FALSE,TRUE
8088353,"gate_30",5,FALSE,FALSE
8088523,"gate_30",8,FALSE,FALSE
8088671,"gate_30",8,FALSE,FALSE
8088695,"gate_40",1,FALSE,FALSE
8088805,"gate_30",859,TRUE,TRUE
8088887,"gate_40",57,TRUE,TRUE
8088992,"gate_30",181,TRUE,TRUE
8089076,"gate_40",2,FALSE,FALSE
8089090,"gate_40",21,FALSE,FALSE
8089495,"gate_40",248,TRUE,FALSE
8089773,"gate_30",11,TRUE,FALSE
8089888,"gate_40",203,FALSE,TRUE
8089896,"gate_30",66,TRUE,FALSE
8090096,"gate_30",338,TRUE,TRUE
8090221,"gate_30",5,FALSE,FALSE
8090298,"gate_30",3,FALSE,FALSE
8090304,"gate_40",12,TRUE,FALSE
8090329,"gate_40",33,TRUE,FALSE
8090337,"gate_40",4,FALSE,FALSE
8090360,"gate_30",57,TRUE,FALSE
8090394,"gate_40",56,TRUE,FALSE
8090399,"gate_40",4,TRUE,FALSE
8090454,"gate_30",24,TRUE,FALSE
8090545,"gate_30",1,FALSE,FALSE
8090970,"gate_40",12,FALSE,FALSE
8090983,"gate_40",17,FALSE,FALSE
8091063,"gate_30",231,TRUE,TRUE
8091102,"gate_30",43,TRUE,TRUE
8091121,"gate_30",7,FALSE,FALSE
8091180,"gate_30",472,TRUE,TRUE
8091195,"gate_40",1,FALSE,FALSE
8091469,"gate_30",148,TRUE,TRUE
8091516,"gate_30",17,TRUE,FALSE
8091623,"gate_40",13,TRUE,FALSE
8091855,"gate_30",0,FALSE,FALSE
8091861,"gate_40",12,FALSE,FALSE
8091959,"gate_40",149,TRUE,TRUE
8092151,"gate_30",15,FALSE,FALSE
8092213,"gate_40",47,TRUE,FALSE
8092270,"gate_30",33,FALSE,TRUE
8092377,"gate_30",25,FALSE,FALSE
8092512,"gate_40",22,TRUE,FALSE
8092518,"gate_30",5,FALSE,FALSE
8092796,"gate_30",131,TRUE,FALSE
8092801,"gate_30",48,TRUE,TRUE
8092963,"gate_40",0,FALSE,FALSE
8093034,"gate_30",3,FALSE,FALSE
8093135,"gate_30",43,TRUE,FALSE
8093270,"gate_30",4,FALSE,FALSE
8093494,"gate_30",84,FALSE,TRUE
8093607,"gate_40",33,FALSE,FALSE
8093704,"gate_30",14,FALSE,FALSE
8093725,"gate_30",64,TRUE,TRUE
8093838,"gate_40",1,FALSE,FALSE
8093980,"gate_40",4,TRUE,FALSE
8094032,"gate_30",97,TRUE,FALSE
8094107,"gate_40",5,FALSE,FALSE
8094179,"gate_30",18,TRUE,FALSE
8094219,"gate_40",119,TRUE,TRUE
8094335,"gate_30",1,FALSE,FALSE
8094373,"gate_30",4,TRUE,FALSE
8094451,"gate_30",26,TRUE,FALSE
8094481,"gate_30",23,FALSE,FALSE
8094580,"gate_40",93,FALSE,FALSE
8094711,"gate_40",106,TRUE,TRUE
8094986,"gate_40",47,TRUE,FALSE
8095027,"gate_40",73,TRUE,FALSE
8095326,"gate_40",183,TRUE,TRUE
8095634,"gate_40",2,FALSE,FALSE
8095790,"gate_40",14,FALSE,FALSE
8095835,"gate_30",0,FALSE,FALSE
8096035,"gate_30",13,FALSE,FALSE
8096169,"gate_40",313,TRUE,TRUE
8096234,"gate_30",3,FALSE,FALSE
8096337,"gate_40",3,FALSE,FALSE
8096358,"gate_40",4,FALSE,FALSE
8096477,"gate_30",65,TRUE,FALSE
8096740,"gate_40",11,FALSE,FALSE
8096889,"gate_30",3,FALSE,FALSE
8097103,"gate_40",7,FALSE,FALSE
8097179,"gate_30",75,TRUE,TRUE
8097260,"gate_40",3,FALSE,FALSE
8097376,"gate_40",442,TRUE,TRUE
8097549,"gate_40",120,TRUE,TRUE
8097564,"gate_40",3,FALSE,FALSE
8097738,"gate_40",17,TRUE,FALSE
8097814,"gate_40",123,FALSE,FALSE
8097910,"gate_30",263,TRUE,TRUE
8098493,"gate_30",2,FALSE,FALSE
8098503,"gate_30",13,FALSE,FALSE
8098541,"gate_40",258,TRUE,FALSE
8098656,"gate_30",153,TRUE,TRUE
8098725,"gate_30",25,TRUE,FALSE
8098862,"gate_30",9,FALSE,FALSE
8099183,"gate_40",24,TRUE,FALSE
8099274,"gate_40",20,FALSE,FALSE
8099408,"gate_40",24,TRUE,FALSE
8099504,"gate_40",1,FALSE,FALSE
8099529,"gate_40",10,FALSE,FALSE
8099612,"gate_30",18,FALSE,FALSE
8099716,"gate_40",161,TRUE,TRUE
8099806,"gate_40",0,FALSE,FALSE
8099829,"gate_40",10,TRUE,FALSE
8100061,"gate_30",56,TRUE,FALSE
8100213,"gate_30",50,TRUE,FALSE
8100278,"gate_40",5,FALSE,FALSE
8100333,"gate_30",18,FALSE,FALSE
8100339,"gate_30",9,FALSE,FALSE
8100389,"gate_30",21,TRUE,FALSE
8100424,"gate_40",3,FALSE,FALSE
8100428,"gate_30",402,TRUE,TRUE
8100450,"gate_30",131,TRUE,TRUE
8100566,"gate_30",44,TRUE,TRUE
8100921,"gate_40",14,FALSE,FALSE
8101038,"gate_40",152,FALSE,TRUE
8101074,"gate_40",9,FALSE,FALSE
8101113,"gate_40",36,TRUE,FALSE
8101404,"gate_30",6,FALSE,FALSE
8101744,"gate_40",15,FALSE,FALSE
8101809,"gate_40",1,FALSE,FALSE
8101927,"gate_40",1,FALSE,FALSE
8102010,"gate_40",6,FALSE,FALSE
8102305,"gate_40",145,TRUE,TRUE
8102373,"gate_30",11,FALSE,FALSE
8102783,"gate_40",238,TRUE,TRUE
8102878,"gate_40",16,FALSE,FALSE
8102927,"gate_30",2,FALSE,FALSE
8103119,"gate_40",4,FALSE,TRUE
8103189,"gate_40",192,TRUE,TRUE
8103199,"gate_30",13,FALSE,FALSE
8103238,"gate_40",168,FALSE,TRUE
8103336,"gate_30",301,TRUE,TRUE
8103725,"gate_40",1,FALSE,FALSE
8103733,"gate_30",7,TRUE,FALSE
8103741,"gate_30",23,TRUE,FALSE
8103754,"gate_30",79,TRUE,FALSE
8103831,"gate_40",13,TRUE,FALSE
8103958,"gate_40",29,TRUE,FALSE
8104018,"gate_30",13,TRUE,FALSE
8104378,"gate_40",0,FALSE,FALSE
8104463,"gate_40",236,TRUE,FALSE
8104696,"gate_30",38,TRUE,FALSE
8105087,"gate_30",2,FALSE,FALSE
8105289,"gate_40",1,FALSE,FALSE
8105547,"gate_40",78,FALSE,TRUE
8105639,"gate_30",1,FALSE,FALSE
8105961,"gate_40",204,TRUE,FALSE
8106069,"gate_30",21,TRUE,FALSE
8106106,"gate_40",174,TRUE,TRUE
8106140,"gate_40",220,TRUE,TRUE
8106158,"gate_30",44,TRUE,FALSE
8106194,"gate_40",41,FALSE,FALSE
8106589,"gate_30",2,FALSE,FALSE
8106707,"gate_40",24,TRUE,FALSE
8106708,"gate_30",61,FALSE,TRUE
8106961,"gate_30",28,TRUE,FALSE
8107046,"gate_30",114,TRUE,FALSE
8107066,"gate_30",18,FALSE,FALSE
8107142,"gate_40",530,TRUE,TRUE
8107172,"gate_40",6,FALSE,FALSE
8107338,"gate_40",1,FALSE,FALSE
8107346,"gate_30",130,TRUE,TRUE
8107524,"gate_30",6,FALSE,FALSE
8107528,"gate_40",2,FALSE,FALSE
8107609,"gate_30",25,TRUE,FALSE
8107943,"gate_40",240,TRUE,TRUE
8107957,"gate_40",17,TRUE,FALSE
8107990,"gate_30",111,TRUE,TRUE
8108067,"gate_40",14,TRUE,FALSE
8108242,"gate_40",49,TRUE,FALSE
8108244,"gate_30",13,TRUE,FALSE
8108347,"gate_40",282,TRUE,TRUE
8108384,"gate_40",18,FALSE,FALSE
8108594,"gate_30",7,TRUE,FALSE
8108714,"gate_30",313,TRUE,TRUE
8108772,"gate_30",5,FALSE,FALSE
8109047,"gate_40",13,TRUE,FALSE
8109166,"gate_40",4,FALSE,FALSE
8109307,"gate_40",4,FALSE,FALSE
8109427,"gate_30",169,FALSE,TRUE
8109593,"gate_40",16,TRUE,FALSE
8109623,"gate_40",6,FALSE,FALSE
8110111,"gate_30",118,TRUE,FALSE
8110138,"gate_30",23,TRUE,FALSE
8110202,"gate_30",31,TRUE,FALSE
8110371,"gate_30",6,FALSE,FALSE
8110711,"gate_30",7,FALSE,FALSE
8110717,"gate_40",8,FALSE,FALSE
8111055,"gate_30",15,FALSE,FALSE
8111099,"gate_40",21,TRUE,FALSE
8111109,"gate_40",13,FALSE,FALSE
8111137,"gate_30",20,TRUE,FALSE
8111232,"gate_40",49,TRUE,FALSE
8111377,"gate_40",70,TRUE,FALSE
8111385,"gate_30",4,FALSE,FALSE
8111507,"gate_40",30,FALSE,FALSE
8111693,"gate_30",180,TRUE,TRUE
8111822,"gate_40",6,FALSE,FALSE
8111848,"gate_40",12,FALSE,FALSE
8112062,"gate_30",12,FALSE,FALSE
8112184,"gate_40",16,FALSE,FALSE
8112195,"gate_30",3,FALSE,FALSE
8112259,"gate_30",4,TRUE,FALSE
8112469,"gate_30",31,FALSE,FALSE
8112604,"gate_30",80,TRUE,FALSE
8112927,"gate_30",9,TRUE,FALSE
8113060,"gate_40",122,TRUE,FALSE
8113570,"gate_30",5,FALSE,FALSE
8113715,"gate_30",2,FALSE,FALSE
8113882,"gate_40",17,FALSE,FALSE
8114149,"gate_40",80,TRUE,FALSE
8114265,"gate_40",118,TRUE,TRUE
8114493,"gate_40",11,FALSE,FALSE
8114676,"gate_40",610,TRUE,TRUE
8114888,"gate_30",134,TRUE,FALSE
8114908,"gate_40",5,FALSE,FALSE
8114979,"gate_30",2,FALSE,FALSE
8115306,"gate_40",1,FALSE,FALSE
8115381,"gate_30",51,TRUE,FALSE
8115663,"gate_40",137,TRUE,TRUE
8115888,"gate_40",1,FALSE,FALSE
8115947,"gate_40",17,TRUE,FALSE
8116190,"gate_30",28,FALSE,FALSE
8116202,"gate_30",4,FALSE,FALSE
8116232,"gate_40",43,FALSE,FALSE
8116235,"gate_40",40,TRUE,FALSE
8116353,"gate_30",1,FALSE,FALSE
8116403,"gate_40",6,FALSE,FALSE
8116413,"gate_30",6,FALSE,FALSE
8116529,"gate_40",3,FALSE,FALSE
8116727,"gate_30",14,FALSE,FALSE
8116766,"gate_30",4,TRUE,FALSE
8116891,"gate_40",226,TRUE,TRUE
8116919,"gate_30",3,FALSE,FALSE
8117039,"gate_30",2,FALSE,FALSE
8117104,"gate_30",0,FALSE,FALSE
8117218,"gate_30",41,TRUE,FALSE
8117270,"gate_30",9,FALSE,FALSE
8117326,"gate_40",4,FALSE,FALSE
8117454,"gate_40",5,FALSE,FALSE
8117723,"gate_30",197,TRUE,TRUE
8117783,"gate_30",7,FALSE,FALSE
8117904,"gate_40",92,TRUE,TRUE
8117944,"gate_30",320,TRUE,TRUE
8118091,"gate_30",6,FALSE,FALSE
8118092,"gate_40",190,TRUE,TRUE
8118167,"gate_30",44,FALSE,TRUE
8118356,"gate_40",16,FALSE,FALSE
8118683,"gate_30",1,FALSE,FALSE
8118722,"gate_40",4,FALSE,FALSE
8118806,"gate_30",29,FALSE,FALSE
8118811,"gate_30",46,TRUE,FALSE
8119133,"gate_30",65,TRUE,TRUE
8119381,"gate_40",63,TRUE,FALSE
8119458,"gate_30",38,TRUE,FALSE
8119467,"gate_40",19,TRUE,FALSE
8119494,"gate_30",3,FALSE,FALSE
8119565,"gate_40",4,FALSE,FALSE
8119673,"gate_40",15,TRUE,FALSE
8119970,"gate_30",13,TRUE,FALSE
8120040,"gate_40",10,FALSE,FALSE
8120080,"gate_40",80,TRUE,TRUE
8120199,"gate_30",4,FALSE,FALSE
8120363,"gate_40",28,FALSE,TRUE
8120438,"gate_30",2,FALSE,FALSE
8120479,"gate_40",20,FALSE,FALSE
8120583,"gate_40",78,TRUE,TRUE
8120629,"gate_40",2,TRUE,FALSE
8120656,"gate_30",16,TRUE,FALSE
8120658,"gate_30",610,TRUE,TRUE
8120866,"gate_40",5,FALSE,FALSE
8120965,"gate_40",11,FALSE,FALSE
8121128,"gate_30",14,FALSE,FALSE
8121195,"gate_40",146,TRUE,FALSE
8121224,"gate_30",0,FALSE,FALSE
8121261,"gate_30",125,TRUE,TRUE
8121483,"gate_40",6,FALSE,FALSE
8121683,"gate_40",75,TRUE,FALSE
8121684,"gate_30",5,FALSE,FALSE
8121732,"gate_30",113,TRUE,FALSE
8121797,"gate_40",0,FALSE,FALSE
8121807,"gate_40",13,FALSE,FALSE
8121866,"gate_40",7,FALSE,FALSE
8121973,"gate_30",38,TRUE,FALSE
8122077,"gate_40",16,FALSE,TRUE
8122143,"gate_40",189,TRUE,TRUE
8122265,"gate_40",9,FALSE,FALSE
8122308,"gate_40",95,TRUE,TRUE
8122598,"gate_40",4,FALSE,FALSE
8122617,"gate_40",82,TRUE,FALSE
8122637,"gate_40",12,FALSE,FALSE
8122643,"gate_30",3,FALSE,FALSE
8122651,"gate_30",0,FALSE,FALSE
8122752,"gate_40",52,TRUE,FALSE
8122850,"gate_30",89,TRUE,FALSE
8122901,"gate_40",251,TRUE,TRUE
8122925,"gate_30",19,TRUE,FALSE
8123020,"gate_30",1,TRUE,FALSE
8123060,"gate_30",2,FALSE,FALSE
8123098,"gate_40",2,FALSE,FALSE
8123684,"gate_40",5,FALSE,FALSE
8123733,"gate_40",119,TRUE,FALSE
8123793,"gate_30",79,TRUE,FALSE
8123896,"gate_30",0,FALSE,FALSE
8123905,"gate_30",11,FALSE,FALSE
8124229,"gate_40",26,FALSE,FALSE
8124463,"gate_30",5,TRUE,FALSE
8124800,"gate_30",18,FALSE,FALSE
8124843,"gate_40",207,TRUE,TRUE
8124971,"gate_30",21,TRUE,FALSE
8125014,"gate_30",22,TRUE,FALSE
8125104,"gate_30",3,FALSE,FALSE
8125114,"gate_40",44,FALSE,TRUE
8125174,"gate_30",1,FALSE,FALSE
8125363,"gate_40",8,TRUE,FALSE
8125393,"gate_40",10,TRUE,FALSE
8125606,"gate_40",3,FALSE,FALSE
8125698,"gate_40",41,TRUE,FALSE
8125901,"gate_40",227,TRUE,FALSE
8126126,"gate_30",22,FALSE,FALSE
8126271,"gate_30",226,FALSE,TRUE
8126403,"gate_40",177,TRUE,TRUE
8126570,"gate_40",4,FALSE,FALSE
8126586,"gate_40",909,TRUE,TRUE
8126652,"gate_30",38,TRUE,FALSE
8126977,"gate_40",3,FALSE,FALSE
8126995,"gate_30",11,FALSE,FALSE
8127137,"gate_40",201,TRUE,TRUE
8127248,"gate_40",1,FALSE,FALSE
8127324,"gate_40",9,FALSE,FALSE
8127334,"gate_40",1,FALSE,FALSE
8127523,"gate_40",19,TRUE,FALSE
8127587,"gate_30",15,FALSE,FALSE
8127629,"gate_40",53,FALSE,FALSE
8127743,"gate_40",4,FALSE,FALSE
8127894,"gate_40",1,FALSE,FALSE
8128169,"gate_40",21,FALSE,FALSE
8128240,"gate_30",12,TRUE,FALSE
8128303,"gate_40",3,TRUE,TRUE
8128471,"gate_40",30,TRUE,FALSE
8128533,"gate_30",158,TRUE,FALSE
8128574,"gate_40",3,FALSE,FALSE
8128688,"gate_30",3,FALSE,FALSE
8128710,"gate_40",0,FALSE,FALSE
8128832,"gate_30",2,FALSE,FALSE
8128940,"gate_40",4,FALSE,FALSE
8128994,"gate_40",12,FALSE,FALSE
8129059,"gate_30",3,FALSE,FALSE
8129104,"gate_40",17,FALSE,FALSE
8129214,"gate_30",49,TRUE,FALSE
8129478,"gate_40",35,TRUE,FALSE
8129577,"gate_30",2,FALSE,FALSE
8129830,"gate_40",9,FALSE,FALSE
8129909,"gate_30",9,FALSE,FALSE
8129960,"gate_40",25,TRUE,FALSE
8130109,"gate_30",12,TRUE,FALSE
8130276,"gate_30",11,TRUE,FALSE
8130684,"gate_30",279,TRUE,FALSE
8130778,"gate_40",2,FALSE,FALSE
8130782,"gate_40",0,FALSE,FALSE
8131102,"gate_30",36,FALSE,FALSE
8131117,"gate_40",2,FALSE,FALSE
8131284,"gate_30",2,FALSE,FALSE
8131406,"gate_40",50,TRUE,FALSE
8131447,"gate_30",28,TRUE,FALSE
8131475,"gate_30",1039,TRUE,TRUE
8131663,"gate_30",188,TRUE,FALSE
8131721,"gate_40",20,FALSE,FALSE
8131754,"gate_30",15,TRUE,FALSE
8131837,"gate_30",8,FALSE,FALSE
8131866,"gate_40",7,TRUE,TRUE
8132129,"gate_30",46,TRUE,FALSE
8132361,"gate_30",2,FALSE,FALSE
8132368,"gate_40",24,FALSE,FALSE
8132638,"gate_30",4,TRUE,FALSE
8132872,"gate_30",64,TRUE,FALSE
8132901,"gate_30",9,FALSE,FALSE
8132904,"gate_40",29,FALSE,FALSE
8132924,"gate_40",18,TRUE,FALSE
8133146,"gate_30",50,TRUE,FALSE
8133292,"gate_40",6,FALSE,FALSE
8133321,"gate_40",6,FALSE,FALSE
8133347,"gate_40",3,FALSE,FALSE
8133432,"gate_30",274,TRUE,TRUE
8133442,"gate_30",28,FALSE,FALSE
8133558,"gate_40",3,FALSE,FALSE
8133632,"gate_30",68,TRUE,FALSE
8133667,"gate_40",2,FALSE,FALSE
8133803,"gate_30",15,TRUE,FALSE
8133874,"gate_30",2,FALSE,FALSE
8133912,"gate_30",1,FALSE,FALSE
8134030,"gate_30",2,FALSE,FALSE
8134062,"gate_40",41,TRUE,TRUE
8134251,"gate_40",40,TRUE,FALSE
8134255,"gate_30",0,FALSE,FALSE
8134288,"gate_40",21,TRUE,FALSE
8134508,"gate_30",161,FALSE,TRUE
8134692,"gate_40",97,TRUE,FALSE
8134752,"gate_40",1,FALSE,FALSE
8134792,"gate_40",75,TRUE,FALSE
8134803,"gate_40",42,TRUE,FALSE
8135086,"gate_30",6,FALSE,FALSE
8135268,"gate_30",1,FALSE,FALSE
8135272,"gate_30",1,FALSE,FALSE
8135455,"gate_40",32,FALSE,FALSE
8135502,"gate_40",21,TRUE,FALSE
8135626,"gate_40",37,TRUE,FALSE
8135674,"gate_40",130,TRUE,TRUE
8135720,"gate_40",17,FALSE,FALSE
8135864,"gate_40",35,FALSE,FALSE
8135908,"gate_40",27,TRUE,FALSE
8135915,"gate_40",140,TRUE,TRUE
8135975,"gate_40",9,FALSE,FALSE
8135994,"gate_30",16,TRUE,FALSE
8136210,"gate_30",1,FALSE,FALSE
8136243,"gate_40",6,FALSE,TRUE
8136273,"gate_30",24,FALSE,FALSE
8136476,"gate_30",85,TRUE,TRUE
8136578,"gate_40",4,FALSE,FALSE
8136820,"gate_40",27,FALSE,FALSE
8137244,"gate_40",22,FALSE,FALSE
8137316,"gate_40",23,FALSE,FALSE
8137362,"gate_30",6,FALSE,FALSE
8137497,"gate_40",38,TRUE,FALSE
8137560,"gate_30",80,TRUE,FALSE
8137697,"gate_30",12,TRUE,FALSE
8137875,"gate_30",5,FALSE,FALSE
8137944,"gate_40",0,FALSE,FALSE
8137997,"gate_30",85,TRUE,TRUE
8138061,"gate_40",32,TRUE,FALSE
8138293,"gate_40",8,TRUE,FALSE
8138313,"gate_30",84,TRUE,FALSE
8138323,"gate_30",27,TRUE,FALSE
8138415,"gate_40",301,TRUE,TRUE
8138674,"gate_40",3,FALSE,TRUE
8138684,"gate_30",111,TRUE,TRUE
8138695,"gate_40",1,FALSE,FALSE
8138970,"gate_30",145,TRUE,TRUE
8139027,"gate_40",30,TRUE,FALSE
8139306,"gate_30",38,TRUE,FALSE
8139546,"gate_30",8,FALSE,FALSE
8139574,"gate_30",15,FALSE,FALSE
8139575,"gate_30",40,TRUE,FALSE
8140057,"gate_40",1,FALSE,FALSE
8140091,"gate_30",0,FALSE,FALSE
8140098,"gate_40",27,TRUE,FALSE
8140202,"gate_40",25,TRUE,FALSE
8140221,"gate_30",6,FALSE,FALSE
8140278,"gate_30",12,FALSE,FALSE
8140483,"gate_40",61,FALSE,FALSE
8140677,"gate_40",573,TRUE,TRUE
8140779,"gate_30",52,TRUE,FALSE
8140934,"gate_30",33,TRUE,FALSE
8140995,"gate_30",14,FALSE,FALSE
8141740,"gate_30",82,TRUE,FALSE
8141985,"gate_40",133,TRUE,TRUE
8142592,"gate_40",65,FALSE,TRUE
8142614,"gate_40",0,FALSE,FALSE
8142630,"gate_30",2,FALSE,FALSE
8142638,"gate_40",64,TRUE,FALSE
8142800,"gate_30",2,FALSE,FALSE
8142859,"gate_30",3,FALSE,FALSE
8142861,"gate_40",97,TRUE,FALSE
8142865,"gate_40",88,TRUE,FALSE
8142935,"gate_30",45,FALSE,TRUE
8143458,"gate_30",51,TRUE,FALSE
8143547,"gate_30",13,FALSE,FALSE
8143597,"gate_30",1,FALSE,FALSE
8143599,"gate_40",9,FALSE,FALSE
8143618,"gate_40",56,FALSE,TRUE
8143653,"gate_40",35,TRUE,FALSE
8143816,"gate_40",8,FALSE,FALSE
8144135,"gate_30",1,FALSE,FALSE
8144361,"gate_30",6,FALSE,FALSE
8144410,"gate_40",3,TRUE,FALSE
8144486,"gate_30",6,FALSE,FALSE
8144547,"gate_30",12,FALSE,FALSE
8144761,"gate_30",0,FALSE,FALSE
8144845,"gate_40",56,TRUE,FALSE
8144886,"gate_30",9,FALSE,FALSE
8144929,"gate_30",6,FALSE,FALSE
8145025,"gate_40",40,TRUE,FALSE
8145050,"gate_40",6,FALSE,FALSE
8145082,"gate_40",67,TRUE,TRUE
8145100,"gate_30",2,FALSE,FALSE
8145148,"gate_40",7,FALSE,FALSE
8145191,"gate_40",4,FALSE,FALSE
8145213,"gate_30",1,FALSE,FALSE
8145225,"gate_40",2,FALSE,FALSE
8145338,"gate_30",23,TRUE,FALSE
8145353,"gate_40",3,TRUE,FALSE
8145599,"gate_40",67,FALSE,TRUE
8145600,"gate_40",207,TRUE,FALSE
8145745,"gate_40",152,TRUE,TRUE
8145789,"gate_30",251,TRUE,TRUE
8145874,"gate_30",11,FALSE,FALSE
8145898,"gate_40",3,FALSE,FALSE
8145985,"gate_40",245,TRUE,TRUE
8146360,"gate_40",4,FALSE,FALSE
8146437,"gate_40",15,TRUE,FALSE
8146479,"gate_40",3,FALSE,FALSE
8146574,"gate_30",30,FALSE,FALSE
8146736,"gate_40",1,FALSE,FALSE
8147090,"gate_30",5,FALSE,TRUE
8147458,"gate_30",4,FALSE,FALSE
8147643,"gate_40",48,FALSE,FALSE
8147823,"gate_30",41,FALSE,TRUE
8147896,"gate_40",379,TRUE,TRUE
8148024,"gate_30",73,FALSE,TRUE
8148072,"gate_40",19,TRUE,FALSE
8148091,"gate_40",2,FALSE,FALSE
8148156,"gate_30",0,FALSE,FALSE
8148278,"gate_30",5,TRUE,FALSE
8148317,"gate_30",16,FALSE,FALSE
8148325,"gate_30",68,TRUE,TRUE
8148439,"gate_40",12,FALSE,FALSE
8148611,"gate_30",4,TRUE,FALSE
8148614,"gate_40",17,TRUE,FALSE
8148786,"gate_40",24,TRUE,FALSE
8148810,"gate_30",52,TRUE,FALSE
8148902,"gate_40",1,FALSE,FALSE
8149131,"gate_30",2,FALSE,FALSE
8149139,"gate_40",17,FALSE,FALSE
8149508,"gate_40",23,TRUE,FALSE
8149628,"gate_40",32,FALSE,FALSE
8149685,"gate_30",8,FALSE,FALSE
8149710,"gate_40",106,TRUE,FALSE
8149831,"gate_40",84,TRUE,TRUE
8149850,"gate_30",447,TRUE,TRUE
8150045,"gate_40",31,TRUE,FALSE
8150141,"gate_40",19,FALSE,FALSE
8150151,"gate_30",11,FALSE,FALSE
8150155,"gate_30",1,FALSE,FALSE
8150214,"gate_30",14,FALSE,FALSE
8150247,"gate_40",61,TRUE,TRUE
8150337,"gate_40",6,FALSE,FALSE
8150510,"gate_40",1,FALSE,FALSE
8150567,"gate_40",127,TRUE,TRUE
8150611,"gate_30",2,FALSE,FALSE
8150731,"gate_30",10,FALSE,FALSE
8150742,"gate_40",115,TRUE,TRUE
8150793,"gate_30",0,FALSE,FALSE
8150822,"gate_30",93,TRUE,FALSE
8150919,"gate_40",1,FALSE,FALSE
8151020,"gate_40",42,TRUE,TRUE
8151114,"gate_30",18,TRUE,FALSE
8151288,"gate_40",13,FALSE,FALSE
8151638,"gate_30",4,FALSE,FALSE
8151759,"gate_30",50,TRUE,FALSE
8151953,"gate_40",0,FALSE,FALSE
8151970,"gate_40",38,FALSE,FALSE
8152071,"gate_30",7,FALSE,FALSE
8152118,"gate_30",3,FALSE,FALSE
8152257,"gate_40",16,TRUE,FALSE
8152264,"gate_40",11,TRUE,FALSE
8152276,"gate_40",4,FALSE,FALSE
8152425,"gate_30",3,FALSE,FALSE
8152659,"gate_30",32,TRUE,FALSE
8152712,"gate_30",5,FALSE,FALSE
8152767,"gate_30",0,FALSE,FALSE
8152845,"gate_30",397,TRUE,TRUE
8152960,"gate_40",1,FALSE,FALSE
8152962,"gate_40",19,TRUE,FALSE
8153039,"gate_40",6,FALSE,FALSE
8153086,"gate_40",936,TRUE,TRUE
8153112,"gate_30",2,FALSE,FALSE
8153265,"gate_30",3,FALSE,FALSE
8153268,"gate_40",2,FALSE,FALSE
8153485,"gate_30",113,FALSE,TRUE
8153511,"gate_40",272,TRUE,TRUE
8153513,"gate_40",25,TRUE,FALSE
8153545,"gate_30",2,FALSE,FALSE
8153826,"gate_40",1,FALSE,FALSE
8153876,"gate_40",38,FALSE,FALSE
8154057,"gate_30",24,FALSE,FALSE
8154083,"gate_30",56,FALSE,FALSE
8154418,"gate_40",0,FALSE,FALSE
8154469,"gate_40",81,TRUE,FALSE
8154552,"gate_30",7,FALSE,FALSE
8154637,"gate_40",3,FALSE,FALSE
8155202,"gate_40",19,FALSE,FALSE
8155257,"gate_40",2,FALSE,FALSE
8155345,"gate_30",37,TRUE,FALSE
8155371,"gate_30",17,TRUE,FALSE
8155418,"gate_40",177,TRUE,FALSE
8155767,"gate_40",13,FALSE,FALSE
8155786,"gate_30",3,FALSE,FALSE
8155941,"gate_30",24,FALSE,TRUE
8156109,"gate_40",19,TRUE,TRUE
8156147,"gate_30",56,FALSE,FALSE
8156313,"gate_40",1,TRUE,FALSE
8156315,"gate_40",13,TRUE,FALSE
8156509,"gate_30",6,FALSE,FALSE
8156520,"gate_40",17,TRUE,FALSE
8156602,"gate_40",58,TRUE,FALSE
8156749,"gate_40",5,TRUE,FALSE
8156865,"gate_40",485,TRUE,TRUE
8156886,"gate_30",13,FALSE,FALSE
8156948,"gate_40",361,TRUE,TRUE
8157044,"gate_30",37,TRUE,FALSE
8157077,"gate_30",3,FALSE,FALSE
8157104,"gate_30",44,FALSE,FALSE
8157288,"gate_40",42,TRUE,FALSE
8157330,"gate_40",2,FALSE,FALSE
8157455,"gate_40",27,FALSE,FALSE
8157473,"gate_30",0,FALSE,FALSE
8157620,"gate_30",0,FALSE,FALSE
8157684,"gate_30",98,TRUE,FALSE
8157736,"gate_40",5,FALSE,FALSE
8157849,"gate_30",35,TRUE,TRUE
8157856,"gate_30",32,TRUE,TRUE
8157878,"gate_30",16,TRUE,FALSE
8158044,"gate_30",13,FALSE,FALSE
8158117,"gate_30",0,FALSE,FALSE
8158234,"gate_30",21,TRUE,FALSE
8158313,"gate_30",7,FALSE,FALSE
8158596,"gate_40",13,FALSE,FALSE
8158659,"gate_30",3,FALSE,FALSE
8158763,"gate_40",11,TRUE,FALSE
8158769,"gate_30",18,FALSE,FALSE
8158844,"gate_30",0,FALSE,FALSE
8159026,"gate_30",121,TRUE,FALSE
8159552,"gate_30",1,FALSE,FALSE
8159662,"gate_40",24,FALSE,FALSE
8159851,"gate_30",23,FALSE,FALSE
8160098,"gate_30",0,FALSE,FALSE
8160102,"gate_30",1,FALSE,FALSE
8160178,"gate_40",49,TRUE,FALSE
8160289,"gate_30",35,TRUE,FALSE
8160318,"gate_40",50,TRUE,FALSE
8160365,"gate_40",20,TRUE,FALSE
8160388,"gate_40",1,FALSE,FALSE
8160905,"gate_30",428,TRUE,TRUE
8161086,"gate_40",7,FALSE,FALSE
8161136,"gate_30",234,TRUE,FALSE
8161426,"gate_30",25,TRUE,TRUE
8161464,"gate_30",50,FALSE,FALSE
8161503,"gate_30",89,FALSE,FALSE
8161731,"gate_40",32,TRUE,FALSE
8161755,"gate_40",6,FALSE,FALSE
8162119,"gate_40",33,TRUE,FALSE
8162206,"gate_40",35,TRUE,FALSE
8162475,"gate_30",8,TRUE,FALSE
8162493,"gate_30",2,FALSE,FALSE
8162559,"gate_40",2,FALSE,FALSE
8162635,"gate_40",7,FALSE,FALSE
8162683,"gate_40",11,FALSE,FALSE
8162699,"gate_40",7,TRUE,FALSE
8162753,"gate_40",17,FALSE,FALSE
8162778,"gate_40",30,FALSE,FALSE
8162834,"gate_30",15,TRUE,FALSE
8162931,"gate_30",4,FALSE,FALSE
8162938,"gate_40",151,TRUE,TRUE
8162960,"gate_30",89,TRUE,FALSE
8162970,"gate_30",17,FALSE,FALSE
8163009,"gate_40",1,FALSE,FALSE
8163430,"gate_40",19,FALSE,FALSE
8163530,"gate_30",19,FALSE,TRUE
8163695,"gate_40",18,FALSE,FALSE
8163725,"gate_30",106,TRUE,TRUE
8163820,"gate_30",119,TRUE,TRUE
8163871,"gate_30",414,TRUE,TRUE
8163923,"gate_40",1,FALSE,FALSE
8163934,"gate_40",45,TRUE,FALSE
8164433,"gate_30",1,FALSE,FALSE
8164470,"gate_30",14,TRUE,FALSE
8164575,"gate_30",138,FALSE,FALSE
8164624,"gate_40",36,TRUE,FALSE
8164756,"gate_40",18,TRUE,FALSE
8165064,"gate_40",15,FALSE,FALSE
8165180,"gate_40",7,FALSE,FALSE
8165461,"gate_40",26,TRUE,FALSE
8165516,"gate_30",3,FALSE,FALSE
8165726,"gate_40",6,FALSE,FALSE
8165727,"gate_40",46,TRUE,FALSE
8165741,"gate_40",33,TRUE,FALSE
8165854,"gate_40",16,FALSE,FALSE
8166070,"gate_40",6,FALSE,FALSE
8166140,"gate_30",1,FALSE,FALSE
8166142,"gate_40",2,FALSE,FALSE
8166147,"gate_30",4,FALSE,FALSE
8166167,"gate_40",31,TRUE,FALSE
8166259,"gate_30",31,TRUE,FALSE
8166402,"gate_40",3,FALSE,FALSE
8166438,"gate_40",460,TRUE,TRUE
8166473,"gate_40",7,FALSE,FALSE
8166518,"gate_30",13,TRUE,FALSE
8166596,"gate_40",46,TRUE,FALSE
8166617,"gate_40",243,FALSE,TRUE
8166923,"gate_30",3,FALSE,FALSE
8167046,"gate_40",1,FALSE,FALSE
8167113,"gate_40",31,TRUE,FALSE
8167752,"gate_30",62,TRUE,FALSE
8167831,"gate_40",3,FALSE,FALSE
8168072,"gate_30",3,FALSE,FALSE
8168112,"gate_40",22,FALSE,FALSE
8168301,"gate_40",14,FALSE,FALSE
8168478,"gate_30",5,FALSE,FALSE
8168512,"gate_40",10,TRUE,FALSE
8168561,"gate_30",213,FALSE,TRUE
8168632,"gate_40",64,TRUE,FALSE
8168758,"gate_30",197,TRUE,FALSE
8168808,"gate_40",1,FALSE,FALSE
8168850,"gate_30",109,TRUE,TRUE
8168895,"gate_40",1,FALSE,FALSE
8168973,"gate_40",8,FALSE,FALSE
8169158,"gate_30",20,FALSE,FALSE
8169275,"gate_40",3,FALSE,FALSE
8169279,"gate_30",0,FALSE,FALSE
8169532,"gate_40",66,TRUE,FALSE
8169557,"gate_30",18,FALSE,FALSE
8169589,"gate_40",3,FALSE,FALSE
8169663,"gate_30",0,FALSE,FALSE
8169775,"gate_40",8,TRUE,FALSE
8169789,"gate_40",22,FALSE,FALSE
8169817,"gate_30",44,TRUE,FALSE
8169967,"gate_30",91,TRUE,TRUE
8170417,"gate_30",28,TRUE,FALSE
8170506,"gate_30",12,TRUE,FALSE
8170759,"gate_40",32,FALSE,FALSE
8170780,"gate_30",14,FALSE,FALSE
8170816,"gate_40",0,FALSE,FALSE
8170934,"gate_40",53,TRUE,FALSE
8170935,"gate_40",4,FALSE,FALSE
8171046,"gate_40",47,TRUE,FALSE
8171097,"gate_30",22,TRUE,TRUE
8171109,"gate_40",1,TRUE,FALSE
8171119,"gate_40",6,TRUE,FALSE
8171197,"gate_30",5,FALSE,FALSE
8171229,"gate_40",7,TRUE,FALSE
8171435,"gate_40",6,FALSE,FALSE
8171523,"gate_40",22,FALSE,FALSE
8171664,"gate_40",5,FALSE,FALSE
8171826,"gate_30",10,FALSE,FALSE
8171885,"gate_40",1,FALSE,FALSE
8171898,"gate_30",3,FALSE,FALSE
8172059,"gate_40",0,FALSE,FALSE
8172079,"gate_30",1,FALSE,FALSE
8172084,"gate_30",38,TRUE,FALSE
8172250,"gate_40",4,FALSE,FALSE
8172315,"gate_40",1,TRUE,TRUE
8172526,"gate_30",46,TRUE,FALSE
8172552,"gate_40",19,TRUE,FALSE
8172558,"gate_40",19,TRUE,FALSE
8172615,"gate_30",5,FALSE,FALSE
8172666,"gate_30",7,FALSE,FALSE
8172761,"gate_40",94,TRUE,FALSE
8172781,"gate_40",70,TRUE,TRUE
8172797,"gate_30",2,FALSE,FALSE
8172800,"gate_40",7,FALSE,FALSE
8172879,"gate_40",4,FALSE,FALSE
8172885,"gate_40",3,FALSE,FALSE
8173004,"gate_40",6,FALSE,FALSE
8173040,"gate_40",2,FALSE,FALSE
8173150,"gate_30",4,FALSE,FALSE
8173211,"gate_40",8,FALSE,FALSE
8173260,"gate_40",9,TRUE,FALSE
8173444,"gate_40",19,FALSE,FALSE
8173720,"gate_40",56,TRUE,FALSE
8173763,"gate_30",1,FALSE,FALSE
8173770,"gate_30",9,TRUE,FALSE
8173787,"gate_40",136,TRUE,FALSE
8173816,"gate_40",3,FALSE,FALSE
8173963,"gate_30",3,FALSE,FALSE
8173978,"gate_30",76,TRUE,FALSE
8174019,"gate_30",1,FALSE,FALSE
8174104,"gate_30",436,TRUE,TRUE
8174185,"gate_30",81,TRUE,TRUE
8174200,"gate_30",1,FALSE,FALSE
8174347,"gate_30",54,TRUE,FALSE
8174435,"gate_30",4,FALSE,FALSE
8174509,"gate_40",1,FALSE,FALSE
8174600,"gate_40",58,FALSE,FALSE
8174741,"gate_40",103,FALSE,TRUE
8174943,"gate_30",2,FALSE,FALSE
8175203,"gate_40",38,TRUE,FALSE
8175217,"gate_30",41,FALSE,FALSE
8175443,"gate_30",4,FALSE,FALSE
8175741,"gate_30",6,FALSE,FALSE
8175837,"gate_30",15,TRUE,FALSE
8175907,"gate_30",13,FALSE,FALSE
8175950,"gate_30",11,TRUE,FALSE
8176107,"gate_30",6,FALSE,FALSE
8176428,"gate_40",94,FALSE,TRUE
8176532,"gate_30",146,TRUE,TRUE
8176788,"gate_30",377,TRUE,TRUE
8176830,"gate_40",17,FALSE,TRUE
8176908,"gate_40",1,FALSE,FALSE
8177063,"gate_40",19,FALSE,TRUE
8177134,"gate_30",170,TRUE,TRUE
8177221,"gate_30",20,TRUE,FALSE
8177410,"gate_40",11,TRUE,FALSE
8177415,"gate_40",14,FALSE,FALSE
8177435,"gate_30",0,FALSE,FALSE
8177439,"gate_40",44,FALSE,FALSE
8177442,"gate_40",1,FALSE,FALSE
8177446,"gate_30",29,TRUE,FALSE
8177555,"gate_30",11,TRUE,FALSE
8177561,"gate_30",0,FALSE,FALSE
8177595,"gate_40",0,FALSE,FALSE
8177640,"gate_30",4,FALSE,FALSE
8177744,"gate_40",10,FALSE,FALSE
8177918,"gate_40",21,FALSE,FALSE
8178048,"gate_30",20,FALSE,FALSE
8178338,"gate_30",248,TRUE,TRUE
8178371,"gate_30",156,TRUE,FALSE
8178660,"gate_30",1,FALSE,FALSE
8178802,"gate_30",79,FALSE,FALSE
8178869,"gate_30",34,FALSE,TRUE
8179087,"gate_40",48,TRUE,FALSE
8179090,"gate_40",35,FALSE,FALSE
8179121,"gate_30",17,FALSE,FALSE
8179149,"gate_30",17,TRUE,FALSE
8179234,"gate_30",7,FALSE,FALSE
8179550,"gate_40",0,FALSE,FALSE
8179553,"gate_40",288,TRUE,TRUE
8179693,"gate_30",65,FALSE,TRUE
8179932,"gate_40",5,FALSE,FALSE
8179940,"gate_40",92,TRUE,TRUE
8179990,"gate_30",12,FALSE,FALSE
8180073,"gate_40",123,TRUE,TRUE
8180154,"gate_40",64,TRUE,FALSE
8180405,"gate_30",2,FALSE,FALSE
8180519,"gate_40",0,FALSE,FALSE
8180740,"gate_30",457,TRUE,TRUE
8180951,"gate_30",0,FALSE,FALSE
8181020,"gate_30",13,FALSE,FALSE
8181141,"gate_30",2,FALSE,FALSE
8181256,"gate_40",1,FALSE,FALSE
8181585,"gate_40",75,TRUE,FALSE
8181600,"gate_40",37,FALSE,FALSE
8181654,"gate_30",19,FALSE,FALSE
8182054,"gate_40",21,TRUE,FALSE
8182161,"gate_30",127,TRUE,TRUE
8182168,"gate_30",3,FALSE,FALSE
8182378,"gate_40",42,FALSE,FALSE
8182391,"gate_40",0,FALSE,FALSE
8182549,"gate_40",29,TRUE,FALSE
8182672,"gate_30",10,FALSE,TRUE
8182746,"gate_30",3,FALSE,FALSE
8182912,"gate_30",62,TRUE,TRUE
8182940,"gate_30",2,FALSE,FALSE
8183118,"gate_40",4,FALSE,FALSE
8183215,"gate_30",194,TRUE,TRUE
8183250,"gate_30",55,TRUE,FALSE
8183371,"gate_30",2,FALSE,FALSE
8183519,"gate_40",64,TRUE,TRUE
8183720,"gate_30",57,TRUE,FALSE
8183743,"gate_30",6,FALSE,FALSE
8183861,"gate_40",5,TRUE,FALSE
8183912,"gate_40",169,TRUE,TRUE
8183922,"gate_30",2,FALSE,FALSE
8183964,"gate_30",7,FALSE,FALSE
8184032,"gate_40",37,TRUE,FALSE
8184153,"gate_30",64,TRUE,FALSE
8184291,"gate_40",63,TRUE,FALSE
8184500,"gate_40",263,TRUE,FALSE
8184550,"gate_40",106,TRUE,FALSE
8184670,"gate_40",14,FALSE,FALSE
8184781,"gate_40",44,TRUE,FALSE
8184819,"gate_40",54,TRUE,FALSE
8184996,"gate_40",25,FALSE,FALSE
8185044,"gate_30",35,TRUE,FALSE
8185282,"gate_40",23,TRUE,FALSE
8185371,"gate_40",421,TRUE,TRUE
8185427,"gate_40",95,TRUE,FALSE
8185577,"gate_40",61,TRUE,TRUE
8185693,"gate_40",90,TRUE,FALSE
8185860,"gate_30",153,FALSE,TRUE
8186035,"gate_40",73,TRUE,FALSE
8186224,"gate_30",9,FALSE,FALSE
8186376,"gate_40",123,TRUE,FALSE
8186546,"gate_30",32,TRUE,FALSE
8186587,"gate_40",14,FALSE,FALSE
8186635,"gate_30",149,TRUE,FALSE
8186805,"gate_30",50,TRUE,FALSE
8186876,"gate_40",32,FALSE,FALSE
8186909,"gate_40",4,FALSE,FALSE
8186915,"gate_40",2,FALSE,FALSE
8186962,"gate_30",31,TRUE,TRUE
8187009,"gate_30",5,FALSE,FALSE
8187149,"gate_40",26,TRUE,FALSE
8187530,"gate_40",91,TRUE,FALSE
8187621,"gate_40",11,FALSE,FALSE
8187674,"gate_30",144,FALSE,TRUE
8187676,"gate_30",24,TRUE,FALSE
8187747,"gate_40",0,FALSE,FALSE
8187785,"gate_30",1,FALSE,FALSE
8187923,"gate_40",9,FALSE,FALSE
8187983,"gate_40",0,FALSE,FALSE
8188353,"gate_40",25,TRUE,FALSE
8188371,"gate_40",56,TRUE,FALSE
8188375,"gate_30",1,FALSE,FALSE
8188824,"gate_30",11,TRUE,FALSE
8188839,"gate_40",2,FALSE,FALSE
8188856,"gate_30",6,FALSE,FALSE
8188912,"gate_30",2,FALSE,TRUE
8189092,"gate_40",99,FALSE,TRUE
8189287,"gate_40",44,TRUE,TRUE
8189342,"gate_30",49,FALSE,FALSE
8189530,"gate_30",418,TRUE,FALSE
8189753,"gate_30",38,FALSE,FALSE
8190195,"gate_40",8,FALSE,FALSE
8190204,"gate_30",68,FALSE,FALSE
8190239,"gate_30",11,FALSE,FALSE
8190292,"gate_40",757,TRUE,TRUE
8190491,"gate_30",21,TRUE,FALSE
8190556,"gate_40",15,FALSE,FALSE
8190578,"gate_30",163,TRUE,TRUE
8190607,"gate_30",8,FALSE,FALSE
8190991,"gate_30",10,FALSE,TRUE
8191044,"gate_40",1,FALSE,FALSE
8191317,"gate_30",2,FALSE,FALSE
8191338,"gate_30",19,TRUE,TRUE
8191624,"gate_30",31,TRUE,FALSE
8192052,"gate_40",18,FALSE,FALSE
8192088,"gate_30",1,FALSE,FALSE
8192099,"gate_40",18,FALSE,FALSE
8192194,"gate_30",4,FALSE,FALSE
8192220,"gate_40",31,TRUE,FALSE
8192461,"gate_30",1,FALSE,FALSE
8192776,"gate_40",63,TRUE,FALSE
8192786,"gate_40",4,FALSE,FALSE
8193394,"gate_40",294,FALSE,TRUE
8193826,"gate_40",1,FALSE,FALSE
8194051,"gate_30",22,TRUE,FALSE
8194184,"gate_30",3,FALSE,FALSE
8194422,"gate_30",4,FALSE,FALSE
8194448,"gate_30",6,FALSE,FALSE
8194571,"gate_30",4,FALSE,FALSE
8194575,"gate_40",496,TRUE,TRUE
8194649,"gate_40",71,TRUE,FALSE
8194726,"gate_30",4,FALSE,FALSE
8194822,"gate_30",184,TRUE,TRUE
8194825,"gate_40",3,FALSE,FALSE
8195023,"gate_40",48,FALSE,FALSE
8195041,"gate_30",6,TRUE,FALSE
8195154,"gate_30",1,FALSE,FALSE
8195196,"gate_40",21,TRUE,TRUE
8195632,"gate_40",47,TRUE,FALSE
8195690,"gate_30",91,TRUE,FALSE
8195777,"gate_30",4,FALSE,FALSE
8196024,"gate_40",41,TRUE,FALSE
8196179,"gate_40",52,TRUE,TRUE
8196241,"gate_30",1,FALSE,FALSE
8196641,"gate_30",61,TRUE,FALSE
8196650,"gate_40",0,FALSE,FALSE
8196681,"gate_30",5,FALSE,FALSE
8196764,"gate_30",1,FALSE,FALSE
8196805,"gate_30",37,FALSE,FALSE
8196942,"gate_40",1,FALSE,FALSE
8197133,"gate_40",21,FALSE,FALSE
8197351,"gate_40",4,TRUE,FALSE
8197548,"gate_30",51,TRUE,TRUE
8197650,"gate_30",5,FALSE,FALSE
8197682,"gate_30",50,TRUE,FALSE
8197728,"gate_40",2,FALSE,FALSE
8197782,"gate_40",21,FALSE,FALSE
8197893,"gate_40",14,FALSE,FALSE
8198395,"gate_30",3,FALSE,FALSE
8198428,"gate_40",6,FALSE,FALSE
8198556,"gate_40",31,FALSE,FALSE
8198580,"gate_40",5,FALSE,FALSE
8198714,"gate_30",187,TRUE,TRUE
8198937,"gate_40",57,TRUE,TRUE
8199034,"gate_30",45,TRUE,FALSE
8199172,"gate_30",2,FALSE,FALSE
8199434,"gate_40",81,TRUE,FALSE
8199635,"gate_40",18,FALSE,FALSE
8199697,"gate_40",51,TRUE,FALSE
8199869,"gate_30",35,FALSE,FALSE
8199902,"gate_30",20,TRUE,FALSE
8200121,"gate_30",3,FALSE,FALSE
8200128,"gate_30",59,FALSE,TRUE
8200180,"gate_40",18,FALSE,FALSE
8200286,"gate_30",23,TRUE,FALSE
8200509,"gate_30",20,TRUE,FALSE
8200716,"gate_40",60,TRUE,FALSE
8200999,"gate_40",43,TRUE,FALSE
8201094,"gate_30",5,TRUE,FALSE
8201132,"gate_40",23,TRUE,FALSE
8201337,"gate_30",3,FALSE,FALSE
8201348,"gate_30",66,FALSE,TRUE
8201407,"gate_30",44,TRUE,TRUE
8201413,"gate_30",270,TRUE,TRUE
8201453,"gate_30",258,TRUE,FALSE
8201529,"gate_40",350,TRUE,FALSE
8201810,"gate_30",33,TRUE,FALSE
8201986,"gate_40",12,FALSE,FALSE
8201992,"gate_30",11,TRUE,FALSE
8202048,"gate_40",0,FALSE,FALSE
8202167,"gate_30",11,FALSE,FALSE
8202208,"gate_30",38,TRUE,FALSE
8202273,"gate_40",214,TRUE,TRUE
8202379,"gate_40",26,TRUE,FALSE
8202429,"gate_30",61,FALSE,TRUE
8202494,"gate_40",3,FALSE,FALSE
8202627,"gate_30",21,TRUE,FALSE
8202677,"gate_40",20,FALSE,FALSE
8202735,"gate_40",38,TRUE,TRUE
8202880,"gate_30",19,TRUE,FALSE
8202911,"gate_40",4,FALSE,FALSE
8202938,"gate_40",73,TRUE,FALSE
8203087,"gate_40",6,FALSE,FALSE
8203107,"gate_40",208,TRUE,FALSE
8203775,"gate_40",7,FALSE,FALSE
8203857,"gate_40",91,TRUE,TRUE
8204007,"gate_30",2,FALSE,FALSE
8204025,"gate_30",1,FALSE,FALSE
8204643,"gate_40",174,TRUE,FALSE
8204647,"gate_40",16,TRUE,FALSE
8204879,"gate_40",2,FALSE,FALSE
8204896,"gate_30",111,TRUE,TRUE
8204987,"gate_40",33,TRUE,FALSE
8205064,"gate_30",1,FALSE,FALSE
8205073,"gate_30",2,FALSE,FALSE
8205102,"gate_40",6,FALSE,FALSE
8205131,"gate_30",5,FALSE,FALSE
8205232,"gate_30",19,FALSE,FALSE
8205428,"gate_30",0,FALSE,FALSE
8205830,"gate_30",45,TRUE,FALSE
8205854,"gate_30",44,FALSE,FALSE
8206022,"gate_40",58,FALSE,FALSE
8206130,"gate_40",50,TRUE,FALSE
8206157,"gate_40",37,FALSE,FALSE
8206293,"gate_30",5,FALSE,FALSE
8206328,"gate_30",21,FALSE,FALSE
8206341,"gate_40",2,FALSE,FALSE
8206386,"gate_30",36,TRUE,TRUE
8206409,"gate_30",17,FALSE,FALSE
8206417,"gate_40",9,TRUE,FALSE
8206533,"gate_30",12,TRUE,FALSE
8206829,"gate_30",8,FALSE,FALSE
8206898,"gate_40",3,FALSE,FALSE
8206910,"gate_30",31,TRUE,FALSE
8207027,"gate_30",158,TRUE,TRUE
8207384,"gate_30",1,FALSE,FALSE
8207489,"gate_40",37,FALSE,TRUE
8207748,"gate_40",93,TRUE,FALSE
8207939,"gate_40",1,FALSE,FALSE
8207966,"gate_40",29,FALSE,FALSE
8208027,"gate_30",14,TRUE,FALSE
8208265,"gate_30",8,FALSE,FALSE
8208379,"gate_30",25,TRUE,FALSE
8208405,"gate_30",22,TRUE,FALSE
8208410,"gate_40",1,FALSE,FALSE
8208681,"gate_40",49,FALSE,FALSE
8208773,"gate_40",247,TRUE,TRUE
8208794,"gate_40",16,FALSE,FALSE
8209068,"gate_30",22,TRUE,FALSE
8209235,"gate_30",5,FALSE,FALSE
8209251,"gate_40",3,FALSE,FALSE
8209807,"gate_40",23,FALSE,FALSE
8209855,"gate_40",0,FALSE,FALSE
8209900,"gate_40",26,TRUE,FALSE
8209956,"gate_40",78,FALSE,TRUE
8210057,"gate_30",4,FALSE,FALSE
8210075,"gate_40",4,FALSE,FALSE
8210228,"gate_40",96,TRUE,FALSE
8210465,"gate_40",4,FALSE,FALSE
8210561,"gate_30",8,TRUE,FALSE
8210891,"gate_40",7,FALSE,FALSE
8210967,"gate_40",25,TRUE,FALSE
8211102,"gate_40",8,FALSE,FALSE
8211158,"gate_30",5,FALSE,FALSE
8211281,"gate_40",1,FALSE,FALSE
8211429,"gate_30",2,FALSE,FALSE
8211542,"gate_40",388,TRUE,TRUE
8211603,"gate_30",35,TRUE,FALSE
8211770,"gate_30",1,FALSE,FALSE
8212064,"gate_40",65,TRUE,FALSE
8212140,"gate_30",11,FALSE,FALSE
8212142,"gate_40",3,FALSE,FALSE
8212244,"gate_40",6,TRUE,FALSE
8212470,"gate_40",258,FALSE,TRUE
8212566,"gate_40",44,TRUE,FALSE
8212617,"gate_30",2,FALSE,FALSE
8212712,"gate_30",178,TRUE,TRUE
8212864,"gate_40",9,FALSE,FALSE
8212884,"gate_30",248,TRUE,FALSE
8212938,"gate_30",6,FALSE,FALSE
8213078,"gate_40",324,TRUE,TRUE
8213159,"gate_40",108,TRUE,TRUE
8213161,"gate_40",6,FALSE,FALSE
8213181,"gate_40",18,FALSE,FALSE
8213295,"gate_30",6,FALSE,TRUE
8213296,"gate_40",26,TRUE,FALSE
8213410,"gate_30",6,FALSE,FALSE
8213606,"gate_40",1,FALSE,FALSE
8213675,"gate_30",476,TRUE,TRUE
8213808,"gate_30",14,FALSE,FALSE
8213873,"gate_40",32,TRUE,FALSE
8213982,"gate_30",5,FALSE,FALSE
8214281,"gate_30",21,FALSE,FALSE
8214313,"gate_30",0,FALSE,FALSE
8214441,"gate_40",5,FALSE,FALSE
8214603,"gate_30",34,TRUE,TRUE
8214688,"gate_30",126,TRUE,TRUE
8214846,"gate_30",7,FALSE,FALSE
8215110,"gate_30",96,TRUE,FALSE
8215113,"gate_40",3,FALSE,FALSE
8215124,"gate_30",0,FALSE,FALSE
8215143,"gate_40",2,FALSE,FALSE
8215202,"gate_30",1,TRUE,FALSE
8215217,"gate_30",5,FALSE,FALSE
8215293,"gate_40",18,TRUE,FALSE
8215369,"gate_40",0,FALSE,FALSE
8215441,"gate_30",2,FALSE,FALSE
8215708,"gate_30",36,TRUE,FALSE
8215799,"gate_40",2,FALSE,FALSE
8215928,"gate_40",10,TRUE,TRUE
8216131,"gate_40",17,FALSE,FALSE
8216152,"gate_40",14,TRUE,FALSE
8216217,"gate_40",5,FALSE,FALSE
8216390,"gate_40",15,FALSE,FALSE
8216507,"gate_30",86,FALSE,FALSE
8216845,"gate_40",16,FALSE,FALSE
8216936,"gate_40",2,FALSE,FALSE
8217250,"gate_30",3,FALSE,FALSE
8217276,"gate_40",27,FALSE,FALSE
8217291,"gate_40",12,FALSE,FALSE
8217326,"gate_40",78,TRUE,FALSE
8217366,"gate_30",34,FALSE,FALSE
8217453,"gate_40",5,FALSE,FALSE
8217709,"gate_30",59,TRUE,FALSE
8217752,"gate_30",72,TRUE,FALSE
8217784,"gate_40",57,TRUE,TRUE
8217849,"gate_40",1,FALSE,FALSE
8217889,"gate_30",8,FALSE,FALSE
8218111,"gate_40",256,TRUE,TRUE
8218193,"gate_30",1,FALSE,FALSE
8218269,"gate_30",60,FALSE,TRUE
8218322,"gate_40",134,TRUE,TRUE
8218419,"gate_30",21,TRUE,FALSE
8218517,"gate_30",8,FALSE,FALSE
8218558,"gate_40",151,TRUE,TRUE
8218712,"gate_30",36,FALSE,FALSE
8218780,"gate_40",12,FALSE,FALSE
8218801,"gate_30",2,FALSE,FALSE
8219099,"gate_30",25,FALSE,FALSE
8219192,"gate_30",24,TRUE,FALSE
8219208,"gate_40",117,TRUE,FALSE
8219254,"gate_40",24,TRUE,FALSE
8219311,"gate_30",39,TRUE,FALSE
8219375,"gate_40",70,TRUE,TRUE
8219390,"gate_40",114,TRUE,TRUE
8219392,"gate_40",103,TRUE,TRUE
8219704,"gate_40",5,FALSE,FALSE
8219726,"gate_40",27,FALSE,FALSE
8219741,"gate_30",22,TRUE,FALSE
8219745,"gate_40",1,FALSE,FALSE
8219826,"gate_30",45,FALSE,FALSE
8220032,"gate_40",5,FALSE,FALSE
8220047,"gate_30",34,FALSE,FALSE
8220115,"gate_40",0,FALSE,FALSE
8220186,"gate_30",24,FALSE,FALSE
8220196,"gate_30",138,TRUE,TRUE
8220692,"gate_30",60,TRUE,FALSE
8220870,"gate_40",11,FALSE,FALSE
8220886,"gate_40",45,TRUE,FALSE
8220974,"gate_30",30,FALSE,FALSE
8221129,"gate_30",2,FALSE,FALSE
8221172,"gate_30",6,FALSE,FALSE
8221194,"gate_30",49,FALSE,TRUE
8221288,"gate_30",53,TRUE,FALSE
8221346,"gate_40",4,TRUE,FALSE
8221399,"gate_30",29,TRUE,FALSE
8221408,"gate_40",177,TRUE,FALSE
8221425,"gate_30",171,TRUE,TRUE
8221513,"gate_40",21,TRUE,FALSE
8221722,"gate_40",12,FALSE,FALSE
8221768,"gate_30",6,FALSE,FALSE
8221818,"gate_40",61,TRUE,FALSE
8221974,"gate_30",2,FALSE,FALSE
8222093,"gate_40",5,FALSE,FALSE
8222246,"gate_40",43,TRUE,FALSE
8222770,"gate_30",5,FALSE,FALSE
8222788,"gate_30",11,FALSE,FALSE
8222789,"gate_40",2,FALSE,FALSE
8222810,"gate_30",27,TRUE,FALSE
8222951,"gate_30",19,TRUE,FALSE
8222995,"gate_30",51,FALSE,TRUE
8223204,"gate_30",362,TRUE,TRUE
8223493,"gate_30",73,TRUE,FALSE
8223547,"gate_40",83,TRUE,TRUE
8223778,"gate_30",185,TRUE,TRUE
8223908,"gate_40",17,FALSE,FALSE
8224009,"gate_30",0,FALSE,FALSE
8224016,"gate_30",46,TRUE,FALSE
8224024,"gate_30",24,TRUE,FALSE
8224049,"gate_40",2,TRUE,FALSE
8224200,"gate_30",30,TRUE,TRUE
8224363,"gate_30",0,FALSE,FALSE
8224387,"gate_40",13,TRUE,FALSE
8224502,"gate_40",2,FALSE,FALSE
8224542,"gate_30",9,FALSE,FALSE
8224544,"gate_30",0,FALSE,FALSE
8224560,"gate_30",4,FALSE,FALSE
8224653,"gate_40",65,FALSE,FALSE
8224670,"gate_30",0,FALSE,FALSE
8224681,"gate_40",0,FALSE,FALSE
8224698,"gate_30",8,TRUE,FALSE
8224745,"gate_40",2,FALSE,FALSE
8224860,"gate_30",2,FALSE,TRUE
8224968,"gate_30",4,FALSE,FALSE
8225070,"gate_40",292,TRUE,TRUE
8225179,"gate_30",9,FALSE,FALSE
8225247,"gate_30",3,FALSE,FALSE
8225347,"gate_30",11,FALSE,FALSE
8225443,"gate_40",3,FALSE,FALSE
8225670,"gate_30",2,FALSE,FALSE
8225848,"gate_30",2,FALSE,FALSE
8225968,"gate_40",104,TRUE,FALSE
8226002,"gate_40",13,TRUE,FALSE
8226116,"gate_40",1,FALSE,FALSE
8226535,"gate_30",252,TRUE,TRUE
8226638,"gate_30",21,FALSE,FALSE
8226650,"gate_40",61,TRUE,FALSE
8227163,"gate_40",272,TRUE,FALSE
8227371,"gate_30",3,FALSE,FALSE
8227440,"gate_30",18,TRUE,FALSE
8227475,"gate_30",5,FALSE,FALSE
8227680,"gate_40",1,FALSE,FALSE
8227720,"gate_40",112,FALSE,TRUE
8227741,"gate_40",6,FALSE,FALSE
8227772,"gate_30",2,FALSE,FALSE
8227857,"gate_30",516,TRUE,TRUE
8227906,"gate_30",129,TRUE,FALSE
8227952,"gate_40",55,FALSE,FALSE
8227988,"gate_40",23,TRUE,TRUE
8228097,"gate_40",2,FALSE,FALSE
8228121,"gate_40",3,FALSE,FALSE
8228182,"gate_30",99,TRUE,TRUE
8228338,"gate_40",14,FALSE,FALSE
8228459,"gate_40",0,FALSE,FALSE
8228563,"gate_30",1,FALSE,FALSE
8228572,"gate_40",12,FALSE,FALSE
8228919,"gate_30",2,FALSE,FALSE
8229086,"gate_30",17,TRUE,FALSE
8229286,"gate_40",1,FALSE,FALSE
8229631,"gate_30",9,TRUE,FALSE
8229696,"gate_40",1,TRUE,FALSE
8229729,"gate_30",3,TRUE,FALSE
8229749,"gate_40",3,FALSE,FALSE
8229761,"gate_30",26,FALSE,FALSE
8229778,"gate_30",14,FALSE,FALSE
8229783,"gate_40",26,TRUE,FALSE
8230336,"gate_30",5,FALSE,FALSE
8230432,"gate_30",6,FALSE,FALSE
8230483,"gate_40",193,TRUE,FALSE
8230864,"gate_30",92,TRUE,FALSE
8230889,"gate_40",1,FALSE,FALSE
8230999,"gate_30",0,FALSE,FALSE
8231011,"gate_30",6,FALSE,FALSE
8231082,"gate_30",62,TRUE,TRUE
8231303,"gate_30",39,TRUE,FALSE
8231316,"gate_30",44,TRUE,TRUE
8231321,"gate_30",26,FALSE,TRUE
8231327,"gate_40",22,TRUE,FALSE
8231887,"gate_30",15,FALSE,FALSE
8231915,"gate_30",6,FALSE,FALSE
8231923,"gate_40",18,TRUE,FALSE
8231951,"gate_40",56,TRUE,TRUE
8232387,"gate_40",12,FALSE,FALSE
8232517,"gate_40",237,TRUE,FALSE
8232628,"gate_30",33,TRUE,TRUE
8232793,"gate_30",83,TRUE,TRUE
8232965,"gate_30",140,TRUE,TRUE
8233084,"gate_40",3,TRUE,FALSE
8233156,"gate_30",0,FALSE,FALSE
8233386,"gate_40",11,FALSE,FALSE
8233389,"gate_30",226,TRUE,TRUE
8233670,"gate_30",20,TRUE,FALSE
8234062,"gate_30",2,FALSE,FALSE
8234196,"gate_40",5,FALSE,FALSE
8234256,"gate_40",12,FALSE,FALSE
8234309,"gate_40",6,FALSE,FALSE
8234314,"gate_30",4,FALSE,FALSE
8234358,"gate_30",31,TRUE,FALSE
8234550,"gate_40",11,FALSE,FALSE
8234570,"gate_30",166,TRUE,FALSE
8234575,"gate_30",29,FALSE,FALSE
8234927,"gate_30",60,TRUE,FALSE
8234945,"gate_40",46,TRUE,TRUE
8235074,"gate_30",2,FALSE,FALSE
8235289,"gate_30",1,FALSE,FALSE
8235514,"gate_40",13,FALSE,FALSE
8235566,"gate_30",139,TRUE,TRUE
8235575,"gate_30",389,TRUE,TRUE
8235596,"gate_40",5,FALSE,FALSE
8235652,"gate_30",2,FALSE,FALSE
8235706,"gate_30",8,FALSE,FALSE
8236161,"gate_30",0,FALSE,FALSE
8236171,"gate_30",142,TRUE,FALSE
8236361,"gate_30",3,FALSE,FALSE
8236391,"gate_30",3,FALSE,FALSE
8236572,"gate_40",9,TRUE,TRUE
8236664,"gate_40",23,TRUE,FALSE
8236993,"gate_40",21,FALSE,FALSE
8237012,"gate_30",1,FALSE,FALSE
8237077,"gate_30",6,FALSE,FALSE
8237096,"gate_30",1,FALSE,FALSE
8237319,"gate_30",101,TRUE,TRUE
8237797,"gate_30",4,TRUE,FALSE
8237918,"gate_30",31,FALSE,FALSE
8237931,"gate_40",2,FALSE,FALSE
8238220,"gate_40",8,FALSE,FALSE
8238344,"gate_30",103,FALSE,FALSE
8238390,"gate_40",12,FALSE,FALSE
8238512,"gate_30",38,TRUE,FALSE
8238586,"gate_30",32,TRUE,FALSE
8238723,"gate_40",7,FALSE,FALSE
8238810,"gate_40",0,FALSE,FALSE
8238900,"gate_40",82,TRUE,FALSE
8239051,"gate_40",10,TRUE,FALSE
8239144,"gate_30",2,FALSE,FALSE
8239299,"gate_40",69,TRUE,FALSE
8239468,"gate_30",13,FALSE,TRUE
8239683,"gate_30",103,TRUE,FALSE
8239859,"gate_40",3,FALSE,FALSE
8239884,"gate_30",4,FALSE,FALSE
8240242,"gate_40",78,TRUE,FALSE
8240264,"gate_30",292,TRUE,TRUE
8240276,"gate_40",20,FALSE,FALSE
8240639,"gate_40",43,TRUE,FALSE
8240717,"gate_40",117,TRUE,TRUE
8240860,"gate_40",38,TRUE,FALSE
8240875,"gate_40",4,FALSE,FALSE
8240878,"gate_30",24,TRUE,FALSE
8240928,"gate_30",1,FALSE,FALSE
8240944,"gate_40",5,FALSE,TRUE
8241177,"gate_30",8,FALSE,FALSE
8241264,"gate_40",1,FALSE,FALSE
8241308,"gate_30",168,TRUE,TRUE
8241394,"gate_40",64,FALSE,FALSE
8241490,"gate_30",0,FALSE,FALSE
8241648,"gate_40",9,TRUE,FALSE
8241709,"gate_40",2,FALSE,FALSE
8241906,"gate_40",165,TRUE,TRUE
8242036,"gate_40",61,FALSE,FALSE
8242104,"gate_30",8,FALSE,FALSE
8242181,"gate_40",0,FALSE,FALSE
8242251,"gate_30",7,FALSE,FALSE
8242258,"gate_30",85,TRUE,TRUE
8242284,"gate_30",5,FALSE,FALSE
8242307,"gate_40",42,TRUE,FALSE
8242501,"gate_40",8,TRUE,FALSE
8242685,"gate_40",16,FALSE,FALSE
8242898,"gate_40",53,TRUE,FALSE
8242917,"gate_30",26,TRUE,TRUE
8242931,"gate_40",54,TRUE,TRUE
8242965,"gate_30",4,FALSE,FALSE
8243179,"gate_40",10,FALSE,FALSE
8243361,"gate_40",21,TRUE,FALSE
8243389,"gate_30",98,TRUE,TRUE
8243395,"gate_30",11,FALSE,FALSE
8243460,"gate_30",62,TRUE,FALSE
8243621,"gate_30",78,TRUE,TRUE
8243681,"gate_30",8,FALSE,FALSE
8243973,"gate_40",321,TRUE,TRUE
8244328,"gate_30",73,TRUE,FALSE
8244653,"gate_40",26,FALSE,FALSE
8244664,"gate_40",85,FALSE,FALSE
8244715,"gate_40",9,FALSE,FALSE
8244809,"gate_40",158,TRUE,FALSE
8245079,"gate_40",342,TRUE,TRUE
8245403,"gate_40",3,TRUE,FALSE
8245470,"gate_40",2,FALSE,FALSE
8245507,"gate_40",0,FALSE,FALSE
8245577,"gate_30",102,TRUE,FALSE
8245600,"gate_40",106,TRUE,FALSE
8245711,"gate_30",3,FALSE,FALSE
8245728,"gate_30",8,FALSE,FALSE
8245895,"gate_40",16,FALSE,FALSE
8245947,"gate_30",109,TRUE,TRUE
8245967,"gate_30",42,TRUE,FALSE
8246126,"gate_40",18,TRUE,FALSE
8246133,"gate_40",9,FALSE,FALSE
8246661,"gate_40",88,TRUE,TRUE
8246800,"gate_40",8,FALSE,FALSE
8246861,"gate_30",1,FALSE,FALSE
8247264,"gate_40",90,TRUE,TRUE
8247312,"gate_40",46,TRUE,TRUE
8247388,"gate_30",95,FALSE,TRUE
8247431,"gate_40",17,FALSE,FALSE
8247433,"gate_30",2,FALSE,FALSE
8247673,"gate_30",10,FALSE,FALSE
8247782,"gate_30",24,FALSE,FALSE
8248005,"gate_40",16,TRUE,FALSE
8248360,"gate_30",8,TRUE,FALSE
8248395,"gate_30",48,TRUE,FALSE
8248418,"gate_40",220,TRUE,FALSE
8248683,"gate_30",2,FALSE,FALSE
8248704,"gate_40",20,TRUE,FALSE
8248734,"gate_40",5,FALSE,FALSE
8248966,"gate_40",35,TRUE,FALSE
8249116,"gate_30",168,TRUE,TRUE
8249147,"gate_30",4,FALSE,FALSE
8249272,"gate_30",244,TRUE,TRUE
8249365,"gate_40",88,TRUE,TRUE
8249425,"gate_40",2,FALSE,FALSE
8249481,"gate_40",1,FALSE,FALSE
8249514,"gate_40",4,FALSE,FALSE
8249521,"gate_30",4,FALSE,FALSE
8249656,"gate_30",7,TRUE,FALSE
8249820,"gate_40",12,FALSE,FALSE
8249873,"gate_40",26,TRUE,FALSE
8249941,"gate_40",32,TRUE,FALSE
8250027,"gate_30",6,TRUE,FALSE
8250322,"gate_40",15,TRUE,FALSE
8250343,"gate_30",15,FALSE,FALSE
8250528,"gate_30",62,TRUE,FALSE
8250579,"gate_40",83,TRUE,FALSE
8250590,"gate_30",4,FALSE,FALSE
8250660,"gate_30",1,FALSE,FALSE
8250685,"gate_40",67,TRUE,FALSE
8250714,"gate_40",42,FALSE,FALSE
8250749,"gate_30",69,TRUE,FALSE
8250879,"gate_30",14,FALSE,FALSE
8251030,"gate_30",4,FALSE,FALSE
8251033,"gate_40",177,TRUE,TRUE
8251045,"gate_40",479,TRUE,FALSE
8251250,"gate_30",615,TRUE,TRUE
8251473,"gate_30",12,TRUE,FALSE
8251475,"gate_40",4,FALSE,FALSE
8251549,"gate_30",67,FALSE,FALSE
8251598,"gate_30",113,TRUE,FALSE
8251684,"gate_40",27,TRUE,FALSE
8251802,"gate_40",3,FALSE,FALSE
8251809,"gate_30",0,FALSE,FALSE
8252521,"gate_40",13,TRUE,FALSE
8252563,"gate_40",41,TRUE,FALSE
8252705,"gate_40",0,FALSE,FALSE
8252812,"gate_40",40,TRUE,FALSE
8252930,"gate_30",1,FALSE,FALSE
8252987,"gate_30",45,FALSE,FALSE
8252993,"gate_30",452,TRUE,TRUE
8253095,"gate_30",8,FALSE,FALSE
8253149,"gate_40",521,TRUE,TRUE
8253345,"gate_30",20,TRUE,FALSE
8253755,"gate_40",12,FALSE,FALSE
8253806,"gate_40",8,FALSE,FALSE
8253845,"gate_40",6,FALSE,FALSE
8253850,"gate_30",27,FALSE,FALSE
8253879,"gate_40",54,FALSE,FALSE
8253880,"gate_40",8,TRUE,FALSE
8253919,"gate_40",4,FALSE,FALSE
8253998,"gate_30",91,TRUE,TRUE
8254020,"gate_40",4,FALSE,FALSE
8254097,"gate_30",7,TRUE,FALSE
8254286,"gate_30",4,FALSE,FALSE
8254350,"gate_30",5,FALSE,FALSE
8254440,"gate_30",14,TRUE,FALSE
8254496,"gate_40",102,TRUE,TRUE
8254669,"gate_30",63,TRUE,TRUE
8254733,"gate_40",8,FALSE,FALSE
8254742,"gate_30",31,FALSE,FALSE
8254744,"gate_40",13,FALSE,FALSE
8254765,"gate_30",162,TRUE,FALSE
8254909,"gate_30",22,FALSE,FALSE
8255541,"gate_30",4,FALSE,FALSE
8255659,"gate_30",57,TRUE,FALSE
8255706,"gate_40",1,FALSE,FALSE
8255740,"gate_40",18,FALSE,FALSE
8255854,"gate_30",24,FALSE,FALSE
8255857,"gate_40",6,FALSE,FALSE
8255933,"gate_30",53,TRUE,FALSE
8255940,"gate_30",24,FALSE,FALSE
8256017,"gate_40",101,TRUE,FALSE
8256078,"gate_30",6,FALSE,FALSE
8256254,"gate_30",1,FALSE,FALSE
8256256,"gate_40",13,FALSE,FALSE
8256288,"gate_40",19,FALSE,FALSE
8256338,"gate_30",182,TRUE,TRUE
8256366,"gate_30",6,FALSE,FALSE
8256628,"gate_40",52,TRUE,TRUE
8256784,"gate_40",29,TRUE,TRUE
8256857,"gate_40",3,FALSE,FALSE
8256891,"gate_30",3,FALSE,FALSE
8257174,"gate_40",2,FALSE,FALSE
8257224,"gate_30",3,FALSE,FALSE
8257429,"gate_40",12,FALSE,FALSE
8257649,"gate_30",18,TRUE,FALSE
8257725,"gate_40",14,TRUE,FALSE
8257744,"gate_40",32,FALSE,FALSE
8257874,"gate_30",5,TRUE,FALSE
8258084,"gate_40",4,FALSE,FALSE
8258189,"gate_30",1,FALSE,FALSE
8258331,"gate_40",63,FALSE,TRUE
8258406,"gate_40",18,TRUE,FALSE
8258513,"gate_40",7,FALSE,FALSE
8258562,"gate_30",37,TRUE,FALSE
8258655,"gate_30",0,FALSE,FALSE
8258739,"gate_30",32,FALSE,TRUE
8258918,"gate_30",8,FALSE,FALSE
8258919,"gate_40",29,FALSE,TRUE
8258931,"gate_30",8,FALSE,FALSE
8258933,"gate_40",13,FALSE,FALSE
8259102,"gate_40",3,FALSE,FALSE
8259105,"gate_40",6,FALSE,FALSE
8259205,"gate_40",46,TRUE,FALSE
8259525,"gate_30",7,FALSE,FALSE
8259610,"gate_30",79,FALSE,TRUE
8259632,"gate_40",0,FALSE,FALSE
8259651,"gate_40",172,TRUE,TRUE
8259729,"gate_30",29,TRUE,FALSE
8259806,"gate_30",82,TRUE,FALSE
8259864,"gate_30",194,TRUE,TRUE
8259874,"gate_30",7,FALSE,FALSE
8259894,"gate_30",296,TRUE,TRUE
8259932,"gate_30",178,FALSE,FALSE
8260025,"gate_40",0,FALSE,FALSE
8260055,"gate_30",1,FALSE,FALSE
8260073,"gate_30",0,FALSE,FALSE
8260077,"gate_40",17,TRUE,FALSE
8260132,"gate_40",3,TRUE,FALSE
8260149,"gate_30",3,FALSE,FALSE
8260210,"gate_40",2,FALSE,FALSE
8260324,"gate_40",26,FALSE,FALSE
8260406,"gate_30",11,TRUE,FALSE
8260514,"gate_30",7,TRUE,FALSE
8260621,"gate_30",0,FALSE,FALSE
8260683,"gate_40",4,FALSE,FALSE
8260781,"gate_40",2,FALSE,FALSE
8260910,"gate_40",1,FALSE,FALSE
8261022,"gate_40",0,FALSE,FALSE
8261071,"gate_30",134,FALSE,FALSE
8261207,"gate_40",2,FALSE,FALSE
8261212,"gate_30",271,TRUE,TRUE
8261234,"gate_30",0,FALSE,FALSE
8261461,"gate_40",1,FALSE,FALSE
8261480,"gate_40",3,FALSE,FALSE
8261801,"gate_30",4,FALSE,FALSE
8261810,"gate_40",106,TRUE,TRUE
8261816,"gate_30",27,FALSE,FALSE
8261859,"gate_30",2,FALSE,FALSE
8261873,"gate_40",18,TRUE,FALSE
8261887,"gate_40",16,TRUE,FALSE
8261889,"gate_30",64,FALSE,TRUE
8261928,"gate_30",18,FALSE,FALSE
8262008,"gate_40",19,FALSE,TRUE
8262024,"gate_40",191,TRUE,FALSE
8262150,"gate_40",5,TRUE,FALSE
8262194,"gate_30",12,FALSE,FALSE
8262238,"gate_40",7,TRUE,FALSE
8262615,"gate_30",7,FALSE,FALSE
8262800,"gate_40",11,FALSE,FALSE
8262930,"gate_40",146,TRUE,FALSE
8262981,"gate_40",4,FALSE,FALSE
8263260,"gate_40",25,TRUE,FALSE
8263341,"gate_40",140,FALSE,FALSE
8263654,"gate_30",45,FALSE,TRUE
8263798,"gate_30",2,FALSE,FALSE
8264047,"gate_30",6,FALSE,FALSE
8264163,"gate_30",27,TRUE,FALSE
8264407,"gate_30",8,FALSE,FALSE
8264416,"gate_30",31,FALSE,FALSE
8264588,"gate_30",6,FALSE,FALSE
8264907,"gate_40",8,FALSE,FALSE
8264944,"gate_30",21,FALSE,FALSE
8265011,"gate_30",1,FALSE,FALSE
8265015,"gate_40",10,TRUE,FALSE
8265194,"gate_40",17,TRUE,FALSE
8266047,"gate_30",34,TRUE,TRUE
8266183,"gate_30",21,TRUE,FALSE
8266211,"gate_30",16,FALSE,FALSE
8266444,"gate_30",27,FALSE,FALSE
8266539,"gate_30",17,FALSE,FALSE
8266683,"gate_30",6,FALSE,FALSE
8266737,"gate_30",63,TRUE,FALSE
8266812,"gate_30",25,FALSE,FALSE
8267039,"gate_30",20,TRUE,FALSE
8267070,"gate_30",13,FALSE,TRUE
8267075,"gate_30",7,FALSE,FALSE
8267142,"gate_30",12,FALSE,FALSE
8267161,"gate_40",210,TRUE,TRUE
8267302,"gate_40",27,FALSE,FALSE
8267343,"gate_40",18,TRUE,FALSE
8267369,"gate_40",0,FALSE,FALSE
8267447,"gate_30",2,FALSE,FALSE
8267623,"gate_30",153,TRUE,TRUE
8267648,"gate_30",13,FALSE,FALSE
8268003,"gate_30",37,FALSE,TRUE
8268018,"gate_30",4,FALSE,FALSE
8268066,"gate_30",1,FALSE,FALSE
8268214,"gate_40",2,FALSE,FALSE
8268288,"gate_30",1,FALSE,FALSE
8268390,"gate_30",2,FALSE,FALSE
8268433,"gate_30",143,TRUE,TRUE
8268503,"gate_40",46,FALSE,FALSE
8268545,"gate_30",12,FALSE,FALSE
8268590,"gate_40",1,FALSE,FALSE
8268829,"gate_40",1,FALSE,FALSE
8268841,"gate_30",28,TRUE,FALSE
8269034,"gate_40",0,FALSE,FALSE
8269180,"gate_30",4,FALSE,FALSE
8269304,"gate_40",4,FALSE,FALSE
8269516,"gate_40",2,FALSE,FALSE
8269660,"gate_40",10,FALSE,FALSE
8269700,"gate_30",14,FALSE,FALSE
8269717,"gate_40",29,TRUE,TRUE
8269815,"gate_40",39,TRUE,FALSE
8269825,"gate_40",11,FALSE,FALSE
8270163,"gate_30",3,FALSE,FALSE
8270245,"gate_30",10,TRUE,FALSE
8270850,"gate_30",8,FALSE,FALSE
8270856,"gate_30",0,FALSE,FALSE
8270888,"gate_40",21,FALSE,FALSE
8271156,"gate_40",42,FALSE,TRUE
8271288,"gate_40",1,TRUE,FALSE
8271564,"gate_40",68,TRUE,TRUE
8271575,"gate_30",125,TRUE,TRUE
8271611,"gate_30",23,FALSE,FALSE
8271664,"gate_40",54,FALSE,FALSE
8271667,"gate_40",3,FALSE,FALSE
8271723,"gate_30",174,TRUE,TRUE
8271739,"gate_30",140,TRUE,FALSE
8272042,"gate_30",10,FALSE,FALSE
8272066,"gate_30",44,TRUE,FALSE
8272077,"gate_40",23,TRUE,FALSE
8272154,"gate_30",0,FALSE,FALSE
8272212,"gate_30",91,TRUE,TRUE
8272246,"gate_30",601,TRUE,TRUE
8272270,"gate_40",0,FALSE,FALSE
8272305,"gate_40",9,FALSE,FALSE
8272564,"gate_30",7,FALSE,FALSE
8272701,"gate_40",6,TRUE,FALSE
8272946,"gate_30",7,TRUE,FALSE
8273058,"gate_30",10,TRUE,FALSE
8273173,"gate_40",8,FALSE,FALSE
8273198,"gate_40",9,FALSE,FALSE
8273320,"gate_40",20,FALSE,FALSE
8273362,"gate_30",10,FALSE,FALSE
8273401,"gate_40",7,FALSE,FALSE
8273476,"gate_30",0,FALSE,FALSE
8273515,"gate_40",18,FALSE,FALSE
8273531,"gate_30",1,FALSE,FALSE
8273535,"gate_40",28,TRUE,FALSE
8273691,"gate_40",2,FALSE,FALSE
8273837,"gate_30",26,FALSE,FALSE
8273851,"gate_40",174,TRUE,FALSE
8273990,"gate_30",27,FALSE,FALSE
8274007,"gate_30",4,FALSE,FALSE
8274030,"gate_30",24,TRUE,FALSE
8274051,"gate_30",4,FALSE,FALSE
8274341,"gate_40",8,FALSE,FALSE
8274351,"gate_30",14,FALSE,FALSE
8274424,"gate_40",34,TRUE,FALSE
8274572,"gate_30",1,FALSE,FALSE
8274804,"gate_40",14,TRUE,TRUE
8275041,"gate_40",4,FALSE,FALSE
8275380,"gate_40",1,FALSE,FALSE
8275585,"gate_30",14,FALSE,FALSE
8275617,"gate_40",2,FALSE,FALSE
8275678,"gate_40",6,TRUE,TRUE
8275831,"gate_40",9,FALSE,FALSE
8276115,"gate_40",55,TRUE,FALSE
8276140,"gate_30",6,FALSE,FALSE
8276181,"gate_30",48,FALSE,TRUE
8276338,"gate_30",102,TRUE,FALSE
8276407,"gate_40",1,FALSE,FALSE
8276461,"gate_40",23,FALSE,TRUE
8276491,"gate_40",0,FALSE,FALSE
8276647,"gate_40",32,TRUE,FALSE
8276694,"gate_40",2,FALSE,FALSE
8276696,"gate_40",3,TRUE,TRUE
8276855,"gate_40",2,FALSE,FALSE
8276975,"gate_30",117,TRUE,FALSE
8277072,"gate_40",4,FALSE,FALSE
8277160,"gate_30",15,FALSE,FALSE
8277161,"gate_40",6,FALSE,FALSE
8277218,"gate_40",2,FALSE,FALSE
8277228,"gate_30",119,TRUE,FALSE
8277376,"gate_30",16,FALSE,FALSE
8277442,"gate_40",21,FALSE,TRUE
8277518,"gate_40",4,FALSE,FALSE
8277521,"gate_30",13,FALSE,FALSE
8277566,"gate_30",111,TRUE,TRUE
8277614,"gate_40",0,FALSE,FALSE
8277626,"gate_30",20,TRUE,FALSE
8277635,"gate_30",5,FALSE,FALSE
8277943,"gate_30",30,TRUE,FALSE
8277957,"gate_40",16,TRUE,FALSE
8278038,"gate_40",41,TRUE,FALSE
8278048,"gate_30",98,TRUE,TRUE
8278082,"gate_40",5,FALSE,FALSE
8278260,"gate_40",0,FALSE,FALSE
8278299,"gate_40",14,FALSE,FALSE
8278378,"gate_40",1,FALSE,FALSE
8278410,"gate_30",13,FALSE,FALSE
8278521,"gate_40",634,TRUE,TRUE
8278971,"gate_40",16,TRUE,FALSE
8279014,"gate_30",5,TRUE,FALSE
8279039,"gate_40",5,FALSE,FALSE
8279077,"gate_40",13,FALSE,FALSE
8279085,"gate_30",27,TRUE,FALSE
8279189,"gate_40",7,FALSE,FALSE
8279332,"gate_40",9,FALSE,FALSE
8279505,"gate_40",15,TRUE,FALSE
8279524,"gate_30",9,FALSE,FALSE
8279643,"gate_40",294,TRUE,TRUE
8279717,"gate_40",66,TRUE,FALSE
8279870,"gate_30",344,TRUE,TRUE
8279876,"gate_40",2,FALSE,FALSE
8279925,"gate_40",274,TRUE,TRUE
8279966,"gate_30",22,FALSE,TRUE
8280065,"gate_30",53,TRUE,TRUE
8280194,"gate_30",20,FALSE,FALSE
8280210,"gate_30",4,FALSE,FALSE
8280311,"gate_40",406,TRUE,TRUE
8280322,"gate_40",40,TRUE,FALSE
8280331,"gate_40",28,FALSE,FALSE
8280389,"gate_30",52,TRUE,FALSE
8280547,"gate_40",18,FALSE,TRUE
8280621,"gate_40",8,FALSE,FALSE
8280801,"gate_30",180,TRUE,TRUE
8280901,"gate_40",237,TRUE,TRUE
8281011,"gate_30",7,FALSE,FALSE
8281027,"gate_40",6,TRUE,FALSE
8281237,"gate_30",13,TRUE,FALSE
8281372,"gate_30",20,TRUE,FALSE
8281502,"gate_30",31,FALSE,FALSE
8281543,"gate_30",10,FALSE,FALSE
8281657,"gate_30",4,FALSE,FALSE
8281659,"gate_40",144,TRUE,TRUE
8281891,"gate_40",2,FALSE,FALSE
8281913,"gate_30",7,FALSE,FALSE
8282189,"gate_30",9,FALSE,FALSE
8282325,"gate_40",2,TRUE,FALSE
8282363,"gate_40",3,TRUE,FALSE
8282689,"gate_30",155,FALSE,TRUE
8282721,"gate_30",7,TRUE,FALSE
8282841,"gate_30",4,FALSE,FALSE
8282903,"gate_40",12,FALSE,FALSE
8282917,"gate_40",14,FALSE,TRUE
8283060,"gate_40",27,TRUE,FALSE
8283181,"gate_30",21,TRUE,FALSE
8283229,"gate_30",163,TRUE,TRUE
8283531,"gate_40",17,FALSE,FALSE
8283728,"gate_40",69,TRUE,TRUE
8283743,"gate_30",6,FALSE,FALSE
8283768,"gate_40",27,FALSE,FALSE
8283807,"gate_40",15,FALSE,FALSE
8284008,"gate_30",32,TRUE,FALSE
8284159,"gate_40",23,TRUE,FALSE
8284190,"gate_40",2,FALSE,FALSE
8284318,"gate_30",4,FALSE,FALSE
8284524,"gate_30",37,TRUE,FALSE
8284635,"gate_40",54,TRUE,FALSE
8284783,"gate_30",33,TRUE,FALSE
8284830,"gate_40",48,TRUE,FALSE
8284876,"gate_30",325,TRUE,TRUE
8284903,"gate_40",28,FALSE,FALSE
8284959,"gate_40",178,TRUE,FALSE
8285295,"gate_40",41,TRUE,FALSE
8285476,"gate_40",14,TRUE,FALSE
8285555,"gate_40",2,TRUE,FALSE
8285623,"gate_40",278,TRUE,FALSE
8285661,"gate_40",6,FALSE,FALSE
8285672,"gate_40",34,FALSE,FALSE
8285821,"gate_40",54,FALSE,FALSE
8285897,"gate_30",0,FALSE,FALSE
8286004,"gate_40",19,TRUE,FALSE
8286225,"gate_40",18,TRUE,FALSE
8286253,"gate_40",13,FALSE,FALSE
8286320,"gate_30",7,FALSE,FALSE
8286401,"gate_30",18,FALSE,FALSE
8286413,"gate_40",633,TRUE,TRUE
8286416,"gate_30",3,TRUE,FALSE
8286506,"gate_30",93,TRUE,FALSE
8286585,"gate_30",20,FALSE,FALSE
8286605,"gate_40",141,TRUE,FALSE
8286614,"gate_40",138,TRUE,FALSE
8286619,"gate_40",2,FALSE,FALSE
8286636,"gate_30",2,FALSE,FALSE
8286652,"gate_40",25,TRUE,FALSE
8286918,"gate_40",161,TRUE,TRUE
8287004,"gate_40",136,TRUE,TRUE
8287331,"gate_40",45,TRUE,FALSE
8287577,"gate_30",1,FALSE,FALSE
8287818,"gate_40",14,TRUE,FALSE
8287892,"gate_30",54,FALSE,FALSE
8287935,"gate_40",6,FALSE,FALSE
8288053,"gate_40",11,TRUE,FALSE
8288070,"gate_40",80,TRUE,FALSE
8288111,"gate_30",32,FALSE,FALSE
8288155,"gate_30",4,FALSE,FALSE
8288162,"gate_40",88,TRUE,FALSE
8288341,"gate_40",18,TRUE,FALSE
8288352,"gate_40",143,TRUE,TRUE
8288373,"gate_40",24,TRUE,FALSE
8288581,"gate_40",50,FALSE,FALSE
8288600,"gate_40",143,TRUE,TRUE
8288663,"gate_40",1,FALSE,FALSE
8288691,"gate_30",233,TRUE,TRUE
8288783,"gate_40",6,FALSE,FALSE
8289054,"gate_30",131,TRUE,TRUE
8289288,"gate_40",46,FALSE,FALSE
8289323,"gate_30",33,TRUE,FALSE
8289556,"gate_30",1,FALSE,FALSE
8289561,"gate_40",176,TRUE,TRUE
8289664,"gate_40",3,TRUE,FALSE
8289760,"gate_40",411,TRUE,TRUE
8290480,"gate_40",65,TRUE,FALSE
8290509,"gate_30",6,TRUE,FALSE
8290751,"gate_30",45,FALSE,FALSE
8290821,"gate_30",122,TRUE,TRUE
8290909,"gate_30",3,FALSE,FALSE
8290925,"gate_40",33,TRUE,FALSE
8290990,"gate_30",313,TRUE,TRUE
8291222,"gate_40",22,TRUE,TRUE
8291514,"gate_40",11,FALSE,TRUE
8291625,"gate_30",1,FALSE,FALSE
8291740,"gate_30",1,FALSE,FALSE
8291754,"gate_40",108,FALSE,FALSE
8291830,"gate_30",2,FALSE,FALSE
8291838,"gate_40",0,FALSE,FALSE
8291877,"gate_30",302,TRUE,TRUE
8292077,"gate_30",1,FALSE,FALSE
8292121,"gate_30",13,TRUE,FALSE
8292156,"gate_40",39,TRUE,TRUE
8292221,"gate_30",12,FALSE,FALSE
8292270,"gate_40",0,FALSE,FALSE
8292310,"gate_40",21,FALSE,FALSE
8292498,"gate_40",2,FALSE,FALSE
8292617,"gate_30",36,FALSE,FALSE
8292752,"gate_40",8,FALSE,FALSE
8292894,"gate_40",87,TRUE,TRUE
8292930,"gate_40",10,TRUE,FALSE
8293293,"gate_40",83,TRUE,FALSE
8293353,"gate_30",212,TRUE,TRUE
8293371,"gate_40",1,FALSE,FALSE
8293430,"gate_40",5,TRUE,FALSE
8293623,"gate_30",18,FALSE,FALSE
8293641,"gate_30",11,TRUE,FALSE
8293759,"gate_30",1,FALSE,FALSE
8293817,"gate_30",25,TRUE,TRUE
8293990,"gate_40",38,FALSE,FALSE
8294090,"gate_30",2,FALSE,FALSE
8294500,"gate_30",4,FALSE,FALSE
8294506,"gate_40",7,FALSE,FALSE
8294567,"gate_40",6,FALSE,FALSE
8295263,"gate_30",38,TRUE,TRUE
8295376,"gate_40",0,FALSE,FALSE
8295386,"gate_30",3,FALSE,FALSE
8295520,"gate_30",123,TRUE,FALSE
8295584,"gate_30",9,FALSE,FALSE
8295621,"gate_40",14,TRUE,FALSE
8295966,"gate_30",172,TRUE,TRUE
8295997,"gate_40",2,FALSE,FALSE
8296188,"gate_30",80,TRUE,TRUE
8296249,"gate_40",140,TRUE,TRUE
8296300,"gate_30",1,FALSE,FALSE
8296384,"gate_40",0,FALSE,FALSE
8296488,"gate_30",16,TRUE,TRUE
8296522,"gate_30",4,FALSE,FALSE
8296687,"gate_30",6,FALSE,FALSE
8296766,"gate_30",15,FALSE,FALSE
8296802,"gate_40",6,FALSE,FALSE
8296859,"gate_40",1,FALSE,FALSE
8296979,"gate_40",8,FALSE,FALSE
8297189,"gate_30",2,FALSE,FALSE
8297245,"gate_30",56,FALSE,FALSE
8297263,"gate_40",23,TRUE,FALSE
8297378,"gate_30",3,FALSE,FALSE
8297442,"gate_30",29,FALSE,TRUE
8297626,"gate_30",17,FALSE,FALSE
8297917,"gate_30",10,FALSE,FALSE
8298020,"gate_40",27,TRUE,FALSE
8298046,"gate_30",7,TRUE,FALSE
8298065,"gate_40",117,TRUE,FALSE
8298185,"gate_40",55,TRUE,TRUE
8298428,"gate_30",1,FALSE,FALSE
8298541,"gate_30",4,FALSE,FALSE
8298615,"gate_30",2,FALSE,FALSE
8298664,"gate_30",25,TRUE,FALSE
8298728,"gate_40",74,FALSE,FALSE
8298738,"gate_30",11,FALSE,FALSE
8298754,"gate_30",1,FALSE,FALSE
8298794,"gate_30",83,TRUE,TRUE
8298827,"gate_40",3,TRUE,FALSE
8298842,"gate_40",21,FALSE,FALSE
8299251,"gate_40",49,TRUE,FALSE
8299332,"gate_40",152,TRUE,TRUE
8299452,"gate_30",115,TRUE,FALSE
8299549,"gate_40",24,TRUE,FALSE
8299846,"gate_40",15,TRUE,FALSE
8299931,"gate_30",11,FALSE,FALSE
8299952,"gate_30",1,FALSE,FALSE
8300044,"gate_30",158,TRUE,FALSE
8300119,"gate_30",17,FALSE,FALSE
8300155,"gate_30",13,FALSE,FALSE
8300224,"gate_30",1,FALSE,FALSE
8300289,"gate_40",393,TRUE,TRUE
8300367,"gate_40",15,FALSE,FALSE
8300417,"gate_30",12,FALSE,FALSE
8300469,"gate_40",35,FALSE,FALSE
8300624,"gate_40",7,FALSE,FALSE
8300634,"gate_40",10,TRUE,FALSE
8300855,"gate_30",18,FALSE,FALSE
8300863,"gate_30",3,FALSE,FALSE
8300912,"gate_30",4,FALSE,FALSE
8300944,"gate_40",28,TRUE,FALSE
8300950,"gate_40",13,FALSE,FALSE
8301299,"gate_30",14,FALSE,FALSE
8301517,"gate_30",4,FALSE,FALSE
8301518,"gate_40",221,TRUE,TRUE
8301558,"gate_40",19,FALSE,FALSE
8301604,"gate_30",16,TRUE,FALSE
8301640,"gate_30",3,FALSE,FALSE
8301655,"gate_40",12,FALSE,FALSE
8301658,"gate_40",18,FALSE,FALSE
8301774,"gate_40",8,FALSE,FALSE
8301993,"gate_40",42,TRUE,FALSE
8302029,"gate_30",231,TRUE,TRUE
8302378,"gate_30",269,TRUE,TRUE
8302474,"gate_40",11,TRUE,TRUE
8302483,"gate_40",2,FALSE,FALSE
8302561,"gate_30",629,TRUE,TRUE
8302706,"gate_30",5,FALSE,FALSE
8302719,"gate_30",19,TRUE,FALSE
8302747,"gate_40",55,TRUE,TRUE
8302792,"gate_30",244,TRUE,TRUE
8302877,"gate_40",168,TRUE,TRUE
8302926,"gate_30",17,FALSE,FALSE
8302951,"gate_40",587,TRUE,TRUE
8303022,"gate_30",77,TRUE,FALSE
8303076,"gate_30",60,TRUE,FALSE
8303100,"gate_40",4,FALSE,FALSE
8303213,"gate_40",252,TRUE,FALSE
8303250,"gate_30",40,TRUE,TRUE
8303290,"gate_40",22,TRUE,FALSE
8303499,"gate_40",3,FALSE,FALSE
8303501,"gate_40",10,FALSE,FALSE
8303923,"gate_30",56,FALSE,FALSE
8303949,"gate_30",9,FALSE,FALSE
8303978,"gate_40",286,TRUE,TRUE
8304044,"gate_40",15,TRUE,FALSE
8304311,"gate_40",3,FALSE,FALSE
8304452,"gate_40",4,FALSE,FALSE
8304564,"gate_30",45,TRUE,FALSE
8304931,"gate_30",2,FALSE,FALSE
8304977,"gate_40",88,TRUE,FALSE
8305127,"gate_40",75,TRUE,FALSE
8305160,"gate_30",5,FALSE,FALSE
8305517,"gate_40",251,TRUE,TRUE
8305572,"gate_40",1,FALSE,FALSE
8305595,"gate_30",30,TRUE,FALSE
8305666,"gate_30",10,FALSE,FALSE
8305677,"gate_40",4,FALSE,FALSE
8305724,"gate_30",22,FALSE,FALSE
8305894,"gate_30",296,FALSE,TRUE
8305937,"gate_40",18,FALSE,FALSE
8305953,"gate_40",15,FALSE,TRUE
8305963,"gate_30",0,FALSE,FALSE
8306076,"gate_40",33,TRUE,FALSE
8306116,"gate_30",36,TRUE,FALSE
8306152,"gate_40",52,TRUE,FALSE
8306402,"gate_40",6,FALSE,FALSE
8306950,"gate_40",20,TRUE,FALSE
8307029,"gate_40",9,FALSE,FALSE
8307154,"gate_40",18,FALSE,FALSE
8307214,"gate_40",9,FALSE,FALSE
8307251,"gate_30",7,FALSE,FALSE
8307273,"gate_30",23,FALSE,FALSE
8307286,"gate_30",2,FALSE,FALSE
8307454,"gate_40",3,TRUE,FALSE
8307515,"gate_30",2,FALSE,FALSE
8307723,"gate_30",2,FALSE,FALSE
8307914,"gate_40",58,TRUE,FALSE
8308201,"gate_30",13,FALSE,FALSE
8308320,"gate_30",16,FALSE,FALSE
8308408,"gate_40",111,FALSE,TRUE
8308559,"gate_30",7,FALSE,FALSE
8308630,"gate_30",131,FALSE,FALSE
8308767,"gate_30",9,FALSE,TRUE
8308848,"gate_30",46,TRUE,FALSE
8308880,"gate_30",59,TRUE,TRUE
8308933,"gate_40",43,TRUE,FALSE
8308982,"gate_40",3,FALSE,FALSE
8309191,"gate_30",8,FALSE,FALSE
8309350,"gate_30",10,FALSE,FALSE
8309512,"gate_30",16,FALSE,FALSE
8309545,"gate_40",10,TRUE,FALSE
8309579,"gate_40",115,TRUE,FALSE
8309606,"gate_30",4,FALSE,FALSE
8309690,"gate_40",68,TRUE,FALSE
8309798,"gate_40",16,FALSE,FALSE
8309887,"gate_40",102,TRUE,TRUE
8309958,"gate_30",21,FALSE,FALSE
8310039,"gate_40",3,FALSE,FALSE
8310058,"gate_40",11,FALSE,FALSE
8310195,"gate_30",42,TRUE,FALSE
8310453,"gate_30",1,FALSE,FALSE
8310468,"gate_30",27,FALSE,FALSE
8310471,"gate_30",164,TRUE,TRUE
8310525,"gate_40",3,FALSE,FALSE
8310603,"gate_30",4,FALSE,FALSE
8310631,"gate_40",25,TRUE,TRUE
8310757,"gate_40",168,TRUE,TRUE
8311015,"gate_40",6,FALSE,FALSE
8311048,"gate_30",8,FALSE,FALSE
8311103,"gate_30",7,FALSE,FALSE
8311194,"gate_40",174,TRUE,TRUE
8311286,"gate_40",11,FALSE,FALSE
8311453,"gate_30",12,FALSE,FALSE
8311475,"gate_40",3,TRUE,FALSE
8311503,"gate_30",6,FALSE,FALSE
8311567,"gate_30",15,FALSE,FALSE
8311724,"gate_40",2,FALSE,FALSE
8311806,"gate_30",40,TRUE,TRUE
8311811,"gate_40",32,TRUE,FALSE
8311820,"gate_40",461,TRUE,TRUE
8311847,"gate_30",10,TRUE,FALSE
8311919,"gate_40",0,FALSE,FALSE
8311993,"gate_40",11,FALSE,FALSE
8311999,"gate_40",23,FALSE,FALSE
8312309,"gate_40",48,TRUE,FALSE
8312326,"gate_30",2,FALSE,FALSE
8312353,"gate_40",3,FALSE,FALSE
8312474,"gate_40",13,FALSE,FALSE
8312539,"gate_30",1,FALSE,FALSE
8312746,"gate_30",0,FALSE,FALSE
8312827,"gate_40",14,TRUE,FALSE
8312912,"gate_40",1,FALSE,FALSE
8312971,"gate_30",22,TRUE,FALSE
8313120,"gate_40",5,FALSE,FALSE
8313175,"gate_30",16,FALSE,FALSE
8313353,"gate_40",496,TRUE,TRUE
8313681,"gate_40",254,TRUE,FALSE
8313706,"gate_40",124,TRUE,TRUE
8313777,"gate_40",110,TRUE,FALSE
8313856,"gate_30",3,FALSE,FALSE
8313919,"gate_40",13,FALSE,FALSE
8313926,"gate_40",351,TRUE,TRUE
8314452,"gate_30",15,TRUE,FALSE
8314615,"gate_40",50,TRUE,FALSE
8314921,"gate_30",132,TRUE,TRUE
8314937,"gate_40",10,TRUE,FALSE
8315173,"gate_30",2,FALSE,FALSE
8315186,"gate_40",2,FALSE,FALSE
8315238,"gate_30",581,TRUE,TRUE
8315398,"gate_30",40,FALSE,FALSE
8315430,"gate_40",146,TRUE,TRUE
8315458,"gate_30",616,TRUE,TRUE
8315674,"gate_40",19,TRUE,FALSE
8315696,"gate_40",6,FALSE,FALSE
8315726,"gate_30",37,TRUE,FALSE
8315903,"gate_40",57,FALSE,FALSE
8315937,"gate_40",13,FALSE,FALSE
8316045,"gate_30",20,FALSE,FALSE
8316240,"gate_30",1,FALSE,FALSE
8316242,"gate_40",12,FALSE,FALSE
8316299,"gate_40",0,FALSE,FALSE
8316493,"gate_30",6,FALSE,FALSE
8316859,"gate_40",21,FALSE,FALSE
8316985,"gate_40",34,FALSE,FALSE
8317078,"gate_30",171,TRUE,TRUE
8317117,"gate_40",5,FALSE,FALSE
8317148,"gate_30",40,FALSE,FALSE
8317196,"gate_40",15,FALSE,FALSE
8317252,"gate_30",1,FALSE,FALSE
8317294,"gate_30",11,TRUE,FALSE
8317658,"gate_30",51,TRUE,TRUE
8317664,"gate_30",4,FALSE,FALSE
8317687,"gate_40",26,TRUE,TRUE
8317849,"gate_40",5,FALSE,FALSE
8317869,"gate_40",104,TRUE,FALSE
8317892,"gate_30",13,TRUE,FALSE
8318252,"gate_30",1,TRUE,FALSE
8318352,"gate_40",425,TRUE,TRUE
8318506,"gate_30",3,FALSE,FALSE
8318850,"gate_40",2,FALSE,FALSE
8318863,"gate_40",1,FALSE,FALSE
8318941,"gate_40",2,FALSE,FALSE
8319023,"gate_40",2,FALSE,FALSE
8319058,"gate_30",39,TRUE,FALSE
8319075,"gate_30",83,TRUE,FALSE
8319106,"gate_40",28,TRUE,FALSE
8319145,"gate_40",1,FALSE,FALSE
8319195,"gate_40",6,TRUE,FALSE
8319466,"gate_30",441,TRUE,TRUE
8319967,"gate_40",584,TRUE,TRUE
8320035,"gate_30",75,TRUE,FALSE
8320326,"gate_40",32,TRUE,FALSE
8320438,"gate_40",32,TRUE,TRUE
8320439,"gate_40",48,TRUE,FALSE
8320483,"gate_30",3,FALSE,FALSE
8320733,"gate_30",3,FALSE,FALSE
8320891,"gate_30",2,FALSE,FALSE
8320946,"gate_40",6,FALSE,FALSE
8320947,"gate_30",13,FALSE,FALSE
8321018,"gate_40",1,FALSE,FALSE
8321286,"gate_30",47,FALSE,FALSE
8321362,"gate_30",47,TRUE,FALSE
8321366,"gate_30",6,FALSE,FALSE
8321501,"gate_30",23,TRUE,FALSE
8321519,"gate_30",17,TRUE,FALSE
8321798,"gate_40",8,FALSE,FALSE
8321815,"gate_40",17,TRUE,FALSE
8321819,"gate_40",15,FALSE,FALSE
8321937,"gate_40",189,TRUE,TRUE
8321951,"gate_30",6,FALSE,FALSE
8322133,"gate_40",56,TRUE,FALSE
8322176,"gate_30",1,FALSE,FALSE
8322439,"gate_40",1,FALSE,FALSE
8322523,"gate_30",52,FALSE,FALSE
8322640,"gate_30",19,TRUE,FALSE
8322700,"gate_40",2,FALSE,FALSE
8322809,"gate_30",22,TRUE,FALSE
8322854,"gate_30",66,TRUE,TRUE
8323169,"gate_30",6,FALSE,FALSE
8323248,"gate_40",11,TRUE,FALSE
8323292,"gate_30",72,TRUE,FALSE
8323417,"gate_30",46,TRUE,FALSE
8323455,"gate_40",2,FALSE,FALSE
8323492,"gate_40",98,TRUE,TRUE
8323931,"gate_30",33,TRUE,FALSE
8324015,"gate_40",15,FALSE,FALSE
8324127,"gate_40",4,FALSE,FALSE
8324195,"gate_40",47,FALSE,FALSE
8324216,"gate_40",40,FALSE,TRUE
8324221,"gate_40",12,FALSE,FALSE
8324321,"gate_40",0,FALSE,FALSE
8324348,"gate_30",7,FALSE,FALSE
8324481,"gate_30",0,FALSE,FALSE
8324503,"gate_30",7,TRUE,FALSE
8324512,"gate_40",120,TRUE,FALSE
8324721,"gate_30",139,TRUE,TRUE
8324776,"gate_30",44,TRUE,FALSE
8324780,"gate_30",209,TRUE,FALSE
8324788,"gate_30",7,FALSE,FALSE
8324814,"gate_30",6,FALSE,FALSE
8324861,"gate_30",26,TRUE,FALSE
8325061,"gate_40",1,FALSE,FALSE
8325157,"gate_30",77,TRUE,FALSE
8325192,"gate_40",45,TRUE,FALSE
8325215,"gate_30",11,TRUE,FALSE
8325228,"gate_30",21,TRUE,FALSE
8325251,"gate_40",113,TRUE,TRUE
8325592,"gate_30",6,FALSE,FALSE
8325647,"gate_30",18,TRUE,FALSE
8325648,"gate_30",278,TRUE,TRUE
8325678,"gate_40",45,TRUE,FALSE
8325791,"gate_40",8,FALSE,FALSE
8325826,"gate_30",41,FALSE,FALSE
8325864,"gate_30",474,TRUE,TRUE
8326197,"gate_30",34,TRUE,FALSE
8326209,"gate_30",70,TRUE,FALSE
8326211,"gate_40",60,TRUE,FALSE
8326217,"gate_30",2,FALSE,FALSE
8326274,"gate_30",26,TRUE,FALSE
8326409,"gate_30",57,TRUE,TRUE
8326500,"gate_30",11,FALSE,TRUE
8326529,"gate_40",92,TRUE,FALSE
8326601,"gate_30",13,TRUE,FALSE
8326727,"gate_30",1,FALSE,FALSE
8326799,"gate_30",128,TRUE,TRUE
8326831,"gate_40",2,FALSE,FALSE
8326874,"gate_40",69,TRUE,FALSE
8327049,"gate_40",21,FALSE,FALSE
8327054,"gate_40",8,FALSE,FALSE
8327092,"gate_40",47,FALSE,FALSE
8327232,"gate_40",33,TRUE,FALSE
8327541,"gate_30",8,TRUE,FALSE
8327586,"gate_30",376,TRUE,TRUE
8327729,"gate_40",15,TRUE,TRUE
8327741,"gate_40",10,TRUE,FALSE
8327769,"gate_40",11,FALSE,FALSE
8327773,"gate_40",96,TRUE,FALSE
8327782,"gate_40",14,FALSE,FALSE
8327800,"gate_40",5,FALSE,FALSE
8327887,"gate_40",43,FALSE,FALSE
8327926,"gate_30",61,TRUE,FALSE
8327955,"gate_40",6,FALSE,FALSE
8328075,"gate_30",458,TRUE,TRUE
8328164,"gate_30",11,FALSE,FALSE
8328352,"gate_30",74,TRUE,FALSE
8328407,"gate_30",124,TRUE,TRUE
8328623,"gate_40",208,TRUE,TRUE
8328701,"gate_30",15,FALSE,FALSE
8328917,"gate_40",44,FALSE,FALSE
8328975,"gate_30",53,FALSE,FALSE
8329055,"gate_40",113,TRUE,TRUE
8329117,"gate_40",100,TRUE,FALSE
8329155,"gate_30",255,TRUE,TRUE
8329231,"gate_40",3,TRUE,FALSE
8329271,"gate_40",9,FALSE,FALSE
8329292,"gate_40",0,FALSE,FALSE
8329296,"gate_40",12,FALSE,FALSE
8329600,"gate_40",2,FALSE,FALSE
8329632,"gate_30",9,TRUE,FALSE
8329682,"gate_40",7,TRUE,FALSE
8329744,"gate_40",8,FALSE,FALSE
8329781,"gate_40",8,FALSE,FALSE
8329891,"gate_30",6,FALSE,FALSE
8329929,"gate_30",24,TRUE,FALSE
8330008,"gate_30",16,FALSE,FALSE
8330635,"gate_40",62,TRUE,FALSE
8330636,"gate_30",27,FALSE,FALSE
8330637,"gate_30",21,TRUE,FALSE
8330728,"gate_40",39,FALSE,TRUE
8330768,"gate_30",136,TRUE,FALSE
8330859,"gate_40",3,FALSE,FALSE
8330893,"gate_30",1,FALSE,FALSE
8331242,"gate_30",498,TRUE,TRUE
8331655,"gate_40",24,FALSE,FALSE
8331773,"gate_40",54,TRUE,FALSE
8331775,"gate_40",258,TRUE,FALSE
8331839,"gate_30",26,FALSE,FALSE
8332085,"gate_40",3,FALSE,FALSE
8332147,"gate_40",3,FALSE,FALSE
8332186,"gate_40",37,TRUE,FALSE
8332397,"gate_30",46,TRUE,FALSE
8332419,"gate_30",25,FALSE,FALSE
8332678,"gate_40",3,FALSE,FALSE
8332786,"gate_40",4,FALSE,FALSE
8332827,"gate_30",141,TRUE,FALSE
8332990,"gate_30",109,TRUE,FALSE
8333002,"gate_30",63,TRUE,FALSE
8333166,"gate_30",32,FALSE,FALSE
8333227,"gate_40",1,FALSE,FALSE
8333340,"gate_30",3,FALSE,FALSE
8333459,"gate_30",22,TRUE,FALSE
8333613,"gate_30",93,TRUE,FALSE
8333676,"gate_40",96,TRUE,FALSE
8333915,"gate_40",0,FALSE,FALSE
8334103,"gate_40",58,TRUE,TRUE
8334541,"gate_40",8,FALSE,FALSE
8334655,"gate_40",16,TRUE,FALSE
8334673,"gate_30",7,FALSE,FALSE
8334951,"gate_30",8,TRUE,FALSE
8335098,"gate_40",238,TRUE,FALSE
8335145,"gate_30",58,FALSE,FALSE
8335206,"gate_40",3,FALSE,FALSE
8335274,"gate_40",39,TRUE,FALSE
8335301,"gate_30",6,FALSE,FALSE
8335501,"gate_40",2,FALSE,FALSE
8335671,"gate_30",2,FALSE,FALSE
8335698,"gate_40",28,FALSE,FALSE
8335736,"gate_30",73,TRUE,TRUE
8335780,"gate_40",370,TRUE,TRUE
8335973,"gate_30",34,TRUE,TRUE
8335999,"gate_40",13,TRUE,FALSE
8336058,"gate_40",7,FALSE,FALSE
8336070,"gate_30",1,FALSE,FALSE
8336081,"gate_30",130,TRUE,TRUE
8336164,"gate_30",6,FALSE,FALSE
8336233,"gate_40",271,TRUE,TRUE
8336337,"gate_40",151,TRUE,TRUE
8336417,"gate_30",0,FALSE,FALSE
8336440,"gate_40",9,FALSE,FALSE
8336497,"gate_30",4,FALSE,FALSE
8336544,"gate_40",38,TRUE,FALSE
8336610,"gate_40",46,TRUE,FALSE
8336760,"gate_30",403,TRUE,TRUE
8336782,"gate_40",4,FALSE,FALSE
8336989,"gate_40",50,TRUE,TRUE
8337120,"gate_40",1,FALSE,FALSE
8337122,"gate_30",1,FALSE,FALSE
8337601,"gate_40",63,TRUE,FALSE
8337854,"gate_40",2,FALSE,FALSE
8337960,"gate_30",14,FALSE,TRUE
8338013,"gate_30",11,TRUE,FALSE
8338271,"gate_40",7,FALSE,FALSE
8338450,"gate_30",9,FALSE,FALSE
8338540,"gate_40",62,TRUE,FALSE
8338616,"gate_30",12,FALSE,FALSE
8338662,"gate_30",8,FALSE,FALSE
8338688,"gate_40",10,FALSE,FALSE
8339049,"gate_40",25,FALSE,FALSE
8339345,"gate_40",56,FALSE,FALSE
8339410,"gate_40",33,TRUE,FALSE
8339490,"gate_40",4,FALSE,FALSE
8339497,"gate_40",8,FALSE,FALSE
8339588,"gate_40",2,FALSE,FALSE
8339670,"gate_30",25,TRUE,FALSE
8339815,"gate_30",11,TRUE,FALSE
8339875,"gate_40",106,TRUE,FALSE
8339957,"gate_40",39,FALSE,FALSE
8339985,"gate_40",474,TRUE,TRUE
8340075,"gate_40",437,TRUE,TRUE
8340298,"gate_30",4,TRUE,FALSE
8340610,"gate_40",8,FALSE,FALSE
8340629,"gate_30",1,FALSE,FALSE
8340707,"gate_40",76,TRUE,TRUE
8340753,"gate_30",21,TRUE,FALSE
8341232,"gate_40",2,FALSE,FALSE
8341249,"gate_30",43,TRUE,FALSE
8341262,"gate_30",35,FALSE,FALSE
8341292,"gate_30",4,FALSE,FALSE
8341298,"gate_40",2,FALSE,FALSE
8341300,"gate_30",11,FALSE,TRUE
8341323,"gate_30",3,FALSE,FALSE
8341371,"gate_40",37,FALSE,FALSE
8341429,"gate_40",21,TRUE,FALSE
8341484,"gate_30",1,FALSE,FALSE
8341513,"gate_40",13,FALSE,FALSE
8341637,"gate_40",10,FALSE,FALSE
8341643,"gate_30",37,TRUE,FALSE
8341706,"gate_40",70,TRUE,FALSE
8341753,"gate_30",23,TRUE,TRUE
8341881,"gate_40",6,FALSE,FALSE
8341886,"gate_40",165,TRUE,TRUE
8342079,"gate_30",4,FALSE,FALSE
8342220,"gate_40",1,FALSE,FALSE
8342278,"gate_30",8,FALSE,FALSE
8342558,"gate_30",22,FALSE,FALSE
8342656,"gate_40",15,FALSE,FALSE
8342768,"gate_40",43,TRUE,FALSE
8342836,"gate_30",72,TRUE,TRUE
8342912,"gate_40",20,TRUE,TRUE
8342962,"gate_30",5,FALSE,FALSE
8343050,"gate_40",50,TRUE,FALSE
8343478,"gate_30",492,TRUE,TRUE
8343840,"gate_30",4,FALSE,FALSE
8344442,"gate_30",7,FALSE,FALSE
8344457,"gate_30",176,TRUE,TRUE
8344462,"gate_40",7,FALSE,FALSE
8344666,"gate_40",30,TRUE,FALSE
8344694,"gate_40",16,TRUE,FALSE
8344856,"gate_30",10,FALSE,FALSE
8344978,"gate_30",61,TRUE,FALSE
8345103,"gate_40",3,FALSE,FALSE
8345121,"gate_40",4,TRUE,FALSE
8345458,"gate_30",13,FALSE,FALSE
8345521,"gate_30",14,TRUE,FALSE
8345562,"gate_40",19,TRUE,FALSE
8345599,"gate_30",17,TRUE,TRUE
8345649,"gate_30",11,TRUE,FALSE
8345734,"gate_30",78,FALSE,FALSE
8345861,"gate_40",258,TRUE,TRUE
8346020,"gate_30",15,FALSE,FALSE
8346097,"gate_30",139,TRUE,TRUE
8346219,"gate_40",49,TRUE,FALSE
8346502,"gate_40",94,TRUE,FALSE
8346769,"gate_30",33,TRUE,TRUE
8346889,"gate_30",2,FALSE,FALSE
8347085,"gate_30",8,FALSE,FALSE
8347202,"gate_40",10,TRUE,FALSE
8347237,"gate_40",109,TRUE,TRUE
8347440,"gate_40",6,FALSE,FALSE
8347448,"gate_30",172,TRUE,TRUE
8347631,"gate_30",13,FALSE,FALSE
8347717,"gate_40",11,FALSE,FALSE
8347833,"gate_40",9,FALSE,FALSE
8347913,"gate_30",24,FALSE,FALSE
8347989,"gate_30",43,TRUE,FALSE
8348013,"gate_30",212,TRUE,TRUE
8348087,"gate_40",121,FALSE,TRUE
8348237,"gate_30",333,TRUE,TRUE
8348379,"gate_40",44,TRUE,FALSE
8348529,"gate_30",2,FALSE,FALSE
8348636,"gate_30",12,TRUE,TRUE
8349082,"gate_30",179,TRUE,TRUE
8349504,"gate_30",81,TRUE,TRUE
8349587,"gate_30",6,FALSE,FALSE
8349803,"gate_40",129,TRUE,TRUE
8349813,"gate_30",4,FALSE,FALSE
8349846,"gate_40",24,TRUE,FALSE
8349997,"gate_30",45,TRUE,FALSE
8350109,"gate_30",316,TRUE,TRUE
8350138,"gate_40",43,FALSE,FALSE
8350405,"gate_30",60,TRUE,FALSE
8350508,"gate_40",3,TRUE,FALSE
8350615,"gate_40",10,TRUE,TRUE
8350649,"gate_40",71,TRUE,FALSE
8350668,"gate_40",37,TRUE,FALSE
8350729,"gate_30",70,TRUE,TRUE
8350765,"gate_30",50,TRUE,FALSE
8350827,"gate_40",1,FALSE,FALSE
8351083,"gate_30",5,FALSE,FALSE
8351352,"gate_30",9,FALSE,FALSE
8351495,"gate_40",20,FALSE,FALSE
8351626,"gate_40",24,TRUE,FALSE
8351711,"gate_30",22,TRUE,FALSE
8351797,"gate_40",3,FALSE,FALSE
8351831,"gate_30",7,FALSE,FALSE
8351832,"gate_40",13,TRUE,FALSE
8351833,"gate_40",139,TRUE,TRUE
8351845,"gate_40",20,FALSE,TRUE
8352089,"gate_40",56,TRUE,FALSE
8352120,"gate_40",1,FALSE,FALSE
8352127,"gate_40",34,FALSE,FALSE
8352214,"gate_30",298,TRUE,TRUE
8352301,"gate_30",4,FALSE,FALSE
8352339,"gate_30",32,TRUE,FALSE
8352422,"gate_40",51,TRUE,FALSE
8352435,"gate_30",1,FALSE,FALSE
8352529,"gate_40",2,FALSE,FALSE
8352702,"gate_40",21,TRUE,FALSE
8352703,"gate_40",3,FALSE,FALSE
8352718,"gate_40",2,FALSE,FALSE
8352925,"gate_40",20,TRUE,FALSE
8353069,"gate_40",2,FALSE,FALSE
8353119,"gate_30",5,FALSE,FALSE
8353125,"gate_30",123,TRUE,FALSE
8353246,"gate_40",0,FALSE,FALSE
8353271,"gate_30",427,TRUE,TRUE
8353532,"gate_30",13,TRUE,FALSE
8353592,"gate_30",12,TRUE,FALSE
8353834,"gate_30",131,TRUE,TRUE
8353954,"gate_40",15,FALSE,FALSE
8354249,"gate_30",2,FALSE,FALSE
8354352,"gate_30",104,TRUE,FALSE
8354362,"gate_40",33,FALSE,FALSE
8354516,"gate_30",157,TRUE,FALSE
8354677,"gate_30",15,FALSE,TRUE
8354689,"gate_30",9,FALSE,FALSE
8354751,"gate_40",6,FALSE,FALSE
8355036,"gate_40",15,TRUE,FALSE
8355129,"gate_40",12,FALSE,FALSE
8355294,"gate_40",74,TRUE,FALSE
8355361,"gate_30",220,TRUE,TRUE
8355438,"gate_40",8,FALSE,FALSE
8355647,"gate_30",2,FALSE,FALSE
8356047,"gate_30",37,FALSE,FALSE
8356098,"gate_40",69,FALSE,FALSE
8356113,"gate_30",5,FALSE,FALSE
8356120,"gate_30",21,TRUE,FALSE
8356202,"gate_40",48,TRUE,FALSE
8356296,"gate_30",7,FALSE,FALSE
8356301,"gate_30",25,TRUE,FALSE
8356488,"gate_40",7,FALSE,FALSE
8356647,"gate_30",9,FALSE,FALSE
8356735,"gate_40",46,TRUE,FALSE
8356804,"gate_30",18,FALSE,FALSE
8356942,"gate_40",1,FALSE,FALSE
8356946,"gate_40",6,FALSE,FALSE
8356991,"gate_40",6,FALSE,FALSE
8357064,"gate_30",2,FALSE,FALSE
8357195,"gate_40",5,FALSE,FALSE
8357437,"gate_30",16,FALSE,FALSE
8357510,"gate_30",8,FALSE,FALSE
8357566,"gate_30",160,TRUE,TRUE
8357583,"gate_40",22,FALSE,FALSE
8357603,"gate_30",66,TRUE,FALSE
8357643,"gate_40",14,TRUE,FALSE
8357730,"gate_30",46,TRUE,FALSE
8358053,"gate_30",14,FALSE,FALSE
8358221,"gate_40",45,TRUE,TRUE
8358310,"gate_40",47,TRUE,FALSE
8358330,"gate_40",8,FALSE,FALSE
8358340,"gate_30",55,FALSE,TRUE
8358578,"gate_30",4,FALSE,FALSE
8358603,"gate_40",15,FALSE,FALSE
8358717,"gate_40",16,FALSE,FALSE
8358722,"gate_40",65,TRUE,FALSE
8358750,"gate_30",10,FALSE,FALSE
8358999,"gate_30",23,TRUE,FALSE
8359201,"gate_30",4,FALSE,FALSE
8359240,"gate_40",8,FALSE,FALSE
8359298,"gate_40",16,TRUE,FALSE
8359328,"gate_40",3,TRUE,FALSE
8359354,"gate_40",27,TRUE,FALSE
8359398,"gate_30",24,TRUE,FALSE
8359563,"gate_40",177,TRUE,TRUE
8359710,"gate_40",341,FALSE,TRUE
8359885,"gate_30",2,FALSE,FALSE
8359893,"gate_40",15,FALSE,FALSE
8359972,"gate_30",24,TRUE,FALSE
8360115,"gate_40",328,TRUE,TRUE
8360355,"gate_40",1,FALSE,FALSE
8360356,"gate_30",38,TRUE,FALSE
8360554,"gate_40",8,FALSE,FALSE
8360740,"gate_40",11,FALSE,FALSE
8360795,"gate_40",7,FALSE,FALSE
8360999,"gate_40",26,FALSE,FALSE
8361066,"gate_40",313,TRUE,TRUE
8361329,"gate_40",10,TRUE,FALSE
8361489,"gate_40",4,FALSE,FALSE
8361555,"gate_40",48,TRUE,TRUE
8361565,"gate_30",45,TRUE,FALSE
8361719,"gate_40",1,FALSE,FALSE
8361917,"gate_40",48,FALSE,FALSE
8361996,"gate_40",46,FALSE,TRUE
8362227,"gate_30",225,TRUE,TRUE
8362275,"gate_30",21,TRUE,FALSE
8362337,"gate_30",17,TRUE,FALSE
8362345,"gate_40",15,TRUE,FALSE
8362392,"gate_40",11,TRUE,FALSE
8362444,"gate_40",1,FALSE,FALSE
8362481,"gate_40",90,FALSE,FALSE
8362601,"gate_30",1,FALSE,FALSE
8362719,"gate_40",7,FALSE,FALSE
8363451,"gate_30",85,TRUE,FALSE
8363630,"gate_40",48,TRUE,FALSE
8363776,"gate_40",5,FALSE,FALSE
8363945,"gate_40",66,FALSE,TRUE
8364285,"gate_40",3,FALSE,FALSE
8364386,"gate_40",37,FALSE,FALSE
8364479,"gate_30",353,TRUE,FALSE
8364639,"gate_30",110,TRUE,FALSE
8364646,"gate_30",13,FALSE,FALSE
8364806,"gate_30",33,FALSE,FALSE
8364948,"gate_40",27,TRUE,FALSE
8365260,"gate_30",0,FALSE,FALSE
8365537,"gate_40",151,TRUE,TRUE
8365541,"gate_40",4,FALSE,FALSE
8365562,"gate_40",26,TRUE,FALSE
8365627,"gate_40",2,FALSE,FALSE
8365686,"gate_40",4,FALSE,FALSE
8365697,"gate_40",4,FALSE,FALSE
8365718,"gate_30",112,TRUE,FALSE
8365748,"gate_30",95,TRUE,FALSE
8365948,"gate_30",1,FALSE,FALSE
8365964,"gate_40",25,TRUE,TRUE
8366050,"gate_30",6,FALSE,FALSE
8366324,"gate_40",5,TRUE,FALSE
8366482,"gate_30",236,TRUE,TRUE
8366543,"gate_40",5,FALSE,FALSE
8366723,"gate_30",6,FALSE,FALSE
8366759,"gate_30",6,FALSE,FALSE
8366920,"gate_40",3,TRUE,FALSE
8367163,"gate_30",73,TRUE,FALSE
8367168,"gate_30",10,TRUE,FALSE
8367557,"gate_30",21,TRUE,FALSE
8367735,"gate_30",63,TRUE,FALSE
8367851,"gate_40",39,FALSE,FALSE
8367886,"gate_30",2,FALSE,FALSE
8368100,"gate_30",14,FALSE,TRUE
8368251,"gate_40",2,FALSE,FALSE
8368342,"gate_30",119,TRUE,TRUE
8368374,"gate_30",31,TRUE,FALSE
8368375,"gate_30",3,TRUE,FALSE
8368378,"gate_30",9,FALSE,FALSE
8368431,"gate_40",155,TRUE,TRUE
8368434,"gate_30",8,FALSE,FALSE
8368451,"gate_40",23,TRUE,TRUE
8368724,"gate_40",47,TRUE,FALSE
8368798,"gate_40",196,TRUE,FALSE
8368892,"gate_40",8,FALSE,FALSE
8368977,"gate_30",19,TRUE,FALSE
8369026,"gate_40",511,TRUE,TRUE
8369181,"gate_30",0,FALSE,FALSE
8369186,"gate_30",20,TRUE,FALSE
8369213,"gate_40",14,TRUE,FALSE
8369283,"gate_40",64,TRUE,FALSE
8369421,"gate_40",3,FALSE,FALSE
8369452,"gate_40",1,TRUE,FALSE
8369514,"gate_30",23,TRUE,FALSE
8369612,"gate_30",38,TRUE,FALSE
8369837,"gate_40",0,FALSE,FALSE
8370059,"gate_30",595,TRUE,TRUE
8370205,"gate_30",4,FALSE,FALSE
8370261,"gate_40",14,TRUE,FALSE
8370267,"gate_30",80,TRUE,FALSE
8370501,"gate_30",69,TRUE,TRUE
8370606,"gate_30",21,FALSE,FALSE
8370901,"gate_40",3,FALSE,FALSE
8370936,"gate_40",7,FALSE,FALSE
8371027,"gate_30",40,TRUE,TRUE
8371056,"gate_30",2,FALSE,FALSE
8371342,"gate_30",16,FALSE,FALSE
8371606,"gate_40",575,TRUE,TRUE
8371621,"gate_40",2,FALSE,FALSE
8371832,"gate_40",1,FALSE,FALSE
8371881,"gate_40",1,FALSE,FALSE
8371958,"gate_40",31,FALSE,FALSE
8371983,"gate_40",463,FALSE,FALSE
8372035,"gate_40",46,FALSE,TRUE
8372087,"gate_40",16,TRUE,FALSE
8372117,"gate_40",1,FALSE,FALSE
8372185,"gate_30",3,FALSE,FALSE
8372194,"gate_30",36,TRUE,FALSE
8372324,"gate_30",3,FALSE,FALSE
8372397,"gate_40",30,TRUE,TRUE
8372501,"gate_40",11,FALSE,FALSE
8372590,"gate_40",76,FALSE,TRUE
8372738,"gate_40",1,FALSE,FALSE
8372803,"gate_40",10,TRUE,FALSE
8372922,"gate_40",5,FALSE,FALSE
8372939,"gate_40",860,TRUE,TRUE
8373254,"gate_40",17,TRUE,FALSE
8373357,"gate_30",6,FALSE,FALSE
8373387,"gate_40",3,FALSE,FALSE
8373451,"gate_30",33,FALSE,FALSE
8373456,"gate_30",23,FALSE,FALSE
8373718,"gate_30",3,FALSE,FALSE
8374279,"gate_40",17,FALSE,FALSE
8374298,"gate_30",8,FALSE,FALSE
8374395,"gate_40",47,TRUE,FALSE
8374500,"gate_40",321,TRUE,TRUE
8374513,"gate_30",76,TRUE,TRUE
8374623,"gate_40",193,TRUE,FALSE
8374750,"gate_40",27,TRUE,FALSE
8374757,"gate_40",33,TRUE,FALSE
8374857,"gate_30",41,TRUE,TRUE
8374902,"gate_30",80,TRUE,FALSE
8374904,"gate_30",3,FALSE,FALSE
8375098,"gate_40",1,FALSE,FALSE
8375125,"gate_40",1,FALSE,FALSE
8375345,"gate_30",135,TRUE,TRUE
8375535,"gate_40",7,FALSE,FALSE
8375571,"gate_30",12,TRUE,FALSE
8375689,"gate_30",1,FALSE,FALSE
8375714,"gate_40",0,FALSE,FALSE
8375764,"gate_40",2,FALSE,FALSE
8375876,"gate_40",2,FALSE,FALSE
8375877,"gate_40",173,TRUE,TRUE
8375929,"gate_30",9,TRUE,FALSE
8376008,"gate_40",212,TRUE,TRUE
8376061,"gate_40",180,TRUE,TRUE
8376115,"gate_40",34,TRUE,FALSE
8376183,"gate_40",103,TRUE,TRUE
8376264,"gate_30",77,TRUE,FALSE
8376394,"gate_40",26,TRUE,FALSE
8376571,"gate_40",33,FALSE,FALSE
8376791,"gate_30",24,TRUE,FALSE
8376865,"gate_30",3,FALSE,FALSE
8376910,"gate_30",4,FALSE,FALSE
8376965,"gate_40",49,TRUE,FALSE
8377131,"gate_30",376,TRUE,FALSE
8377390,"gate_30",39,TRUE,FALSE
8377768,"gate_30",204,TRUE,TRUE
8377828,"gate_30",3,FALSE,FALSE
8378348,"gate_40",1,FALSE,FALSE
8378593,"gate_40",6,FALSE,FALSE
8378601,"gate_40",16,TRUE,TRUE
8378683,"gate_30",20,FALSE,TRUE
8378689,"gate_40",172,TRUE,TRUE
8378765,"gate_30",34,FALSE,FALSE
8378814,"gate_40",155,TRUE,TRUE
8378870,"gate_40",185,TRUE,TRUE
8379121,"gate_40",6,FALSE,FALSE
8379296,"gate_30",10,TRUE,FALSE
8379317,"gate_40",125,FALSE,FALSE
8379585,"gate_40",12,FALSE,FALSE
8379649,"gate_40",5,FALSE,FALSE
8379693,"gate_40",1,FALSE,FALSE
8379726,"gate_30",5,FALSE,FALSE
8379838,"gate_30",0,FALSE,FALSE
8379954,"gate_30",9,FALSE,FALSE
8380052,"gate_40",2,FALSE,FALSE
8380053,"gate_30",26,FALSE,FALSE
8380128,"gate_30",228,FALSE,FALSE
8380172,"gate_40",29,TRUE,TRUE
8380180,"gate_40",229,TRUE,TRUE
8380264,"gate_30",65,FALSE,TRUE
8380294,"gate_40",27,FALSE,FALSE
8380625,"gate_40",54,FALSE,FALSE
8380760,"gate_30",9,FALSE,FALSE
8380904,"gate_30",4,FALSE,FALSE
8380976,"gate_40",16,FALSE,FALSE
8380991,"gate_30",98,TRUE,TRUE
8381125,"gate_40",40,TRUE,FALSE
8381229,"gate_40",2,FALSE,FALSE
8381284,"gate_40",4,FALSE,FALSE
8381363,"gate_40",15,TRUE,FALSE
8381393,"gate_40",23,TRUE,FALSE
8381410,"gate_40",25,TRUE,FALSE
8381490,"gate_40",115,TRUE,FALSE
8381533,"gate_30",11,FALSE,FALSE
8381578,"gate_40",19,TRUE,TRUE
8381672,"gate_30",88,TRUE,FALSE
8381751,"gate_30",235,TRUE,TRUE
8381811,"gate_30",2,FALSE,FALSE
8382064,"gate_30",116,TRUE,TRUE
8382115,"gate_30",41,TRUE,FALSE
8382237,"gate_30",5,FALSE,FALSE
8382255,"gate_30",0,FALSE,FALSE
8382301,"gate_30",530,TRUE,FALSE
8382352,"gate_30",19,TRUE,FALSE
8382690,"gate_40",81,TRUE,TRUE
8382868,"gate_30",13,FALSE,FALSE
8382884,"gate_30",328,TRUE,TRUE
8383071,"gate_30",34,FALSE,FALSE
8383440,"gate_30",16,TRUE,FALSE
8383543,"gate_30",25,FALSE,FALSE
8383569,"gate_40",421,TRUE,TRUE
8383778,"gate_40",30,FALSE,TRUE
8383908,"gate_40",429,TRUE,TRUE
8384121,"gate_40",30,TRUE,FALSE
8384175,"gate_40",0,FALSE,FALSE
8384218,"gate_40",14,FALSE,FALSE
8384297,"gate_30",55,TRUE,FALSE
8384349,"gate_30",11,FALSE,FALSE
8384506,"gate_30",3,FALSE,FALSE
8384687,"gate_40",27,FALSE,FALSE
8384721,"gate_40",14,TRUE,FALSE
8384747,"gate_40",47,FALSE,FALSE
8384820,"gate_30",208,TRUE,TRUE
8384879,"gate_40",1,FALSE,FALSE
8384920,"gate_30",26,FALSE,FALSE
8385177,"gate_30",4,FALSE,FALSE
8385221,"gate_30",3,FALSE,FALSE
8385418,"gate_30",15,FALSE,FALSE
8385489,"gate_40",148,TRUE,TRUE
8385512,"gate_30",84,TRUE,FALSE
8385625,"gate_30",6,FALSE,FALSE
8385769,"gate_40",1,FALSE,FALSE
8385799,"gate_30",5,FALSE,FALSE
8385834,"gate_40",0,FALSE,FALSE
8385996,"gate_40",50,FALSE,FALSE
8386022,"gate_40",253,TRUE,TRUE
8386060,"gate_40",5,FALSE,FALSE
8386228,"gate_30",38,TRUE,FALSE
8386312,"gate_30",2,FALSE,FALSE
8386390,"gate_40",16,TRUE,FALSE
8386394,"gate_30",12,FALSE,FALSE
8386421,"gate_40",51,TRUE,FALSE
8386590,"gate_30",16,FALSE,FALSE
8386786,"gate_30",15,FALSE,FALSE
8387038,"gate_30",16,TRUE,FALSE
8387164,"gate_30",142,TRUE,TRUE
8387312,"gate_30",37,TRUE,TRUE
8387318,"gate_40",1,FALSE,FALSE
8387381,"gate_30",18,TRUE,FALSE
8387471,"gate_40",3,FALSE,FALSE
8387584,"gate_30",99,TRUE,FALSE
8387601,"gate_30",9,FALSE,FALSE
8387741,"gate_40",189,TRUE,FALSE
8387773,"gate_30",25,FALSE,FALSE
8387889,"gate_40",2,FALSE,FALSE
8387892,"gate_40",172,TRUE,TRUE
8387921,"gate_30",2,FALSE,FALSE
8387939,"gate_30",1,FALSE,FALSE
8387981,"gate_40",14,FALSE,FALSE
8388050,"gate_40",55,FALSE,FALSE
8388053,"gate_40",2,FALSE,FALSE
8388063,"gate_40",3,FALSE,FALSE
8388262,"gate_40",0,FALSE,FALSE
8388310,"gate_40",0,FALSE,FALSE
8388590,"gate_40",128,TRUE,FALSE
8388686,"gate_30",9,TRUE,FALSE
8388810,"gate_40",18,FALSE,FALSE
8388859,"gate_40",624,TRUE,TRUE
8388885,"gate_40",327,TRUE,TRUE
8389009,"gate_40",25,FALSE,FALSE
8389096,"gate_30",50,TRUE,TRUE
8389131,"gate_30",5,TRUE,FALSE
8389505,"gate_40",123,TRUE,FALSE
8389628,"gate_30",6,FALSE,FALSE
8389908,"gate_30",5,FALSE,FALSE
8389992,"gate_30",112,TRUE,FALSE
8390019,"gate_40",27,TRUE,FALSE
8390200,"gate_30",32,FALSE,FALSE
8390222,"gate_30",53,TRUE,FALSE
8390250,"gate_30",125,TRUE,TRUE
8390442,"gate_40",17,FALSE,FALSE
8390600,"gate_40",15,FALSE,FALSE
8390659,"gate_40",4,FALSE,FALSE
8390686,"gate_30",112,TRUE,TRUE
8390789,"gate_30",72,TRUE,TRUE
8390791,"gate_40",60,FALSE,FALSE
8390829,"gate_30",3,FALSE,FALSE
8391019,"gate_30",2,FALSE,FALSE
8391045,"gate_30",0,FALSE,FALSE
8391270,"gate_40",0,FALSE,FALSE
8391356,"gate_30",110,TRUE,TRUE
8391392,"gate_30",20,FALSE,FALSE
8391727,"gate_40",0,FALSE,FALSE
8391862,"gate_40",38,TRUE,FALSE
8391961,"gate_30",21,FALSE,FALSE
8392301,"gate_30",91,TRUE,TRUE
8392409,"gate_40",103,TRUE,TRUE
8392461,"gate_40",4,TRUE,FALSE
8392475,"gate_40",85,TRUE,FALSE
8392541,"gate_30",12,TRUE,FALSE
8392747,"gate_30",29,FALSE,FALSE
8392892,"gate_40",23,FALSE,FALSE
8392938,"gate_40",2,FALSE,FALSE
8393028,"gate_40",56,TRUE,FALSE
8393034,"gate_40",14,TRUE,TRUE
8393042,"gate_40",12,TRUE,FALSE
8393074,"gate_30",1,FALSE,FALSE
8393211,"gate_30",163,TRUE,TRUE
8393330,"gate_40",12,TRUE,FALSE
8393336,"gate_30",82,TRUE,FALSE
8393443,"gate_40",63,TRUE,TRUE
8393447,"gate_30",9,FALSE,FALSE
8393515,"gate_40",104,TRUE,FALSE
8393571,"gate_40",16,TRUE,FALSE
8393789,"gate_40",1,FALSE,FALSE
8394004,"gate_40",8,FALSE,FALSE
8394076,"gate_40",14,TRUE,FALSE
8394161,"gate_30",1,FALSE,FALSE
8394299,"gate_30",21,TRUE,FALSE
8394471,"gate_30",7,TRUE,FALSE
8394681,"gate_30",35,TRUE,FALSE
8394959,"gate_40",30,TRUE,TRUE
8395065,"gate_30",11,FALSE,FALSE
8395144,"gate_30",5,TRUE,FALSE
8395151,"gate_30",11,FALSE,FALSE
8395232,"gate_40",32,TRUE,TRUE
8395319,"gate_30",31,TRUE,FALSE
8395322,"gate_30",33,TRUE,FALSE
8395335,"gate_40",1,TRUE,FALSE
8395403,"gate_40",28,TRUE,FALSE
8395479,"gate_40",19,FALSE,FALSE
8395817,"gate_40",23,FALSE,FALSE
8395927,"gate_40",83,TRUE,FALSE
8395986,"gate_40",7,TRUE,FALSE
8396346,"gate_40",14,FALSE,FALSE
8396628,"gate_30",111,TRUE,TRUE
8396706,"gate_40",50,FALSE,FALSE
8396789,"gate_40",144,TRUE,FALSE
8396883,"gate_30",44,TRUE,FALSE
8396920,"gate_30",35,FALSE,FALSE
8397159,"gate_30",86,TRUE,FALSE
8397342,"gate_40",17,TRUE,FALSE
8397469,"gate_30",14,FALSE,FALSE
8397663,"gate_40",40,TRUE,FALSE
8397800,"gate_30",3,FALSE,FALSE
8397955,"gate_30",1,FALSE,FALSE
8397961,"gate_30",32,TRUE,FALSE
8398108,"gate_30",1,FALSE,FALSE
8398163,"gate_30",36,TRUE,FALSE
8398281,"gate_30",37,TRUE,FALSE
8398544,"gate_30",56,TRUE,TRUE
8398570,"gate_30",19,TRUE,FALSE
8398629,"gate_40",13,FALSE,FALSE
8398840,"gate_30",2,FALSE,FALSE
8399110,"gate_30",6,FALSE,FALSE
8399287,"gate_40",27,TRUE,FALSE
8399318,"gate_40",18,TRUE,FALSE
8399545,"gate_30",179,TRUE,FALSE
8399992,"gate_30",16,FALSE,FALSE
8400047,"gate_30",7,FALSE,FALSE
8400129,"gate_40",10,FALSE,FALSE
8400474,"gate_30",7,TRUE,FALSE
8400634,"gate_40",41,FALSE,FALSE
8400816,"gate_30",12,FALSE,FALSE
8400969,"gate_30",1,FALSE,FALSE
8401074,"gate_40",1,FALSE,FALSE
8401166,"gate_30",37,FALSE,FALSE
8401177,"gate_40",45,TRUE,FALSE
8401344,"gate_40",7,FALSE,FALSE
8401484,"gate_40",13,TRUE,FALSE
8401555,"gate_40",3,FALSE,FALSE
8401601,"gate_30",1,FALSE,FALSE
8401637,"gate_30",7,FALSE,FALSE
8401664,"gate_40",0,FALSE,FALSE
8401713,"gate_40",13,TRUE,FALSE
8401947,"gate_40",22,TRUE,FALSE
8401995,"gate_30",63,FALSE,FALSE
8402107,"gate_40",5,FALSE,FALSE
8402121,"gate_30",32,FALSE,FALSE
8402149,"gate_30",22,TRUE,FALSE
8402282,"gate_40",2,FALSE,FALSE
8402842,"gate_30",58,TRUE,FALSE
8403245,"gate_30",44,TRUE,FALSE
8403308,"gate_40",186,TRUE,FALSE
8403442,"gate_40",37,TRUE,FALSE
8403470,"gate_30",295,TRUE,TRUE
8403483,"gate_40",27,FALSE,FALSE
8403600,"gate_30",28,FALSE,FALSE
8403874,"gate_30",32,TRUE,FALSE
8403968,"gate_40",13,FALSE,FALSE
8404015,"gate_40",16,FALSE,FALSE
8404031,"gate_40",1,FALSE,FALSE
8404084,"gate_30",6,TRUE,FALSE
8404219,"gate_40",3,FALSE,FALSE
8404744,"gate_30",107,TRUE,TRUE
8404851,"gate_30",50,TRUE,TRUE
8404901,"gate_30",32,TRUE,FALSE
8404969,"gate_30",1,FALSE,FALSE
8404980,"gate_40",30,FALSE,TRUE
8405204,"gate_30",40,FALSE,TRUE
8405257,"gate_30",0,FALSE,FALSE
8405264,"gate_30",9,TRUE,FALSE
8405555,"gate_30",2,FALSE,FALSE
8405616,"gate_30",13,FALSE,FALSE
8405769,"gate_30",13,FALSE,FALSE
8405862,"gate_30",150,TRUE,TRUE
8405864,"gate_30",30,TRUE,FALSE
8405880,"gate_30",37,FALSE,FALSE
8405911,"gate_30",6,FALSE,FALSE
8405961,"gate_30",78,TRUE,FALSE
8406143,"gate_30",231,FALSE,FALSE
8406150,"gate_30",12,FALSE,FALSE
8406307,"gate_30",106,FALSE,TRUE
8406467,"gate_40",9,TRUE,FALSE
8406477,"gate_40",23,TRUE,FALSE
8406511,"gate_30",10,FALSE,FALSE
8406575,"gate_40",19,FALSE,FALSE
8406714,"gate_40",8,FALSE,FALSE
8406718,"gate_30",2,FALSE,FALSE
8406748,"gate_40",6,FALSE,FALSE
8406756,"gate_40",15,FALSE,FALSE
8406890,"gate_40",12,FALSE,FALSE
8406898,"gate_30",148,TRUE,FALSE
8406987,"gate_30",9,FALSE,FALSE
8407551,"gate_30",18,FALSE,FALSE
8407724,"gate_40",99,TRUE,TRUE
8408036,"gate_40",15,FALSE,FALSE
8408058,"gate_30",14,FALSE,FALSE
8408121,"gate_30",3,FALSE,FALSE
8408353,"gate_30",32,FALSE,TRUE
8408779,"gate_30",54,FALSE,FALSE
8408817,"gate_30",2,FALSE,FALSE
8408977,"gate_40",16,FALSE,FALSE
8409080,"gate_40",5,FALSE,FALSE
8409227,"gate_30",113,TRUE,FALSE
8409240,"gate_40",31,FALSE,FALSE
8409375,"gate_30",1337,TRUE,TRUE
8409473,"gate_30",3,TRUE,FALSE
8409633,"gate_40",58,TRUE,FALSE
8409718,"gate_30",98,TRUE,FALSE
8409916,"gate_40",10,FALSE,FALSE
8409977,"gate_40",0,FALSE,FALSE
8410040,"gate_30",0,FALSE,FALSE
8410296,"gate_30",64,TRUE,FALSE
8410308,"gate_40",0,FALSE,FALSE
8410410,"gate_40",11,FALSE,FALSE
8410498,"gate_40",4,TRUE,TRUE
8410578,"gate_40",0,FALSE,FALSE
8410668,"gate_40",366,TRUE,TRUE
8410703,"gate_30",13,TRUE,FALSE
8410853,"gate_40",21,FALSE,FALSE
8411090,"gate_40",78,TRUE,FALSE
8411115,"gate_40",30,TRUE,FALSE
8411124,"gate_40",108,TRUE,TRUE
8411137,"gate_40",63,TRUE,FALSE
8411351,"gate_40",3,FALSE,FALSE
8411645,"gate_40",2,FALSE,FALSE
8411831,"gate_40",18,FALSE,FALSE
8411998,"gate_40",13,FALSE,FALSE
8412048,"gate_40",6,FALSE,FALSE
8412129,"gate_30",59,TRUE,FALSE
8412202,"gate_40",4,FALSE,FALSE
8412281,"gate_40",15,FALSE,FALSE
8412319,"gate_40",31,FALSE,FALSE
8412321,"gate_30",29,FALSE,FALSE
8412442,"gate_30",18,TRUE,FALSE
8412514,"gate_40",424,TRUE,TRUE
8412528,"gate_30",21,FALSE,FALSE
8412705,"gate_30",2,FALSE,FALSE
8412710,"gate_30",98,TRUE,TRUE
8412755,"gate_40",0,FALSE,FALSE
8413101,"gate_40",62,FALSE,FALSE
8413113,"gate_30",35,FALSE,FALSE
8413276,"gate_30",11,FALSE,FALSE
8413474,"gate_40",297,TRUE,TRUE
8413483,"gate_40",10,FALSE,FALSE
8413531,"gate_40",7,FALSE,FALSE
8413533,"gate_30",50,FALSE,FALSE
8413695,"gate_40",5,FALSE,TRUE
8413763,"gate_40",55,TRUE,TRUE
8413819,"gate_40",22,FALSE,FALSE
8413872,"gate_40",8,TRUE,FALSE
8414000,"gate_30",13,FALSE,FALSE
8414004,"gate_40",79,TRUE,FALSE
8414204,"gate_40",73,TRUE,FALSE
8414230,"gate_30",7,TRUE,FALSE
8414283,"gate_30",31,FALSE,FALSE
8414830,"gate_40",46,TRUE,FALSE
8414858,"gate_30",198,TRUE,FALSE
8414972,"gate_30",2,FALSE,FALSE
8415408,"gate_40",18,TRUE,FALSE
8415481,"gate_40",0,FALSE,FALSE
8415520,"gate_40",53,TRUE,FALSE
8415570,"gate_40",41,TRUE,TRUE
8415851,"gate_30",16,FALSE,FALSE
8415853,"gate_40",6,FALSE,FALSE
8415927,"gate_40",6,FALSE,FALSE
8416032,"gate_40",2,FALSE,FALSE
8416091,"gate_30",5,FALSE,FALSE
8416387,"gate_30",55,TRUE,FALSE
8416496,"gate_30",82,TRUE,FALSE
8416521,"gate_40",3,FALSE,FALSE
8416542,"gate_40",0,FALSE,FALSE
8416902,"gate_40",13,TRUE,FALSE
8416936,"gate_30",331,TRUE,TRUE
8417018,"gate_30",34,TRUE,FALSE
8417054,"gate_30",0,FALSE,FALSE
8417421,"gate_40",57,TRUE,FALSE
8417538,"gate_30",55,TRUE,FALSE
8417539,"gate_30",7,FALSE,FALSE
8417567,"gate_40",4,FALSE,FALSE
8417871,"gate_40",4,FALSE,FALSE
8418226,"gate_30",5,FALSE,FALSE
8418227,"gate_40",5,FALSE,FALSE
8418382,"gate_40",10,FALSE,FALSE
8418546,"gate_40",139,TRUE,FALSE
8418591,"gate_40",54,TRUE,FALSE
8418677,"gate_40",2,FALSE,FALSE
8418802,"gate_40",0,FALSE,FALSE
8418803,"gate_30",2,FALSE,FALSE
8418833,"gate_30",51,FALSE,FALSE
8418883,"gate_30",33,FALSE,FALSE
8418957,"gate_40",7,FALSE,FALSE
8419047,"gate_40",41,TRUE,FALSE
8419093,"gate_30",28,FALSE,FALSE
8419173,"gate_30",17,FALSE,FALSE
8419265,"gate_40",13,FALSE,FALSE
8419396,"gate_30",20,TRUE,FALSE
8419403,"gate_30",216,TRUE,FALSE
8419471,"gate_40",31,TRUE,FALSE
8419482,"gate_40",42,TRUE,FALSE
8419796,"gate_30",54,FALSE,FALSE
8420091,"gate_40",45,TRUE,FALSE
8420148,"gate_40",11,FALSE,FALSE
8420423,"gate_30",435,TRUE,TRUE
8420430,"gate_40",4,FALSE,FALSE
8420628,"gate_40",373,TRUE,TRUE
8420798,"gate_30",64,TRUE,TRUE
8420933,"gate_30",2,FALSE,FALSE
8421043,"gate_40",7,FALSE,FALSE
8421081,"gate_40",272,TRUE,TRUE
8421124,"gate_40",570,TRUE,TRUE
8421443,"gate_40",8,FALSE,FALSE
8421677,"gate_40",20,FALSE,TRUE
8421722,"gate_40",0,FALSE,FALSE
8421911,"gate_30",1,FALSE,FALSE
8422213,"gate_40",1,FALSE,FALSE
8422286,"gate_40",27,TRUE,FALSE
8422352,"gate_30",19,FALSE,FALSE
8422587,"gate_30",6,FALSE,FALSE
8422593,"gate_30",5,FALSE,FALSE
8423158,"gate_40",20,TRUE,FALSE
8423354,"gate_40",4,FALSE,FALSE
8423387,"gate_30",291,TRUE,TRUE
8423561,"gate_40",8,TRUE,FALSE
8423572,"gate_40",4,FALSE,FALSE
8423611,"gate_30",4,FALSE,FALSE
8423664,"gate_40",45,TRUE,TRUE
8423715,"gate_30",13,FALSE,FALSE
8423728,"gate_40",10,FALSE,FALSE
8423886,"gate_40",136,TRUE,TRUE
8423992,"gate_30",15,TRUE,FALSE
8424015,"gate_40",9,FALSE,FALSE
8424049,"gate_40",11,FALSE,FALSE
8424073,"gate_30",12,FALSE,FALSE
8424161,"gate_40",66,TRUE,FALSE
8424274,"gate_40",208,TRUE,FALSE
8424459,"gate_30",8,FALSE,FALSE
8424539,"gate_40",13,FALSE,FALSE
8424749,"gate_40",7,FALSE,FALSE
8424773,"gate_40",306,TRUE,TRUE
8424945,"gate_40",190,TRUE,TRUE
8425223,"gate_40",151,TRUE,TRUE
8425353,"gate_30",4,FALSE,FALSE
8425406,"gate_40",34,TRUE,FALSE
8425413,"gate_40",36,TRUE,FALSE
8425502,"gate_40",0,FALSE,FALSE
8425514,"gate_40",13,FALSE,FALSE
8425523,"gate_30",1,FALSE,FALSE
8425646,"gate_30",204,TRUE,TRUE
8425811,"gate_40",133,TRUE,FALSE
8425899,"gate_30",5,FALSE,FALSE
8426129,"gate_40",4,FALSE,FALSE
8426154,"gate_30",112,FALSE,TRUE
8426173,"gate_30",128,TRUE,FALSE
8426450,"gate_30",4,TRUE,TRUE
8426511,"gate_30",42,TRUE,FALSE
8426613,"gate_40",3,FALSE,FALSE
8426736,"gate_30",12,FALSE,FALSE
8426891,"gate_30",8,FALSE,FALSE
8427098,"gate_40",1,TRUE,FALSE
8427195,"gate_40",28,FALSE,FALSE
8427248,"gate_40",15,FALSE,FALSE
8427397,"gate_40",9,TRUE,FALSE
8427405,"gate_40",35,FALSE,FALSE
8427565,"gate_30",0,FALSE,FALSE
8427594,"gate_40",17,TRUE,FALSE
8427645,"gate_40",31,TRUE,FALSE
8427822,"gate_40",99,TRUE,FALSE
8427839,"gate_40",7,FALSE,FALSE
8427873,"gate_30",4,FALSE,FALSE
8427977,"gate_40",18,FALSE,FALSE
8428056,"gate_40",6,FALSE,FALSE
8428078,"gate_30",38,TRUE,FALSE
8428141,"gate_30",463,TRUE,TRUE
8428168,"gate_40",96,TRUE,FALSE
8428484,"gate_40",7,FALSE,FALSE
8428860,"gate_30",16,FALSE,FALSE
8428925,"gate_40",59,TRUE,FALSE
8428970,"gate_30",62,TRUE,TRUE
8429001,"gate_40",55,TRUE,TRUE
8429009,"gate_30",213,TRUE,TRUE
8429072,"gate_40",82,TRUE,TRUE
8429169,"gate_40",5,FALSE,FALSE
8429180,"gate_30",1,FALSE,FALSE
8429259,"gate_40",222,TRUE,TRUE
8429289,"gate_40",352,TRUE,TRUE
8429298,"gate_30",187,TRUE,TRUE
8429301,"gate_30",14,TRUE,FALSE
8429523,"gate_30",41,TRUE,FALSE
8429544,"gate_40",59,TRUE,FALSE
8429579,"gate_30",22,TRUE,FALSE
8429621,"gate_40",623,TRUE,TRUE
8429947,"gate_30",4,FALSE,FALSE
8430517,"gate_30",3,FALSE,FALSE
8430532,"gate_30",78,TRUE,FALSE
8430667,"gate_30",21,TRUE,FALSE
8430670,"gate_30",15,FALSE,FALSE
8430823,"gate_40",4,FALSE,FALSE
8430864,"gate_40",0,FALSE,FALSE
8430961,"gate_40",19,FALSE,FALSE
8431025,"gate_30",15,TRUE,TRUE
8431355,"gate_30",7,FALSE,FALSE
8431493,"gate_40",159,TRUE,TRUE
8431575,"gate_40",3,FALSE,FALSE
8431657,"gate_30",33,TRUE,FALSE
8431680,"gate_40",4,FALSE,FALSE
8431703,"gate_30",38,TRUE,FALSE
8431723,"gate_40",62,TRUE,TRUE
8431725,"gate_30",3,FALSE,FALSE
8431884,"gate_30",177,TRUE,TRUE
8432021,"gate_40",1,FALSE,FALSE
8432164,"gate_40",6,FALSE,FALSE
8432191,"gate_40",25,TRUE,TRUE
8432424,"gate_40",57,TRUE,FALSE
8432526,"gate_30",21,FALSE,FALSE
8432565,"gate_30",29,TRUE,TRUE
8432601,"gate_40",26,FALSE,FALSE
8432687,"gate_30",54,TRUE,FALSE
8432712,"gate_40",17,TRUE,FALSE
8432921,"gate_40",1,FALSE,FALSE
8433052,"gate_40",22,TRUE,TRUE
8433234,"gate_40",36,TRUE,FALSE
8433385,"gate_30",0,FALSE,TRUE
8433405,"gate_30",26,TRUE,FALSE
8433426,"gate_30",15,FALSE,FALSE
8433539,"gate_30",2,TRUE,FALSE
8433899,"gate_30",13,TRUE,FALSE
8433927,"gate_30",3,FALSE,FALSE
8433965,"gate_40",65,TRUE,TRUE
8434147,"gate_30",12,TRUE,FALSE
8434162,"gate_30",43,FALSE,FALSE
8434195,"gate_30",23,TRUE,FALSE
8434435,"gate_40",21,FALSE,FALSE
8434438,"gate_40",8,FALSE,FALSE
8434617,"gate_30",49,TRUE,TRUE
8434942,"gate_30",334,TRUE,TRUE
8435057,"gate_30",34,TRUE,FALSE
8435260,"gate_40",21,TRUE,FALSE
8435285,"gate_40",5,FALSE,FALSE
8435298,"gate_30",418,FALSE,TRUE
8435427,"gate_30",10,TRUE,FALSE
8435530,"gate_30",3,FALSE,FALSE
8435537,"gate_40",78,FALSE,TRUE
8435547,"gate_40",0,FALSE,FALSE
8435583,"gate_40",27,FALSE,TRUE
8435758,"gate_30",131,TRUE,FALSE
8435833,"gate_40",4,FALSE,FALSE
8435834,"gate_40",29,FALSE,FALSE
8435887,"gate_40",6,FALSE,FALSE
8435911,"gate_30",9,FALSE,FALSE
8435975,"gate_40",0,FALSE,FALSE
8436012,"gate_30",123,FALSE,FALSE
8436105,"gate_40",3,TRUE,FALSE
8436211,"gate_40",12,FALSE,FALSE
8436382,"gate_40",7,TRUE,FALSE
8436435,"gate_30",19,FALSE,FALSE
8436538,"gate_30",13,TRUE,FALSE
8436548,"gate_30",107,TRUE,FALSE
8436600,"gate_30",3,FALSE,FALSE
8437004,"gate_40",8,FALSE,FALSE
8437006,"gate_30",3,FALSE,FALSE
8437012,"gate_40",1,FALSE,FALSE
8437074,"gate_40",205,TRUE,TRUE
8437095,"gate_30",4,FALSE,FALSE
8437195,"gate_40",227,TRUE,TRUE
8437241,"gate_40",2,FALSE,FALSE
8437385,"gate_40",13,FALSE,FALSE
8437544,"gate_40",16,FALSE,TRUE
8437558,"gate_30",2,FALSE,TRUE
8437650,"gate_30",1,FALSE,FALSE
8437791,"gate_30",12,TRUE,FALSE
8437803,"gate_40",32,TRUE,FALSE
8437999,"gate_30",57,TRUE,FALSE
8438302,"gate_40",17,FALSE,FALSE
8438339,"gate_30",443,TRUE,TRUE
8438370,"gate_40",43,FALSE,TRUE
8438645,"gate_40",52,TRUE,FALSE
8438759,"gate_30",19,TRUE,FALSE
8438991,"gate_30",60,TRUE,FALSE
8439029,"gate_40",16,TRUE,TRUE
8439034,"gate_40",9,FALSE,FALSE
8439135,"gate_40",0,FALSE,FALSE
8439225,"gate_30",18,TRUE,FALSE
8439253,"gate_40",23,TRUE,FALSE
8439596,"gate_40",174,TRUE,TRUE
8439908,"gate_30",5,FALSE,FALSE
8439909,"gate_30",20,FALSE,FALSE
8439963,"gate_40",38,TRUE,FALSE
8440148,"gate_30",9,TRUE,FALSE
8440229,"gate_30",101,FALSE,TRUE
8440257,"gate_40",47,TRUE,FALSE
8440303,"gate_40",7,FALSE,FALSE
8440344,"gate_30",1,FALSE,FALSE
8440345,"gate_40",11,TRUE,FALSE
8440483,"gate_30",196,TRUE,FALSE
8440589,"gate_30",7,FALSE,FALSE
8440602,"gate_30",69,TRUE,FALSE
8440675,"gate_30",46,TRUE,FALSE
8440698,"gate_30",154,TRUE,TRUE
8441365,"gate_40",9,FALSE,FALSE
8441441,"gate_40",110,TRUE,TRUE
8441636,"gate_40",8,TRUE,FALSE
8441703,"gate_30",39,FALSE,FALSE
8441901,"gate_30",23,TRUE,FALSE
8442200,"gate_30",160,TRUE,FALSE
8442319,"gate_40",48,TRUE,FALSE
8442527,"gate_30",16,FALSE,FALSE
8442679,"gate_30",210,TRUE,TRUE
8442704,"gate_30",7,FALSE,FALSE
8442913,"gate_40",21,TRUE,FALSE
8442996,"gate_30",7,FALSE,FALSE
8443195,"gate_40",422,TRUE,TRUE
8443208,"gate_30",8,FALSE,FALSE
8443247,"gate_40",6,TRUE,FALSE
8443259,"gate_30",342,TRUE,TRUE
8443318,"gate_30",7,FALSE,FALSE
8443351,"gate_30",8,TRUE,FALSE
8443558,"gate_40",46,TRUE,FALSE
8443729,"gate_30",7,FALSE,FALSE
8443901,"gate_40",3,FALSE,FALSE
8444016,"gate_30",73,TRUE,TRUE
8444096,"gate_40",2,TRUE,FALSE
8444121,"gate_40",8,FALSE,FALSE
8444338,"gate_40",47,TRUE,FALSE
8444360,"gate_40",11,FALSE,FALSE
8444445,"gate_40",7,FALSE,FALSE
8444502,"gate_30",67,TRUE,FALSE
8444719,"gate_40",51,TRUE,FALSE
8444748,"gate_30",13,FALSE,FALSE
8444754,"gate_40",0,FALSE,FALSE
8444950,"gate_30",3,FALSE,FALSE
8444961,"gate_40",322,TRUE,TRUE
8445184,"gate_30",7,FALSE,FALSE
8445224,"gate_30",87,FALSE,FALSE
8445451,"gate_40",97,TRUE,TRUE
8445591,"gate_40",3,FALSE,FALSE
8445602,"gate_30",144,TRUE,TRUE
8445649,"gate_30",6,FALSE,TRUE
8445763,"gate_40",30,TRUE,FALSE
8445898,"gate_30",164,TRUE,FALSE
8445976,"gate_30",48,TRUE,FALSE
8446114,"gate_30",44,TRUE,TRUE
8446152,"gate_40",1,FALSE,FALSE
8446202,"gate_30",40,TRUE,FALSE
8446216,"gate_40",17,FALSE,FALSE
8446235,"gate_40",81,TRUE,FALSE
8446267,"gate_40",158,TRUE,TRUE
8446365,"gate_30",2,FALSE,FALSE
8446497,"gate_30",166,TRUE,FALSE
8446566,"gate_40",30,TRUE,FALSE
8446583,"gate_30",9,TRUE,FALSE
8447176,"gate_30",92,TRUE,FALSE
8447259,"gate_40",81,TRUE,TRUE
8447758,"gate_30",3,FALSE,FALSE
8447764,"gate_30",12,TRUE,FALSE
8447949,"gate_30",35,TRUE,FALSE
8448032,"gate_40",27,FALSE,FALSE
8448045,"gate_30",5,FALSE,FALSE
8448257,"gate_40",28,FALSE,FALSE
8448371,"gate_40",69,TRUE,TRUE
8448375,"gate_40",13,TRUE,FALSE
8448384,"gate_40",5,FALSE,FALSE
8448390,"gate_40",184,TRUE,FALSE
8448481,"gate_30",54,TRUE,FALSE
8448642,"gate_40",1,FALSE,FALSE
8448696,"gate_40",21,FALSE,FALSE
8448918,"gate_30",210,TRUE,TRUE
8449047,"gate_30",3,FALSE,FALSE
8449176,"gate_30",97,TRUE,TRUE
8449214,"gate_40",3,FALSE,FALSE
8449372,"gate_30",6,FALSE,FALSE
8449379,"gate_40",10,FALSE,FALSE
8449421,"gate_40",38,TRUE,FALSE
8449514,"gate_30",5,FALSE,FALSE
8449579,"gate_40",2,FALSE,FALSE
8449581,"gate_30",6,TRUE,FALSE
8449684,"gate_30",3,TRUE,FALSE
8449740,"gate_30",43,TRUE,FALSE
8449743,"gate_30",5,FALSE,FALSE
8449769,"gate_40",1,FALSE,FALSE
8449822,"gate_40",71,TRUE,TRUE
8449912,"gate_30",20,FALSE,FALSE
8450224,"gate_40",4,FALSE,FALSE
8450241,"gate_30",66,TRUE,FALSE
8450457,"gate_40",57,FALSE,FALSE
8450715,"gate_30",12,FALSE,TRUE
8450844,"gate_30",77,TRUE,FALSE
8450888,"gate_40",361,TRUE,FALSE
8450908,"gate_40",23,FALSE,FALSE
8451082,"gate_30",30,FALSE,FALSE
8451228,"gate_30",20,FALSE,FALSE
8451366,"gate_30",15,FALSE,FALSE
8451471,"gate_40",136,FALSE,TRUE
8451506,"gate_40",2,FALSE,FALSE
8451622,"gate_40",10,TRUE,FALSE
8451738,"gate_30",2,FALSE,FALSE
8451745,"gate_40",30,TRUE,FALSE
8451775,"gate_40",6,FALSE,FALSE
8451821,"gate_30",322,FALSE,TRUE
8452092,"gate_40",168,TRUE,TRUE
8452212,"gate_30",4,FALSE,FALSE
8452359,"gate_40",37,TRUE,FALSE
8452399,"gate_40",20,TRUE,TRUE
8452601,"gate_30",14,FALSE,FALSE
8452613,"gate_40",11,FALSE,FALSE
8452866,"gate_40",12,FALSE,FALSE
8452927,"gate_30",35,TRUE,FALSE
8452985,"gate_30",12,FALSE,FALSE
8453072,"gate_30",2,FALSE,FALSE
8453183,"gate_30",80,TRUE,TRUE
8453285,"gate_40",10,FALSE,FALSE
8453308,"gate_30",475,TRUE,TRUE
8453397,"gate_40",51,TRUE,TRUE
8453719,"gate_40",130,TRUE,FALSE
8453726,"gate_30",59,TRUE,FALSE
8453768,"gate_40",67,FALSE,FALSE
8453824,"gate_30",107,TRUE,FALSE
8453903,"gate_30",37,FALSE,FALSE
8453966,"gate_30",25,TRUE,FALSE
8454000,"gate_40",386,TRUE,TRUE
8454167,"gate_30",5,FALSE,FALSE
8454190,"gate_30",1,FALSE,FALSE
8454229,"gate_40",37,TRUE,FALSE
8454270,"gate_40",8,FALSE,FALSE
8454343,"gate_30",28,TRUE,FALSE
8454426,"gate_30",24,TRUE,FALSE
8454490,"gate_30",623,TRUE,TRUE
8454577,"gate_40",24,FALSE,FALSE
8454662,"gate_40",207,TRUE,TRUE
8454885,"gate_30",23,TRUE,FALSE
8455039,"gate_30",2,FALSE,FALSE
8455246,"gate_40",9,FALSE,FALSE
8455250,"gate_40",15,FALSE,FALSE
8455254,"gate_40",39,TRUE,FALSE
8455458,"gate_40",41,TRUE,FALSE
8455547,"gate_40",63,TRUE,FALSE
8455658,"gate_30",25,TRUE,FALSE
8455730,"gate_40",42,TRUE,FALSE
8455803,"gate_40",12,FALSE,FALSE
8455894,"gate_30",15,FALSE,FALSE
8455942,"gate_30",0,FALSE,FALSE
8456086,"gate_40",0,FALSE,FALSE
8456246,"gate_40",21,FALSE,FALSE
8456517,"gate_30",24,TRUE,FALSE
8456556,"gate_40",18,FALSE,FALSE
8456742,"gate_30",15,TRUE,FALSE
8456762,"gate_30",13,FALSE,FALSE
8456771,"gate_40",119,TRUE,TRUE
8456843,"gate_40",22,FALSE,FALSE
8456861,"gate_40",8,FALSE,FALSE
8456906,"gate_40",1,TRUE,FALSE
8457168,"gate_40",15,FALSE,FALSE
8457497,"gate_30",2,FALSE,FALSE
8457525,"gate_40",0,FALSE,FALSE
8457584,"gate_40",7,FALSE,FALSE
8457678,"gate_30",183,TRUE,TRUE
8457819,"gate_30",8,FALSE,FALSE
8457843,"gate_40",9,TRUE,FALSE
8458035,"gate_30",14,FALSE,FALSE
8458104,"gate_40",53,TRUE,FALSE
8458108,"gate_30",8,FALSE,FALSE
8458347,"gate_40",59,FALSE,FALSE
8458458,"gate_40",3,TRUE,FALSE
8458489,"gate_30",11,TRUE,FALSE
8458512,"gate_40",198,TRUE,TRUE
8458521,"gate_30",379,TRUE,TRUE
8458814,"gate_40",25,TRUE,FALSE
8458865,"gate_40",9,FALSE,FALSE
8458891,"gate_40",106,TRUE,FALSE
8459010,"gate_40",37,FALSE,TRUE
8459023,"gate_40",52,FALSE,TRUE
8459158,"gate_30",52,TRUE,FALSE
8459303,"gate_40",10,FALSE,FALSE
8459416,"gate_30",13,TRUE,FALSE
8459554,"gate_40",108,TRUE,FALSE
8459632,"gate_40",16,FALSE,FALSE
8459727,"gate_40",28,FALSE,FALSE
8459739,"gate_40",14,FALSE,FALSE
8460085,"gate_30",1,FALSE,TRUE
8460120,"gate_30",38,TRUE,FALSE
8460502,"gate_30",91,TRUE,FALSE
8460542,"gate_40",92,TRUE,TRUE
8460721,"gate_40",0,FALSE,FALSE
8460742,"gate_40",2,FALSE,FALSE
8460803,"gate_40",37,TRUE,FALSE
8460821,"gate_30",12,FALSE,FALSE
8460995,"gate_40",1,FALSE,FALSE
8461041,"gate_30",4,FALSE,FALSE
8461095,"gate_40",2,FALSE,FALSE
8461102,"gate_40",6,FALSE,FALSE
8461174,"gate_30",45,TRUE,TRUE
8461269,"gate_30",45,FALSE,FALSE
8461402,"gate_40",54,TRUE,TRUE
8461502,"gate_40",22,FALSE,TRUE
8461607,"gate_30",2,FALSE,FALSE
8461826,"gate_30",4,FALSE,FALSE
8461983,"gate_40",29,TRUE,FALSE
8462049,"gate_30",65,TRUE,TRUE
8462080,"gate_40",16,FALSE,FALSE
8462137,"gate_40",30,TRUE,FALSE
8462358,"gate_40",4,FALSE,FALSE
8462394,"gate_40",5,FALSE,FALSE
8462397,"gate_30",3,FALSE,FALSE
8462713,"gate_40",1,FALSE,FALSE
8462891,"gate_30",1,FALSE,FALSE
8463099,"gate_30",0,FALSE,FALSE
8463165,"gate_30",3,FALSE,FALSE
8463382,"gate_30",29,FALSE,FALSE
8463449,"gate_30",49,TRUE,FALSE
8463481,"gate_40",2,FALSE,FALSE
8463491,"gate_40",1,FALSE,FALSE
8463664,"gate_40",2,FALSE,FALSE
8463949,"gate_40",18,TRUE,FALSE
8463951,"gate_30",90,TRUE,FALSE
8463956,"gate_40",17,FALSE,FALSE
8464126,"gate_40",357,TRUE,TRUE
8464217,"gate_40",7,FALSE,FALSE
8464457,"gate_40",4,FALSE,FALSE
8464470,"gate_30",5,FALSE,FALSE
8464503,"gate_40",29,TRUE,TRUE
8464528,"gate_40",5,FALSE,FALSE
8464568,"gate_40",33,TRUE,TRUE
8464730,"gate_40",41,FALSE,FALSE
8464823,"gate_40",15,FALSE,FALSE
8464958,"gate_40",223,TRUE,TRUE
8464990,"gate_40",4,FALSE,FALSE
8465064,"gate_40",30,FALSE,FALSE
8465191,"gate_30",16,TRUE,FALSE
8465212,"gate_40",2,FALSE,FALSE
8465284,"gate_30",5,FALSE,FALSE
8465311,"gate_40",7,FALSE,TRUE
8465495,"gate_30",6,FALSE,FALSE
8465641,"gate_30",236,TRUE,TRUE
8465737,"gate_30",37,FALSE,FALSE
8465872,"gate_30",191,TRUE,TRUE
8465890,"gate_30",378,TRUE,TRUE
8466005,"gate_40",3,FALSE,FALSE
8466062,"gate_30",76,TRUE,FALSE
8466194,"gate_40",15,FALSE,FALSE
8466313,"gate_30",0,FALSE,FALSE
8466390,"gate_40",0,FALSE,FALSE
8466417,"gate_30",0,FALSE,FALSE
8466588,"gate_40",16,TRUE,TRUE
8466656,"gate_30",0,FALSE,FALSE
8466928,"gate_40",143,TRUE,TRUE
8467010,"gate_40",1,FALSE,FALSE
8467383,"gate_40",3,FALSE,FALSE
8467572,"gate_40",33,FALSE,TRUE
8467581,"gate_40",1,FALSE,FALSE
8468036,"gate_40",48,TRUE,FALSE
8468069,"gate_40",0,FALSE,FALSE
8468260,"gate_30",20,TRUE,FALSE
8468339,"gate_30",218,TRUE,FALSE
8468689,"gate_30",2,TRUE,FALSE
8468770,"gate_30",26,TRUE,FALSE
8469020,"gate_30",14,FALSE,FALSE
8469124,"gate_40",40,TRUE,FALSE
8469171,"gate_30",49,FALSE,FALSE
8469273,"gate_30",13,TRUE,FALSE
8469310,"gate_40",0,FALSE,FALSE
8469363,"gate_40",25,TRUE,FALSE
8469453,"gate_30",11,TRUE,FALSE
8469557,"gate_30",6,FALSE,FALSE
8469748,"gate_30",52,FALSE,TRUE
8470068,"gate_40",6,FALSE,FALSE
8470131,"gate_30",209,TRUE,FALSE
8470686,"gate_40",2,FALSE,FALSE
8470758,"gate_40",2,FALSE,FALSE
8470801,"gate_30",172,TRUE,FALSE
8470875,"gate_30",79,FALSE,FALSE
8470978,"gate_40",112,TRUE,FALSE
8470997,"gate_30",6,FALSE,FALSE
8471204,"gate_30",4,FALSE,FALSE
8471275,"gate_30",12,FALSE,TRUE
8471548,"gate_30",138,TRUE,TRUE
8471558,"gate_30",1,FALSE,FALSE
8471817,"gate_30",29,TRUE,TRUE
8471818,"gate_40",4,FALSE,FALSE
8471917,"gate_30",20,FALSE,FALSE
8472034,"gate_40",24,FALSE,TRUE
8472194,"gate_30",14,FALSE,FALSE
8472302,"gate_40",24,FALSE,FALSE
8472320,"gate_40",2,FALSE,FALSE
8472452,"gate_40",32,TRUE,FALSE
8472544,"gate_30",5,FALSE,FALSE
8472689,"gate_40",3,FALSE,FALSE
8472790,"gate_40",8,FALSE,TRUE
8473091,"gate_40",19,TRUE,FALSE
8473229,"gate_30",0,FALSE,FALSE
8473291,"gate_30",110,TRUE,TRUE
8473305,"gate_40",6,FALSE,FALSE
8473505,"gate_40",114,TRUE,FALSE
8473863,"gate_30",10,FALSE,FALSE
8473935,"gate_40",3,FALSE,FALSE
8474049,"gate_30",21,TRUE,FALSE
8474066,"gate_30",68,TRUE,FALSE
8474162,"gate_30",1,FALSE,FALSE
8474312,"gate_40",94,TRUE,FALSE
8474391,"gate_30",42,TRUE,FALSE
8474406,"gate_40",5,FALSE,FALSE
8474468,"gate_30",37,TRUE,TRUE
8474575,"gate_40",15,TRUE,FALSE
8474816,"gate_40",63,TRUE,TRUE
8474840,"gate_30",0,FALSE,FALSE
8474919,"gate_40",4,FALSE,FALSE
8475246,"gate_40",0,FALSE,FALSE
8475607,"gate_30",3,FALSE,FALSE
8475848,"gate_30",28,FALSE,FALSE
8475906,"gate_40",53,TRUE,FALSE
8475971,"gate_30",2,FALSE,FALSE
8476320,"gate_40",68,FALSE,TRUE
8476328,"gate_40",0,FALSE,FALSE
8476519,"gate_40",18,FALSE,FALSE
8477061,"gate_30",38,FALSE,TRUE
8477133,"gate_30",45,FALSE,TRUE
8477213,"gate_30",4,FALSE,FALSE
8477382,"gate_40",29,TRUE,TRUE
8477443,"gate_30",48,TRUE,FALSE
8477519,"gate_40",120,TRUE,TRUE
8477550,"gate_40",21,TRUE,FALSE
8477732,"gate_40",1,FALSE,FALSE
8477849,"gate_40",11,FALSE,FALSE
8477874,"gate_30",2,FALSE,FALSE
8477954,"gate_40",24,FALSE,FALSE
8478133,"gate_30",63,TRUE,FALSE
8478161,"gate_40",12,FALSE,FALSE
8478190,"gate_30",10,FALSE,FALSE
8478298,"gate_30",4,FALSE,FALSE
8478367,"gate_40",0,FALSE,FALSE
8478405,"gate_40",10,FALSE,FALSE
8478444,"gate_30",33,TRUE,TRUE
8478487,"gate_30",1,FALSE,FALSE
8478529,"gate_40",134,TRUE,TRUE
8478691,"gate_40",22,TRUE,FALSE
8478998,"gate_40",1,FALSE,FALSE
8479182,"gate_40",38,TRUE,FALSE
8479208,"gate_30",10,TRUE,TRUE
8479216,"gate_40",22,TRUE,FALSE
8479254,"gate_40",81,TRUE,FALSE
8479371,"gate_40",63,TRUE,FALSE
8479379,"gate_40",46,FALSE,FALSE
8479495,"gate_40",18,TRUE,TRUE
8479504,"gate_40",7,TRUE,FALSE
8479597,"gate_40",101,FALSE,TRUE
8479620,"gate_30",38,TRUE,FALSE
8479666,"gate_40",3,FALSE,FALSE
8479739,"gate_30",5,FALSE,FALSE
8479966,"gate_40",405,TRUE,TRUE
8479994,"gate_40",32,FALSE,FALSE
8480121,"gate_40",1,FALSE,FALSE
8480219,"gate_30",121,TRUE,TRUE
8480286,"gate_30",67,TRUE,TRUE
8480304,"gate_40",6,FALSE,FALSE
8480543,"gate_40",12,FALSE,FALSE
8480553,"gate_30",6,FALSE,FALSE
8480583,"gate_30",23,FALSE,FALSE
8480589,"gate_30",30,FALSE,FALSE
8480830,"gate_30",3,FALSE,FALSE
8480905,"gate_30",1,FALSE,FALSE
8480966,"gate_30",26,TRUE,FALSE
8481107,"gate_40",37,FALSE,FALSE
8481209,"gate_30",3,FALSE,FALSE
8481328,"gate_40",8,FALSE,FALSE
8481331,"gate_40",2,FALSE,FALSE
8481387,"gate_40",605,TRUE,TRUE
8481490,"gate_30",5,TRUE,FALSE
8481507,"gate_40",200,TRUE,TRUE
8481575,"gate_30",13,FALSE,FALSE
8481721,"gate_40",71,TRUE,TRUE
8481731,"gate_30",39,FALSE,TRUE
8481867,"gate_30",242,TRUE,FALSE
8481931,"gate_40",14,FALSE,FALSE
8481985,"gate_30",391,TRUE,TRUE
8482004,"gate_40",13,TRUE,FALSE
8482078,"gate_30",86,TRUE,TRUE
8482087,"gate_30",51,TRUE,FALSE
8482249,"gate_30",4,FALSE,FALSE
8482345,"gate_30",24,TRUE,FALSE
8482451,"gate_30",88,TRUE,FALSE
8482514,"gate_40",49,FALSE,FALSE
8482549,"gate_40",12,FALSE,FALSE
8482558,"gate_40",22,TRUE,TRUE
8482587,"gate_30",209,TRUE,TRUE
8482858,"gate_30",2,FALSE,FALSE
8482891,"gate_40",12,FALSE,FALSE
8483166,"gate_40",56,TRUE,FALSE
8483201,"gate_40",205,FALSE,TRUE
8483304,"gate_30",12,FALSE,FALSE
8483343,"gate_40",0,FALSE,FALSE
8483497,"gate_40",11,TRUE,FALSE
8483604,"gate_40",5,FALSE,FALSE
8483689,"gate_40",163,TRUE,TRUE
8483753,"gate_40",69,TRUE,FALSE
8483759,"gate_40",19,FALSE,FALSE
8483905,"gate_30",160,TRUE,TRUE
8483944,"gate_40",23,FALSE,FALSE
8484097,"gate_30",1,FALSE,FALSE
8484195,"gate_40",10,TRUE,FALSE
8484274,"gate_40",6,FALSE,FALSE
8484313,"gate_30",20,FALSE,FALSE
8484336,"gate_30",517,TRUE,TRUE
8484404,"gate_40",206,TRUE,TRUE
8484561,"gate_30",8,FALSE,FALSE
8484704,"gate_30",9,FALSE,FALSE
8484740,"gate_30",12,FALSE,FALSE
8484857,"gate_40",70,TRUE,FALSE
8484921,"gate_30",1,FALSE,FALSE
8485166,"gate_40",5,FALSE,FALSE
8485462,"gate_30",175,TRUE,TRUE
8485496,"gate_40",175,TRUE,TRUE
8485567,"gate_30",66,TRUE,FALSE
8485736,"gate_30",8,FALSE,FALSE
8485861,"gate_30",21,FALSE,FALSE
8485935,"gate_30",58,TRUE,FALSE
8486070,"gate_30",1,FALSE,FALSE
8486170,"gate_40",0,TRUE,FALSE
8486290,"gate_40",1,FALSE,FALSE
8486423,"gate_40",4,FALSE,FALSE
8486426,"gate_40",7,TRUE,FALSE
8486453,"gate_40",2,FALSE,FALSE
8486469,"gate_30",17,FALSE,FALSE
8486547,"gate_40",17,TRUE,FALSE
8486650,"gate_40",4,FALSE,FALSE
8486694,"gate_30",20,FALSE,FALSE
8486767,"gate_30",70,TRUE,FALSE
8486910,"gate_40",0,FALSE,FALSE
8486982,"gate_30",56,FALSE,FALSE
8487014,"gate_40",18,TRUE,FALSE
8487020,"gate_30",1,FALSE,FALSE
8487030,"gate_30",22,FALSE,FALSE
8487039,"gate_40",30,FALSE,FALSE
8487178,"gate_30",19,FALSE,TRUE
8487385,"gate_40",13,FALSE,FALSE
8487406,"gate_40",28,TRUE,FALSE
8487830,"gate_40",6,FALSE,FALSE
8487850,"gate_30",64,TRUE,FALSE
8487951,"gate_40",6,FALSE,FALSE
8487973,"gate_40",817,TRUE,TRUE
8487989,"gate_40",62,TRUE,TRUE
8488012,"gate_30",39,TRUE,FALSE
8488109,"gate_40",16,FALSE,FALSE
8488265,"gate_30",6,FALSE,FALSE
8488286,"gate_40",11,TRUE,FALSE
8488355,"gate_40",18,TRUE,FALSE
8488483,"gate_40",28,TRUE,FALSE
8488720,"gate_40",13,FALSE,FALSE
8488723,"gate_30",2,FALSE,FALSE
8488728,"gate_30",3,FALSE,FALSE
8488814,"gate_40",98,TRUE,FALSE
8489095,"gate_40",105,TRUE,FALSE
8489385,"gate_30",33,TRUE,FALSE
8489448,"gate_40",66,TRUE,FALSE
8489556,"gate_30",15,TRUE,FALSE
8489557,"gate_40",18,TRUE,FALSE
8489680,"gate_30",77,TRUE,TRUE
8489699,"gate_40",73,FALSE,FALSE
8489827,"gate_40",25,FALSE,FALSE
8489931,"gate_30",20,TRUE,FALSE
8489941,"gate_30",0,FALSE,FALSE
8490165,"gate_40",15,TRUE,FALSE
8490214,"gate_40",15,TRUE,FALSE
8490243,"gate_40",12,FALSE,FALSE
8490250,"gate_40",0,FALSE,FALSE
8490266,"gate_40",10,TRUE,FALSE
8490302,"gate_40",33,TRUE,FALSE
8490379,"gate_30",2,FALSE,FALSE
8490633,"gate_30",14,FALSE,FALSE
8490710,"gate_40",168,TRUE,FALSE
8490769,"gate_30",7,FALSE,FALSE
8491049,"gate_40",0,FALSE,FALSE
8491097,"gate_40",135,TRUE,TRUE
8491170,"gate_40",3,FALSE,FALSE
8491280,"gate_40",120,TRUE,FALSE
8491427,"gate_30",14,TRUE,FALSE
8491645,"gate_40",12,TRUE,FALSE
8491648,"gate_40",90,FALSE,FALSE
8491726,"gate_30",122,FALSE,TRUE
8491759,"gate_40",8,FALSE,FALSE
8491784,"gate_40",75,TRUE,FALSE
8491789,"gate_30",13,FALSE,FALSE
8491914,"gate_40",120,TRUE,TRUE
8491927,"gate_40",33,FALSE,FALSE
8492258,"gate_40",6,FALSE,FALSE
8492264,"gate_30",148,TRUE,TRUE
8492279,"gate_30",127,TRUE,FALSE
8492408,"gate_30",45,TRUE,TRUE
8492510,"gate_30",46,TRUE,TRUE
8492626,"gate_40",421,FALSE,TRUE
8492646,"gate_40",13,TRUE,FALSE
8492668,"gate_30",3,FALSE,FALSE
8492696,"gate_30",228,TRUE,FALSE
8492720,"gate_40",42,TRUE,FALSE
8492739,"gate_30",0,FALSE,FALSE
8492816,"gate_30",45,TRUE,FALSE
8492872,"gate_30",3,FALSE,FALSE
8492929,"gate_40",5,FALSE,FALSE
8493046,"gate_40",9,TRUE,FALSE
8493140,"gate_40",1,FALSE,FALSE
8493160,"gate_30",0,FALSE,FALSE
8493389,"gate_30",26,FALSE,FALSE
8493523,"gate_30",2,FALSE,FALSE
8493801,"gate_30",29,FALSE,FALSE
8494263,"gate_30",36,FALSE,FALSE
8494302,"gate_30",59,TRUE,FALSE
8494307,"gate_30",1,FALSE,FALSE
8494415,"gate_30",32,TRUE,FALSE
8494586,"gate_40",72,TRUE,FALSE
8494661,"gate_40",6,FALSE,FALSE
8494832,"gate_40",1,FALSE,FALSE
8494866,"gate_30",42,TRUE,FALSE
8494894,"gate_30",34,FALSE,FALSE
8494979,"gate_30",9,TRUE,FALSE
8495095,"gate_30",2,FALSE,FALSE
8495195,"gate_30",51,TRUE,FALSE
8495303,"gate_40",2,FALSE,FALSE
8495413,"gate_40",26,TRUE,FALSE
8495464,"gate_40",0,FALSE,FALSE
8495522,"gate_40",7,FALSE,FALSE
8495689,"gate_30",17,TRUE,FALSE
8495716,"gate_30",5,FALSE,FALSE
8495787,"gate_40",5,FALSE,FALSE
8496192,"gate_30",21,FALSE,FALSE
8496544,"gate_30",88,TRUE,FALSE
8496736,"gate_30",234,TRUE,FALSE
8496830,"gate_30",48,TRUE,FALSE
8496863,"gate_30",8,FALSE,FALSE
8496906,"gate_40",14,FALSE,FALSE
8496936,"gate_40",35,FALSE,FALSE
8497069,"gate_40",39,FALSE,TRUE
8497244,"gate_40",33,FALSE,FALSE
8497286,"gate_30",2,FALSE,FALSE
8497391,"gate_30",2,FALSE,FALSE
8498091,"gate_30",22,TRUE,FALSE
8498116,"gate_30",3,TRUE,FALSE
8498229,"gate_30",9,FALSE,FALSE
8498960,"gate_40",34,TRUE,FALSE
8499007,"gate_40",6,FALSE,FALSE
8499326,"gate_30",37,TRUE,FALSE
8499380,"gate_40",5,FALSE,FALSE
8499436,"gate_30",7,FALSE,FALSE
8499650,"gate_40",14,FALSE,FALSE
8500006,"gate_30",12,FALSE,FALSE
8500124,"gate_30",92,TRUE,FALSE
8500440,"gate_30",2,FALSE,FALSE
8500537,"gate_30",71,FALSE,TRUE
8500618,"gate_30",292,TRUE,TRUE
8500859,"gate_30",10,TRUE,FALSE
8500982,"gate_40",8,FALSE,FALSE
8501146,"gate_40",166,FALSE,TRUE
8501227,"gate_30",59,TRUE,FALSE
8501272,"gate_30",44,TRUE,FALSE
8501364,"gate_30",78,TRUE,TRUE
8501368,"gate_30",39,TRUE,FALSE
8501587,"gate_40",0,FALSE,FALSE
8501620,"gate_30",3,FALSE,FALSE
8501622,"gate_30",8,FALSE,FALSE
8501951,"gate_30",102,FALSE,FALSE
8502011,"gate_30",44,TRUE,FALSE
8502044,"gate_30",5,FALSE,FALSE
8502069,"gate_40",161,TRUE,TRUE
8502215,"gate_40",6,TRUE,FALSE
8502226,"gate_40",72,FALSE,FALSE
8502281,"gate_30",13,TRUE,FALSE
8502417,"gate_30",101,TRUE,TRUE
8502505,"gate_30",196,TRUE,TRUE
8502552,"gate_40",358,TRUE,TRUE
8502642,"gate_40",25,FALSE,FALSE
8502727,"gate_40",112,TRUE,FALSE
8502805,"gate_30",1,FALSE,FALSE
8502815,"gate_30",12,TRUE,FALSE
8503148,"gate_40",101,TRUE,FALSE
8503222,"gate_40",15,TRUE,TRUE
8503314,"gate_40",2,FALSE,FALSE
8503389,"gate_30",3,FALSE,FALSE
8503492,"gate_40",55,FALSE,TRUE
8503498,"gate_40",11,TRUE,FALSE
8503576,"gate_40",207,TRUE,TRUE
8503665,"gate_30",96,TRUE,FALSE
8503826,"gate_40",11,FALSE,TRUE
8503856,"gate_40",2,FALSE,FALSE
8503888,"gate_40",38,FALSE,FALSE
8504005,"gate_30",27,TRUE,FALSE
8504054,"gate_40",2,FALSE,FALSE
8504072,"gate_40",22,TRUE,FALSE
8504208,"gate_30",4,FALSE,FALSE
8504328,"gate_30",0,FALSE,FALSE
8504439,"gate_40",5,FALSE,FALSE
8504893,"gate_40",10,TRUE,FALSE
8505223,"gate_30",4,FALSE,FALSE
8505276,"gate_40",118,TRUE,TRUE
8505440,"gate_30",135,TRUE,TRUE
8505461,"gate_30",3,FALSE,FALSE
8505626,"gate_30",3,FALSE,FALSE
8505632,"gate_30",2,FALSE,FALSE
8505655,"gate_30",6,TRUE,FALSE
8506069,"gate_30",172,TRUE,FALSE
8506406,"gate_30",7,FALSE,FALSE
8506530,"gate_30",46,TRUE,FALSE
8506669,"gate_40",18,FALSE,FALSE
8506692,"gate_30",100,TRUE,FALSE
8506699,"gate_30",3,FALSE,FALSE
8506800,"gate_30",5,FALSE,FALSE
8506809,"gate_30",111,TRUE,TRUE
8506875,"gate_30",155,TRUE,TRUE
8506898,"gate_40",6,FALSE,FALSE
8506989,"gate_40",22,FALSE,FALSE
8507215,"gate_30",57,FALSE,FALSE
8507396,"gate_40",76,TRUE,FALSE
8507530,"gate_30",3,FALSE,FALSE
8507739,"gate_30",4,FALSE,FALSE
8508156,"gate_40",27,TRUE,FALSE
8508288,"gate_40",91,TRUE,TRUE
8508471,"gate_40",2,FALSE,FALSE
8508501,"gate_30",14,FALSE,FALSE
8508538,"gate_40",68,FALSE,FALSE
8508646,"gate_40",33,TRUE,TRUE
8508877,"gate_30",624,TRUE,TRUE
8508964,"gate_40",29,FALSE,TRUE
8508976,"gate_30",34,TRUE,FALSE
8508996,"gate_30",16,TRUE,FALSE
8509163,"gate_40",35,TRUE,FALSE
8509214,"gate_40",93,TRUE,TRUE
8509751,"gate_40",1,FALSE,FALSE
8509840,"gate_40",47,FALSE,TRUE
8509847,"gate_30",379,FALSE,TRUE
8509854,"gate_40",110,TRUE,TRUE
8509917,"gate_40",9,FALSE,FALSE
8510038,"gate_40",24,TRUE,FALSE
8510175,"gate_30",9,TRUE,FALSE
8510302,"gate_40",10,FALSE,FALSE
8510449,"gate_30",7,FALSE,FALSE
8510554,"gate_30",18,TRUE,FALSE
8510714,"gate_40",98,TRUE,FALSE
8510762,"gate_40",31,TRUE,FALSE
8511001,"gate_30",53,TRUE,TRUE
8511127,"gate_30",15,TRUE,FALSE
8511151,"gate_40",7,FALSE,FALSE
8511334,"gate_30",472,TRUE,TRUE
8511515,"gate_40",35,TRUE,FALSE
8511657,"gate_30",1,TRUE,FALSE
8511694,"gate_30",62,TRUE,FALSE
8512353,"gate_30",69,FALSE,FALSE
8512364,"gate_30",3,FALSE,FALSE
8512414,"gate_30",11,TRUE,FALSE
8512441,"gate_30",0,FALSE,FALSE
8512579,"gate_40",11,TRUE,FALSE
8512735,"gate_40",40,TRUE,FALSE
8512876,"gate_40",101,FALSE,FALSE
8512900,"gate_40",1,FALSE,FALSE
8513036,"gate_30",2,FALSE,FALSE
8513321,"gate_30",10,FALSE,FALSE
8513480,"gate_30",23,TRUE,FALSE
8513531,"gate_40",19,FALSE,FALSE
8513650,"gate_40",28,TRUE,FALSE
8513711,"gate_40",0,FALSE,FALSE
8513716,"gate_40",1,TRUE,TRUE
8513794,"gate_30",1,FALSE,FALSE
8513922,"gate_30",1,FALSE,FALSE
8513940,"gate_40",159,TRUE,TRUE
8514050,"gate_40",102,TRUE,TRUE
8514157,"gate_40",11,TRUE,FALSE
8514270,"gate_40",7,FALSE,FALSE
8514381,"gate_40",103,TRUE,TRUE
8514429,"gate_40",8,FALSE,FALSE
8514509,"gate_30",2,FALSE,FALSE
8514531,"gate_30",34,TRUE,FALSE
8514572,"gate_40",4,FALSE,FALSE
8514680,"gate_30",12,FALSE,FALSE
8514681,"gate_40",12,FALSE,FALSE
8514825,"gate_30",5,FALSE,FALSE
8514908,"gate_40",139,TRUE,TRUE
8514931,"gate_40",42,TRUE,TRUE
8515376,"gate_30",1,FALSE,FALSE
8515647,"gate_30",93,TRUE,FALSE
8515703,"gate_40",133,FALSE,FALSE
8515813,"gate_40",69,FALSE,FALSE
8515923,"gate_30",1,FALSE,FALSE
8516192,"gate_40",6,FALSE,FALSE
8516250,"gate_40",98,TRUE,FALSE
8516409,"gate_40",2,TRUE,FALSE
8516608,"gate_30",24,FALSE,FALSE
8516637,"gate_30",5,TRUE,FALSE
8516763,"gate_40",12,FALSE,FALSE
8517037,"gate_30",32,TRUE,FALSE
8517169,"gate_30",1,FALSE,FALSE
8517189,"gate_40",160,FALSE,FALSE
8517403,"gate_30",1,FALSE,FALSE
8517609,"gate_40",26,TRUE,FALSE
8517687,"gate_30",39,TRUE,FALSE
8517694,"gate_40",53,TRUE,FALSE
8517852,"gate_30",50,TRUE,FALSE
8517924,"gate_30",19,TRUE,FALSE
8518071,"gate_40",1,FALSE,FALSE
8518118,"gate_30",18,FALSE,FALSE
8518176,"gate_30",12,FALSE,FALSE
8518196,"gate_30",4,FALSE,FALSE
8518424,"gate_30",345,TRUE,TRUE
8518450,"gate_40",1,FALSE,FALSE
8518462,"gate_30",0,FALSE,FALSE
8518565,"gate_30",82,TRUE,FALSE
8518712,"gate_30",8,FALSE,TRUE
8518965,"gate_40",0,FALSE,FALSE
8519032,"gate_40",0,FALSE,FALSE
8519159,"gate_40",374,TRUE,FALSE
8519235,"gate_40",126,TRUE,TRUE
8519534,"gate_30",9,FALSE,FALSE
8519699,"gate_40",4,TRUE,FALSE
8519793,"gate_40",30,FALSE,FALSE
8519853,"gate_40",19,TRUE,FALSE
8520095,"gate_40",0,FALSE,FALSE
8520231,"gate_30",348,TRUE,TRUE
8520522,"gate_30",167,TRUE,TRUE
8520546,"gate_30",7,FALSE,FALSE
8520637,"gate_30",71,TRUE,FALSE
8520815,"gate_40",170,TRUE,TRUE
8520843,"gate_40",69,TRUE,FALSE
8520854,"gate_40",5,FALSE,FALSE
8520916,"gate_40",30,TRUE,FALSE
8521118,"gate_40",43,FALSE,FALSE
8521135,"gate_30",100,FALSE,FALSE
8521282,"gate_40",0,FALSE,FALSE
8521704,"gate_30",461,TRUE,TRUE
8521797,"gate_40",86,TRUE,TRUE
8521866,"gate_40",28,FALSE,FALSE
8522123,"gate_40",3,FALSE,FALSE
8522142,"gate_40",40,TRUE,FALSE
8522371,"gate_40",310,TRUE,FALSE
8522523,"gate_40",1,FALSE,FALSE
8522580,"gate_40",176,TRUE,FALSE
8522681,"gate_40",17,FALSE,FALSE
8522741,"gate_40",5,FALSE,FALSE
8522779,"gate_40",13,TRUE,FALSE
8523151,"gate_40",7,FALSE,FALSE
8523171,"gate_40",18,FALSE,FALSE
8523215,"gate_40",4,FALSE,FALSE
8523296,"gate_30",7,FALSE,FALSE
8523315,"gate_40",0,FALSE,FALSE
8523330,"gate_30",81,TRUE,TRUE
8523347,"gate_30",537,TRUE,TRUE
8523434,"gate_30",117,TRUE,FALSE
8523436,"gate_30",10,FALSE,FALSE
8523599,"gate_40",75,TRUE,FALSE
8523601,"gate_40",24,TRUE,TRUE
8523797,"gate_40",4,FALSE,FALSE
8523838,"gate_30",503,TRUE,TRUE
8523958,"gate_40",2,FALSE,FALSE
8524159,"gate_40",14,TRUE,FALSE
8524220,"gate_40",2,FALSE,FALSE
8524235,"gate_40",15,FALSE,TRUE
8524304,"gate_30",32,TRUE,FALSE
8524325,"gate_40",104,TRUE,FALSE
8524398,"gate_30",13,FALSE,FALSE
8524479,"gate_40",40,TRUE,FALSE
8524585,"gate_30",11,FALSE,FALSE
8524603,"gate_40",182,TRUE,TRUE
8524604,"gate_30",23,FALSE,FALSE
8524683,"gate_40",27,TRUE,FALSE
8524824,"gate_40",121,FALSE,TRUE
8524912,"gate_40",3,FALSE,FALSE
8525003,"gate_30",438,TRUE,TRUE
8525036,"gate_30",1,FALSE,FALSE
8525243,"gate_40",4,FALSE,FALSE
8525373,"gate_40",49,TRUE,FALSE
8525534,"gate_40",24,TRUE,FALSE
8525623,"gate_40",6,FALSE,FALSE
8525894,"gate_30",36,FALSE,FALSE
8526060,"gate_30",20,TRUE,FALSE
8526236,"gate_40",37,FALSE,FALSE
8526272,"gate_30",7,FALSE,FALSE
8526348,"gate_40",83,TRUE,TRUE
8526435,"gate_40",1,FALSE,FALSE
8526574,"gate_40",849,FALSE,TRUE
8526620,"gate_30",22,FALSE,FALSE
8526673,"gate_30",151,TRUE,TRUE
8526706,"gate_30",5,FALSE,FALSE
8526977,"gate_40",23,TRUE,TRUE
8527096,"gate_30",64,TRUE,TRUE
8527134,"gate_40",2,FALSE,FALSE
8527159,"gate_40",2,FALSE,TRUE
8527160,"gate_40",7,FALSE,FALSE
8527198,"gate_40",8,FALSE,FALSE
8527233,"gate_30",17,FALSE,FALSE
8527239,"gate_40",40,TRUE,FALSE
8527265,"gate_40",81,FALSE,TRUE
8527275,"gate_40",5,FALSE,FALSE
8527297,"gate_30",17,FALSE,FALSE
8527321,"gate_30",4,FALSE,FALSE
8527382,"gate_40",15,FALSE,FALSE
8527489,"gate_40",4,FALSE,FALSE
8527493,"gate_30",10,FALSE,FALSE
8527565,"gate_40",23,TRUE,FALSE
8527611,"gate_30",28,TRUE,FALSE
8527811,"gate_30",105,FALSE,FALSE
8527842,"gate_40",8,FALSE,FALSE
8528189,"gate_30",10,FALSE,FALSE
8528241,"gate_40",5,FALSE,FALSE
8528592,"gate_40",136,TRUE,TRUE
8528606,"gate_40",89,TRUE,FALSE
8528612,"gate_40",35,TRUE,FALSE
8528634,"gate_40",57,TRUE,FALSE
8528639,"gate_40",19,FALSE,FALSE
8528648,"gate_30",401,TRUE,FALSE
8528663,"gate_30",30,FALSE,FALSE
8528705,"gate_30",17,FALSE,FALSE
8528763,"gate_30",0,FALSE,FALSE
8528909,"gate_40",21,TRUE,FALSE
8528923,"gate_30",12,FALSE,FALSE
8528947,"gate_40",26,FALSE,FALSE
8528948,"gate_40",239,TRUE,TRUE
8529260,"gate_30",21,FALSE,FALSE
8529273,"gate_30",94,FALSE,TRUE
8529307,"gate_40",124,TRUE,FALSE
8529347,"gate_40",17,FALSE,FALSE
8529583,"gate_40",4,FALSE,FALSE
8529702,"gate_40",6,FALSE,FALSE
8529756,"gate_30",71,TRUE,FALSE
8529854,"gate_30",82,TRUE,FALSE
8529870,"gate_30",1,FALSE,FALSE
8529901,"gate_40",63,FALSE,FALSE
8529926,"gate_30",1,FALSE,FALSE
8530018,"gate_30",3,FALSE,FALSE
8530196,"gate_30",2,FALSE,FALSE
8530393,"gate_30",127,TRUE,TRUE
8530640,"gate_30",1,FALSE,FALSE
8530954,"gate_30",3,FALSE,FALSE
8530969,"gate_30",158,TRUE,TRUE
8531061,"gate_40",140,TRUE,FALSE
8531062,"gate_40",12,TRUE,FALSE
8531286,"gate_30",21,TRUE,FALSE
8531289,"gate_40",142,TRUE,TRUE
8531312,"gate_30",18,TRUE,FALSE
8531320,"gate_40",4,TRUE,FALSE
8531407,"gate_30",246,TRUE,FALSE
8531625,"gate_30",395,FALSE,TRUE
8531768,"gate_40",3,FALSE,FALSE
8532084,"gate_30",58,TRUE,TRUE
8532243,"gate_30",22,FALSE,FALSE
8532478,"gate_30",33,TRUE,TRUE
8532545,"gate_30",32,TRUE,FALSE
8532553,"gate_30",281,TRUE,FALSE
8532751,"gate_40",244,TRUE,TRUE
8532773,"gate_30",8,FALSE,FALSE
8532831,"gate_40",122,TRUE,FALSE
8532875,"gate_30",2,FALSE,FALSE
8532894,"gate_30",3,FALSE,FALSE
8533020,"gate_40",25,FALSE,FALSE
8533054,"gate_40",22,TRUE,FALSE
8533343,"gate_30",1,FALSE,FALSE
8533353,"gate_30",5,FALSE,FALSE
8533415,"gate_30",1,FALSE,FALSE
8533705,"gate_40",176,TRUE,TRUE
8533765,"gate_30",7,FALSE,FALSE
8533955,"gate_30",49,TRUE,FALSE
8534303,"gate_40",17,TRUE,FALSE
8534311,"gate_30",5,FALSE,FALSE
8534489,"gate_30",8,FALSE,FALSE
8534674,"gate_30",11,FALSE,TRUE
8534716,"gate_40",112,TRUE,FALSE
8535059,"gate_30",16,TRUE,FALSE
8535142,"gate_40",3,TRUE,FALSE
8535433,"gate_30",54,TRUE,FALSE
8535566,"gate_30",0,FALSE,FALSE
8535680,"gate_30",0,FALSE,FALSE
8535803,"gate_30",90,TRUE,TRUE
8535919,"gate_40",3,FALSE,FALSE
8535925,"gate_40",10,FALSE,FALSE
8535953,"gate_40",2,FALSE,FALSE
8535971,"gate_40",28,TRUE,FALSE
8535998,"gate_40",6,FALSE,FALSE
8536127,"gate_30",8,FALSE,FALSE
8536150,"gate_40",54,FALSE,TRUE
8536152,"gate_40",5,FALSE,FALSE
8536299,"gate_30",1,FALSE,FALSE
8536341,"gate_40",1,FALSE,FALSE
8536517,"gate_40",103,TRUE,FALSE
8536534,"gate_40",15,TRUE,FALSE
8536734,"gate_40",5,FALSE,FALSE
8536907,"gate_40",5,TRUE,FALSE
8537226,"gate_40",47,TRUE,TRUE
8537290,"gate_30",4,TRUE,FALSE
8537466,"gate_40",27,TRUE,FALSE
8537556,"gate_40",12,FALSE,FALSE
8537557,"gate_40",31,TRUE,FALSE
8537660,"gate_30",105,TRUE,FALSE
8537730,"gate_30",3,FALSE,FALSE
8537743,"gate_30",2,TRUE,FALSE
8537799,"gate_40",8,FALSE,TRUE
8538057,"gate_30",16,FALSE,FALSE
8538119,"gate_40",4,FALSE,FALSE
8538319,"gate_40",38,TRUE,TRUE
8538580,"gate_30",0,FALSE,FALSE
8538630,"gate_40",36,TRUE,FALSE
8538670,"gate_30",8,FALSE,FALSE
8538677,"gate_30",91,TRUE,TRUE
8538859,"gate_30",17,TRUE,FALSE
8538938,"gate_30",12,TRUE,FALSE
8538994,"gate_30",4,FALSE,FALSE
8539003,"gate_40",175,TRUE,FALSE
8539082,"gate_40",1,FALSE,FALSE
8539149,"gate_40",0,FALSE,FALSE
8539159,"gate_40",13,FALSE,FALSE
8539448,"gate_30",5,FALSE,FALSE
8539475,"gate_40",3,FALSE,FALSE
8539570,"gate_30",7,FALSE,FALSE
8539605,"gate_40",98,FALSE,TRUE
8539662,"gate_30",16,FALSE,FALSE
8539681,"gate_30",32,TRUE,FALSE
8539720,"gate_30",15,TRUE,FALSE
8539756,"gate_30",1,FALSE,FALSE
8540257,"gate_40",66,TRUE,FALSE
8540267,"gate_40",22,FALSE,FALSE
8540359,"gate_40",4,FALSE,FALSE
8540393,"gate_40",2,FALSE,FALSE
8540484,"gate_30",6,FALSE,FALSE
8540564,"gate_40",48,TRUE,FALSE
8540588,"gate_40",65,TRUE,FALSE
8540683,"gate_40",113,TRUE,FALSE
8540796,"gate_30",43,TRUE,TRUE
8540931,"gate_30",1,FALSE,FALSE
8541021,"gate_40",21,FALSE,FALSE
8541078,"gate_30",115,TRUE,TRUE
8541148,"gate_30",14,TRUE,FALSE
8541210,"gate_30",6,FALSE,FALSE
8541546,"gate_40",1,TRUE,FALSE
8542001,"gate_30",45,FALSE,FALSE
8542061,"gate_40",1,FALSE,FALSE
8542076,"gate_30",77,FALSE,FALSE
8542146,"gate_30",9,FALSE,FALSE
8542185,"gate_30",12,FALSE,FALSE
8542212,"gate_40",29,TRUE,TRUE
8542347,"gate_40",41,TRUE,FALSE
8542498,"gate_30",37,FALSE,FALSE
8542586,"gate_30",233,TRUE,TRUE
8542590,"gate_30",1,TRUE,FALSE
8542673,"gate_30",24,TRUE,FALSE
8542840,"gate_30",85,FALSE,FALSE
8542866,"gate_30",13,FALSE,FALSE
8542944,"gate_40",3,FALSE,FALSE
8543009,"gate_40",0,FALSE,FALSE
8543125,"gate_40",77,FALSE,FALSE
8543352,"gate_40",20,FALSE,FALSE
8543355,"gate_40",13,TRUE,FALSE
8543518,"gate_40",8,TRUE,FALSE
8543718,"gate_40",4,FALSE,FALSE
8543720,"gate_40",93,TRUE,TRUE
8543733,"gate_30",33,TRUE,FALSE
8543844,"gate_30",40,FALSE,FALSE
8543865,"gate_30",5,FALSE,FALSE
8543911,"gate_30",72,TRUE,FALSE
8544030,"gate_30",85,FALSE,FALSE
8544058,"gate_30",97,TRUE,TRUE
8544122,"gate_30",18,TRUE,FALSE
8544165,"gate_30",20,TRUE,FALSE
8544277,"gate_30",2,FALSE,FALSE
8544301,"gate_40",20,FALSE,FALSE
8544329,"gate_30",14,FALSE,FALSE
8544558,"gate_40",1,FALSE,FALSE
8544678,"gate_30",28,FALSE,FALSE
8544752,"gate_30",39,TRUE,TRUE
8544957,"gate_30",11,FALSE,FALSE
8545080,"gate_40",12,FALSE,FALSE
8545115,"gate_30",66,FALSE,FALSE
8545491,"gate_40",1,FALSE,FALSE
8545575,"gate_40",20,TRUE,FALSE
8545617,"gate_40",362,TRUE,TRUE
8545733,"gate_30",306,FALSE,TRUE
8545904,"gate_40",27,FALSE,FALSE
8545959,"gate_30",9,FALSE,FALSE
8546204,"gate_40",100,TRUE,FALSE
8546231,"gate_30",1,FALSE,FALSE
8546358,"gate_40",2,FALSE,FALSE
8546449,"gate_40",4,FALSE,FALSE
8546539,"gate_30",1,FALSE,FALSE
8546547,"gate_30",95,TRUE,FALSE
8546639,"gate_30",344,TRUE,TRUE
8546749,"gate_30",26,TRUE,FALSE
8546953,"gate_30",13,FALSE,FALSE
8547005,"gate_30",253,TRUE,TRUE
8547027,"gate_40",2,FALSE,FALSE
8547275,"gate_30",12,FALSE,FALSE
8547769,"gate_30",23,FALSE,FALSE
8547812,"gate_40",31,TRUE,FALSE
8548197,"gate_40",25,FALSE,FALSE
8548392,"gate_40",22,TRUE,TRUE
8548427,"gate_30",133,TRUE,TRUE
8548617,"gate_30",2,FALSE,FALSE
8548618,"gate_40",8,FALSE,FALSE
8548938,"gate_40",36,TRUE,FALSE
8549082,"gate_30",6,TRUE,FALSE
8549147,"gate_30",4,FALSE,FALSE
8549248,"gate_30",17,TRUE,FALSE
8549448,"gate_40",41,FALSE,FALSE
8549612,"gate_40",302,TRUE,TRUE
8549753,"gate_40",18,TRUE,FALSE
8549757,"gate_30",69,TRUE,FALSE
8549799,"gate_30",44,TRUE,FALSE
8550210,"gate_30",61,TRUE,TRUE
8550227,"gate_30",11,TRUE,FALSE
8550264,"gate_30",1,FALSE,FALSE
8550373,"gate_30",0,FALSE,FALSE
8550380,"gate_40",59,TRUE,TRUE
8550539,"gate_40",133,TRUE,FALSE
8550879,"gate_40",1,FALSE,FALSE
8550997,"gate_40",19,FALSE,FALSE
8551312,"gate_30",8,TRUE,FALSE
8551315,"gate_40",76,TRUE,FALSE
8551317,"gate_30",4,FALSE,FALSE
8551324,"gate_30",6,FALSE,FALSE
8551401,"gate_30",72,TRUE,TRUE
8551427,"gate_30",15,TRUE,FALSE
8551535,"gate_40",36,FALSE,FALSE
8551543,"gate_30",81,TRUE,TRUE
8551629,"gate_40",16,FALSE,FALSE
8551647,"gate_40",8,FALSE,FALSE
8551685,"gate_40",97,TRUE,FALSE
8552037,"gate_40",28,TRUE,TRUE
8552084,"gate_30",16,FALSE,FALSE
8552253,"gate_40",22,TRUE,FALSE
8552317,"gate_30",0,FALSE,FALSE
8552436,"gate_40",53,FALSE,FALSE
8552593,"gate_40",83,TRUE,TRUE
8552739,"gate_30",15,TRUE,FALSE
8552792,"gate_30",14,TRUE,FALSE
8553049,"gate_40",929,TRUE,TRUE
8553078,"gate_40",185,TRUE,FALSE
8553249,"gate_30",18,FALSE,FALSE
8553537,"gate_30",17,FALSE,FALSE
8553550,"gate_40",40,FALSE,FALSE
8553564,"gate_30",1,FALSE,FALSE
8553676,"gate_40",0,FALSE,FALSE
8553968,"gate_40",2,FALSE,FALSE
8554218,"gate_40",17,TRUE,FALSE
8554223,"gate_40",13,TRUE,FALSE
8554349,"gate_30",34,TRUE,TRUE
8554377,"gate_40",36,FALSE,FALSE
8554469,"gate_30",144,TRUE,FALSE
8554619,"gate_30",5,FALSE,FALSE
8554664,"gate_40",3,FALSE,FALSE
8554674,"gate_30",18,FALSE,FALSE
8554839,"gate_40",10,TRUE,FALSE
8555080,"gate_30",21,TRUE,FALSE
8555104,"gate_30",11,TRUE,FALSE
8555231,"gate_30",3,TRUE,FALSE
8555281,"gate_30",11,FALSE,FALSE
8555655,"gate_30",4,FALSE,FALSE
8555727,"gate_40",429,TRUE,FALSE
8555808,"gate_30",56,TRUE,FALSE
8555941,"gate_30",9,FALSE,FALSE
8556018,"gate_40",13,FALSE,FALSE
8556034,"gate_30",175,TRUE,TRUE
8556166,"gate_30",4,FALSE,FALSE
8556344,"gate_30",12,TRUE,FALSE
8556449,"gate_30",49,TRUE,FALSE
8556450,"gate_40",6,TRUE,FALSE
8556487,"gate_40",175,FALSE,TRUE
8556538,"gate_40",45,FALSE,TRUE
8556578,"gate_40",18,TRUE,FALSE
8556622,"gate_40",0,FALSE,FALSE
8556797,"gate_30",1,FALSE,FALSE
8556803,"gate_30",4,TRUE,FALSE
8556826,"gate_40",0,FALSE,FALSE
8557219,"gate_40",178,TRUE,TRUE
8557299,"gate_30",0,FALSE,FALSE
8557393,"gate_30",5,FALSE,FALSE
8557418,"gate_30",12,FALSE,FALSE
8557478,"gate_30",0,FALSE,FALSE
8557565,"gate_40",44,TRUE,FALSE
8557609,"gate_30",9,FALSE,FALSE
8557727,"gate_40",123,TRUE,TRUE
8557821,"gate_40",6,FALSE,FALSE
8557840,"gate_30",2,FALSE,FALSE
8557859,"gate_30",12,FALSE,FALSE
8558369,"gate_30",74,TRUE,TRUE
8558455,"gate_30",28,FALSE,FALSE
8558719,"gate_30",2,FALSE,FALSE
8558804,"gate_30",13,FALSE,FALSE
8558814,"gate_30",45,FALSE,FALSE
8559590,"gate_30",34,TRUE,FALSE
8559822,"gate_30",4,FALSE,FALSE
8559880,"gate_40",45,TRUE,FALSE
8559963,"gate_30",153,TRUE,FALSE
8560047,"gate_40",13,TRUE,FALSE
8560130,"gate_30",2,FALSE,FALSE
8560156,"gate_30",40,TRUE,FALSE
8560306,"gate_30",34,TRUE,FALSE
8560377,"gate_40",13,FALSE,TRUE
8560408,"gate_30",189,TRUE,TRUE
8560575,"gate_40",99,TRUE,FALSE
8560781,"gate_30",17,FALSE,TRUE
8560797,"gate_40",3,TRUE,FALSE
8560810,"gate_30",52,TRUE,TRUE
8560910,"gate_30",43,TRUE,FALSE
8560987,"gate_30",0,FALSE,FALSE
8561071,"gate_30",3,FALSE,FALSE
8561182,"gate_30",1,FALSE,FALSE
8561197,"gate_40",148,TRUE,TRUE
8561251,"gate_40",6,FALSE,FALSE
8561320,"gate_30",2,TRUE,FALSE
8561371,"gate_30",59,TRUE,FALSE
8561374,"gate_30",3,FALSE,FALSE
8561666,"gate_30",20,TRUE,FALSE
8561845,"gate_30",62,TRUE,FALSE
8562041,"gate_40",37,FALSE,FALSE
8562042,"gate_40",6,TRUE,FALSE
8562161,"gate_40",39,FALSE,FALSE
8562270,"gate_30",34,FALSE,TRUE
8562395,"gate_40",2,FALSE,FALSE
8562396,"gate_30",3,FALSE,FALSE
8562436,"gate_40",129,TRUE,TRUE
8562763,"gate_40",0,FALSE,FALSE
8562844,"gate_40",351,TRUE,TRUE
8562917,"gate_30",6,FALSE,FALSE
8562996,"gate_40",18,FALSE,FALSE
8563005,"gate_40",23,FALSE,FALSE
8563061,"gate_40",16,TRUE,FALSE
8563071,"gate_40",50,FALSE,TRUE
8563122,"gate_40",375,TRUE,TRUE
8563256,"gate_40",27,FALSE,FALSE
8563280,"gate_30",64,TRUE,FALSE
8563356,"gate_30",24,FALSE,FALSE
8563469,"gate_30",4,FALSE,FALSE
8563487,"gate_40",6,TRUE,TRUE
8563572,"gate_40",60,TRUE,FALSE
8563706,"gate_30",7,FALSE,FALSE
8564131,"gate_30",22,FALSE,FALSE
8564168,"gate_30",26,FALSE,FALSE
8564267,"gate_40",65,FALSE,FALSE
8564294,"gate_30",30,TRUE,FALSE
8564650,"gate_30",6,TRUE,FALSE
8564676,"gate_40",416,TRUE,TRUE
8564948,"gate_30",20,FALSE,FALSE
8564984,"gate_30",185,TRUE,TRUE
8565147,"gate_40",104,TRUE,TRUE
8565215,"gate_40",1,FALSE,FALSE
8565397,"gate_40",16,FALSE,FALSE
8565674,"gate_40",1098,TRUE,TRUE
8565766,"gate_30",19,TRUE,FALSE
8565870,"gate_30",1,FALSE,FALSE
8565943,"gate_30",120,TRUE,FALSE
8565958,"gate_40",80,TRUE,FALSE
8566155,"gate_30",101,TRUE,TRUE
8566442,"gate_30",1,FALSE,FALSE
8566515,"gate_40",4,FALSE,FALSE
8566550,"gate_40",2,TRUE,FALSE
8566573,"gate_40",2,FALSE,FALSE
8566802,"gate_40",94,TRUE,FALSE
8566847,"gate_40",88,TRUE,TRUE
8566931,"gate_30",85,TRUE,FALSE
8567008,"gate_40",33,TRUE,FALSE
8567080,"gate_30",8,FALSE,FALSE
8567166,"gate_30",36,TRUE,FALSE
8567219,"gate_30",139,TRUE,TRUE
8567229,"gate_30",37,TRUE,FALSE
8567254,"gate_40",6,TRUE,FALSE
8567469,"gate_40",17,FALSE,FALSE
8567522,"gate_30",1,FALSE,FALSE
8567758,"gate_40",0,FALSE,FALSE
8567848,"gate_40",80,TRUE,TRUE
8567910,"gate_40",18,FALSE,FALSE
8568050,"gate_30",67,TRUE,FALSE
8568124,"gate_40",216,TRUE,TRUE
8568424,"gate_30",314,TRUE,TRUE
8568437,"gate_40",4,TRUE,FALSE
8568457,"gate_30",0,FALSE,FALSE
8568523,"gate_40",5,FALSE,FALSE
8568576,"gate_30",812,TRUE,TRUE
8568682,"gate_30",317,TRUE,TRUE
8569035,"gate_30",57,TRUE,FALSE
8569112,"gate_40",24,FALSE,FALSE
8569122,"gate_30",8,TRUE,FALSE
8569237,"gate_40",88,TRUE,FALSE
8569342,"gate_30",110,TRUE,FALSE
8569441,"gate_40",73,TRUE,FALSE
8569461,"gate_30",36,TRUE,FALSE
8569482,"gate_30",8,FALSE,FALSE
8569640,"gate_30",74,TRUE,FALSE
8569689,"gate_30",126,TRUE,TRUE
8569697,"gate_40",137,TRUE,TRUE
8569866,"gate_30",17,TRUE,FALSE
8569998,"gate_40",0,FALSE,FALSE
8570045,"gate_40",126,TRUE,TRUE
8570075,"gate_30",423,TRUE,TRUE
8570176,"gate_40",116,FALSE,TRUE
8570255,"gate_30",107,TRUE,FALSE
8570348,"gate_30",2,FALSE,FALSE
8570503,"gate_30",3,FALSE,FALSE
8570531,"gate_30",2,FALSE,FALSE
8570533,"gate_30",153,FALSE,TRUE
8570641,"gate_30",13,FALSE,FALSE
8571019,"gate_30",1,FALSE,FALSE
8571044,"gate_40",2,FALSE,FALSE
8571130,"gate_30",3,FALSE,FALSE
8571136,"gate_30",139,FALSE,TRUE
8571241,"gate_40",81,FALSE,FALSE
8571289,"gate_30",37,TRUE,FALSE
8571487,"gate_40",10,FALSE,FALSE
8571605,"gate_30",49,TRUE,FALSE
8571733,"gate_40",1,FALSE,FALSE
8571803,"gate_40",24,TRUE,FALSE
8571927,"gate_40",9,FALSE,FALSE
8571989,"gate_40",47,TRUE,FALSE
8572317,"gate_40",46,TRUE,FALSE
8572398,"gate_30",30,FALSE,TRUE
8572407,"gate_30",63,FALSE,TRUE
8572436,"gate_40",25,FALSE,FALSE
8572508,"gate_40",21,TRUE,FALSE
8572802,"gate_30",19,TRUE,FALSE
8572885,"gate_30",99,TRUE,TRUE
8572891,"gate_40",1,FALSE,FALSE
8572926,"gate_30",4,FALSE,FALSE
8572940,"gate_40",4,FALSE,FALSE
8573049,"gate_40",21,FALSE,FALSE
8573113,"gate_30",94,TRUE,FALSE
8573493,"gate_40",13,FALSE,FALSE
8573618,"gate_30",90,TRUE,FALSE
8573654,"gate_30",41,TRUE,FALSE
8573771,"gate_40",38,TRUE,FALSE
8574009,"gate_40",5,FALSE,FALSE
8574022,"gate_30",23,FALSE,FALSE
8574043,"gate_30",1,FALSE,FALSE
8574056,"gate_30",38,TRUE,FALSE
8574181,"gate_40",164,TRUE,FALSE
8574214,"gate_40",0,FALSE,FALSE
8574327,"gate_30",0,FALSE,FALSE
8574354,"gate_30",53,TRUE,FALSE
8574510,"gate_40",59,TRUE,FALSE
8574685,"gate_30",5,FALSE,FALSE
8574721,"gate_40",132,TRUE,FALSE
8574768,"gate_40",1,FALSE,FALSE
8574769,"gate_30",3,FALSE,FALSE
8574789,"gate_30",21,TRUE,FALSE
8574853,"gate_40",27,TRUE,FALSE
8574943,"gate_30",32,TRUE,FALSE
8575018,"gate_40",4,FALSE,FALSE
8575108,"gate_40",14,FALSE,FALSE
8575137,"gate_30",6,FALSE,FALSE
8575261,"gate_40",70,TRUE,FALSE
8575444,"gate_30",9,FALSE,FALSE
8575519,"gate_30",1,FALSE,FALSE
8575584,"gate_30",63,TRUE,TRUE
8575619,"gate_30",2,TRUE,FALSE
8575703,"gate_30",6,FALSE,FALSE
8575729,"gate_40",5,FALSE,FALSE
8575777,"gate_30",62,TRUE,FALSE
8575850,"gate_30",528,TRUE,TRUE
8575887,"gate_40",7,FALSE,FALSE
8575977,"gate_30",9,FALSE,FALSE
8576009,"gate_30",34,TRUE,FALSE
8576091,"gate_30",0,FALSE,FALSE
8576092,"gate_30",295,TRUE,FALSE
8576708,"gate_30",8,FALSE,FALSE
8576832,"gate_40",0,FALSE,FALSE
8576923,"gate_40",2,FALSE,FALSE
8577362,"gate_40",224,TRUE,TRUE
8577786,"gate_30",0,FALSE,FALSE
8577830,"gate_30",27,FALSE,FALSE
8577861,"gate_40",1307,TRUE,TRUE
8577905,"gate_30",7,FALSE,FALSE
8578031,"gate_40",137,TRUE,TRUE
8578057,"gate_30",28,TRUE,FALSE
8578126,"gate_30",603,TRUE,TRUE
8578162,"gate_30",36,TRUE,FALSE
8578280,"gate_30",1,FALSE,FALSE
8578379,"gate_40",104,TRUE,FALSE
8578544,"gate_40",9,FALSE,FALSE
8578791,"gate_30",10,FALSE,FALSE
8578991,"gate_30",44,TRUE,TRUE
8579031,"gate_40",60,TRUE,FALSE
8579071,"gate_30",7,FALSE,FALSE
8579125,"gate_40",86,TRUE,FALSE
8579232,"gate_30",28,FALSE,FALSE
8579365,"gate_40",120,TRUE,TRUE
8579369,"gate_30",3,FALSE,FALSE
8579514,"gate_30",3,FALSE,FALSE
8579615,"gate_30",145,TRUE,TRUE
8579860,"gate_30",7,FALSE,FALSE
8579954,"gate_40",8,TRUE,FALSE
8580027,"gate_40",7,FALSE,FALSE
8580277,"gate_30",8,FALSE,FALSE
8580620,"gate_40",1,FALSE,FALSE
8580673,"gate_40",0,FALSE,FALSE
8580778,"gate_40",18,TRUE,FALSE
8580799,"gate_30",196,TRUE,TRUE
8580960,"gate_30",184,TRUE,TRUE
8581010,"gate_30",9,FALSE,FALSE
8581022,"gate_30",121,TRUE,FALSE
8581119,"gate_30",1,FALSE,FALSE
8581162,"gate_30",8,FALSE,FALSE
8581304,"gate_30",18,TRUE,FALSE
8581371,"gate_30",6,TRUE,FALSE
8581708,"gate_30",29,TRUE,FALSE
8581737,"gate_30",4,FALSE,FALSE
8581807,"gate_30",272,TRUE,FALSE
8581886,"gate_30",81,FALSE,TRUE
8581965,"gate_30",70,TRUE,TRUE
8581991,"gate_40",0,FALSE,FALSE
8581994,"gate_30",3,FALSE,FALSE
8582021,"gate_40",3,FALSE,FALSE
8582022,"gate_40",19,FALSE,FALSE
8582130,"gate_40",10,FALSE,FALSE
8582180,"gate_40",3,FALSE,FALSE
8582227,"gate_30",213,TRUE,FALSE
8582295,"gate_40",169,FALSE,TRUE
8582327,"gate_40",2,FALSE,FALSE
8582521,"gate_30",80,TRUE,FALSE
8582700,"gate_40",33,FALSE,FALSE
8582880,"gate_40",4,FALSE,FALSE
8582935,"gate_30",0,FALSE,FALSE
8582944,"gate_40",11,TRUE,FALSE
8582949,"gate_30",32,TRUE,TRUE
8583291,"gate_30",167,TRUE,TRUE
8583325,"gate_40",12,FALSE,FALSE
8583581,"gate_30",0,FALSE,FALSE
8583699,"gate_30",3,FALSE,FALSE
8583815,"gate_30",22,TRUE,FALSE
8583827,"gate_40",3,FALSE,FALSE
8583876,"gate_30",14,FALSE,FALSE
8584351,"gate_30",23,FALSE,TRUE
8584411,"gate_40",10,FALSE,FALSE
8584431,"gate_30",102,TRUE,FALSE
8584624,"gate_40",8,FALSE,FALSE
8584659,"gate_30",157,TRUE,FALSE
8584706,"gate_30",72,FALSE,FALSE
8584888,"gate_30",113,TRUE,FALSE
8584891,"gate_30",43,TRUE,FALSE
8585244,"gate_30",4,TRUE,FALSE
8585340,"gate_40",1,FALSE,FALSE
8585416,"gate_40",129,TRUE,FALSE
8585580,"gate_30",29,FALSE,FALSE
8585590,"gate_40",4,FALSE,FALSE
8585629,"gate_40",14,FALSE,FALSE
8585779,"gate_30",0,FALSE,FALSE
8585816,"gate_40",10,TRUE,TRUE
8586092,"gate_40",6,FALSE,FALSE
8586180,"gate_30",94,TRUE,FALSE
8586260,"gate_30",14,FALSE,FALSE
8586515,"gate_40",3,FALSE,FALSE
8586873,"gate_30",5,FALSE,FALSE
8586877,"gate_30",85,TRUE,FALSE
8587178,"gate_30",6,FALSE,FALSE
8587184,"gate_30",82,TRUE,FALSE
8587897,"gate_30",2,FALSE,FALSE
8588010,"gate_40",52,TRUE,FALSE
8588186,"gate_40",184,TRUE,FALSE
8588321,"gate_30",553,TRUE,TRUE
8588476,"gate_40",18,FALSE,FALSE
8588478,"gate_40",78,TRUE,TRUE
8588513,"gate_40",374,TRUE,TRUE
8588584,"gate_40",6,FALSE,FALSE
8588618,"gate_40",3,FALSE,FALSE
8588970,"gate_40",2,FALSE,FALSE
8589078,"gate_30",206,TRUE,TRUE
8589196,"gate_40",227,TRUE,TRUE
8589320,"gate_40",11,FALSE,FALSE
8589344,"gate_30",32,FALSE,FALSE
8589356,"gate_30",1,TRUE,FALSE
8589380,"gate_30",40,TRUE,FALSE
8589421,"gate_40",71,TRUE,FALSE
8589754,"gate_30",24,TRUE,FALSE
8589794,"gate_40",6,FALSE,FALSE
8589983,"gate_40",24,FALSE,FALSE
8590032,"gate_30",17,FALSE,FALSE
8590053,"gate_40",7,FALSE,FALSE
8590243,"gate_40",0,FALSE,FALSE
8590362,"gate_40",12,FALSE,FALSE
8590649,"gate_40",1,FALSE,FALSE
8590687,"gate_40",16,FALSE,FALSE
8590762,"gate_40",119,TRUE,TRUE
8591000,"gate_40",42,TRUE,TRUE
8591067,"gate_40",8,FALSE,FALSE
8591090,"gate_40",20,TRUE,TRUE
8591360,"gate_40",18,FALSE,FALSE
8591386,"gate_30",102,TRUE,FALSE
8591446,"gate_40",16,FALSE,FALSE
8591741,"gate_40",46,FALSE,FALSE
8591928,"gate_40",23,FALSE,FALSE
8592109,"gate_40",33,TRUE,FALSE
8592182,"gate_30",13,TRUE,FALSE
8592234,"gate_30",0,FALSE,FALSE
8592625,"gate_30",1,FALSE,FALSE
8592649,"gate_30",1,FALSE,FALSE
8592846,"gate_30",0,FALSE,FALSE
8593257,"gate_30",93,FALSE,FALSE
8593359,"gate_40",3,FALSE,FALSE
8593517,"gate_30",3,FALSE,FALSE
8593593,"gate_30",29,TRUE,FALSE
8593718,"gate_40",1,FALSE,FALSE
8593915,"gate_40",148,TRUE,FALSE
8593949,"gate_30",3,FALSE,FALSE
8593983,"gate_30",2,FALSE,FALSE
8594095,"gate_40",22,FALSE,FALSE
8594133,"gate_40",57,FALSE,FALSE
8594243,"gate_40",18,FALSE,FALSE
8594257,"gate_30",3,FALSE,FALSE
8594514,"gate_30",2,FALSE,FALSE
8594704,"gate_40",10,FALSE,FALSE
8594739,"gate_30",8,FALSE,FALSE
8594797,"gate_30",11,FALSE,FALSE
8594815,"gate_30",75,TRUE,TRUE
8595049,"gate_30",0,FALSE,FALSE
8595120,"gate_30",67,TRUE,FALSE
8595137,"gate_30",6,FALSE,FALSE
8595224,"gate_40",6,FALSE,FALSE
8595317,"gate_40",47,TRUE,FALSE
8595586,"gate_30",18,TRUE,FALSE
8595823,"gate_40",53,FALSE,FALSE
8596062,"gate_30",18,TRUE,FALSE
8596081,"gate_30",47,TRUE,TRUE
8596097,"gate_30",14,FALSE,FALSE
8596136,"gate_40",2,FALSE,FALSE
8596160,"gate_40",333,TRUE,TRUE
8596256,"gate_30",3,TRUE,FALSE
8596279,"gate_40",0,FALSE,FALSE
8596715,"gate_40",140,FALSE,TRUE
8596721,"gate_30",0,FALSE,FALSE
8596911,"gate_30",5,FALSE,FALSE
8596930,"gate_30",50,TRUE,FALSE
8596983,"gate_40",58,TRUE,FALSE
8597184,"gate_30",13,FALSE,FALSE
8597205,"gate_40",39,TRUE,FALSE
8597211,"gate_30",100,TRUE,TRUE
8597230,"gate_40",7,FALSE,FALSE
8597258,"gate_40",5,FALSE,FALSE
8597462,"gate_30",134,TRUE,FALSE
8597518,"gate_30",1,FALSE,FALSE
8597527,"gate_30",283,TRUE,FALSE
8597646,"gate_40",7,FALSE,FALSE
8597691,"gate_30",4,FALSE,FALSE
8597738,"gate_30",0,FALSE,FALSE
8597741,"gate_30",0,FALSE,FALSE
8597763,"gate_40",3,FALSE,FALSE
8597770,"gate_40",201,TRUE,FALSE
8597780,"gate_30",1,FALSE,FALSE
8597857,"gate_40",27,FALSE,FALSE
8597969,"gate_40",5,FALSE,FALSE
8598039,"gate_30",5,FALSE,FALSE
8598108,"gate_30",2,FALSE,FALSE
8598109,"gate_40",19,TRUE,FALSE
8598182,"gate_30",24,TRUE,TRUE
8598294,"gate_40",17,FALSE,FALSE
8598300,"gate_40",26,FALSE,FALSE
8598315,"gate_40",6,FALSE,FALSE
8598422,"gate_40",32,FALSE,FALSE
8598508,"gate_30",32,TRUE,FALSE
8598527,"gate_30",368,TRUE,FALSE
8598585,"gate_30",116,TRUE,FALSE
8598648,"gate_30",4,FALSE,FALSE
8598686,"gate_40",95,TRUE,TRUE
8598729,"gate_40",205,TRUE,TRUE
8598773,"gate_30",49,TRUE,FALSE
8598844,"gate_40",142,TRUE,TRUE
8598984,"gate_40",18,TRUE,FALSE
8599210,"gate_40",10,FALSE,TRUE
8599258,"gate_40",274,TRUE,TRUE
8599311,"gate_40",5,FALSE,FALSE
8599339,"gate_30",3,FALSE,FALSE
8599386,"gate_30",99,TRUE,FALSE
8599499,"gate_30",10,TRUE,FALSE
8599704,"gate_40",55,TRUE,FALSE
8599906,"gate_40",323,TRUE,TRUE
8599957,"gate_40",65,TRUE,TRUE
8600041,"gate_40",6,FALSE,FALSE
8600324,"gate_40",12,FALSE,FALSE
8600400,"gate_30",38,TRUE,FALSE
8600467,"gate_30",5,TRUE,FALSE
8600588,"gate_30",14,FALSE,FALSE
8600605,"gate_40",144,TRUE,TRUE
8600649,"gate_40",1,FALSE,FALSE
8600727,"gate_30",53,TRUE,FALSE
8600747,"gate_40",58,TRUE,TRUE
8601135,"gate_30",14,FALSE,FALSE
8601208,"gate_30",46,FALSE,TRUE
8601598,"gate_30",19,FALSE,FALSE
8601798,"gate_40",6,FALSE,FALSE
8601799,"gate_30",3,FALSE,FALSE
8601814,"gate_40",208,TRUE,FALSE
8601917,"gate_40",1,FALSE,FALSE
8601932,"gate_30",3,FALSE,FALSE
8602304,"gate_30",8,FALSE,FALSE
8602356,"gate_40",111,TRUE,TRUE
8602448,"gate_30",2,FALSE,FALSE
8602451,"gate_30",22,FALSE,FALSE
8602551,"gate_30",61,FALSE,TRUE
8602724,"gate_30",10,FALSE,FALSE
8602748,"gate_30",28,FALSE,FALSE
8602768,"gate_30",36,TRUE,TRUE
8602800,"gate_30",42,TRUE,FALSE
8602931,"gate_30",126,TRUE,TRUE
8603041,"gate_40",10,FALSE,TRUE
8603143,"gate_40",0,FALSE,FALSE
8603210,"gate_30",5,FALSE,FALSE
8603247,"gate_40",56,TRUE,FALSE
8603406,"gate_40",13,FALSE,FALSE
8603420,"gate_30",12,FALSE,FALSE
8603433,"gate_30",171,TRUE,TRUE
8603451,"gate_30",60,TRUE,FALSE
8603654,"gate_40",4,FALSE,FALSE
8603801,"gate_40",10,FALSE,FALSE
8603873,"gate_40",43,TRUE,FALSE
8604037,"gate_40",17,TRUE,FALSE
8604157,"gate_30",15,FALSE,FALSE
8604182,"gate_30",50,TRUE,FALSE
8604293,"gate_40",107,TRUE,TRUE
8604331,"gate_30",14,FALSE,FALSE
8604453,"gate_30",75,TRUE,FALSE
8604596,"gate_30",29,TRUE,FALSE
8604601,"gate_40",22,TRUE,FALSE
8604609,"gate_30",19,TRUE,FALSE
8604912,"gate_30",4,FALSE,FALSE
8605019,"gate_30",12,FALSE,FALSE
8605134,"gate_40",56,FALSE,FALSE
8605175,"gate_30",12,FALSE,FALSE
8605228,"gate_30",2,FALSE,FALSE
8605377,"gate_40",3,FALSE,FALSE
8605454,"gate_30",12,FALSE,FALSE
8605472,"gate_30",1,FALSE,FALSE
8605537,"gate_30",79,TRUE,FALSE
8605810,"gate_40",67,FALSE,TRUE
8605953,"gate_30",37,TRUE,FALSE
8605959,"gate_40",0,FALSE,FALSE
8605968,"gate_40",65,FALSE,FALSE
8606006,"gate_30",519,TRUE,TRUE
8606073,"gate_40",12,FALSE,FALSE
8606103,"gate_40",35,TRUE,FALSE
8606329,"gate_40",8,TRUE,FALSE
8606358,"gate_30",62,TRUE,FALSE
8606363,"gate_30",38,FALSE,FALSE
8606389,"gate_30",6,FALSE,FALSE
8606398,"gate_30",18,TRUE,FALSE
8606516,"gate_40",16,FALSE,FALSE
8606531,"gate_30",181,TRUE,TRUE
8606965,"gate_40",6,TRUE,FALSE
8606984,"gate_40",33,FALSE,FALSE
8607038,"gate_40",1,FALSE,FALSE
8607215,"gate_40",0,FALSE,FALSE
8607240,"gate_30",678,TRUE,TRUE
8607408,"gate_40",138,FALSE,TRUE
8607420,"gate_40",45,FALSE,FALSE
8607498,"gate_30",12,FALSE,FALSE
8607518,"gate_40",35,TRUE,FALSE
8607573,"gate_30",30,FALSE,FALSE
8608067,"gate_40",2,FALSE,FALSE
8608082,"gate_40",1,FALSE,FALSE
8608170,"gate_30",16,FALSE,FALSE
8608331,"gate_40",1,FALSE,FALSE
8608396,"gate_40",3,TRUE,FALSE
8608621,"gate_30",1,FALSE,FALSE
8608622,"gate_30",30,FALSE,TRUE
8608706,"gate_40",51,TRUE,TRUE
8608762,"gate_30",1,FALSE,FALSE
8608809,"gate_40",89,TRUE,TRUE
8608822,"gate_40",20,TRUE,FALSE
8609065,"gate_40",402,TRUE,TRUE
8609105,"gate_40",22,TRUE,FALSE
8609114,"gate_40",21,FALSE,FALSE
8609328,"gate_30",16,FALSE,FALSE
8609392,"gate_40",11,FALSE,FALSE
8609420,"gate_30",56,TRUE,TRUE
8609434,"gate_40",39,FALSE,FALSE
8609825,"gate_30",57,TRUE,TRUE
8609895,"gate_30",10,FALSE,FALSE
8609991,"gate_30",73,FALSE,FALSE
8609994,"gate_30",137,TRUE,TRUE
8610112,"gate_40",4,FALSE,FALSE
8610119,"gate_40",6,FALSE,FALSE
8610174,"gate_40",8,FALSE,FALSE
8610569,"gate_30",71,TRUE,FALSE
8610739,"gate_30",3,FALSE,FALSE
8610906,"gate_30",8,TRUE,FALSE
8610979,"gate_30",70,TRUE,FALSE
8610988,"gate_40",26,TRUE,FALSE
8611257,"gate_30",36,FALSE,TRUE
8611393,"gate_30",29,FALSE,FALSE
8611500,"gate_40",20,TRUE,FALSE
8611744,"gate_40",317,TRUE,TRUE
8611750,"gate_40",2,FALSE,FALSE
8611766,"gate_40",1,FALSE,FALSE
8611825,"gate_30",11,FALSE,FALSE
8611830,"gate_40",9,FALSE,FALSE
8611834,"gate_30",8,FALSE,FALSE
8611844,"gate_40",360,TRUE,TRUE
8612111,"gate_30",7,FALSE,FALSE
8612123,"gate_40",13,FALSE,FALSE
8612134,"gate_30",11,FALSE,FALSE
8612500,"gate_40",3,TRUE,FALSE
8612712,"gate_40",18,FALSE,FALSE
8612718,"gate_40",13,TRUE,FALSE
8612794,"gate_30",1,FALSE,FALSE
8612820,"gate_30",4,FALSE,FALSE
8613382,"gate_30",44,FALSE,FALSE
8613383,"gate_30",40,TRUE,FALSE
8613393,"gate_40",5,FALSE,FALSE
8613445,"gate_40",246,TRUE,TRUE
8613662,"gate_30",18,FALSE,FALSE
8613667,"gate_30",10,FALSE,FALSE
8613784,"gate_30",3,FALSE,FALSE
8613956,"gate_30",6,TRUE,FALSE
8614083,"gate_40",17,TRUE,FALSE
8614382,"gate_40",9,FALSE,FALSE
8614400,"gate_30",2,FALSE,FALSE
8614618,"gate_40",12,FALSE,FALSE
8614623,"gate_40",46,FALSE,TRUE
8614628,"gate_30",9,FALSE,FALSE
8614713,"gate_30",112,TRUE,TRUE
8614832,"gate_30",26,TRUE,TRUE
8614970,"gate_30",47,TRUE,FALSE
8615182,"gate_40",0,FALSE,FALSE
8615608,"gate_40",223,TRUE,TRUE
8615677,"gate_30",88,TRUE,TRUE
8615906,"gate_40",96,TRUE,FALSE
8616062,"gate_40",8,FALSE,FALSE
8616066,"gate_30",66,FALSE,TRUE
8616116,"gate_30",70,FALSE,TRUE
8616228,"gate_30",33,FALSE,FALSE
8616250,"gate_30",2,FALSE,FALSE
8616302,"gate_30",1,FALSE,FALSE
8616611,"gate_40",5,FALSE,FALSE
8616625,"gate_30",50,TRUE,FALSE
8616775,"gate_30",25,FALSE,FALSE
8616897,"gate_30",95,TRUE,TRUE
8616928,"gate_30",14,FALSE,TRUE
8617069,"gate_30",18,FALSE,FALSE
8617146,"gate_30",6,FALSE,FALSE
8617158,"gate_30",101,TRUE,FALSE
8617177,"gate_40",64,FALSE,FALSE
8617218,"gate_30",153,TRUE,TRUE
8617343,"gate_30",154,TRUE,FALSE
8617350,"gate_30",32,TRUE,TRUE
8617360,"gate_40",295,TRUE,FALSE
8617781,"gate_30",3,FALSE,FALSE
8617794,"gate_40",1,FALSE,FALSE
8617802,"gate_40",163,TRUE,FALSE
8617979,"gate_30",12,TRUE,FALSE
8618141,"gate_30",95,TRUE,FALSE
8618142,"gate_30",359,TRUE,TRUE
8618479,"gate_30",28,TRUE,TRUE
8618514,"gate_40",16,FALSE,FALSE
8618588,"gate_40",4,FALSE,FALSE
8618807,"gate_40",149,TRUE,FALSE
8618868,"gate_40",5,FALSE,FALSE
8619019,"gate_30",91,TRUE,FALSE
8619197,"gate_40",43,TRUE,FALSE
8619825,"gate_30",1,FALSE,FALSE
8619888,"gate_30",1,FALSE,FALSE
8619940,"gate_40",4,FALSE,FALSE
8620264,"gate_30",10,FALSE,FALSE
8620714,"gate_30",56,TRUE,TRUE
8620859,"gate_30",539,TRUE,TRUE
8620929,"gate_30",12,FALSE,FALSE
8620984,"gate_40",12,FALSE,FALSE
8621102,"gate_40",1,FALSE,FALSE
8621281,"gate_40",85,TRUE,TRUE
8621296,"gate_30",16,FALSE,FALSE
8621708,"gate_40",17,FALSE,FALSE
8621771,"gate_30",16,TRUE,FALSE
8621805,"gate_30",10,FALSE,FALSE
8621844,"gate_40",95,TRUE,TRUE
8621901,"gate_30",19,FALSE,FALSE
8622024,"gate_30",27,TRUE,FALSE
8622061,"gate_40",3,FALSE,FALSE
8622287,"gate_40",5,TRUE,TRUE
8622352,"gate_40",53,TRUE,TRUE
8622366,"gate_30",22,FALSE,FALSE
8622372,"gate_30",34,TRUE,FALSE
8622447,"gate_30",27,FALSE,FALSE
8622628,"gate_30",12,FALSE,FALSE
8622805,"gate_40",2,FALSE,FALSE
8622992,"gate_40",8,FALSE,FALSE
8623140,"gate_30",9,TRUE,FALSE
8623208,"gate_40",5,FALSE,FALSE
8623211,"gate_40",25,TRUE,FALSE
8623351,"gate_30",64,FALSE,TRUE
8623431,"gate_30",19,TRUE,FALSE
8623760,"gate_40",10,TRUE,FALSE
8623881,"gate_30",7,TRUE,FALSE
8624003,"gate_40",1,FALSE,FALSE
8624104,"gate_30",229,TRUE,TRUE
8624129,"gate_30",25,TRUE,FALSE
8624533,"gate_40",2,FALSE,FALSE
8624588,"gate_40",5,FALSE,FALSE
8624595,"gate_30",16,TRUE,FALSE
8624637,"gate_30",0,FALSE,FALSE
8624654,"gate_30",184,TRUE,TRUE
8624742,"gate_30",40,TRUE,FALSE
8624770,"gate_40",11,FALSE,FALSE
8624906,"gate_30",3,FALSE,FALSE
8624918,"gate_30",6,FALSE,FALSE
8625016,"gate_30",9,FALSE,FALSE
8625020,"gate_30",8,FALSE,FALSE
8625118,"gate_40",3,FALSE,FALSE
8625185,"gate_40",9,FALSE,FALSE
8625242,"gate_30",20,FALSE,FALSE
8625329,"gate_40",11,TRUE,FALSE
8625352,"gate_40",1,FALSE,FALSE
8625449,"gate_30",2,FALSE,FALSE
8625712,"gate_40",2,FALSE,FALSE
8625912,"gate_40",0,FALSE,FALSE
8625917,"gate_40",7,FALSE,FALSE
8626065,"gate_30",14,FALSE,FALSE
8626088,"gate_30",4,FALSE,FALSE
8626316,"gate_30",0,FALSE,FALSE
8626383,"gate_40",8,FALSE,FALSE
8626718,"gate_40",4,FALSE,FALSE
8626729,"gate_40",9,FALSE,FALSE
8626834,"gate_30",4,FALSE,FALSE
8627181,"gate_40",14,FALSE,FALSE
8627209,"gate_40",33,FALSE,FALSE
8627367,"gate_30",30,FALSE,FALSE
8627400,"gate_40",57,TRUE,FALSE
8627460,"gate_30",109,TRUE,TRUE
8627548,"gate_30",107,TRUE,TRUE
8627549,"gate_40",11,FALSE,FALSE
8627658,"gate_30",187,TRUE,TRUE
8627821,"gate_40",1,FALSE,FALSE
8627827,"gate_30",39,TRUE,FALSE
8627973,"gate_30",43,TRUE,FALSE
8628005,"gate_40",8,FALSE,FALSE
8628418,"gate_30",39,TRUE,FALSE
8628455,"gate_30",3,FALSE,FALSE
8628465,"gate_40",1,FALSE,FALSE
8628599,"gate_30",5,FALSE,FALSE
8628823,"gate_40",1,FALSE,TRUE
8629251,"gate_30",59,TRUE,TRUE
8629361,"gate_30",22,TRUE,FALSE
8629591,"gate_30",11,TRUE,FALSE
8629641,"gate_30",20,TRUE,FALSE
8629881,"gate_40",14,TRUE,FALSE
8629884,"gate_40",24,TRUE,FALSE
8629954,"gate_30",5,FALSE,FALSE
8630018,"gate_30",68,TRUE,FALSE
8630048,"gate_30",0,FALSE,FALSE
8630068,"gate_40",5,FALSE,FALSE
8630267,"gate_40",30,TRUE,FALSE
8630317,"gate_30",37,TRUE,FALSE
8630405,"gate_40",20,FALSE,FALSE
8630466,"gate_30",46,TRUE,FALSE
8630763,"gate_40",29,TRUE,FALSE
8630922,"gate_40",39,TRUE,FALSE
8630925,"gate_30",46,TRUE,TRUE
8631041,"gate_30",1,FALSE,FALSE
8631476,"gate_40",11,FALSE,FALSE
8631477,"gate_40",2,FALSE,FALSE
8631726,"gate_30",46,TRUE,FALSE
8631730,"gate_40",3,FALSE,FALSE
8631733,"gate_30",6,FALSE,FALSE
8632408,"gate_40",0,FALSE,FALSE
8632570,"gate_30",8,TRUE,FALSE
8632806,"gate_30",1,FALSE,FALSE
8632948,"gate_30",27,FALSE,FALSE
8632987,"gate_40",26,TRUE,TRUE
8633010,"gate_40",37,TRUE,FALSE
8633037,"gate_40",5,FALSE,FALSE
8633166,"gate_40",233,TRUE,TRUE
8633327,"gate_40",2,FALSE,FALSE
8633339,"gate_40",106,TRUE,TRUE
8633349,"gate_40",33,FALSE,FALSE
8633380,"gate_40",0,FALSE,FALSE
8633408,"gate_40",15,FALSE,FALSE
8633434,"gate_40",9,FALSE,FALSE
8633475,"gate_40",1,FALSE,FALSE
8633742,"gate_40",285,TRUE,TRUE
8633806,"gate_40",144,FALSE,TRUE
8634047,"gate_30",20,TRUE,FALSE
8634090,"gate_30",73,TRUE,FALSE
8634094,"gate_40",0,FALSE,FALSE
8634157,"gate_40",1,FALSE,FALSE
8634163,"gate_40",35,TRUE,FALSE
8634397,"gate_30",2,FALSE,FALSE
8634410,"gate_40",4,FALSE,FALSE
8634438,"gate_30",56,TRUE,TRUE
8634528,"gate_30",26,FALSE,FALSE
8634604,"gate_30",7,FALSE,FALSE
8634685,"gate_30",3,FALSE,FALSE
8634832,"gate_40",16,FALSE,FALSE
8634902,"gate_40",707,TRUE,TRUE
8634915,"gate_40",64,TRUE,FALSE
8635185,"gate_30",155,TRUE,TRUE
8635203,"gate_40",3,FALSE,FALSE
8635211,"gate_30",25,FALSE,FALSE
8635519,"gate_40",12,FALSE,FALSE
8635589,"gate_40",8,TRUE,FALSE
8635591,"gate_30",13,TRUE,FALSE
8635665,"gate_30",36,TRUE,FALSE
8635686,"gate_40",55,TRUE,FALSE
8635806,"gate_30",3,FALSE,FALSE
8635822,"gate_40",12,FALSE,FALSE
8635886,"gate_40",7,FALSE,FALSE
8636049,"gate_40",39,TRUE,TRUE
8636227,"gate_30",61,FALSE,FALSE
8636620,"gate_40",19,TRUE,FALSE
8636768,"gate_40",10,TRUE,FALSE
8636877,"gate_30",10,FALSE,FALSE
8636927,"gate_40",37,TRUE,TRUE
8637053,"gate_40",3,FALSE,FALSE
8637376,"gate_30",28,TRUE,TRUE
8637477,"gate_40",6,FALSE,FALSE
8637687,"gate_30",36,TRUE,FALSE
8637804,"gate_40",160,FALSE,TRUE
8637833,"gate_40",55,TRUE,FALSE
8638039,"gate_40",13,FALSE,FALSE
8638087,"gate_30",9,TRUE,FALSE
8638114,"gate_40",38,TRUE,FALSE
8638157,"gate_40",1,FALSE,FALSE
8638321,"gate_40",2,FALSE,FALSE
8638498,"gate_40",2,FALSE,FALSE
8638517,"gate_40",3,FALSE,FALSE
8638915,"gate_30",425,TRUE,FALSE
8638920,"gate_40",30,TRUE,FALSE
8639434,"gate_30",133,TRUE,TRUE
8639544,"gate_40",0,FALSE,FALSE
8639609,"gate_30",43,TRUE,FALSE
8639654,"gate_30",12,TRUE,FALSE
8639864,"gate_30",38,TRUE,TRUE
8639966,"gate_40",178,TRUE,TRUE
8640032,"gate_30",0,FALSE,FALSE
8640082,"gate_40",6,FALSE,FALSE
8640107,"gate_40",71,FALSE,FALSE
8640334,"gate_30",14,FALSE,FALSE
8640352,"gate_30",21,FALSE,FALSE
8640407,"gate_40",175,TRUE,TRUE
8640441,"gate_30",122,FALSE,TRUE
8640462,"gate_40",10,FALSE,FALSE
8640506,"gate_40",7,FALSE,FALSE
8640670,"gate_40",2,FALSE,FALSE
8640804,"gate_30",6,FALSE,FALSE
8641084,"gate_40",54,FALSE,FALSE
8641120,"gate_40",5,FALSE,FALSE
8641314,"gate_30",106,TRUE,FALSE
8641684,"gate_30",1,FALSE,FALSE
8641732,"gate_40",2,FALSE,FALSE
8642043,"gate_40",44,FALSE,FALSE
8642069,"gate_40",11,FALSE,FALSE
8642178,"gate_30",26,FALSE,FALSE
8642188,"gate_30",7,FALSE,FALSE
8642506,"gate_40",7,FALSE,FALSE
8642574,"gate_40",15,FALSE,FALSE
8642612,"gate_30",1,FALSE,FALSE
8642910,"gate_40",4,FALSE,FALSE
8643120,"gate_30",9,TRUE,FALSE
8643123,"gate_30",69,TRUE,TRUE
8643156,"gate_40",6,FALSE,FALSE
8643295,"gate_30",9,FALSE,FALSE
8643382,"gate_30",5,FALSE,FALSE
8643383,"gate_30",68,TRUE,FALSE
8643473,"gate_40",4,FALSE,FALSE
8643535,"gate_40",94,FALSE,FALSE
8643790,"gate_30",7,TRUE,FALSE
8643823,"gate_30",18,FALSE,FALSE
8643831,"gate_30",251,TRUE,FALSE
8644014,"gate_30",2,FALSE,FALSE
8644023,"gate_30",67,TRUE,FALSE
8644210,"gate_30",23,FALSE,FALSE
8644320,"gate_30",27,FALSE,FALSE
8644425,"gate_30",15,FALSE,FALSE
8644534,"gate_40",57,TRUE,TRUE
8644820,"gate_30",160,TRUE,TRUE
8644879,"gate_30",1,FALSE,FALSE
8644912,"gate_40",0,FALSE,FALSE
8645069,"gate_40",19,TRUE,FALSE
8645080,"gate_40",80,TRUE,FALSE
8645112,"gate_30",4,FALSE,FALSE
8645356,"gate_30",55,TRUE,FALSE
8645413,"gate_40",30,TRUE,FALSE
8645528,"gate_40",18,FALSE,FALSE
8645864,"gate_30",11,FALSE,FALSE
8645904,"gate_40",12,FALSE,FALSE
8646503,"gate_30",16,FALSE,FALSE
8646698,"gate_40",40,FALSE,FALSE
8646894,"gate_40",2,FALSE,FALSE
8647003,"gate_30",2,FALSE,FALSE
8647112,"gate_30",78,TRUE,FALSE
8647155,"gate_30",135,FALSE,TRUE
8647271,"gate_30",41,FALSE,FALSE
8647311,"gate_40",0,FALSE,FALSE
8647374,"gate_40",15,FALSE,FALSE
8647460,"gate_40",31,TRUE,FALSE
8647614,"gate_40",0,FALSE,FALSE
8647669,"gate_40",75,TRUE,FALSE
8647871,"gate_40",204,TRUE,TRUE
8647881,"gate_40",1,FALSE,FALSE
8647953,"gate_30",71,FALSE,TRUE
8647965,"gate_30",0,FALSE,FALSE
8648072,"gate_30",29,FALSE,FALSE
8648086,"gate_30",1,FALSE,FALSE
8648126,"gate_30",3,FALSE,FALSE
8648132,"gate_40",22,TRUE,TRUE
8648270,"gate_40",7,FALSE,FALSE
8648790,"gate_40",15,FALSE,FALSE
8648811,"gate_30",68,TRUE,TRUE
8648860,"gate_40",32,FALSE,FALSE
8648878,"gate_30",5,TRUE,FALSE
8649047,"gate_30",15,FALSE,FALSE
8649169,"gate_40",21,TRUE,FALSE
8649231,"gate_40",52,FALSE,FALSE
8649364,"gate_30",111,TRUE,TRUE
8649372,"gate_30",5,TRUE,FALSE
8649504,"gate_30",2,FALSE,FALSE
8649522,"gate_40",152,TRUE,TRUE
8649601,"gate_40",73,TRUE,FALSE
8649886,"gate_30",12,TRUE,FALSE
8649898,"gate_30",4,FALSE,FALSE
8650163,"gate_40",51,TRUE,FALSE
8650200,"gate_30",8,TRUE,FALSE
8650233,"gate_40",22,TRUE,FALSE
8650450,"gate_30",52,TRUE,FALSE
8650483,"gate_30",20,FALSE,FALSE
8650525,"gate_40",0,FALSE,FALSE
8650689,"gate_30",2,FALSE,TRUE
8650748,"gate_40",69,TRUE,FALSE
8650788,"gate_40",14,FALSE,TRUE
8650831,"gate_30",4,FALSE,FALSE
8650853,"gate_30",18,TRUE,TRUE
8650855,"gate_30",11,FALSE,FALSE
8651042,"gate_40",24,TRUE,FALSE
8651115,"gate_40",5,FALSE,FALSE
8651198,"gate_40",30,TRUE,FALSE
8651288,"gate_30",161,TRUE,TRUE
8651438,"gate_30",32,TRUE,FALSE
8651508,"gate_30",30,TRUE,FALSE
8651595,"gate_40",16,TRUE,FALSE
8651837,"gate_40",3,FALSE,FALSE
8651919,"gate_40",2,FALSE,FALSE
8651989,"gate_30",3,FALSE,FALSE
8652009,"gate_30",149,TRUE,TRUE
8652031,"gate_30",24,TRUE,TRUE
8652145,"gate_40",17,FALSE,FALSE
8652305,"gate_30",1,FALSE,FALSE
8652384,"gate_40",25,FALSE,FALSE
8652662,"gate_30",20,TRUE,FALSE
8652944,"gate_30",84,TRUE,FALSE
8653082,"gate_40",58,TRUE,FALSE
8653107,"gate_30",91,TRUE,FALSE
8653177,"gate_40",2,FALSE,FALSE
8653229,"gate_40",50,TRUE,FALSE
8653340,"gate_40",16,TRUE,FALSE
8653448,"gate_40",1,FALSE,FALSE
8653485,"gate_40",35,TRUE,FALSE
8653580,"gate_30",17,FALSE,FALSE
8653601,"gate_30",12,TRUE,FALSE
8653769,"gate_30",4,FALSE,FALSE
8654132,"gate_30",52,TRUE,FALSE
8654216,"gate_40",12,TRUE,FALSE
8654352,"gate_30",4,FALSE,FALSE
8654439,"gate_30",42,FALSE,FALSE
8654465,"gate_40",60,TRUE,FALSE
8654485,"gate_30",4,FALSE,FALSE
8654586,"gate_40",4,FALSE,FALSE
8654643,"gate_40",41,TRUE,FALSE
8654674,"gate_40",3,FALSE,FALSE
8654879,"gate_30",4,FALSE,FALSE
8655131,"gate_30",67,TRUE,FALSE
8655167,"gate_30",0,FALSE,FALSE
8655355,"gate_30",0,FALSE,FALSE
8655416,"gate_40",3,FALSE,FALSE
8655640,"gate_30",35,TRUE,FALSE
8655733,"gate_40",7,FALSE,FALSE
8655854,"gate_40",26,TRUE,FALSE
8655903,"gate_30",175,TRUE,TRUE
8656169,"gate_40",11,TRUE,FALSE
8656198,"gate_40",30,TRUE,FALSE
8656263,"gate_40",437,TRUE,TRUE
8656265,"gate_30",79,TRUE,FALSE
8656325,"gate_40",85,FALSE,FALSE
8656536,"gate_40",11,FALSE,FALSE
8656625,"gate_40",82,TRUE,FALSE
8656665,"gate_40",18,FALSE,FALSE
8656684,"gate_30",11,FALSE,FALSE
8656900,"gate_40",120,TRUE,TRUE
8656930,"gate_30",19,FALSE,FALSE
8656931,"gate_40",115,TRUE,TRUE
8657136,"gate_30",7,FALSE,FALSE
8657166,"gate_40",12,FALSE,FALSE
8657182,"gate_40",24,FALSE,FALSE
8657262,"gate_30",2,FALSE,FALSE
8657582,"gate_40",112,TRUE,TRUE
8657635,"gate_40",5,FALSE,FALSE
8657848,"gate_30",48,FALSE,FALSE
8657902,"gate_30",1,FALSE,FALSE
8657927,"gate_30",14,FALSE,FALSE
8657945,"gate_40",18,TRUE,FALSE
8657970,"gate_30",44,FALSE,FALSE
8657997,"gate_30",2,FALSE,FALSE
8658020,"gate_40",1,FALSE,FALSE
8658063,"gate_40",4,TRUE,FALSE
8658087,"gate_30",21,TRUE,FALSE
8658236,"gate_30",191,FALSE,TRUE
8658308,"gate_30",4,FALSE,TRUE
8658327,"gate_40",2,FALSE,FALSE
8658419,"gate_40",40,FALSE,FALSE
8658566,"gate_40",213,TRUE,TRUE
8658603,"gate_30",8,FALSE,FALSE
8658652,"gate_40",168,FALSE,TRUE
8658701,"gate_30",0,FALSE,FALSE
8658862,"gate_30",80,TRUE,FALSE
8659018,"gate_40",104,TRUE,TRUE
8659088,"gate_40",16,TRUE,FALSE
8659099,"gate_40",32,TRUE,FALSE
8659469,"gate_30",0,FALSE,FALSE
8659602,"gate_30",11,FALSE,FALSE
8659760,"gate_40",13,FALSE,FALSE
8659794,"gate_40",14,TRUE,FALSE
8659834,"gate_30",11,FALSE,FALSE
8659990,"gate_30",29,FALSE,FALSE
8660205,"gate_30",8,FALSE,FALSE
8660259,"gate_40",9,TRUE,FALSE
8660294,"gate_40",13,FALSE,FALSE
8660314,"gate_30",287,TRUE,TRUE
8660330,"gate_30",106,TRUE,TRUE
8660391,"gate_40",3,FALSE,FALSE
8660515,"gate_30",62,TRUE,FALSE
8660646,"gate_40",3,FALSE,FALSE
8660650,"gate_40",87,TRUE,FALSE
8660655,"gate_40",12,FALSE,FALSE
8660827,"gate_30",60,TRUE,FALSE
8660916,"gate_30",5,FALSE,FALSE
8661024,"gate_40",18,FALSE,FALSE
8661077,"gate_30",56,TRUE,FALSE
8661114,"gate_40",90,TRUE,FALSE
8661508,"gate_40",208,TRUE,TRUE
8661524,"gate_40",41,TRUE,TRUE
8661593,"gate_30",33,TRUE,FALSE
8661768,"gate_30",20,TRUE,FALSE
8661813,"gate_30",40,TRUE,FALSE
8661988,"gate_30",42,TRUE,FALSE
8662177,"gate_30",127,FALSE,TRUE
8662470,"gate_30",65,TRUE,TRUE
8662501,"gate_40",4,FALSE,FALSE
8662538,"gate_40",40,TRUE,FALSE
8662640,"gate_40",48,FALSE,TRUE
8662828,"gate_40",191,TRUE,FALSE
8663264,"gate_30",142,TRUE,TRUE
8663432,"gate_30",32,TRUE,FALSE
8663587,"gate_30",114,TRUE,FALSE
8663747,"gate_40",1,FALSE,FALSE
8663846,"gate_40",6,TRUE,FALSE
8664142,"gate_40",208,TRUE,TRUE
8664152,"gate_30",0,FALSE,FALSE
8664222,"gate_40",85,TRUE,FALSE
8664224,"gate_30",159,TRUE,FALSE
8664317,"gate_30",6,FALSE,FALSE
8664404,"gate_30",41,FALSE,FALSE
8664495,"gate_40",1241,FALSE,TRUE
8664500,"gate_40",45,TRUE,FALSE
8664652,"gate_40",0,FALSE,FALSE
8665298,"gate_40",3,FALSE,FALSE
8665304,"gate_40",1,FALSE,FALSE
8665373,"gate_40",0,FALSE,FALSE
8665412,"gate_40",328,TRUE,FALSE
8665473,"gate_30",19,FALSE,FALSE
8665552,"gate_30",25,TRUE,TRUE
8665813,"gate_30",12,FALSE,FALSE
8665844,"gate_40",2,TRUE,FALSE
8665920,"gate_40",10,FALSE,FALSE
8665985,"gate_30",39,FALSE,TRUE
8666205,"gate_30",4,FALSE,FALSE
8666300,"gate_30",67,FALSE,FALSE
8666333,"gate_40",17,TRUE,FALSE
8666523,"gate_40",8,FALSE,FALSE
8666858,"gate_40",41,FALSE,TRUE
8666980,"gate_40",20,TRUE,FALSE
8667059,"gate_30",7,FALSE,FALSE
8667107,"gate_40",240,TRUE,TRUE
8667368,"gate_30",15,TRUE,FALSE
8667438,"gate_30",18,FALSE,FALSE
8667536,"gate_30",319,TRUE,TRUE
8667635,"gate_30",14,TRUE,FALSE
8667710,"gate_40",24,FALSE,FALSE
8667738,"gate_30",32,TRUE,FALSE
8668036,"gate_30",27,TRUE,FALSE
8668119,"gate_30",85,TRUE,TRUE
8668147,"gate_40",141,TRUE,FALSE
8668191,"gate_40",13,TRUE,FALSE
8668212,"gate_30",26,FALSE,FALSE
8668463,"gate_40",61,TRUE,TRUE
8668515,"gate_30",1,FALSE,FALSE
8668554,"gate_40",3,FALSE,FALSE
8668645,"gate_40",23,FALSE,FALSE
8668938,"gate_40",16,TRUE,TRUE
8669005,"gate_40",6,TRUE,FALSE
8669048,"gate_40",9,FALSE,FALSE
8669226,"gate_30",33,TRUE,FALSE
8669310,"gate_40",173,TRUE,TRUE
8669322,"gate_40",39,TRUE,FALSE
8669323,"gate_30",2,FALSE,FALSE
8669371,"gate_40",210,TRUE,TRUE
8669411,"gate_40",8,FALSE,FALSE
8669417,"gate_40",107,TRUE,FALSE
8669645,"gate_40",243,TRUE,TRUE
8669742,"gate_30",8,FALSE,FALSE
8669766,"gate_40",124,FALSE,TRUE
8670009,"gate_30",2,FALSE,FALSE
8670047,"gate_30",23,FALSE,FALSE
8670124,"gate_30",48,TRUE,FALSE
8670388,"gate_40",10,TRUE,FALSE
8670782,"gate_40",1,FALSE,FALSE
8670946,"gate_40",54,TRUE,FALSE
8671004,"gate_40",71,TRUE,FALSE
8671046,"gate_40",46,TRUE,FALSE
8671068,"gate_40",13,TRUE,FALSE
8671152,"gate_30",31,TRUE,FALSE
8671246,"gate_30",22,TRUE,FALSE
8671470,"gate_30",56,TRUE,FALSE
8671500,"gate_40",6,FALSE,FALSE
8671517,"gate_40",53,TRUE,FALSE
8672085,"gate_30",5,FALSE,FALSE
8672664,"gate_40",69,TRUE,FALSE
8672937,"gate_40",6,FALSE,FALSE
8672981,"gate_30",3,FALSE,FALSE
8672982,"gate_30",47,FALSE,FALSE
8672987,"gate_30",14,FALSE,FALSE
8673215,"gate_30",15,FALSE,FALSE
8673314,"gate_40",68,FALSE,FALSE
8673495,"gate_30",5,FALSE,FALSE
8673691,"gate_30",18,FALSE,FALSE
8674266,"gate_30",2,FALSE,FALSE
8674481,"gate_30",214,FALSE,FALSE
8674517,"gate_40",7,FALSE,FALSE
8674574,"gate_40",12,FALSE,FALSE
8674591,"gate_30",20,TRUE,FALSE
8674867,"gate_40",12,FALSE,FALSE
8674906,"gate_40",9,FALSE,FALSE
8675183,"gate_40",8,FALSE,FALSE
8675185,"gate_30",47,TRUE,FALSE
8675720,"gate_40",12,FALSE,FALSE
8675761,"gate_40",33,FALSE,TRUE
8675845,"gate_40",2,FALSE,FALSE
8675926,"gate_40",24,FALSE,FALSE
8676202,"gate_30",7,TRUE,FALSE
8676443,"gate_40",18,TRUE,FALSE
8676472,"gate_40",16,TRUE,FALSE
8676592,"gate_40",12,FALSE,FALSE
8676766,"gate_30",37,TRUE,FALSE
8676961,"gate_40",0,FALSE,FALSE
8677041,"gate_40",186,TRUE,FALSE
8677242,"gate_40",36,TRUE,FALSE
8677314,"gate_30",61,TRUE,FALSE
8677331,"gate_30",136,TRUE,TRUE
8677637,"gate_30",0,FALSE,FALSE
8677718,"gate_40",29,FALSE,FALSE
8677832,"gate_30",34,FALSE,FALSE
8677883,"gate_40",4,FALSE,FALSE
8678026,"gate_40",24,TRUE,FALSE
8678040,"gate_30",1,FALSE,FALSE
8678203,"gate_40",6,FALSE,FALSE
8678252,"gate_30",0,FALSE,FALSE
8678472,"gate_30",26,TRUE,FALSE
8678604,"gate_40",50,TRUE,FALSE
8678684,"gate_30",12,FALSE,FALSE
8678763,"gate_40",1,FALSE,FALSE
8678801,"gate_40",8,FALSE,FALSE
8678919,"gate_30",5,FALSE,FALSE
8678925,"gate_30",0,FALSE,FALSE
8678940,"gate_40",13,FALSE,FALSE
8678996,"gate_30",556,TRUE,TRUE
8679278,"gate_40",11,TRUE,FALSE
8679325,"gate_30",31,TRUE,FALSE
8679391,"gate_40",3,FALSE,FALSE
8679510,"gate_30",8,FALSE,FALSE
8679870,"gate_40",50,FALSE,FALSE
8679883,"gate_30",5,FALSE,FALSE
8679978,"gate_40",44,TRUE,FALSE
8679988,"gate_30",6,FALSE,FALSE
8680115,"gate_40",1,FALSE,FALSE
8680164,"gate_30",24,TRUE,FALSE
8680237,"gate_40",3,FALSE,FALSE
8680302,"gate_40",47,TRUE,FALSE
8680427,"gate_30",27,FALSE,FALSE
8680445,"gate_30",301,TRUE,TRUE
8680495,"gate_30",32,FALSE,FALSE
8680619,"gate_30",57,FALSE,FALSE
8680721,"gate_40",22,TRUE,FALSE
8680800,"gate_30",73,TRUE,TRUE
8680954,"gate_40",8,FALSE,FALSE
8681093,"gate_30",27,TRUE,FALSE
8681125,"gate_40",39,TRUE,FALSE
8681380,"gate_30",1,FALSE,FALSE
8681846,"gate_40",13,TRUE,FALSE
8682049,"gate_40",27,TRUE,FALSE
8682073,"gate_30",1,FALSE,FALSE
8682095,"gate_40",209,TRUE,TRUE
8682144,"gate_30",4,FALSE,FALSE
8682149,"gate_40",15,TRUE,FALSE
8682261,"gate_30",1,FALSE,FALSE
8682371,"gate_40",198,TRUE,TRUE
8682610,"gate_30",150,TRUE,TRUE
8682814,"gate_30",171,TRUE,TRUE
8682895,"gate_40",193,TRUE,TRUE
8682952,"gate_30",95,TRUE,TRUE
8682971,"gate_40",10,FALSE,FALSE
8683609,"gate_30",53,TRUE,FALSE
8683630,"gate_30",66,TRUE,TRUE
8683826,"gate_40",416,TRUE,FALSE
8683895,"gate_40",38,TRUE,FALSE
8683927,"gate_40",6,TRUE,FALSE
8684020,"gate_40",360,TRUE,TRUE
8684092,"gate_40",50,TRUE,FALSE
8684380,"gate_40",53,TRUE,TRUE
8684690,"gate_40",92,TRUE,FALSE
8685163,"gate_40",18,FALSE,FALSE
8685269,"gate_40",42,TRUE,TRUE
8685411,"gate_30",125,TRUE,TRUE
8685484,"gate_40",1,FALSE,FALSE
8685487,"gate_40",6,FALSE,FALSE
8685616,"gate_40",0,FALSE,FALSE
8685696,"gate_40",179,FALSE,TRUE
8685705,"gate_30",3,FALSE,FALSE
8685739,"gate_30",26,TRUE,FALSE
8685864,"gate_30",208,TRUE,TRUE
8685869,"gate_30",26,FALSE,FALSE
8685922,"gate_40",122,TRUE,FALSE
8686022,"gate_30",9,TRUE,FALSE
8686155,"gate_40",0,FALSE,FALSE
8686400,"gate_30",25,FALSE,FALSE
8686404,"gate_40",15,FALSE,FALSE
8686435,"gate_30",40,FALSE,FALSE
8686441,"gate_40",2,FALSE,FALSE
8686506,"gate_30",93,TRUE,TRUE
8686789,"gate_40",26,FALSE,FALSE
8686856,"gate_40",6,TRUE,FALSE
8686865,"gate_40",8,FALSE,FALSE
8686882,"gate_30",1,FALSE,FALSE
8686883,"gate_40",6,FALSE,FALSE
8686937,"gate_40",7,TRUE,FALSE
8687280,"gate_30",1,FALSE,FALSE
8687466,"gate_40",70,TRUE,FALSE
8687642,"gate_40",2,FALSE,FALSE
8687702,"gate_40",169,TRUE,TRUE
8687775,"gate_30",3,FALSE,FALSE
8687832,"gate_40",1,FALSE,FALSE
8687891,"gate_40",12,TRUE,FALSE
8687892,"gate_40",45,TRUE,FALSE
8687956,"gate_40",2,FALSE,FALSE
8688003,"gate_40",11,FALSE,FALSE
8688106,"gate_40",18,FALSE,FALSE
8688253,"gate_40",48,TRUE,FALSE
8688398,"gate_40",175,TRUE,TRUE
8688433,"gate_40",1,FALSE,FALSE
8688502,"gate_40",1,FALSE,FALSE
8688585,"gate_30",37,TRUE,FALSE
8688788,"gate_30",14,FALSE,FALSE
8688901,"gate_30",0,FALSE,FALSE
8688903,"gate_30",267,TRUE,FALSE
8689035,"gate_40",60,TRUE,TRUE
8689099,"gate_40",9,FALSE,FALSE
8689152,"gate_40",9,FALSE,FALSE
8689476,"gate_40",32,FALSE,FALSE
8689598,"gate_30",80,TRUE,FALSE
8689624,"gate_40",5,FALSE,FALSE
8689650,"gate_30",2,FALSE,FALSE
8689727,"gate_40",1,FALSE,FALSE
8689868,"gate_40",31,TRUE,FALSE
8689973,"gate_30",31,TRUE,FALSE
8690168,"gate_30",10,FALSE,FALSE
8690268,"gate_40",134,TRUE,TRUE
8690380,"gate_30",14,FALSE,FALSE
8690432,"gate_40",0,FALSE,FALSE
8690842,"gate_40",14,TRUE,FALSE
8690893,"gate_40",5,FALSE,FALSE
8690942,"gate_30",7,FALSE,FALSE
8691306,"gate_40",6,TRUE,FALSE
8691330,"gate_30",5,FALSE,FALSE
8691344,"gate_30",17,TRUE,FALSE
8691635,"gate_30",6,FALSE,FALSE
8691758,"gate_30",0,FALSE,FALSE
8691779,"gate_40",9,TRUE,FALSE
8691922,"gate_40",230,TRUE,TRUE
8692008,"gate_40",7,FALSE,FALSE
8692071,"gate_40",1,FALSE,FALSE
8692092,"gate_40",2,FALSE,FALSE
8692137,"gate_40",179,TRUE,FALSE
8692290,"gate_40",56,TRUE,FALSE
8692315,"gate_30",1,FALSE,FALSE
8692368,"gate_40",13,TRUE,FALSE
8692375,"gate_30",5,FALSE,FALSE
8692472,"gate_30",75,TRUE,TRUE
8692487,"gate_30",4,FALSE,FALSE
8692589,"gate_30",9,FALSE,FALSE
8692670,"gate_30",9,TRUE,FALSE
8692741,"gate_30",334,TRUE,TRUE
8693039,"gate_30",48,TRUE,FALSE
8693254,"gate_40",6,FALSE,FALSE
8693359,"gate_40",2,FALSE,FALSE
8693369,"gate_30",78,TRUE,FALSE
8693374,"gate_30",75,TRUE,FALSE
8693572,"gate_30",25,FALSE,TRUE
8693790,"gate_30",6,FALSE,FALSE
8693943,"gate_30",118,TRUE,TRUE
8694097,"gate_40",14,TRUE,FALSE
8694120,"gate_30",46,TRUE,FALSE
8694477,"gate_40",3,FALSE,FALSE
8694517,"gate_30",8,FALSE,FALSE
8694529,"gate_30",19,TRUE,FALSE
8694537,"gate_30",54,TRUE,FALSE
8694538,"gate_40",18,FALSE,FALSE
8694645,"gate_30",43,TRUE,FALSE
8694664,"gate_40",47,TRUE,FALSE
8694705,"gate_30",34,TRUE,FALSE
8695211,"gate_30",6,FALSE,FALSE
8695270,"gate_40",5,FALSE,FALSE
8695411,"gate_40",14,TRUE,FALSE
8695446,"gate_30",14,FALSE,FALSE
8695620,"gate_30",39,FALSE,TRUE
8695748,"gate_30",13,FALSE,TRUE
8695819,"gate_40",5,FALSE,FALSE
8695866,"gate_40",16,TRUE,FALSE
8696061,"gate_40",19,TRUE,TRUE
8696256,"gate_30",4,FALSE,FALSE
8696333,"gate_30",17,TRUE,FALSE
8696720,"gate_30",10,FALSE,FALSE
8696900,"gate_40",141,TRUE,FALSE
8696934,"gate_40",8,FALSE,FALSE
8696958,"gate_30",74,FALSE,FALSE
8697093,"gate_40",15,FALSE,FALSE
8697150,"gate_40",0,FALSE,FALSE
8697361,"gate_30",3,FALSE,FALSE
8697419,"gate_40",1,FALSE,FALSE
8697472,"gate_30",24,FALSE,FALSE
8697617,"gate_40",149,TRUE,TRUE
8697757,"gate_30",22,FALSE,FALSE
8697820,"gate_30",8,TRUE,FALSE
8698204,"gate_30",99,TRUE,TRUE
8698319,"gate_40",2,FALSE,FALSE
8698325,"gate_40",333,TRUE,TRUE
8698794,"gate_40",11,FALSE,FALSE
8698943,"gate_40",13,FALSE,FALSE
8699158,"gate_30",51,FALSE,FALSE
8699229,"gate_30",20,TRUE,FALSE
8699518,"gate_30",25,TRUE,FALSE
8699538,"gate_30",3,FALSE,FALSE
8699631,"gate_40",35,FALSE,FALSE
8700002,"gate_40",8,TRUE,FALSE
8700041,"gate_30",140,TRUE,FALSE
8700049,"gate_30",10,TRUE,FALSE
8700080,"gate_30",26,FALSE,FALSE
8700098,"gate_40",185,TRUE,TRUE
8700145,"gate_30",1,FALSE,FALSE
8700190,"gate_40",33,TRUE,FALSE
8700466,"gate_30",162,TRUE,TRUE
8700723,"gate_30",0,FALSE,FALSE
8700905,"gate_40",55,TRUE,FALSE
8700920,"gate_40",48,FALSE,FALSE
8700957,"gate_30",2,TRUE,FALSE
8701120,"gate_30",43,TRUE,FALSE
8701122,"gate_30",7,TRUE,FALSE
8701143,"gate_40",6,FALSE,FALSE
8701179,"gate_40",0,FALSE,FALSE
8701299,"gate_30",11,FALSE,TRUE
8701338,"gate_30",1,FALSE,FALSE
8701501,"gate_30",61,TRUE,TRUE
8701516,"gate_40",24,TRUE,TRUE
8701580,"gate_40",14,FALSE,FALSE
8701695,"gate_30",67,TRUE,TRUE
8701718,"gate_40",15,FALSE,FALSE
8702300,"gate_30",27,TRUE,FALSE
8702452,"gate_30",6,FALSE,FALSE
8702749,"gate_30",11,FALSE,FALSE
8702773,"gate_30",25,FALSE,FALSE
8702878,"gate_30",3,FALSE,FALSE
8702886,"gate_40",33,FALSE,FALSE
8703022,"gate_30",0,FALSE,FALSE
8703038,"gate_40",9,TRUE,FALSE
8703060,"gate_30",32,TRUE,FALSE
8703259,"gate_40",91,TRUE,TRUE
8703264,"gate_40",39,FALSE,FALSE
8703346,"gate_30",448,TRUE,TRUE
8703373,"gate_40",4,FALSE,FALSE
8703427,"gate_30",3,FALSE,FALSE
8703537,"gate_40",12,FALSE,FALSE
8703628,"gate_30",71,TRUE,FALSE
8703748,"gate_40",42,TRUE,FALSE
8703756,"gate_40",6,FALSE,FALSE
8703810,"gate_40",60,TRUE,FALSE
8704308,"gate_30",121,TRUE,FALSE
8704316,"gate_30",308,TRUE,TRUE
8704344,"gate_30",0,FALSE,FALSE
8704626,"gate_30",48,FALSE,FALSE
8704894,"gate_30",31,FALSE,FALSE
8704897,"gate_40",338,TRUE,TRUE
8704957,"gate_30",2,FALSE,FALSE
8704975,"gate_30",2,FALSE,FALSE
8705086,"gate_30",7,FALSE,FALSE
8705088,"gate_30",11,FALSE,FALSE
8705354,"gate_30",9,FALSE,FALSE
8705384,"gate_40",113,TRUE,TRUE
8705430,"gate_30",20,FALSE,FALSE
8705711,"gate_30",1,FALSE,FALSE
8705737,"gate_40",22,FALSE,FALSE
8705826,"gate_30",7,TRUE,FALSE
8705895,"gate_40",135,TRUE,TRUE
8705903,"gate_40",93,TRUE,FALSE
8705945,"gate_30",2,FALSE,FALSE
8706130,"gate_30",394,TRUE,TRUE
8706253,"gate_30",20,TRUE,FALSE
8706255,"gate_40",697,TRUE,TRUE
8706309,"gate_40",271,TRUE,TRUE
8706505,"gate_40",27,FALSE,FALSE
8706555,"gate_30",38,TRUE,FALSE
8706744,"gate_40",41,TRUE,TRUE
8706864,"gate_30",122,TRUE,TRUE
8706926,"gate_40",22,FALSE,FALSE
8706928,"gate_40",0,TRUE,FALSE
8706952,"gate_40",232,TRUE,TRUE
8706994,"gate_40",84,FALSE,TRUE
8707033,"gate_30",3,FALSE,FALSE
8707379,"gate_40",69,TRUE,TRUE
8707502,"gate_30",11,FALSE,FALSE
8707599,"gate_30",135,TRUE,FALSE
8707706,"gate_30",123,TRUE,FALSE
8707827,"gate_40",0,FALSE,FALSE
8707844,"gate_40",7,FALSE,FALSE
8707896,"gate_40",19,TRUE,FALSE
8707970,"gate_30",0,FALSE,FALSE
8708024,"gate_40",27,FALSE,FALSE
8708065,"gate_30",3,FALSE,FALSE
8708139,"gate_40",10,FALSE,FALSE
8708156,"gate_40",14,FALSE,FALSE
8708209,"gate_30",1,FALSE,FALSE
8708448,"gate_30",16,TRUE,FALSE
8708544,"gate_40",4,TRUE,FALSE
8708843,"gate_40",251,TRUE,FALSE
8708955,"gate_40",0,FALSE,FALSE
8708986,"gate_40",97,TRUE,FALSE
8709008,"gate_40",7,TRUE,FALSE
8709054,"gate_40",1,FALSE,FALSE
8709154,"gate_30",42,TRUE,TRUE
8709233,"gate_30",15,TRUE,FALSE
8709254,"gate_40",2,TRUE,FALSE
8709457,"gate_40",1,FALSE,FALSE
8709675,"gate_40",4,FALSE,FALSE
8709685,"gate_40",30,FALSE,TRUE
8709704,"gate_40",72,TRUE,FALSE
8709764,"gate_40",22,FALSE,FALSE
8709897,"gate_40",9,FALSE,FALSE
8710083,"gate_40",19,TRUE,FALSE
8710186,"gate_40",361,TRUE,TRUE
8710450,"gate_40",0,FALSE,FALSE
8710774,"gate_30",40,TRUE,FALSE
8710782,"gate_40",47,TRUE,TRUE
8710789,"gate_40",73,FALSE,FALSE
8710944,"gate_30",8,FALSE,FALSE
8710983,"gate_30",0,FALSE,FALSE
8711169,"gate_30",0,FALSE,FALSE
8711191,"gate_40",106,TRUE,FALSE
8711220,"gate_30",5,FALSE,FALSE
8711266,"gate_30",78,TRUE,TRUE
8711293,"gate_40",73,FALSE,FALSE
8711301,"gate_30",2,FALSE,FALSE
8711493,"gate_40",9,TRUE,FALSE
8711558,"gate_30",0,FALSE,FALSE
8711740,"gate_40",229,TRUE,TRUE
8711775,"gate_30",18,FALSE,FALSE
8711802,"gate_40",60,TRUE,TRUE
8711857,"gate_40",5,FALSE,FALSE
8711914,"gate_40",12,FALSE,FALSE
8712062,"gate_30",60,FALSE,FALSE
8712257,"gate_40",163,TRUE,TRUE
8712532,"gate_30",2,TRUE,FALSE
8712574,"gate_30",85,TRUE,TRUE
8712620,"gate_30",16,FALSE,FALSE
8712755,"gate_30",2,FALSE,FALSE
8713149,"gate_30",0,FALSE,FALSE
8713178,"gate_30",3,TRUE,FALSE
8713202,"gate_30",63,FALSE,FALSE
8713207,"gate_30",191,TRUE,FALSE
8713233,"gate_40",40,FALSE,TRUE
8713242,"gate_30",217,TRUE,TRUE
8713303,"gate_40",32,TRUE,FALSE
8713438,"gate_40",0,FALSE,FALSE
8713722,"gate_40",96,TRUE,FALSE
8713794,"gate_30",4,FALSE,FALSE
8713847,"gate_40",2,FALSE,FALSE
8714290,"gate_40",53,FALSE,TRUE
8714531,"gate_30",6,FALSE,FALSE
8714884,"gate_30",1,FALSE,FALSE
8715167,"gate_40",4,TRUE,FALSE
8715193,"gate_40",25,FALSE,FALSE
8715289,"gate_40",293,TRUE,FALSE
8715307,"gate_40",42,TRUE,TRUE
8715407,"gate_30",6,FALSE,FALSE
8715574,"gate_40",67,FALSE,TRUE
8715637,"gate_40",2,FALSE,FALSE
8715664,"gate_40",2,FALSE,FALSE
8715706,"gate_40",99,TRUE,FALSE
8715840,"gate_30",17,TRUE,FALSE
8715909,"gate_40",27,TRUE,FALSE
8715954,"gate_40",4,TRUE,FALSE
8716294,"gate_40",54,TRUE,FALSE
8716444,"gate_40",7,FALSE,FALSE
8716526,"gate_40",22,TRUE,FALSE
8716847,"gate_30",3,FALSE,FALSE
8716878,"gate_30",7,FALSE,FALSE
8716919,"gate_40",6,FALSE,FALSE
8716959,"gate_30",89,TRUE,FALSE
8717005,"gate_40",53,TRUE,FALSE
8717011,"gate_40",1,FALSE,FALSE
8717071,"gate_30",119,FALSE,FALSE
8717269,"gate_30",10,FALSE,FALSE
8717389,"gate_30",1,FALSE,FALSE
8717417,"gate_30",4,TRUE,FALSE
8717439,"gate_40",1,FALSE,FALSE
8717558,"gate_40",33,FALSE,TRUE
8717612,"gate_40",20,TRUE,FALSE
8717674,"gate_30",48,TRUE,TRUE
8717833,"gate_30",259,TRUE,TRUE
8717839,"gate_30",1,FALSE,FALSE
8717935,"gate_40",3,FALSE,FALSE
8718156,"gate_30",0,FALSE,FALSE
8718395,"gate_30",6,FALSE,TRUE
8718594,"gate_40",5,FALSE,FALSE
8718621,"gate_30",24,FALSE,FALSE
8718674,"gate_40",4,FALSE,FALSE
8718938,"gate_30",174,FALSE,TRUE
8719058,"gate_40",96,TRUE,FALSE
8719144,"gate_40",13,FALSE,FALSE
8719174,"gate_40",28,TRUE,FALSE
8719447,"gate_40",5,FALSE,FALSE
8719654,"gate_30",47,TRUE,FALSE
8719660,"gate_40",14,TRUE,FALSE
8719699,"gate_40",1,FALSE,FALSE
8719941,"gate_40",6,FALSE,FALSE
8720259,"gate_30",14,TRUE,FALSE
8720424,"gate_30",22,TRUE,FALSE
8720454,"gate_30",127,TRUE,FALSE
8720464,"gate_40",15,FALSE,FALSE
8720512,"gate_30",26,FALSE,FALSE
8720675,"gate_40",0,FALSE,FALSE
8720716,"gate_40",18,FALSE,FALSE
8720764,"gate_40",14,FALSE,FALSE
8720808,"gate_40",10,FALSE,FALSE
8720826,"gate_40",2,FALSE,FALSE
8720852,"gate_30",7,FALSE,FALSE
8720860,"gate_40",3,FALSE,FALSE
8720999,"gate_30",4,FALSE,FALSE
8721082,"gate_40",0,FALSE,FALSE
8721125,"gate_30",9,TRUE,FALSE
8721215,"gate_30",15,FALSE,FALSE
8721276,"gate_40",1,FALSE,FALSE
8721314,"gate_30",28,TRUE,FALSE
8721444,"gate_40",19,FALSE,FALSE
8721587,"gate_30",52,TRUE,FALSE
8721699,"gate_30",337,FALSE,TRUE
8721709,"gate_30",23,FALSE,FALSE
8721821,"gate_40",0,FALSE,FALSE
8721855,"gate_30",128,TRUE,FALSE
8721876,"gate_40",91,TRUE,TRUE
8721916,"gate_40",32,FALSE,FALSE
8721994,"gate_40",0,FALSE,FALSE
8722099,"gate_30",67,FALSE,TRUE
8722179,"gate_30",3,FALSE,FALSE
8722192,"gate_30",38,FALSE,FALSE
8722231,"gate_30",2,FALSE,FALSE
8722314,"gate_30",19,FALSE,FALSE
8722488,"gate_30",31,FALSE,FALSE
8722617,"gate_30",7,FALSE,FALSE
8722787,"gate_40",52,TRUE,FALSE
8723001,"gate_30",5,FALSE,FALSE
8723112,"gate_30",50,TRUE,FALSE
8723354,"gate_40",4,TRUE,FALSE
8723468,"gate_40",9,FALSE,FALSE
8723477,"gate_30",61,TRUE,FALSE
8723545,"gate_30",15,FALSE,FALSE
8723626,"gate_40",0,FALSE,FALSE
8723646,"gate_40",3,FALSE,FALSE
8723783,"gate_30",60,TRUE,FALSE
8723845,"gate_40",17,FALSE,FALSE
8724049,"gate_30",2,FALSE,FALSE
8724401,"gate_30",337,TRUE,TRUE
8724499,"gate_30",4,FALSE,FALSE
8724505,"gate_30",5,FALSE,FALSE
8724799,"gate_40",2,FALSE,FALSE
8724918,"gate_40",60,TRUE,TRUE
8724942,"gate_30",2,FALSE,FALSE
8725070,"gate_30",0,FALSE,FALSE
8725428,"gate_40",39,FALSE,TRUE
8725538,"gate_40",13,FALSE,FALSE
8725581,"gate_30",17,FALSE,FALSE
8725997,"gate_30",47,TRUE,FALSE
8726051,"gate_40",52,TRUE,FALSE
8726101,"gate_30",61,TRUE,TRUE
8726269,"gate_40",103,TRUE,TRUE
8726306,"gate_40",2,FALSE,FALSE
8726326,"gate_40",55,TRUE,FALSE
8726419,"gate_40",20,FALSE,FALSE
8726664,"gate_30",15,FALSE,TRUE
8726667,"gate_30",2,FALSE,FALSE
8726706,"gate_30",15,TRUE,FALSE
8726712,"gate_30",42,TRUE,FALSE
8726968,"gate_40",3,FALSE,FALSE
8727007,"gate_40",33,FALSE,FALSE
8727061,"gate_40",18,FALSE,FALSE
8727127,"gate_30",2,FALSE,FALSE
8727433,"gate_30",224,TRUE,TRUE
8727477,"gate_40",244,TRUE,TRUE
8727484,"gate_40",19,TRUE,FALSE
8727515,"gate_30",1,FALSE,FALSE
8727636,"gate_40",76,TRUE,FALSE
8727706,"gate_30",23,FALSE,TRUE
8727859,"gate_30",23,TRUE,FALSE
8727911,"gate_40",144,TRUE,FALSE
8728065,"gate_40",67,TRUE,TRUE
8728171,"gate_40",15,FALSE,FALSE
8728367,"gate_40",12,FALSE,FALSE
8728496,"gate_30",8,TRUE,FALSE
8728498,"gate_30",1,FALSE,FALSE
8728645,"gate_30",160,FALSE,TRUE
8728670,"gate_30",4,TRUE,FALSE
8728739,"gate_40",38,TRUE,FALSE
8728893,"gate_30",4,FALSE,FALSE
8729063,"gate_30",4,TRUE,FALSE
8729075,"gate_30",6,FALSE,FALSE
8729281,"gate_30",27,TRUE,FALSE
8729518,"gate_30",12,TRUE,FALSE
8729679,"gate_30",40,FALSE,TRUE
8729688,"gate_40",2,FALSE,FALSE
8729699,"gate_30",26,TRUE,FALSE
8729741,"gate_30",45,FALSE,TRUE
8730212,"gate_40",11,FALSE,FALSE
8730349,"gate_30",131,TRUE,TRUE
8730950,"gate_40",221,TRUE,TRUE
8731203,"gate_30",8,TRUE,FALSE
8731301,"gate_30",338,TRUE,TRUE
8731562,"gate_30",13,FALSE,FALSE
8731850,"gate_30",2,FALSE,FALSE
8732106,"gate_30",6,FALSE,FALSE
8732423,"gate_40",12,TRUE,FALSE
8732475,"gate_40",31,TRUE,FALSE
8732542,"gate_40",28,FALSE,TRUE
8732561,"gate_40",90,TRUE,FALSE
8732562,"gate_30",44,FALSE,FALSE
8733041,"gate_30",11,TRUE,FALSE
8733135,"gate_30",1,FALSE,FALSE
8733375,"gate_30",63,FALSE,FALSE
8733379,"gate_40",43,TRUE,FALSE
8733530,"gate_40",57,TRUE,TRUE
8733535,"gate_40",3,FALSE,FALSE
8733536,"gate_30",48,FALSE,FALSE
8733555,"gate_40",4,TRUE,FALSE
8733619,"gate_40",13,FALSE,FALSE
8733688,"gate_30",33,TRUE,FALSE
8733712,"gate_30",1,FALSE,FALSE
8734168,"gate_30",5,FALSE,FALSE
8734220,"gate_30",53,TRUE,FALSE
8734255,"gate_30",3,FALSE,FALSE
8734353,"gate_30",9,FALSE,FALSE
8734608,"gate_30",44,TRUE,FALSE
8734689,"gate_40",9,FALSE,FALSE
8734711,"gate_40",1,FALSE,FALSE
8734889,"gate_30",41,FALSE,FALSE
8734897,"gate_40",74,TRUE,TRUE
8735042,"gate_40",22,TRUE,FALSE
8735059,"gate_40",6,FALSE,FALSE
8735132,"gate_40",4,FALSE,FALSE
8735137,"gate_30",54,TRUE,TRUE
8735208,"gate_40",79,TRUE,FALSE
8735388,"gate_40",8,FALSE,FALSE
8735542,"gate_30",841,TRUE,TRUE
8735564,"gate_30",13,FALSE,FALSE
8735701,"gate_30",2,FALSE,FALSE
8735773,"gate_30",15,FALSE,FALSE
8735812,"gate_30",42,TRUE,FALSE
8735816,"gate_40",2,FALSE,FALSE
8735896,"gate_30",4,FALSE,FALSE
8736060,"gate_30",8,TRUE,FALSE
8736328,"gate_40",5,FALSE,FALSE
8736813,"gate_30",7,FALSE,FALSE
8736833,"gate_40",38,TRUE,FALSE
8737065,"gate_40",21,TRUE,TRUE
8737116,"gate_30",15,TRUE,FALSE
8737196,"gate_30",47,TRUE,TRUE
8737775,"gate_40",6,FALSE,FALSE
8737842,"gate_40",4,TRUE,FALSE
8737994,"gate_30",23,FALSE,FALSE
8738001,"gate_40",173,TRUE,TRUE
8738025,"gate_40",178,FALSE,TRUE
8738109,"gate_30",8,FALSE,FALSE
8738183,"gate_30",14,FALSE,FALSE
8738240,"gate_30",11,FALSE,FALSE
8738555,"gate_30",51,TRUE,TRUE
8738562,"gate_30",16,FALSE,FALSE
8738585,"gate_30",8,TRUE,FALSE
8738593,"gate_30",41,TRUE,TRUE
8738657,"gate_30",3,FALSE,FALSE
8738763,"gate_40",27,FALSE,FALSE
8738776,"gate_30",129,FALSE,TRUE
8738958,"gate_30",45,FALSE,FALSE
8738988,"gate_40",21,TRUE,FALSE
8739155,"gate_40",8,FALSE,FALSE
8739183,"gate_40",598,TRUE,TRUE
8739185,"gate_30",145,TRUE,TRUE
8739263,"gate_30",62,FALSE,FALSE
8739538,"gate_30",1,FALSE,FALSE
8739553,"gate_40",72,TRUE,FALSE
8739696,"gate_30",15,FALSE,FALSE
8739754,"gate_30",1,FALSE,FALSE
8739989,"gate_30",18,FALSE,FALSE
8740088,"gate_30",19,TRUE,FALSE
8740235,"gate_30",7,FALSE,FALSE
8740248,"gate_40",100,TRUE,TRUE
8740260,"gate_40",10,FALSE,FALSE
8740327,"gate_40",17,TRUE,FALSE
8740384,"gate_40",4,TRUE,FALSE
8740591,"gate_30",35,TRUE,FALSE
8740867,"gate_40",388,TRUE,FALSE
8741031,"gate_30",11,TRUE,FALSE
8741113,"gate_30",29,FALSE,TRUE
8741309,"gate_30",10,FALSE,FALSE
8741359,"gate_40",32,FALSE,TRUE
8741372,"gate_40",226,FALSE,TRUE
8741737,"gate_40",41,FALSE,TRUE
8741820,"gate_30",71,TRUE,FALSE
8741832,"gate_30",1,FALSE,FALSE
8741846,"gate_30",36,TRUE,FALSE
8741857,"gate_30",20,TRUE,FALSE
8742147,"gate_40",4,FALSE,FALSE
8742351,"gate_40",18,FALSE,FALSE
8742544,"gate_40",21,TRUE,FALSE
8742578,"gate_30",6,FALSE,FALSE
8742673,"gate_30",1,FALSE,FALSE
8742695,"gate_40",8,FALSE,FALSE
8742704,"gate_30",11,TRUE,FALSE
8742805,"gate_30",1,FALSE,FALSE
8742896,"gate_30",469,TRUE,TRUE
8743157,"gate_40",38,FALSE,FALSE
8743179,"gate_40",3,FALSE,FALSE
8743236,"gate_40",1,FALSE,FALSE
8743350,"gate_30",5,FALSE,FALSE
8743437,"gate_40",4,TRUE,FALSE
8743489,"gate_30",13,TRUE,FALSE
8743602,"gate_30",42,TRUE,FALSE
8743611,"gate_40",273,TRUE,TRUE
8743679,"gate_30",450,TRUE,FALSE
8743778,"gate_30",10,FALSE,TRUE
8743839,"gate_30",44,TRUE,FALSE
8743860,"gate_40",25,FALSE,FALSE
8743880,"gate_40",14,FALSE,FALSE
8743898,"gate_40",40,FALSE,FALSE
8743900,"gate_30",3,FALSE,FALSE
8744037,"gate_30",11,TRUE,FALSE
8744072,"gate_30",54,TRUE,FALSE
8744074,"gate_30",21,TRUE,FALSE
8744092,"gate_30",44,TRUE,FALSE
8744138,"gate_30",4,FALSE,FALSE
8744496,"gate_30",44,TRUE,FALSE
8744505,"gate_30",65,TRUE,TRUE
8744837,"gate_40",113,TRUE,TRUE
8744844,"gate_40",3,FALSE,FALSE
8745077,"gate_40",40,TRUE,FALSE
8745218,"gate_30",44,TRUE,FALSE
8745335,"gate_40",3,FALSE,FALSE
8745391,"gate_40",1,FALSE,FALSE
8745756,"gate_40",51,TRUE,FALSE
8745783,"gate_40",7,FALSE,FALSE
8745896,"gate_30",41,TRUE,FALSE
8745944,"gate_40",36,TRUE,FALSE
8745958,"gate_30",62,TRUE,TRUE
8746075,"gate_40",77,FALSE,FALSE
8746278,"gate_40",4,FALSE,FALSE
8746348,"gate_30",66,FALSE,FALSE
8746653,"gate_30",49,FALSE,FALSE
8746764,"gate_40",20,FALSE,FALSE
8746801,"gate_30",0,FALSE,FALSE
8746915,"gate_30",6,FALSE,FALSE
8746961,"gate_40",89,TRUE,TRUE
8746984,"gate_40",11,TRUE,FALSE
8747094,"gate_30",2,FALSE,FALSE
8747096,"gate_40",1067,TRUE,TRUE
8747114,"gate_30",103,TRUE,FALSE
8747292,"gate_30",1,FALSE,FALSE
8747313,"gate_40",25,FALSE,FALSE
8747373,"gate_30",38,TRUE,FALSE
8747963,"gate_40",5,FALSE,FALSE
8747968,"gate_40",7,FALSE,FALSE
8747985,"gate_40",0,FALSE,FALSE
8748028,"gate_30",2,FALSE,FALSE
8748144,"gate_40",52,TRUE,TRUE
8748209,"gate_30",33,TRUE,FALSE
8748233,"gate_30",3,FALSE,FALSE
8748279,"gate_30",50,TRUE,TRUE
8748344,"gate_40",10,TRUE,FALSE
8748555,"gate_40",14,FALSE,FALSE
8748667,"gate_30",22,TRUE,FALSE
8748870,"gate_40",23,FALSE,FALSE
8749082,"gate_30",9,FALSE,FALSE
8749387,"gate_40",8,FALSE,TRUE
8749761,"gate_30",45,TRUE,FALSE
8749957,"gate_30",7,FALSE,FALSE
8749993,"gate_40",2,FALSE,FALSE
8750264,"gate_40",4,FALSE,FALSE
8750266,"gate_40",10,TRUE,FALSE
8750291,"gate_40",39,TRUE,FALSE
8750343,"gate_30",13,FALSE,FALSE
8750353,"gate_40",68,FALSE,FALSE
8750408,"gate_40",254,TRUE,TRUE
8750418,"gate_40",131,TRUE,FALSE
8750460,"gate_40",25,FALSE,FALSE
8750671,"gate_30",9,FALSE,FALSE
8750757,"gate_30",7,TRUE,FALSE
8750930,"gate_40",20,FALSE,FALSE
8751096,"gate_30",18,TRUE,FALSE
8751108,"gate_30",181,TRUE,TRUE
8751134,"gate_40",4,FALSE,FALSE
8751167,"gate_40",209,TRUE,TRUE
8751170,"gate_30",32,TRUE,FALSE
8751206,"gate_40",89,TRUE,FALSE
8751212,"gate_40",6,FALSE,FALSE
8751310,"gate_40",32,TRUE,FALSE
8751366,"gate_40",9,FALSE,FALSE
8751396,"gate_30",14,FALSE,FALSE
8751496,"gate_30",7,FALSE,FALSE
8751804,"gate_30",2,FALSE,FALSE
8751818,"gate_30",111,TRUE,TRUE
8751848,"gate_40",177,TRUE,TRUE
8752190,"gate_40",46,TRUE,FALSE
8752236,"gate_40",6,FALSE,FALSE
8752255,"gate_30",37,FALSE,FALSE
8752388,"gate_40",21,TRUE,FALSE
8752660,"gate_30",3,FALSE,FALSE
8752789,"gate_40",0,FALSE,FALSE
8752974,"gate_30",0,FALSE,FALSE
8753164,"gate_30",0,FALSE,FALSE
8753187,"gate_40",124,FALSE,FALSE
8753323,"gate_30",1,FALSE,FALSE
8753491,"gate_40",3,FALSE,FALSE
8753546,"gate_30",11,FALSE,FALSE
8753608,"gate_40",16,TRUE,FALSE
8753644,"gate_30",7,FALSE,FALSE
8753668,"gate_30",1,FALSE,FALSE
8753685,"gate_30",18,FALSE,FALSE
8753875,"gate_40",26,FALSE,TRUE
8753889,"gate_40",17,TRUE,FALSE
8753948,"gate_40",46,FALSE,FALSE
8754069,"gate_40",2,FALSE,FALSE
8754098,"gate_30",58,FALSE,FALSE
8754151,"gate_30",238,TRUE,FALSE
8754153,"gate_40",128,TRUE,FALSE
8754471,"gate_30",29,TRUE,FALSE
8754512,"gate_40",58,FALSE,TRUE
8754600,"gate_40",43,TRUE,FALSE
8754676,"gate_40",250,TRUE,FALSE
8754701,"gate_40",0,FALSE,FALSE
8754884,"gate_40",58,TRUE,FALSE
8754946,"gate_30",9,FALSE,FALSE
8754989,"gate_30",60,TRUE,FALSE
8755003,"gate_30",121,TRUE,TRUE
8755428,"gate_30",5,FALSE,FALSE
8755465,"gate_30",7,FALSE,FALSE
8755580,"gate_40",62,TRUE,TRUE
8755668,"gate_40",2,FALSE,FALSE
8755675,"gate_40",2,FALSE,FALSE
8755684,"gate_40",221,TRUE,TRUE
8755797,"gate_40",52,TRUE,TRUE
8755807,"gate_40",26,TRUE,FALSE
8755822,"gate_30",7,FALSE,FALSE
8755869,"gate_40",54,FALSE,FALSE
8755896,"gate_40",175,TRUE,FALSE
8756200,"gate_30",3,FALSE,FALSE
8756207,"gate_30",30,TRUE,FALSE
8756303,"gate_30",2,FALSE,FALSE
8756358,"gate_40",49,TRUE,FALSE
8756594,"gate_40",13,FALSE,FALSE
8756645,"gate_30",25,TRUE,FALSE
8756705,"gate_40",120,TRUE,TRUE
8756774,"gate_40",11,FALSE,FALSE
8756820,"gate_40",556,TRUE,TRUE
8757034,"gate_30",298,TRUE,FALSE
8757078,"gate_40",69,FALSE,TRUE
8757176,"gate_40",230,TRUE,TRUE
8757216,"gate_40",23,TRUE,FALSE
8757745,"gate_30",83,TRUE,FALSE
8757758,"gate_30",4,FALSE,FALSE
8757777,"gate_30",1,FALSE,FALSE
8757842,"gate_40",0,FALSE,FALSE
8757860,"gate_30",2,FALSE,FALSE
8757927,"gate_30",322,TRUE,FALSE
8757967,"gate_40",1,FALSE,FALSE
8758173,"gate_30",5,FALSE,FALSE
8758295,"gate_30",121,TRUE,TRUE
8758527,"gate_40",1,FALSE,FALSE
8758677,"gate_40",235,TRUE,TRUE
8758788,"gate_30",4,FALSE,FALSE
8758834,"gate_40",57,TRUE,TRUE
8758859,"gate_40",265,TRUE,TRUE
8758863,"gate_30",31,FALSE,TRUE
8758910,"gate_40",2,FALSE,FALSE
8758981,"gate_40",116,TRUE,FALSE
8759005,"gate_30",16,FALSE,TRUE
8759100,"gate_30",632,TRUE,TRUE
8759213,"gate_40",16,TRUE,FALSE
8759225,"gate_30",51,TRUE,TRUE
8759334,"gate_40",19,TRUE,FALSE
8759604,"gate_30",17,TRUE,TRUE
8759675,"gate_30",165,TRUE,TRUE
8759868,"gate_40",15,TRUE,FALSE
8760086,"gate_40",1,FALSE,FALSE
8760122,"gate_30",18,TRUE,FALSE
8760282,"gate_30",5,FALSE,FALSE
8760326,"gate_30",0,FALSE,FALSE
8760357,"gate_40",216,TRUE,TRUE
8760451,"gate_30",3,TRUE,FALSE
8760470,"gate_40",166,TRUE,FALSE
8760474,"gate_30",12,TRUE,FALSE
8760883,"gate_30",16,FALSE,FALSE
8761253,"gate_40",47,FALSE,FALSE
8761316,"gate_40",0,FALSE,FALSE
8761334,"gate_30",225,FALSE,TRUE
8761471,"gate_40",41,TRUE,FALSE
8761532,"gate_30",1,FALSE,FALSE
8761632,"gate_30",36,FALSE,TRUE
8761814,"gate_40",7,FALSE,FALSE
8761880,"gate_30",9,FALSE,FALSE
8761891,"gate_40",30,FALSE,FALSE
8762220,"gate_30",10,FALSE,FALSE
8762242,"gate_40",36,FALSE,FALSE
8762371,"gate_30",20,TRUE,FALSE
8762388,"gate_30",2,FALSE,FALSE
8762395,"gate_30",6,TRUE,FALSE
8762805,"gate_40",17,FALSE,FALSE
8762814,"gate_30",92,TRUE,TRUE
8762879,"gate_30",16,FALSE,FALSE
8762998,"gate_30",14,FALSE,FALSE
8763139,"gate_30",11,TRUE,FALSE
8763240,"gate_40",65,TRUE,FALSE
8763242,"gate_30",29,FALSE,FALSE
8763247,"gate_30",14,TRUE,FALSE
8763425,"gate_40",47,TRUE,FALSE
8763451,"gate_40",5,FALSE,FALSE
8763496,"gate_30",9,FALSE,FALSE
8763602,"gate_30",1,FALSE,FALSE
8763637,"gate_30",62,TRUE,FALSE
8763663,"gate_40",13,FALSE,FALSE
8763958,"gate_30",1,FALSE,FALSE
8764021,"gate_30",23,FALSE,FALSE
8764071,"gate_30",6,FALSE,FALSE
8764308,"gate_30",96,TRUE,TRUE
8764403,"gate_30",461,TRUE,TRUE
8764447,"gate_40",26,TRUE,TRUE
8764635,"gate_30",1,FALSE,FALSE
8764752,"gate_30",3,FALSE,FALSE
8764839,"gate_40",88,TRUE,FALSE
8764843,"gate_30",19,TRUE,FALSE
8764858,"gate_40",62,FALSE,TRUE
8764887,"gate_30",55,FALSE,TRUE
8765178,"gate_40",11,FALSE,FALSE
8765196,"gate_30",25,FALSE,FALSE
8765268,"gate_40",64,TRUE,FALSE
8765545,"gate_40",20,FALSE,FALSE
8765567,"gate_40",42,TRUE,FALSE
8765610,"gate_30",19,FALSE,FALSE
8765624,"gate_40",2,FALSE,FALSE
8765732,"gate_40",14,FALSE,FALSE
8765821,"gate_40",14,TRUE,FALSE
8765980,"gate_40",106,TRUE,TRUE
8766035,"gate_40",223,TRUE,TRUE
8766190,"gate_40",6,FALSE,FALSE
8766417,"gate_30",1,FALSE,FALSE
8766438,"gate_30",32,TRUE,FALSE
8766790,"gate_40",18,TRUE,FALSE
8766886,"gate_30",18,TRUE,FALSE
8766916,"gate_30",4,FALSE,FALSE
8766976,"gate_30",29,FALSE,FALSE
8767096,"gate_30",3,TRUE,FALSE
8767116,"gate_30",139,TRUE,TRUE
8767125,"gate_30",6,FALSE,FALSE
8767317,"gate_40",14,FALSE,FALSE
8767417,"gate_30",38,TRUE,TRUE
8767534,"gate_30",8,TRUE,FALSE
8767592,"gate_40",1,FALSE,FALSE
8767635,"gate_40",28,FALSE,FALSE
8767724,"gate_40",36,FALSE,FALSE
8767787,"gate_30",5,FALSE,FALSE
8768002,"gate_40",33,TRUE,FALSE
8768064,"gate_40",6,FALSE,FALSE
8768093,"gate_30",8,FALSE,FALSE
8768215,"gate_40",16,FALSE,FALSE
8768247,"gate_40",194,TRUE,TRUE
8768333,"gate_40",14,FALSE,FALSE
8768385,"gate_30",5,FALSE,FALSE
8768425,"gate_30",6,FALSE,FALSE
8768486,"gate_30",0,FALSE,FALSE
8768556,"gate_40",1,FALSE,FALSE
8768779,"gate_30",40,FALSE,FALSE
8768838,"gate_40",12,FALSE,FALSE
8768960,"gate_40",22,FALSE,FALSE
8769031,"gate_40",59,TRUE,TRUE
8769171,"gate_40",1,FALSE,FALSE
8769417,"gate_40",2,FALSE,FALSE
8769429,"gate_30",148,TRUE,TRUE
8769467,"gate_40",3,FALSE,FALSE
8769559,"gate_30",27,TRUE,FALSE
8769569,"gate_30",7,TRUE,FALSE
8769659,"gate_40",8,FALSE,FALSE
8769671,"gate_40",2,FALSE,FALSE
8769694,"gate_40",25,FALSE,FALSE
8770047,"gate_30",16,FALSE,FALSE
8770283,"gate_30",16,FALSE,FALSE
8770451,"gate_40",44,TRUE,FALSE
8770620,"gate_40",57,FALSE,FALSE
8770814,"gate_30",20,FALSE,TRUE
8770842,"gate_30",16,FALSE,FALSE
8770868,"gate_40",108,FALSE,TRUE
8770930,"gate_40",527,TRUE,TRUE
8770970,"gate_40",2,FALSE,FALSE
8771025,"gate_40",17,FALSE,FALSE
8771244,"gate_40",18,TRUE,FALSE
8771333,"gate_40",24,TRUE,TRUE
8771397,"gate_30",13,FALSE,FALSE
8771458,"gate_40",21,TRUE,FALSE
8771564,"gate_40",21,FALSE,FALSE
8771642,"gate_40",59,TRUE,TRUE
8771646,"gate_40",8,FALSE,FALSE
8771752,"gate_30",3,FALSE,FALSE
8772004,"gate_30",49,TRUE,FALSE
8772073,"gate_30",19,TRUE,FALSE
8772124,"gate_40",2,FALSE,FALSE
8772256,"gate_30",5,FALSE,FALSE
8772422,"gate_40",68,FALSE,FALSE
8772555,"gate_30",9,FALSE,FALSE
8772580,"gate_30",18,FALSE,FALSE
8772592,"gate_40",1,FALSE,FALSE
8772689,"gate_40",6,FALSE,FALSE
8772758,"gate_40",42,TRUE,FALSE
8772857,"gate_40",174,TRUE,TRUE
8773187,"gate_40",18,FALSE,FALSE
8773356,"gate_40",9,FALSE,FALSE
8773372,"gate_40",0,FALSE,FALSE
8773483,"gate_40",34,TRUE,FALSE
8773542,"gate_30",0,FALSE,FALSE
8773654,"gate_40",114,TRUE,FALSE
8773715,"gate_30",8,FALSE,FALSE
8773736,"gate_40",3,FALSE,FALSE
8773788,"gate_30",257,TRUE,TRUE
8773906,"gate_30",9,FALSE,FALSE
8774184,"gate_40",8,FALSE,FALSE
8774316,"gate_30",120,TRUE,FALSE
8774629,"gate_30",141,TRUE,TRUE
8774711,"gate_40",3,FALSE,FALSE
8774813,"gate_30",0,FALSE,FALSE
8774868,"gate_40",40,TRUE,FALSE
8775139,"gate_30",62,TRUE,TRUE
8775185,"gate_40",3,FALSE,FALSE
8775258,"gate_30",6,FALSE,FALSE
8775375,"gate_30",61,FALSE,FALSE
8775401,"gate_30",127,TRUE,TRUE
8775421,"gate_30",106,TRUE,TRUE
8775464,"gate_30",1,FALSE,FALSE
8775563,"gate_30",60,FALSE,FALSE
8775691,"gate_30",7,FALSE,FALSE
8775727,"gate_30",12,TRUE,FALSE
8776110,"gate_40",50,FALSE,FALSE
8776264,"gate_30",56,FALSE,FALSE
8776273,"gate_30",4,FALSE,TRUE
8776419,"gate_40",100,TRUE,FALSE
8776430,"gate_40",9,TRUE,FALSE
8776528,"gate_40",93,TRUE,FALSE
8776570,"gate_40",5,TRUE,FALSE
8776765,"gate_40",12,TRUE,FALSE
8776841,"gate_30",16,FALSE,FALSE
8776871,"gate_40",4,FALSE,FALSE
8777283,"gate_40",168,TRUE,FALSE
8777362,"gate_30",6,FALSE,TRUE
8777390,"gate_40",1,FALSE,FALSE
8777397,"gate_40",86,TRUE,FALSE
8777408,"gate_40",3,FALSE,FALSE
8777538,"gate_40",6,FALSE,FALSE
8777622,"gate_40",3,TRUE,FALSE
8777673,"gate_30",2,FALSE,FALSE
8777787,"gate_30",299,TRUE,FALSE
8777792,"gate_30",4,FALSE,FALSE
8778010,"gate_40",2,FALSE,FALSE
8778034,"gate_30",1,FALSE,FALSE
8778251,"gate_30",18,TRUE,FALSE
8778429,"gate_30",10,FALSE,FALSE
8778695,"gate_30",174,TRUE,TRUE
8778879,"gate_40",2,TRUE,TRUE
8778882,"gate_30",558,TRUE,TRUE
8778905,"gate_30",11,FALSE,FALSE
8779185,"gate_40",0,FALSE,FALSE
8779217,"gate_40",11,FALSE,FALSE
8779321,"gate_30",155,TRUE,TRUE
8779537,"gate_40",8,FALSE,FALSE
8779610,"gate_40",163,TRUE,TRUE
8779694,"gate_40",12,TRUE,FALSE
8780055,"gate_30",25,TRUE,FALSE
8780260,"gate_40",1,FALSE,FALSE
8780263,"gate_40",123,TRUE,TRUE
8780387,"gate_40",0,FALSE,FALSE
8780397,"gate_40",2,FALSE,FALSE
8780407,"gate_30",32,TRUE,FALSE
8780503,"gate_40",0,FALSE,FALSE
8780895,"gate_30",23,FALSE,FALSE
8780975,"gate_30",13,FALSE,FALSE
8781023,"gate_30",12,FALSE,FALSE
8781118,"gate_40",1,FALSE,FALSE
8781339,"gate_40",18,TRUE,FALSE
8781344,"gate_30",30,TRUE,FALSE
8781347,"gate_40",6,FALSE,FALSE
8781460,"gate_40",1,FALSE,FALSE
8781633,"gate_30",18,FALSE,FALSE
8781638,"gate_30",5,FALSE,FALSE
8781864,"gate_30",0,FALSE,TRUE
8782139,"gate_30",2,FALSE,FALSE
8782158,"gate_40",17,FALSE,FALSE
8782200,"gate_40",19,FALSE,FALSE
8782216,"gate_30",5,FALSE,FALSE
8782369,"gate_40",0,FALSE,FALSE
8782476,"gate_30",3,FALSE,FALSE
8782499,"gate_30",79,TRUE,FALSE
8782507,"gate_40",1,FALSE,FALSE
8782626,"gate_30",21,FALSE,FALSE
8782827,"gate_40",39,FALSE,TRUE
8782889,"gate_40",28,TRUE,FALSE
8782965,"gate_30",283,TRUE,TRUE
8782991,"gate_30",29,FALSE,FALSE
8783293,"gate_40",1,FALSE,FALSE
8783510,"gate_40",3,FALSE,FALSE
8783642,"gate_30",21,TRUE,FALSE
8783659,"gate_40",136,FALSE,TRUE
8783797,"gate_30",6,FALSE,FALSE
8783968,"gate_40",6,FALSE,FALSE
8784299,"gate_40",32,FALSE,FALSE
8784425,"gate_30",189,TRUE,TRUE
8784486,"gate_30",179,TRUE,TRUE
8784591,"gate_40",3,FALSE,FALSE
8785028,"gate_40",19,TRUE,FALSE
8785099,"gate_40",17,FALSE,FALSE
8785128,"gate_40",12,TRUE,FALSE
8785270,"gate_40",4,FALSE,FALSE
8785335,"gate_40",22,FALSE,FALSE
8785529,"gate_30",4,FALSE,FALSE
8785538,"gate_30",26,TRUE,FALSE
8785575,"gate_40",2,FALSE,FALSE
8785734,"gate_40",55,TRUE,FALSE
8785815,"gate_40",1,FALSE,FALSE
8785827,"gate_30",4,TRUE,FALSE
8785872,"gate_30",13,FALSE,FALSE
8786087,"gate_40",3,FALSE,FALSE
8786520,"gate_40",39,TRUE,FALSE
8786830,"gate_40",64,TRUE,FALSE
8786847,"gate_30",139,TRUE,FALSE
8786863,"gate_30",9,FALSE,FALSE
8787015,"gate_30",16,FALSE,FALSE
8787231,"gate_30",142,TRUE,TRUE
8787370,"gate_40",1,FALSE,FALSE
8787387,"gate_30",18,TRUE,FALSE
8787432,"gate_30",39,TRUE,FALSE
8787519,"gate_40",33,TRUE,FALSE
8787531,"gate_40",1,FALSE,FALSE
8787676,"gate_40",22,TRUE,FALSE
8787727,"gate_30",9,FALSE,FALSE
8787744,"gate_40",39,FALSE,FALSE
8787879,"gate_30",10,FALSE,TRUE
8787881,"gate_40",63,TRUE,TRUE
8787926,"gate_40",0,FALSE,FALSE
8787956,"gate_30",25,FALSE,FALSE
8787978,"gate_40",10,FALSE,TRUE
8788331,"gate_40",361,TRUE,TRUE
8788338,"gate_40",0,FALSE,FALSE
8788588,"gate_30",18,TRUE,FALSE
8788612,"gate_30",15,TRUE,FALSE
8788854,"gate_30",5,TRUE,FALSE
8788957,"gate_30",15,TRUE,FALSE
8789118,"gate_40",194,TRUE,TRUE
8789153,"gate_30",354,TRUE,TRUE
8789210,"gate_40",6,FALSE,FALSE
8789219,"gate_40",3,FALSE,FALSE
8789309,"gate_30",10,FALSE,FALSE
8789314,"gate_40",21,TRUE,TRUE
8789371,"gate_40",65,TRUE,TRUE
8789630,"gate_40",23,FALSE,FALSE
8789692,"gate_40",51,TRUE,FALSE
8789919,"gate_40",21,TRUE,FALSE
8789971,"gate_40",3,FALSE,FALSE
8789974,"gate_30",3,FALSE,FALSE
8790059,"gate_40",42,FALSE,FALSE
8790062,"gate_30",70,FALSE,FALSE
8790071,"gate_30",27,TRUE,FALSE
8790100,"gate_40",74,TRUE,FALSE
8790186,"gate_40",26,TRUE,FALSE
8790200,"gate_30",0,FALSE,FALSE
8790382,"gate_30",66,TRUE,FALSE
8790501,"gate_30",339,TRUE,TRUE
8790856,"gate_30",147,FALSE,TRUE
8790986,"gate_40",134,FALSE,TRUE
8791042,"gate_40",18,TRUE,FALSE
8791126,"gate_40",26,FALSE,TRUE
8791128,"gate_40",4,FALSE,FALSE
8791265,"gate_30",1,FALSE,FALSE
8791332,"gate_30",51,TRUE,FALSE
8791444,"gate_40",3,FALSE,TRUE
8791545,"gate_40",31,TRUE,FALSE
8791714,"gate_40",4,FALSE,FALSE
8791716,"gate_40",60,TRUE,TRUE
8791827,"gate_40",75,TRUE,FALSE
8791838,"gate_40",23,FALSE,FALSE
8792150,"gate_40",85,TRUE,TRUE
8792188,"gate_30",131,TRUE,TRUE
8792279,"gate_30",29,TRUE,FALSE
8792432,"gate_40",13,FALSE,FALSE
8792449,"gate_30",111,TRUE,TRUE
8792519,"gate_40",4,FALSE,FALSE
8792971,"gate_40",4,FALSE,FALSE
8793022,"gate_40",8,FALSE,FALSE
8793029,"gate_40",6,FALSE,FALSE
8793111,"gate_30",8,TRUE,FALSE
8793216,"gate_40",7,FALSE,FALSE
8793301,"gate_40",21,FALSE,FALSE
8793363,"gate_40",123,TRUE,TRUE
8793420,"gate_30",22,TRUE,FALSE
8793504,"gate_40",42,TRUE,FALSE
8793539,"gate_40",1,FALSE,FALSE
8793783,"gate_30",49,TRUE,FALSE
8793881,"gate_40",105,TRUE,FALSE
8793903,"gate_30",3,FALSE,FALSE
8794235,"gate_30",13,TRUE,FALSE
8794286,"gate_40",2,FALSE,FALSE
8794410,"gate_40",19,FALSE,TRUE
8794435,"gate_40",3,FALSE,FALSE
8794515,"gate_40",902,TRUE,TRUE
8794604,"gate_40",7,FALSE,FALSE
8794707,"gate_40",4,FALSE,FALSE
8794710,"gate_40",31,FALSE,FALSE
8794725,"gate_40",63,FALSE,FALSE
8794738,"gate_30",7,FALSE,FALSE
8795007,"gate_40",9,FALSE,FALSE
8795242,"gate_40",2,FALSE,FALSE
8795378,"gate_40",2,FALSE,FALSE
8795481,"gate_30",137,FALSE,TRUE
8795541,"gate_30",7,TRUE,FALSE
8795592,"gate_40",8,FALSE,FALSE
8795833,"gate_30",35,FALSE,FALSE
8796060,"gate_30",27,TRUE,FALSE
8796349,"gate_40",55,FALSE,FALSE
8796399,"gate_30",102,TRUE,FALSE
8796549,"gate_30",220,TRUE,TRUE
8796580,"gate_30",67,TRUE,FALSE
8796618,"gate_30",6,FALSE,FALSE
8796809,"gate_30",28,TRUE,FALSE
8796854,"gate_40",0,FALSE,FALSE
8797117,"gate_30",17,TRUE,FALSE
8797221,"gate_40",17,FALSE,FALSE
8797281,"gate_40",112,TRUE,TRUE
8797299,"gate_30",210,TRUE,TRUE
8797470,"gate_30",9,FALSE,FALSE
8797817,"gate_30",9,TRUE,FALSE
8797928,"gate_40",1,FALSE,FALSE
8797943,"gate_40",198,TRUE,TRUE
8797958,"gate_30",79,FALSE,FALSE
8798327,"gate_30",24,FALSE,FALSE
8798355,"gate_30",4,FALSE,FALSE
8798543,"gate_40",23,FALSE,FALSE
8798700,"gate_30",18,TRUE,FALSE
8798702,"gate_40",4,FALSE,FALSE
8798785,"gate_30",22,FALSE,FALSE
8798911,"gate_30",1,FALSE,FALSE
8799340,"gate_40",173,TRUE,TRUE
8799446,"gate_30",9,TRUE,FALSE
8799451,"gate_40",27,FALSE,TRUE
8799487,"gate_40",149,TRUE,TRUE
8799746,"gate_40",2,FALSE,FALSE
8799751,"gate_30",10,FALSE,FALSE
8799886,"gate_40",10,FALSE,FALSE
8799907,"gate_40",2,FALSE,FALSE
8799938,"gate_30",12,FALSE,FALSE
8800277,"gate_30",460,TRUE,TRUE
8800373,"gate_40",37,FALSE,FALSE
8800376,"gate_40",59,TRUE,TRUE
8800531,"gate_40",24,TRUE,FALSE
8800796,"gate_30",28,TRUE,FALSE
8800800,"gate_30",20,TRUE,FALSE
8801058,"gate_40",13,TRUE,FALSE
8801154,"gate_40",12,FALSE,FALSE
8801186,"gate_40",4,FALSE,FALSE
8801280,"gate_30",22,FALSE,FALSE
8801315,"gate_40",20,FALSE,FALSE
8801415,"gate_30",36,TRUE,FALSE
8801567,"gate_40",0,FALSE,FALSE
8801598,"gate_30",57,TRUE,FALSE
8801740,"gate_40",9,FALSE,FALSE
8801894,"gate_40",12,FALSE,FALSE
8802149,"gate_30",18,TRUE,FALSE
8802390,"gate_30",17,FALSE,FALSE
8802394,"gate_30",159,FALSE,TRUE
8802495,"gate_30",7,FALSE,FALSE
8802523,"gate_40",21,TRUE,FALSE
8802645,"gate_30",16,TRUE,FALSE
8802667,"gate_30",20,TRUE,FALSE
8802685,"gate_40",11,FALSE,FALSE
8802701,"gate_40",30,TRUE,FALSE
8802782,"gate_30",38,TRUE,FALSE
8802783,"gate_30",29,TRUE,FALSE
8803031,"gate_40",32,TRUE,FALSE
8803051,"gate_40",28,TRUE,FALSE
8803168,"gate_40",3,FALSE,FALSE
8803221,"gate_40",14,FALSE,FALSE
8803288,"gate_30",1,FALSE,FALSE
8803390,"gate_40",102,TRUE,FALSE
8803399,"gate_30",15,TRUE,FALSE
8803419,"gate_30",1,FALSE,FALSE
8803601,"gate_40",117,TRUE,TRUE
8803710,"gate_30",482,TRUE,TRUE
8803748,"gate_40",3,FALSE,FALSE
8803813,"gate_30",0,FALSE,FALSE
8804025,"gate_30",19,TRUE,FALSE
8804054,"gate_40",17,FALSE,FALSE
8804331,"gate_40",25,FALSE,FALSE
8804345,"gate_30",43,FALSE,FALSE
8804369,"gate_30",3,FALSE,FALSE
8804401,"gate_30",9,FALSE,FALSE
8804668,"gate_30",392,TRUE,TRUE
8804679,"gate_40",106,TRUE,FALSE
8804922,"gate_40",32,TRUE,TRUE
8805043,"gate_40",16,TRUE,FALSE
8805279,"gate_40",11,TRUE,FALSE
8805321,"gate_40",8,FALSE,FALSE
8805793,"gate_30",64,FALSE,FALSE
8805969,"gate_40",813,TRUE,TRUE
8806087,"gate_40",16,FALSE,FALSE
8806142,"gate_40",63,TRUE,FALSE
8806169,"gate_30",390,TRUE,TRUE
8806253,"gate_30",0,FALSE,FALSE
8806433,"gate_30",0,FALSE,FALSE
8806501,"gate_40",10,FALSE,FALSE
8806844,"gate_40",2,FALSE,FALSE
8806925,"gate_30",134,TRUE,TRUE
8806973,"gate_30",30,TRUE,FALSE
8807172,"gate_30",12,FALSE,FALSE
8807460,"gate_40",1,FALSE,FALSE
8807570,"gate_30",8,FALSE,FALSE
8807581,"gate_30",3,FALSE,FALSE
8807657,"gate_30",99,TRUE,TRUE
8808165,"gate_30",6,FALSE,FALSE
8808242,"gate_30",26,TRUE,FALSE
8808345,"gate_40",165,FALSE,TRUE
8808363,"gate_40",6,FALSE,FALSE
8808448,"gate_30",19,TRUE,TRUE
8808452,"gate_30",1,FALSE,FALSE
8808453,"gate_40",30,FALSE,FALSE
8808492,"gate_30",148,TRUE,TRUE
8808648,"gate_30",40,FALSE,TRUE
8808675,"gate_30",14,FALSE,FALSE
8808697,"gate_30",57,FALSE,FALSE
8808879,"gate_30",30,TRUE,FALSE
8808903,"gate_40",5,FALSE,FALSE
8808909,"gate_40",52,FALSE,FALSE
8809017,"gate_30",219,TRUE,TRUE
8809165,"gate_30",62,TRUE,FALSE
8809278,"gate_30",2,FALSE,FALSE
8809412,"gate_30",158,TRUE,FALSE
8809426,"gate_40",5,FALSE,FALSE
8809433,"gate_40",0,FALSE,FALSE
8809464,"gate_30",1,FALSE,FALSE
8809494,"gate_40",155,TRUE,TRUE
8809730,"gate_40",34,TRUE,FALSE
8809878,"gate_30",4,FALSE,FALSE
8809995,"gate_40",23,FALSE,FALSE
8810001,"gate_30",16,TRUE,FALSE
8810068,"gate_40",44,TRUE,FALSE
8810168,"gate_30",33,FALSE,FALSE
8810596,"gate_30",4,FALSE,FALSE
8810600,"gate_30",318,TRUE,TRUE
8810689,"gate_30",2,FALSE,FALSE
8810729,"gate_30",183,TRUE,FALSE
8810897,"gate_40",5,TRUE,FALSE
8811051,"gate_30",9,FALSE,FALSE
8811213,"gate_40",1,FALSE,FALSE
8811309,"gate_40",20,FALSE,FALSE
8811373,"gate_30",0,FALSE,FALSE
8811376,"gate_40",36,FALSE,FALSE
8811489,"gate_40",2,FALSE,FALSE
8811616,"gate_40",12,FALSE,FALSE
8811702,"gate_30",0,FALSE,FALSE
8811805,"gate_30",57,TRUE,FALSE
8811824,"gate_30",0,FALSE,FALSE
8812082,"gate_30",9,TRUE,FALSE
8812238,"gate_40",15,FALSE,FALSE
8812279,"gate_40",0,FALSE,FALSE
8812313,"gate_30",173,TRUE,TRUE
8812445,"gate_40",9,TRUE,FALSE
8812572,"gate_30",14,TRUE,FALSE
8812588,"gate_40",53,FALSE,FALSE
8812613,"gate_30",1,FALSE,FALSE
8812620,"gate_40",1,FALSE,FALSE
8812700,"gate_40",10,FALSE,FALSE
8812766,"gate_40",0,FALSE,FALSE
8812854,"gate_30",31,FALSE,FALSE
8812939,"gate_40",9,FALSE,FALSE
8813299,"gate_30",38,TRUE,FALSE
8813324,"gate_40",43,TRUE,FALSE
8813492,"gate_40",1,FALSE,FALSE
8813500,"gate_30",25,TRUE,FALSE
8813752,"gate_40",16,FALSE,FALSE
8813806,"gate_30",38,TRUE,FALSE
8813886,"gate_30",330,TRUE,TRUE
8813999,"gate_30",58,TRUE,FALSE
8814157,"gate_30",3,FALSE,FALSE
8814197,"gate_40",38,TRUE,FALSE
8814215,"gate_30",6,FALSE,FALSE
8814452,"gate_30",1,FALSE,FALSE
8814915,"gate_40",109,FALSE,TRUE
8814928,"gate_40",7,TRUE,FALSE
8815069,"gate_40",9,FALSE,FALSE
8815176,"gate_40",1,FALSE,FALSE
8815204,"gate_30",29,FALSE,FALSE
8815858,"gate_30",13,FALSE,FALSE
8816225,"gate_40",202,TRUE,FALSE
8816300,"gate_40",380,TRUE,TRUE
8816303,"gate_30",55,TRUE,FALSE
8816356,"gate_30",3,FALSE,FALSE
8816383,"gate_30",7,FALSE,FALSE
8816478,"gate_40",33,TRUE,FALSE
8816800,"gate_40",31,FALSE,FALSE
8816973,"gate_40",22,TRUE,FALSE
8817084,"gate_30",1,FALSE,FALSE
8817137,"gate_40",167,TRUE,FALSE
8817302,"gate_30",294,TRUE,FALSE
8817398,"gate_40",3,FALSE,FALSE
8817472,"gate_40",5,TRUE,FALSE
8817476,"gate_40",9,TRUE,FALSE
8817643,"gate_30",300,TRUE,TRUE
8817954,"gate_40",422,TRUE,TRUE
8818072,"gate_40",2,TRUE,FALSE
8818228,"gate_30",22,TRUE,FALSE
8818478,"gate_40",2,FALSE,FALSE
8818622,"gate_30",0,FALSE,FALSE
8818844,"gate_40",0,FALSE,FALSE
8819105,"gate_30",83,TRUE,TRUE
8819190,"gate_30",2,FALSE,FALSE
8819202,"gate_40",44,TRUE,FALSE
8819297,"gate_40",17,FALSE,FALSE
8819437,"gate_40",164,TRUE,TRUE
8819765,"gate_40",151,TRUE,FALSE
8819841,"gate_40",1,FALSE,FALSE
8820098,"gate_40",88,TRUE,TRUE
8820162,"gate_30",26,TRUE,FALSE
8820353,"gate_30",46,TRUE,FALSE
8820623,"gate_40",82,TRUE,FALSE
8820656,"gate_40",26,TRUE,FALSE
8820935,"gate_30",18,FALSE,FALSE
8820969,"gate_30",37,TRUE,TRUE
8821086,"gate_40",27,FALSE,FALSE
8821099,"gate_40",8,FALSE,FALSE
8821170,"gate_30",9,FALSE,FALSE
8821267,"gate_30",9,FALSE,FALSE
8821318,"gate_30",1,FALSE,FALSE
8821725,"gate_40",76,TRUE,FALSE
8821745,"gate_40",5,FALSE,FALSE
8821753,"gate_30",14,TRUE,FALSE
8821815,"gate_30",0,FALSE,FALSE
8821829,"gate_40",0,FALSE,FALSE
8821869,"gate_30",307,TRUE,TRUE
8821956,"gate_30",17,FALSE,FALSE
8822131,"gate_40",27,FALSE,FALSE
8822297,"gate_30",6,FALSE,FALSE
8822355,"gate_40",0,FALSE,FALSE
8822367,"gate_40",132,TRUE,FALSE
8822432,"gate_30",57,TRUE,FALSE
8822592,"gate_40",1,FALSE,FALSE
8822825,"gate_40",26,TRUE,FALSE
8822913,"gate_30",1,FALSE,FALSE
8822926,"gate_40",29,TRUE,FALSE
8823063,"gate_30",4,FALSE,FALSE
8823084,"gate_40",59,TRUE,FALSE
8823085,"gate_30",17,TRUE,FALSE
8823174,"gate_40",195,TRUE,TRUE
8823214,"gate_40",0,FALSE,FALSE
8823294,"gate_30",0,FALSE,FALSE
8823327,"gate_40",2,FALSE,FALSE
8823367,"gate_40",30,TRUE,FALSE
8823528,"gate_40",72,FALSE,FALSE
8823547,"gate_40",3,FALSE,FALSE
8823602,"gate_30",10,FALSE,FALSE
8823635,"gate_40",6,FALSE,FALSE
8823636,"gate_40",0,FALSE,FALSE
8823637,"gate_40",20,FALSE,FALSE
8823667,"gate_40",36,TRUE,FALSE
8823756,"gate_40",1,FALSE,FALSE
8823828,"gate_40",29,TRUE,FALSE
8824028,"gate_40",4,FALSE,FALSE
8824092,"gate_30",58,TRUE,FALSE
8824389,"gate_40",13,TRUE,FALSE
8824442,"gate_40",51,TRUE,FALSE
8824450,"gate_40",19,FALSE,FALSE
8824451,"gate_40",216,TRUE,TRUE
8824627,"gate_30",15,TRUE,FALSE
8824629,"gate_30",32,FALSE,FALSE
8824829,"gate_30",15,TRUE,TRUE
8824849,"gate_40",22,FALSE,FALSE
8824898,"gate_40",27,FALSE,FALSE
8824912,"gate_30",492,TRUE,TRUE
8824947,"gate_30",5,FALSE,FALSE
8825012,"gate_40",35,TRUE,FALSE
8825027,"gate_40",4,FALSE,FALSE
8825077,"gate_30",197,TRUE,FALSE
8825234,"gate_40",204,TRUE,TRUE
8825254,"gate_40",728,TRUE,TRUE
8825660,"gate_40",2,FALSE,FALSE
8825909,"gate_30",45,FALSE,TRUE
8826072,"gate_40",0,FALSE,FALSE
8826084,"gate_30",158,TRUE,FALSE
8826165,"gate_30",44,TRUE,FALSE
8826239,"gate_30",31,TRUE,FALSE
8826323,"gate_40",218,TRUE,TRUE
8826591,"gate_40",188,TRUE,TRUE
8826599,"gate_30",11,FALSE,FALSE
8826691,"gate_30",21,TRUE,FALSE
8826704,"gate_40",27,TRUE,TRUE
8826723,"gate_30",49,TRUE,TRUE
8826792,"gate_30",26,FALSE,FALSE
8826893,"gate_30",821,TRUE,TRUE
8826939,"gate_30",1,FALSE,FALSE
8827045,"gate_40",65,FALSE,TRUE
8827179,"gate_30",0,FALSE,FALSE
8827262,"gate_30",4,FALSE,FALSE
8827273,"gate_30",2,FALSE,FALSE
8827316,"gate_30",73,TRUE,FALSE
8827326,"gate_40",76,TRUE,FALSE
8827695,"gate_30",125,TRUE,FALSE
8827743,"gate_40",307,TRUE,TRUE
8827765,"gate_40",115,TRUE,FALSE
8827986,"gate_30",1,FALSE,FALSE
8828013,"gate_30",13,TRUE,FALSE
8828190,"gate_30",33,FALSE,FALSE
8828548,"gate_40",17,FALSE,FALSE
8828665,"gate_40",0,FALSE,FALSE
8828679,"gate_30",39,TRUE,FALSE
8828719,"gate_40",1,FALSE,FALSE
8829052,"gate_40",401,TRUE,FALSE
8829092,"gate_40",5,FALSE,FALSE
8829135,"gate_30",19,FALSE,FALSE
8829197,"gate_40",884,TRUE,TRUE
8829442,"gate_40",13,FALSE,FALSE
8829674,"gate_40",162,TRUE,FALSE
8829839,"gate_30",51,TRUE,FALSE
8829931,"gate_40",58,FALSE,FALSE
8829936,"gate_40",13,TRUE,FALSE
8830306,"gate_30",6,FALSE,FALSE
8830400,"gate_40",25,TRUE,FALSE
8830526,"gate_40",4,FALSE,FALSE
8830601,"gate_40",7,FALSE,FALSE
8830685,"gate_40",1,FALSE,FALSE
8830710,"gate_40",201,TRUE,FALSE
8830806,"gate_30",96,TRUE,TRUE
8830906,"gate_40",0,FALSE,FALSE
8830953,"gate_30",580,TRUE,TRUE
8831120,"gate_30",5,FALSE,FALSE
8831354,"gate_30",55,TRUE,FALSE
8831412,"gate_30",3,FALSE,FALSE
8831637,"gate_40",8,FALSE,FALSE
8831663,"gate_30",12,TRUE,FALSE
8831810,"gate_30",0,FALSE,FALSE
8831923,"gate_30",12,TRUE,FALSE
8832084,"gate_30",20,TRUE,TRUE
8832176,"gate_30",67,TRUE,FALSE
8832385,"gate_30",1,FALSE,FALSE
8832850,"gate_40",339,TRUE,TRUE
8833074,"gate_30",216,TRUE,FALSE
8833158,"gate_30",2,FALSE,FALSE
8833225,"gate_30",33,FALSE,TRUE
8833302,"gate_30",32,TRUE,FALSE
8833326,"gate_30",11,TRUE,FALSE
8833537,"gate_40",55,FALSE,TRUE
8833562,"gate_40",55,TRUE,FALSE
8833579,"gate_30",1,FALSE,FALSE
8833788,"gate_30",3,FALSE,FALSE
8833983,"gate_40",2,FALSE,FALSE
8834036,"gate_30",3,FALSE,FALSE
8834086,"gate_40",77,TRUE,FALSE
8834184,"gate_40",18,FALSE,FALSE
8834203,"gate_40",32,FALSE,FALSE
8834311,"gate_40",2,FALSE,FALSE
8834481,"gate_40",6,FALSE,FALSE
8834509,"gate_40",4,FALSE,FALSE
8834863,"gate_30",71,TRUE,FALSE
8835120,"gate_30",22,TRUE,FALSE
8835236,"gate_30",16,TRUE,FALSE
8835323,"gate_40",3,FALSE,FALSE
8835379,"gate_30",57,TRUE,FALSE
8835438,"gate_40",2,FALSE,FALSE
8835464,"gate_30",25,TRUE,FALSE
8835568,"gate_40",13,TRUE,FALSE
8835628,"gate_40",1,FALSE,FALSE
8835707,"gate_30",51,TRUE,TRUE
8835756,"gate_40",7,TRUE,FALSE
8835859,"gate_30",117,TRUE,TRUE
8835983,"gate_30",5,FALSE,FALSE
8836086,"gate_40",268,TRUE,TRUE
8836249,"gate_40",14,FALSE,FALSE
8836342,"gate_30",79,TRUE,FALSE
8836745,"gate_40",10,FALSE,FALSE
8836763,"gate_30",461,TRUE,TRUE
8836802,"gate_40",23,TRUE,FALSE
8836819,"gate_40",22,FALSE,FALSE
8836840,"gate_40",22,FALSE,FALSE
8836848,"gate_30",188,TRUE,TRUE
8837047,"gate_30",6,FALSE,FALSE
8837049,"gate_40",18,TRUE,FALSE
8837073,"gate_40",45,TRUE,FALSE
8837131,"gate_40",1,FALSE,FALSE
8837259,"gate_40",4,FALSE,FALSE
8837371,"gate_30",3,FALSE,FALSE
8837551,"gate_30",366,TRUE,TRUE
8837619,"gate_40",0,FALSE,FALSE
8837680,"gate_40",29,FALSE,FALSE
8837905,"gate_40",19,TRUE,FALSE
8838044,"gate_40",8,FALSE,FALSE
8838096,"gate_40",10,FALSE,FALSE
8838156,"gate_40",4,FALSE,FALSE
8838178,"gate_30",5,FALSE,FALSE
8838471,"gate_40",34,TRUE,FALSE
8838472,"gate_30",18,FALSE,TRUE
8838509,"gate_30",4,FALSE,FALSE
8838578,"gate_40",6,FALSE,FALSE
8838633,"gate_40",4,FALSE,FALSE
8838713,"gate_40",71,TRUE,TRUE
8839273,"gate_40",2,TRUE,FALSE
8839507,"gate_40",65,TRUE,FALSE
8839642,"gate_30",95,TRUE,TRUE
8839787,"gate_40",1,FALSE,FALSE
8839892,"gate_40",96,FALSE,TRUE
8840024,"gate_40",1,FALSE,FALSE
8840050,"gate_30",58,FALSE,TRUE
8840188,"gate_40",27,TRUE,FALSE
8840219,"gate_40",15,FALSE,FALSE
8840251,"gate_40",14,TRUE,FALSE
8840256,"gate_40",128,TRUE,TRUE
8840323,"gate_40",112,TRUE,FALSE
8840410,"gate_40",13,TRUE,FALSE
8840461,"gate_40",11,FALSE,FALSE
8840472,"gate_40",8,TRUE,FALSE
8840491,"gate_30",9,TRUE,FALSE
8840644,"gate_40",1,FALSE,FALSE
8840963,"gate_40",259,TRUE,TRUE
8841071,"gate_40",3,FALSE,FALSE
8841119,"gate_40",13,FALSE,FALSE
8841350,"gate_30",175,TRUE,TRUE
8841434,"gate_40",17,TRUE,FALSE
8841544,"gate_40",7,FALSE,FALSE
8841823,"gate_40",28,FALSE,FALSE
8841829,"gate_40",142,TRUE,TRUE
8841837,"gate_30",46,TRUE,FALSE
8841896,"gate_30",1,FALSE,FALSE
8842358,"gate_40",4,FALSE,FALSE
8842431,"gate_30",26,FALSE,FALSE
8842470,"gate_40",44,TRUE,FALSE
8842486,"gate_40",16,TRUE,TRUE
8842594,"gate_40",2,FALSE,FALSE
8842726,"gate_40",272,TRUE,TRUE
8842839,"gate_30",188,TRUE,FALSE
8842953,"gate_30",1,FALSE,FALSE
8843110,"gate_30",5,FALSE,FALSE
8843195,"gate_30",8,FALSE,FALSE
8843273,"gate_40",278,TRUE,TRUE
8843484,"gate_30",2,FALSE,FALSE
8843565,"gate_30",149,TRUE,FALSE
8843588,"gate_30",84,TRUE,TRUE
8843596,"gate_40",8,FALSE,FALSE
8843632,"gate_40",4,FALSE,FALSE
8843896,"gate_30",0,FALSE,FALSE
8844319,"gate_30",11,TRUE,FALSE
8844362,"gate_40",4,FALSE,FALSE
8844393,"gate_40",230,TRUE,TRUE
8844427,"gate_40",8,FALSE,FALSE
8844461,"gate_30",2,FALSE,FALSE
8844472,"gate_30",16,FALSE,FALSE
8844486,"gate_30",8,TRUE,FALSE
8844540,"gate_30",39,TRUE,FALSE
8844620,"gate_40",94,FALSE,FALSE
8844772,"gate_40",172,TRUE,TRUE
8844832,"gate_30",21,FALSE,FALSE
8844850,"gate_30",9,FALSE,FALSE
8844951,"gate_40",210,FALSE,TRUE
8844979,"gate_30",47,TRUE,FALSE
8845077,"gate_30",4,FALSE,FALSE
8845137,"gate_40",147,TRUE,TRUE
8845295,"gate_30",8,FALSE,FALSE
8845402,"gate_30",12,FALSE,FALSE
8845612,"gate_30",1,FALSE,FALSE
8845935,"gate_30",221,FALSE,TRUE
8846188,"gate_40",96,FALSE,FALSE
8846485,"gate_30",0,FALSE,FALSE
8846690,"gate_40",3,TRUE,FALSE
8846754,"gate_40",5,FALSE,FALSE
8846876,"gate_30",4,FALSE,FALSE
8846903,"gate_30",17,TRUE,FALSE
8846987,"gate_30",34,TRUE,FALSE
8847081,"gate_30",50,FALSE,FALSE
8847171,"gate_40",28,TRUE,FALSE
8847693,"gate_40",26,TRUE,FALSE
8847705,"gate_40",84,TRUE,TRUE
8847826,"gate_40",7,FALSE,FALSE
8847923,"gate_30",107,TRUE,TRUE
8848076,"gate_40",22,FALSE,FALSE
8848153,"gate_30",14,TRUE,FALSE
8848183,"gate_30",0,FALSE,FALSE
8848208,"gate_30",402,TRUE,TRUE
8848378,"gate_30",126,TRUE,FALSE
8848457,"gate_40",128,TRUE,TRUE
8848534,"gate_30",9,FALSE,FALSE
8848581,"gate_30",142,FALSE,TRUE
8848676,"gate_30",95,TRUE,FALSE
8848787,"gate_40",70,TRUE,FALSE
8848957,"gate_30",6,FALSE,FALSE
8848964,"gate_30",38,TRUE,TRUE
8848992,"gate_40",313,TRUE,FALSE
8849166,"gate_30",55,TRUE,TRUE
8849208,"gate_40",21,FALSE,FALSE
8849238,"gate_30",59,TRUE,FALSE
8849294,"gate_40",35,TRUE,FALSE
8849591,"gate_30",15,TRUE,FALSE
8849658,"gate_40",2,FALSE,FALSE
8849680,"gate_30",42,TRUE,FALSE
8849696,"gate_40",75,FALSE,TRUE
8849808,"gate_40",9,FALSE,FALSE
8850032,"gate_40",17,FALSE,FALSE
8850036,"gate_40",18,TRUE,FALSE
8850076,"gate_30",0,FALSE,FALSE
8850139,"gate_30",2,FALSE,FALSE
8850140,"gate_30",7,FALSE,FALSE
8850280,"gate_30",0,FALSE,FALSE
8850364,"gate_40",12,FALSE,FALSE
8850542,"gate_30",15,TRUE,FALSE
8850725,"gate_40",187,TRUE,FALSE
8850892,"gate_40",769,TRUE,TRUE
8851081,"gate_30",46,TRUE,FALSE
8851164,"gate_30",162,TRUE,TRUE
8851207,"gate_40",13,TRUE,FALSE
8851308,"gate_40",10,FALSE,FALSE
8851326,"gate_30",4,FALSE,FALSE
8851577,"gate_30",23,TRUE,FALSE
8851629,"gate_30",4,FALSE,FALSE
8851673,"gate_30",3,FALSE,FALSE
8851698,"gate_40",17,FALSE,FALSE
8851715,"gate_40",1,FALSE,FALSE
8851795,"gate_40",5,FALSE,FALSE
8852017,"gate_30",16,TRUE,FALSE
8852174,"gate_30",24,FALSE,FALSE
8852432,"gate_40",116,FALSE,FALSE
8852443,"gate_40",34,TRUE,FALSE
8852539,"gate_30",25,FALSE,FALSE
8852822,"gate_30",0,FALSE,FALSE
8852934,"gate_40",140,TRUE,FALSE
8853048,"gate_40",1,FALSE,FALSE
8853153,"gate_40",10,FALSE,FALSE
8853291,"gate_30",28,FALSE,FALSE
8853570,"gate_30",4,FALSE,FALSE
8853596,"gate_30",12,FALSE,FALSE
8853623,"gate_30",138,TRUE,TRUE
8853658,"gate_30",3,FALSE,FALSE
8853664,"gate_40",55,TRUE,FALSE
8853668,"gate_40",34,TRUE,FALSE
8853747,"gate_30",6,FALSE,FALSE
8853751,"gate_30",1,FALSE,FALSE
8853788,"gate_30",4,FALSE,FALSE
8853801,"gate_30",351,TRUE,TRUE
8853875,"gate_30",1,FALSE,FALSE
8854117,"gate_40",4,FALSE,FALSE
8854244,"gate_40",2,FALSE,FALSE
8854268,"gate_30",3,TRUE,FALSE
8854316,"gate_30",21,TRUE,FALSE
8854353,"gate_30",162,TRUE,FALSE
8854402,"gate_30",12,TRUE,FALSE
8854409,"gate_30",172,TRUE,FALSE
8854418,"gate_30",12,FALSE,TRUE
8854511,"gate_40",128,TRUE,FALSE
8854571,"gate_40",8,FALSE,FALSE
8854601,"gate_40",4,FALSE,FALSE
8854707,"gate_30",42,TRUE,FALSE
8854745,"gate_30",2,FALSE,FALSE
8854785,"gate_30",3,FALSE,FALSE
8854935,"gate_30",7,FALSE,FALSE
8855014,"gate_40",15,FALSE,FALSE
8855038,"gate_30",25,FALSE,FALSE
8855043,"gate_30",18,FALSE,FALSE
8855157,"gate_30",10,FALSE,FALSE
8855281,"gate_30",178,TRUE,TRUE
8855288,"gate_30",7,FALSE,FALSE
8855508,"gate_30",3,FALSE,FALSE
8855747,"gate_40",8,FALSE,FALSE
8855752,"gate_40",11,FALSE,FALSE
8855754,"gate_40",57,FALSE,FALSE
8855842,"gate_30",10,FALSE,FALSE
8856019,"gate_40",783,TRUE,TRUE
8856107,"gate_30",10,FALSE,FALSE
8856132,"gate_40",22,FALSE,FALSE
8856208,"gate_40",62,TRUE,FALSE
8856209,"gate_40",86,FALSE,FALSE
8856327,"gate_40",79,TRUE,FALSE
8856430,"gate_40",6,FALSE,FALSE
8856539,"gate_30",51,TRUE,FALSE
8856635,"gate_40",31,TRUE,TRUE
8856841,"gate_40",6,FALSE,FALSE
8856973,"gate_40",0,FALSE,FALSE
8856976,"gate_30",3,FALSE,FALSE
8857006,"gate_40",3,FALSE,FALSE
8857196,"gate_30",36,TRUE,FALSE
8857297,"gate_30",3,TRUE,FALSE
8857309,"gate_40",19,TRUE,FALSE
8857433,"gate_30",7,FALSE,FALSE
8857500,"gate_40",330,TRUE,TRUE
8857512,"gate_30",0,FALSE,FALSE
8857571,"gate_40",1,FALSE,FALSE
8857616,"gate_30",4,FALSE,FALSE
8857663,"gate_30",68,TRUE,FALSE
8857821,"gate_30",32,TRUE,FALSE
8857989,"gate_30",7,FALSE,FALSE
8858007,"gate_40",7,FALSE,FALSE
8858373,"gate_40",58,TRUE,FALSE
8858392,"gate_40",1,FALSE,FALSE
8858415,"gate_40",13,TRUE,FALSE
8858457,"gate_30",15,FALSE,FALSE
8858655,"gate_30",7,FALSE,FALSE
8858737,"gate_40",9,FALSE,FALSE
8859220,"gate_30",13,FALSE,FALSE
8859266,"gate_40",1,FALSE,FALSE
8859328,"gate_30",35,FALSE,FALSE
8859337,"gate_30",4,FALSE,FALSE
8859578,"gate_40",4,FALSE,FALSE
8859667,"gate_30",118,TRUE,FALSE
8859772,"gate_40",8,FALSE,FALSE
8859797,"gate_30",2,FALSE,FALSE
8859901,"gate_40",274,TRUE,TRUE
8859980,"gate_40",25,TRUE,FALSE
8859993,"gate_40",6,FALSE,FALSE
8860045,"gate_30",36,TRUE,FALSE
8860261,"gate_30",2,FALSE,FALSE
8860441,"gate_30",37,FALSE,TRUE
8860501,"gate_40",113,TRUE,TRUE
8860525,"gate_30",288,TRUE,TRUE
8860556,"gate_30",181,TRUE,TRUE
8860739,"gate_40",139,FALSE,TRUE
8860750,"gate_40",30,FALSE,FALSE
8861056,"gate_30",7,FALSE,FALSE
8861624,"gate_30",132,TRUE,FALSE
8862017,"gate_30",16,FALSE,FALSE
8862077,"gate_30",124,TRUE,TRUE
8862234,"gate_40",1,FALSE,FALSE
8862459,"gate_40",8,FALSE,FALSE
8862555,"gate_30",8,FALSE,FALSE
8862573,"gate_30",49,FALSE,FALSE
8862720,"gate_40",14,FALSE,FALSE
8862773,"gate_30",2,FALSE,FALSE
8863067,"gate_40",5,FALSE,FALSE
8863555,"gate_30",39,FALSE,TRUE
8863579,"gate_30",17,FALSE,FALSE
8863690,"gate_30",28,TRUE,FALSE
8863765,"gate_30",20,TRUE,FALSE
8863894,"gate_30",38,TRUE,FALSE
8864076,"gate_30",200,TRUE,TRUE
8864256,"gate_30",85,TRUE,TRUE
8864262,"gate_30",4,FALSE,FALSE
8864395,"gate_40",4,TRUE,FALSE
8864522,"gate_40",0,FALSE,FALSE
8864541,"gate_30",38,TRUE,FALSE
8864620,"gate_40",8,FALSE,FALSE
8864651,"gate_30",6,FALSE,FALSE
8864732,"gate_40",16,FALSE,FALSE
8864739,"gate_40",26,FALSE,FALSE
8864857,"gate_30",3,FALSE,FALSE
8864942,"gate_40",18,TRUE,FALSE
8865055,"gate_30",6,FALSE,FALSE
8865337,"gate_30",137,TRUE,TRUE
8865378,"gate_40",88,TRUE,TRUE
8865491,"gate_40",66,TRUE,TRUE
8865507,"gate_30",4,TRUE,FALSE
8865640,"gate_40",18,FALSE,FALSE
8865720,"gate_40",2,FALSE,FALSE
8865789,"gate_40",14,FALSE,FALSE
8865895,"gate_30",1,FALSE,FALSE
8866097,"gate_40",50,TRUE,FALSE
8866169,"gate_40",4,FALSE,FALSE
8866311,"gate_40",296,TRUE,TRUE
8866448,"gate_40",10,FALSE,FALSE
8866554,"gate_30",0,FALSE,FALSE
8866649,"gate_40",6,FALSE,FALSE
8866660,"gate_30",1,FALSE,FALSE
8866674,"gate_40",133,TRUE,TRUE
8866679,"gate_40",4,TRUE,TRUE
8866831,"gate_30",84,FALSE,FALSE
8866902,"gate_40",32,TRUE,FALSE
8867066,"gate_30",0,FALSE,FALSE
8867265,"gate_30",3,FALSE,FALSE
8867293,"gate_30",11,FALSE,FALSE
8867329,"gate_30",30,FALSE,FALSE
8867367,"gate_40",4,FALSE,FALSE
8867387,"gate_30",12,TRUE,FALSE
8867601,"gate_40",16,TRUE,FALSE
8867674,"gate_30",68,TRUE,FALSE
8867712,"gate_30",1,FALSE,FALSE
8867863,"gate_40",104,TRUE,TRUE
8867881,"gate_30",0,FALSE,FALSE
8868112,"gate_30",17,FALSE,FALSE
8868616,"gate_40",1,FALSE,FALSE
8868626,"gate_40",6,TRUE,FALSE
8868680,"gate_40",124,TRUE,TRUE
8868719,"gate_30",3,FALSE,FALSE
8868912,"gate_30",37,FALSE,FALSE
8869019,"gate_30",31,TRUE,FALSE
8869130,"gate_30",6,FALSE,FALSE
8869211,"gate_40",79,TRUE,FALSE
8869235,"gate_30",8,FALSE,FALSE
8869236,"gate_30",28,TRUE,FALSE
8869241,"gate_30",45,FALSE,FALSE
8869285,"gate_30",3,FALSE,FALSE
8869697,"gate_40",3,FALSE,FALSE
8869860,"gate_40",31,TRUE,FALSE
8870046,"gate_40",18,TRUE,FALSE
8870167,"gate_40",70,TRUE,TRUE
8870497,"gate_40",0,FALSE,FALSE
8870583,"gate_30",44,FALSE,FALSE
8870603,"gate_30",356,TRUE,TRUE
8870655,"gate_40",38,TRUE,TRUE
8870664,"gate_40",16,FALSE,FALSE
8870694,"gate_30",46,TRUE,FALSE
8870706,"gate_40",10,FALSE,FALSE
8870793,"gate_30",34,TRUE,FALSE
8870830,"gate_40",31,FALSE,FALSE
8870834,"gate_30",14,FALSE,FALSE
8870997,"gate_40",112,TRUE,TRUE
8871002,"gate_40",36,TRUE,FALSE
8871019,"gate_30",16,TRUE,FALSE
8871051,"gate_40",9,FALSE,FALSE
8871106,"gate_30",2,FALSE,FALSE
8871260,"gate_40",76,TRUE,TRUE
8871564,"gate_30",9,TRUE,FALSE
8871638,"gate_30",5,FALSE,FALSE
8871748,"gate_30",50,TRUE,TRUE
8871789,"gate_30",25,TRUE,FALSE
8872036,"gate_30",56,FALSE,TRUE
8872064,"gate_40",29,FALSE,FALSE
8872102,"gate_30",12,FALSE,FALSE
8872176,"gate_40",6,FALSE,FALSE
8872200,"gate_30",64,TRUE,TRUE
8872250,"gate_30",6,FALSE,FALSE
8872288,"gate_40",10,FALSE,FALSE
8872497,"gate_40",10,FALSE,FALSE
8872604,"gate_30",22,TRUE,TRUE
8872690,"gate_30",1,FALSE,FALSE
8872699,"gate_30",1,FALSE,FALSE
8872811,"gate_30",34,FALSE,FALSE
8872819,"gate_40",34,TRUE,FALSE
8872829,"gate_30",22,FALSE,FALSE
8872988,"gate_40",14,TRUE,FALSE
8873023,"gate_40",2,FALSE,FALSE
8873111,"gate_40",1,FALSE,FALSE
8873186,"gate_30",37,TRUE,TRUE
8873201,"gate_30",15,TRUE,FALSE
8873228,"gate_30",6,FALSE,FALSE
8873538,"gate_30",9,FALSE,FALSE
8873547,"gate_40",0,FALSE,FALSE
8873766,"gate_30",1,FALSE,FALSE
8874028,"gate_40",154,FALSE,TRUE
8874071,"gate_30",7,FALSE,FALSE
8874105,"gate_30",2,FALSE,FALSE
8874195,"gate_40",1,FALSE,FALSE
8874374,"gate_30",2,FALSE,FALSE
8874542,"gate_40",14,FALSE,FALSE
8874583,"gate_40",11,FALSE,FALSE
8874734,"gate_40",261,TRUE,TRUE
8874750,"gate_30",98,TRUE,FALSE
8874833,"gate_30",4,FALSE,FALSE
8875013,"gate_40",33,TRUE,FALSE
8875018,"gate_30",502,TRUE,TRUE
8875096,"gate_30",367,TRUE,FALSE
8875165,"gate_30",306,TRUE,TRUE
8875325,"gate_40",4,FALSE,FALSE
8875383,"gate_40",1,FALSE,FALSE
8875553,"gate_40",31,TRUE,FALSE
8875678,"gate_40",3,FALSE,FALSE
8876221,"gate_40",25,FALSE,FALSE
8876363,"gate_30",30,FALSE,FALSE
8876673,"gate_40",36,FALSE,FALSE
8876853,"gate_40",13,FALSE,FALSE
8876934,"gate_30",42,FALSE,FALSE
8876986,"gate_40",27,TRUE,FALSE
8877106,"gate_30",1,FALSE,FALSE
8877166,"gate_40",14,FALSE,FALSE
8877200,"gate_40",44,FALSE,FALSE
8877234,"gate_30",21,TRUE,FALSE
8877275,"gate_30",2,FALSE,FALSE
8877373,"gate_30",32,FALSE,FALSE
8877384,"gate_40",3,FALSE,FALSE
8877494,"gate_40",81,TRUE,FALSE
8877497,"gate_40",5,TRUE,FALSE
8877832,"gate_30",2,FALSE,FALSE
8877856,"gate_30",179,TRUE,TRUE
8877906,"gate_40",66,TRUE,FALSE
8877910,"gate_40",33,TRUE,FALSE
8877916,"gate_30",149,TRUE,TRUE
8878083,"gate_40",2,FALSE,FALSE
8878086,"gate_40",0,FALSE,FALSE
8878155,"gate_30",42,TRUE,FALSE
8878406,"gate_30",17,FALSE,FALSE
8878622,"gate_40",9,FALSE,FALSE
8878729,"gate_30",16,FALSE,FALSE
8878831,"gate_30",181,TRUE,FALSE
8879015,"gate_30",4,FALSE,FALSE
8879101,"gate_40",13,FALSE,FALSE
8879130,"gate_30",72,TRUE,FALSE
8879283,"gate_30",435,TRUE,TRUE
8879656,"gate_40",41,FALSE,TRUE
8879867,"gate_30",3,FALSE,FALSE
8879925,"gate_30",108,TRUE,FALSE
8879972,"gate_40",238,TRUE,TRUE
8879985,"gate_30",8,TRUE,FALSE
8880111,"gate_40",44,FALSE,TRUE
8880178,"gate_30",21,FALSE,FALSE
8880198,"gate_30",82,TRUE,TRUE
8880515,"gate_30",63,FALSE,FALSE
8880563,"gate_40",2,FALSE,FALSE
8880643,"gate_30",36,FALSE,FALSE
8880679,"gate_40",41,TRUE,FALSE
8881016,"gate_40",1,FALSE,FALSE
8881087,"gate_40",21,FALSE,FALSE
8881272,"gate_30",42,TRUE,FALSE
8881302,"gate_40",13,TRUE,FALSE
8881398,"gate_40",9,TRUE,FALSE
8881951,"gate_40",4,FALSE,FALSE
8882034,"gate_40",123,TRUE,TRUE
8882049,"gate_40",111,TRUE,TRUE
8882111,"gate_40",229,TRUE,TRUE
8882310,"gate_30",5,FALSE,FALSE
8882444,"gate_40",29,FALSE,FALSE
8882459,"gate_30",60,TRUE,TRUE
8882494,"gate_40",63,FALSE,FALSE
8882567,"gate_40",44,TRUE,FALSE
8882778,"gate_40",43,TRUE,FALSE
8882786,"gate_30",1,FALSE,FALSE
8882893,"gate_30",68,TRUE,FALSE
8882901,"gate_40",547,FALSE,FALSE
8882963,"gate_30",177,TRUE,FALSE
8883134,"gate_40",9,FALSE,FALSE
8883144,"gate_30",0,FALSE,FALSE
8883496,"gate_40",1,FALSE,FALSE
8883554,"gate_30",140,TRUE,TRUE
8883622,"gate_40",19,TRUE,FALSE
8883661,"gate_30",18,FALSE,FALSE
8883676,"gate_40",23,FALSE,TRUE
8883709,"gate_30",69,TRUE,TRUE
8883773,"gate_30",29,TRUE,FALSE
8883876,"gate_30",2,FALSE,FALSE
8884210,"gate_30",27,TRUE,FALSE
8884290,"gate_40",50,TRUE,FALSE
8884421,"gate_40",12,FALSE,FALSE
8884596,"gate_30",26,TRUE,TRUE
8884606,"gate_40",219,FALSE,FALSE
8884816,"gate_40",1,TRUE,FALSE
8884831,"gate_40",2,FALSE,FALSE
8884908,"gate_40",20,TRUE,FALSE
8885076,"gate_40",18,FALSE,FALSE
8885356,"gate_30",137,TRUE,FALSE
8885648,"gate_40",10,FALSE,FALSE
8885655,"gate_40",25,TRUE,FALSE
8885684,"gate_40",18,FALSE,FALSE
8885814,"gate_40",14,FALSE,FALSE
8886068,"gate_40",53,FALSE,FALSE
8886180,"gate_30",42,TRUE,FALSE
8886208,"gate_40",56,TRUE,FALSE
8886282,"gate_40",92,FALSE,FALSE
8886458,"gate_30",3,FALSE,FALSE
8886602,"gate_40",15,FALSE,FALSE
8886721,"gate_30",60,FALSE,TRUE
8886793,"gate_40",18,FALSE,TRUE
8886849,"gate_40",51,TRUE,FALSE
8886889,"gate_40",8,FALSE,FALSE
8886983,"gate_30",4,FALSE,FALSE
8887086,"gate_40",97,TRUE,FALSE
8887149,"gate_30",18,FALSE,FALSE
8887244,"gate_40",54,TRUE,FALSE
8887326,"gate_30",358,TRUE,FALSE
8887401,"gate_30",211,TRUE,TRUE
8887559,"gate_40",0,FALSE,FALSE
8888002,"gate_40",0,FALSE,FALSE
8888186,"gate_40",0,FALSE,FALSE
8888205,"gate_40",50,TRUE,FALSE
8888207,"gate_40",7,TRUE,FALSE
8888393,"gate_40",38,TRUE,FALSE
8888633,"gate_30",87,TRUE,FALSE
8888689,"gate_30",3,FALSE,FALSE
8888691,"gate_30",43,TRUE,FALSE
8888745,"gate_30",65,TRUE,FALSE
8888935,"gate_30",158,TRUE,TRUE
8889045,"gate_30",15,TRUE,FALSE
8889403,"gate_40",84,TRUE,FALSE
8889776,"gate_30",29,FALSE,FALSE
8889873,"gate_40",18,FALSE,FALSE
8890048,"gate_30",28,FALSE,FALSE
8890130,"gate_40",39,TRUE,FALSE
8890229,"gate_40",1,FALSE,FALSE
8890244,"gate_30",0,FALSE,FALSE
8890263,"gate_30",18,FALSE,FALSE
8890497,"gate_30",51,TRUE,FALSE
8890530,"gate_30",15,FALSE,FALSE
8890674,"gate_30",9,FALSE,FALSE
8890781,"gate_40",3,FALSE,FALSE
8890830,"gate_40",57,FALSE,FALSE
8890876,"gate_40",0,FALSE,FALSE
8891055,"gate_40",14,TRUE,FALSE
8891065,"gate_40",114,TRUE,TRUE
8891128,"gate_30",47,TRUE,FALSE
8891133,"gate_40",2,FALSE,FALSE
8891173,"gate_40",1,FALSE,FALSE
8891291,"gate_30",28,TRUE,FALSE
8891331,"gate_40",136,TRUE,FALSE
8891695,"gate_30",5,FALSE,FALSE
8891752,"gate_30",1,FALSE,FALSE
8892000,"gate_40",9,FALSE,FALSE
8892021,"gate_40",58,FALSE,TRUE
8892055,"gate_40",4,FALSE,FALSE
8892187,"gate_30",1,FALSE,FALSE
8892531,"gate_40",27,FALSE,FALSE
8892646,"gate_30",33,FALSE,FALSE
8892704,"gate_30",3,FALSE,FALSE
8892794,"gate_40",22,TRUE,FALSE
8892834,"gate_40",3,FALSE,FALSE
8892910,"gate_40",1,FALSE,FALSE
8892932,"gate_30",4,FALSE,FALSE
8892945,"gate_40",1,FALSE,FALSE
8893079,"gate_40",172,TRUE,TRUE
8893317,"gate_30",48,TRUE,FALSE
8893414,"gate_30",30,TRUE,FALSE
8893479,"gate_40",3,FALSE,FALSE
8893512,"gate_40",78,TRUE,FALSE
8893635,"gate_40",2,FALSE,FALSE
8893806,"gate_30",5,FALSE,FALSE
8893908,"gate_30",0,FALSE,FALSE
8893934,"gate_40",94,FALSE,TRUE
8894054,"gate_30",145,TRUE,TRUE
8894130,"gate_30",25,TRUE,FALSE
8894135,"gate_30",1,FALSE,FALSE
8894141,"gate_40",21,TRUE,FALSE
8894191,"gate_40",25,TRUE,FALSE
8894348,"gate_40",76,TRUE,TRUE
8894362,"gate_30",1,FALSE,FALSE
8894445,"gate_30",89,TRUE,FALSE
8894544,"gate_30",56,TRUE,FALSE
8895011,"gate_40",31,TRUE,FALSE
8895066,"gate_40",16,FALSE,FALSE
8895370,"gate_40",40,TRUE,FALSE
8895392,"gate_30",252,TRUE,FALSE
8895481,"gate_30",0,FALSE,FALSE
8895513,"gate_40",2,FALSE,FALSE
8895582,"gate_30",24,FALSE,FALSE
8895616,"gate_30",45,TRUE,FALSE
8895754,"gate_30",0,FALSE,FALSE
8896137,"gate_40",4,FALSE,FALSE
8896166,"gate_30",4,FALSE,FALSE
8896310,"gate_40",52,TRUE,TRUE
8896312,"gate_40",0,FALSE,FALSE
8896317,"gate_40",15,TRUE,FALSE
8896364,"gate_30",14,TRUE,FALSE
8896643,"gate_30",156,TRUE,TRUE
8896727,"gate_30",14,TRUE,FALSE
8896762,"gate_30",3,FALSE,FALSE
8896877,"gate_40",31,TRUE,FALSE
8896924,"gate_40",12,TRUE,FALSE
8897155,"gate_40",4,FALSE,FALSE
8897377,"gate_40",59,TRUE,TRUE
8897380,"gate_40",121,TRUE,FALSE
8897509,"gate_30",48,TRUE,FALSE
8897513,"gate_30",1,FALSE,FALSE
8897775,"gate_30",43,TRUE,FALSE
8897803,"gate_40",2,FALSE,FALSE
8897831,"gate_40",13,TRUE,FALSE
8897883,"gate_40",11,FALSE,FALSE
8898042,"gate_40",5,FALSE,FALSE
8898063,"gate_30",9,TRUE,FALSE
8898155,"gate_30",15,FALSE,FALSE
8898265,"gate_40",22,TRUE,TRUE
8898417,"gate_30",27,FALSE,TRUE
8898518,"gate_40",107,TRUE,TRUE
8898653,"gate_40",9,FALSE,FALSE
8898968,"gate_40",174,FALSE,TRUE
8899149,"gate_30",8,FALSE,FALSE
8899549,"gate_30",2,FALSE,FALSE
8899686,"gate_30",83,TRUE,TRUE
8899746,"gate_40",2,FALSE,FALSE
8899816,"gate_30",32,TRUE,TRUE
8900173,"gate_30",0,FALSE,FALSE
8900301,"gate_30",2,FALSE,FALSE
8900311,"gate_40",79,TRUE,FALSE
8900377,"gate_30",42,FALSE,FALSE
8900388,"gate_40",3,FALSE,FALSE
8900402,"gate_30",3,FALSE,FALSE
8900478,"gate_30",29,TRUE,FALSE
8900546,"gate_40",166,TRUE,FALSE
8900797,"gate_40",9,TRUE,FALSE
8900946,"gate_30",111,TRUE,TRUE
8901068,"gate_30",119,FALSE,TRUE
8901070,"gate_40",16,FALSE,FALSE
8901144,"gate_40",85,TRUE,TRUE
8901279,"gate_30",0,FALSE,FALSE
8901375,"gate_40",30,FALSE,TRUE
8901467,"gate_40",18,TRUE,FALSE
8901475,"gate_30",22,TRUE,FALSE
8901476,"gate_30",36,FALSE,FALSE
8901531,"gate_40",14,FALSE,FALSE
8901588,"gate_40",48,TRUE,FALSE
8901885,"gate_40",3,FALSE,FALSE
8902009,"gate_40",51,FALSE,TRUE
8902042,"gate_40",49,TRUE,FALSE
8902481,"gate_30",14,FALSE,FALSE
8902637,"gate_40",33,FALSE,FALSE
8902715,"gate_30",236,TRUE,TRUE
8902757,"gate_30",6,TRUE,FALSE
8903187,"gate_30",172,TRUE,FALSE
8903279,"gate_40",6,FALSE,FALSE
8903378,"gate_30",8,TRUE,FALSE
8903386,"gate_40",177,FALSE,TRUE
8903449,"gate_30",3,FALSE,FALSE
8904133,"gate_30",15,TRUE,FALSE
8904178,"gate_40",21,FALSE,FALSE
8904226,"gate_40",94,TRUE,FALSE
8904350,"gate_30",42,FALSE,FALSE
8904401,"gate_30",31,TRUE,TRUE
8904616,"gate_30",481,TRUE,TRUE
8904823,"gate_30",1,FALSE,FALSE
8904935,"gate_30",8,TRUE,FALSE
8905149,"gate_40",69,TRUE,FALSE
8905350,"gate_40",10,FALSE,FALSE
8905408,"gate_40",34,FALSE,FALSE
8905579,"gate_30",15,FALSE,FALSE
8905892,"gate_30",360,TRUE,TRUE
8905959,"gate_30",127,TRUE,FALSE
8906016,"gate_40",2,FALSE,FALSE
8906134,"gate_40",22,TRUE,FALSE
8906157,"gate_30",94,TRUE,TRUE
8906167,"gate_40",13,FALSE,FALSE
8906247,"gate_30",2,FALSE,FALSE
8906642,"gate_40",2,FALSE,FALSE
8906689,"gate_40",3,FALSE,FALSE
8906946,"gate_40",36,TRUE,FALSE
8907036,"gate_30",25,TRUE,FALSE
8907117,"gate_30",10,FALSE,FALSE
8907146,"gate_40",3,FALSE,FALSE
8907181,"gate_30",62,TRUE,TRUE
8907307,"gate_30",47,FALSE,TRUE
8907310,"gate_40",98,TRUE,TRUE
8907421,"gate_40",4,FALSE,FALSE
8907684,"gate_30",50,TRUE,FALSE
8907693,"gate_30",152,TRUE,TRUE
8907929,"gate_40",14,TRUE,FALSE
8907972,"gate_30",4,FALSE,FALSE
8908180,"gate_30",13,FALSE,FALSE
8908204,"gate_30",31,TRUE,FALSE
8908317,"gate_30",9,TRUE,FALSE
8908589,"gate_40",3,FALSE,FALSE
8908630,"gate_40",46,TRUE,FALSE
8909004,"gate_40",142,TRUE,TRUE
8909146,"gate_30",4,FALSE,FALSE
8909179,"gate_30",56,TRUE,FALSE
8909396,"gate_30",16,FALSE,FALSE
8909836,"gate_30",15,FALSE,FALSE
8910292,"gate_40",184,TRUE,TRUE
8910359,"gate_30",39,TRUE,FALSE
8910376,"gate_40",17,TRUE,FALSE
8910661,"gate_30",18,FALSE,FALSE
8910818,"gate_40",19,FALSE,FALSE
8910873,"gate_40",2,FALSE,FALSE
8910942,"gate_30",45,TRUE,TRUE
8911002,"gate_40",58,FALSE,FALSE
8911043,"gate_30",72,TRUE,TRUE
8911142,"gate_30",7,TRUE,FALSE
8911273,"gate_40",14,FALSE,FALSE
8911383,"gate_30",4,FALSE,FALSE
8911392,"gate_30",0,FALSE,FALSE
8911412,"gate_40",1,FALSE,FALSE
8911456,"gate_30",71,TRUE,FALSE
8911571,"gate_40",3,FALSE,FALSE
8911702,"gate_30",48,TRUE,FALSE
8911822,"gate_40",39,TRUE,FALSE
8912060,"gate_40",1,FALSE,FALSE
8912098,"gate_30",18,FALSE,FALSE
8912154,"gate_30",101,TRUE,TRUE
8912334,"gate_30",228,FALSE,TRUE
8912584,"gate_30",3,FALSE,FALSE
8912786,"gate_40",2,FALSE,FALSE
8913035,"gate_40",45,TRUE,FALSE
8913057,"gate_30",57,FALSE,FALSE
8913187,"gate_40",2,FALSE,FALSE
8913282,"gate_40",1,FALSE,FALSE
8913373,"gate_40",0,FALSE,FALSE
8913552,"gate_40",249,TRUE,TRUE
8913566,"gate_30",21,FALSE,FALSE
8913789,"gate_40",2,FALSE,FALSE
8913838,"gate_30",65,TRUE,FALSE
8914271,"gate_30",44,TRUE,FALSE
8914413,"gate_30",67,TRUE,TRUE
8914497,"gate_30",20,TRUE,FALSE
8914662,"gate_30",48,FALSE,TRUE
8914769,"gate_30",6,FALSE,FALSE
8914824,"gate_30",103,TRUE,FALSE
8914828,"gate_40",3,TRUE,FALSE
8914856,"gate_30",0,FALSE,FALSE
8914963,"gate_40",16,FALSE,FALSE
8914967,"gate_30",8,FALSE,FALSE
8915076,"gate_40",32,TRUE,FALSE
8915176,"gate_30",140,TRUE,TRUE
8915376,"gate_40",3,FALSE,FALSE
8915421,"gate_40",40,TRUE,FALSE
8915425,"gate_30",4,FALSE,FALSE
8915528,"gate_40",184,TRUE,TRUE
8915637,"gate_40",139,TRUE,FALSE
8915645,"gate_30",52,TRUE,FALSE
8915798,"gate_40",97,TRUE,FALSE
8915882,"gate_40",1,FALSE,FALSE
8915925,"gate_30",2,FALSE,FALSE
8916001,"gate_30",2,FALSE,FALSE
8916105,"gate_40",213,FALSE,FALSE
8916138,"gate_40",1,FALSE,FALSE
8916360,"gate_30",71,TRUE,TRUE
8916443,"gate_40",20,TRUE,FALSE
8916595,"gate_40",12,FALSE,FALSE
8916623,"gate_40",4,FALSE,FALSE
8916972,"gate_30",75,TRUE,TRUE
8916985,"gate_30",62,TRUE,TRUE
8917040,"gate_30",179,TRUE,TRUE
8917053,"gate_30",89,TRUE,FALSE
8917095,"gate_30",9,TRUE,FALSE
8917276,"gate_40",30,FALSE,FALSE
8917305,"gate_30",256,TRUE,TRUE
8917349,"gate_40",0,FALSE,FALSE
8917706,"gate_30",12,FALSE,FALSE
8917737,"gate_40",20,FALSE,TRUE
8917918,"gate_30",15,TRUE,FALSE
8917957,"gate_40",413,TRUE,TRUE
8918134,"gate_30",122,TRUE,TRUE
8918757,"gate_30",58,FALSE,TRUE
8919205,"gate_30",71,FALSE,TRUE
8919240,"gate_30",2,FALSE,FALSE
8919446,"gate_40",49,FALSE,FALSE
8919654,"gate_40",12,FALSE,FALSE
8919730,"gate_30",2,FALSE,FALSE
8919844,"gate_30",33,FALSE,FALSE
8919908,"gate_40",1,FALSE,FALSE
8920017,"gate_30",17,TRUE,FALSE
8920317,"gate_40",9,FALSE,FALSE
8920405,"gate_40",4,FALSE,FALSE
8920422,"gate_30",116,TRUE,TRUE
8920484,"gate_40",93,FALSE,TRUE
8920520,"gate_40",21,TRUE,FALSE
8920554,"gate_40",28,TRUE,FALSE
8920734,"gate_40",2,FALSE,TRUE
8920759,"gate_40",61,TRUE,FALSE
8921166,"gate_40",159,TRUE,FALSE
8921272,"gate_30",4,FALSE,FALSE
8921312,"gate_40",7,TRUE,FALSE
8921439,"gate_40",2,FALSE,FALSE
8921458,"gate_40",25,TRUE,FALSE
8921474,"gate_40",5,FALSE,FALSE
8921614,"gate_30",4,FALSE,FALSE
8921843,"gate_40",213,TRUE,TRUE
8921876,"gate_30",76,TRUE,TRUE
8922102,"gate_30",13,FALSE,FALSE
8922334,"gate_40",229,TRUE,TRUE
8922389,"gate_30",48,FALSE,FALSE
8922589,"gate_40",0,FALSE,FALSE
8922725,"gate_30",54,TRUE,TRUE
8922901,"gate_30",27,TRUE,FALSE
8923256,"gate_40",82,TRUE,FALSE
8923333,"gate_30",4,FALSE,FALSE
8923339,"gate_40",27,TRUE,FALSE
8923398,"gate_40",1101,TRUE,TRUE
8923486,"gate_30",4,FALSE,FALSE
8923610,"gate_30",45,TRUE,FALSE
8923717,"gate_40",361,TRUE,TRUE
8923883,"gate_40",63,FALSE,FALSE
8924126,"gate_30",5,FALSE,FALSE
8924187,"gate_30",392,TRUE,TRUE
8924205,"gate_30",13,FALSE,FALSE
8924274,"gate_30",72,FALSE,TRUE
8924467,"gate_30",12,FALSE,TRUE
8924685,"gate_30",2,FALSE,FALSE
8924697,"gate_40",3,FALSE,FALSE
8924722,"gate_40",26,FALSE,FALSE
8924735,"gate_40",1,FALSE,FALSE
8924853,"gate_30",3,FALSE,FALSE
8924949,"gate_30",61,TRUE,FALSE
8925087,"gate_40",0,FALSE,FALSE
8925136,"gate_30",10,FALSE,FALSE
8925225,"gate_40",2,FALSE,FALSE
8925331,"gate_40",7,FALSE,FALSE
8925346,"gate_40",3,FALSE,FALSE
8925406,"gate_40",172,TRUE,TRUE
8925447,"gate_30",7,TRUE,FALSE
8925620,"gate_40",3,FALSE,FALSE
8925750,"gate_40",65,TRUE,FALSE
8925764,"gate_40",19,TRUE,FALSE
8925818,"gate_30",95,TRUE,FALSE
8925859,"gate_40",94,TRUE,TRUE
8926082,"gate_40",19,FALSE,TRUE
8926090,"gate_40",474,TRUE,TRUE
8926373,"gate_30",69,TRUE,FALSE
8926457,"gate_30",0,FALSE,FALSE
8926561,"gate_40",171,TRUE,FALSE
8926946,"gate_40",6,FALSE,FALSE
8926975,"gate_40",10,FALSE,FALSE
8927562,"gate_40",579,TRUE,TRUE
8927621,"gate_40",19,FALSE,FALSE
8927707,"gate_30",2,FALSE,FALSE
8927725,"gate_40",3,FALSE,FALSE
8927785,"gate_40",199,TRUE,FALSE
8927837,"gate_30",369,TRUE,TRUE
8928046,"gate_30",3,FALSE,FALSE
8928119,"gate_40",50,TRUE,FALSE
8928206,"gate_30",5,FALSE,FALSE
8928213,"gate_30",324,TRUE,TRUE
8928287,"gate_30",31,FALSE,FALSE
8928306,"gate_40",215,TRUE,TRUE
8928318,"gate_40",11,FALSE,FALSE
8928322,"gate_40",16,FALSE,FALSE
8928330,"gate_30",1,FALSE,FALSE
8928611,"gate_30",9,TRUE,FALSE
8929021,"gate_30",101,TRUE,FALSE
8929026,"gate_30",0,FALSE,FALSE
8929052,"gate_30",9,FALSE,FALSE
8929106,"gate_30",8,FALSE,FALSE
8929184,"gate_30",3,FALSE,FALSE
8929216,"gate_40",4,TRUE,FALSE
8929288,"gate_40",80,TRUE,FALSE
8929317,"gate_40",9,FALSE,FALSE
8929554,"gate_40",0,FALSE,FALSE
8929756,"gate_40",0,FALSE,FALSE
8929927,"gate_40",1,TRUE,FALSE
8929971,"gate_30",13,TRUE,FALSE
8930100,"gate_40",4,FALSE,FALSE
8930156,"gate_30",47,TRUE,FALSE
8930182,"gate_30",1,FALSE,FALSE
8930187,"gate_30",41,TRUE,FALSE
8930330,"gate_30",21,FALSE,FALSE
8930385,"gate_30",130,TRUE,TRUE
8930392,"gate_40",3,FALSE,FALSE
8930404,"gate_40",21,TRUE,FALSE
8930504,"gate_30",63,TRUE,FALSE
8930653,"gate_40",3,FALSE,FALSE
8930659,"gate_40",2,FALSE,FALSE
8930696,"gate_30",28,FALSE,FALSE
8930700,"gate_40",237,TRUE,TRUE
8930735,"gate_40",10,FALSE,FALSE
8930923,"gate_40",69,FALSE,FALSE
8930997,"gate_40",74,TRUE,TRUE
8931117,"gate_40",192,TRUE,FALSE
8931344,"gate_40",9,TRUE,FALSE
8931392,"gate_30",14,FALSE,FALSE
8931472,"gate_30",13,FALSE,FALSE
8931576,"gate_30",1,FALSE,TRUE
8931706,"gate_30",5,FALSE,FALSE
8932098,"gate_30",3,FALSE,FALSE
8932213,"gate_30",3,FALSE,FALSE
8932399,"gate_30",200,TRUE,TRUE
8932488,"gate_30",13,FALSE,FALSE
8932608,"gate_40",10,FALSE,FALSE
8932745,"gate_30",13,TRUE,TRUE
8932911,"gate_40",17,TRUE,FALSE
8933007,"gate_40",15,FALSE,FALSE
8933155,"gate_40",248,FALSE,TRUE
8933388,"gate_40",2,FALSE,FALSE
8933442,"gate_30",1,FALSE,FALSE
8933495,"gate_30",69,FALSE,FALSE
8933887,"gate_30",10,FALSE,FALSE
8933996,"gate_40",0,FALSE,FALSE
8934031,"gate_40",101,FALSE,FALSE
8934182,"gate_40",11,TRUE,FALSE
8934359,"gate_40",2,FALSE,FALSE
8934510,"gate_30",1,FALSE,FALSE
8934575,"gate_30",18,FALSE,FALSE
8934581,"gate_40",89,FALSE,TRUE
8934670,"gate_40",4,FALSE,FALSE
8934935,"gate_40",58,FALSE,TRUE
8935069,"gate_40",1,FALSE,FALSE
8935181,"gate_30",18,FALSE,FALSE
8935226,"gate_40",12,TRUE,FALSE
8935262,"gate_30",5,FALSE,FALSE
8935366,"gate_30",55,TRUE,FALSE
8935532,"gate_40",9,FALSE,FALSE
8935572,"gate_30",31,FALSE,FALSE
8935575,"gate_40",18,FALSE,FALSE
8935722,"gate_40",18,FALSE,FALSE
8935783,"gate_30",31,FALSE,FALSE
8935929,"gate_30",5,FALSE,FALSE
8936088,"gate_30",252,TRUE,FALSE
8936089,"gate_40",76,TRUE,TRUE
8936378,"gate_40",4,FALSE,FALSE
8936443,"gate_40",8,FALSE,FALSE
8936754,"gate_30",7,TRUE,FALSE
8936761,"gate_30",10,FALSE,FALSE
8936781,"gate_30",4,FALSE,FALSE
8937092,"gate_40",191,TRUE,TRUE
8937419,"gate_30",12,FALSE,FALSE
8937434,"gate_40",11,FALSE,FALSE
8937508,"gate_30",0,FALSE,FALSE
8937678,"gate_40",1,FALSE,FALSE
8937703,"gate_30",21,FALSE,FALSE
8937747,"gate_30",40,TRUE,FALSE
8937762,"gate_40",123,TRUE,FALSE
8937875,"gate_40",10,FALSE,FALSE
8937956,"gate_40",0,FALSE,FALSE
8938020,"gate_40",88,TRUE,FALSE
8938407,"gate_40",8,FALSE,FALSE
8938431,"gate_40",44,TRUE,TRUE
8938710,"gate_40",1,FALSE,FALSE
8938714,"gate_40",3,FALSE,FALSE
8938771,"gate_30",76,TRUE,FALSE
8938817,"gate_40",324,TRUE,FALSE
8938954,"gate_40",13,TRUE,FALSE
8938956,"gate_40",0,FALSE,FALSE
8939132,"gate_40",3,FALSE,FALSE
8939172,"gate_40",2,FALSE,FALSE
8939264,"gate_30",15,FALSE,FALSE
8939350,"gate_40",6,FALSE,FALSE
8939363,"gate_30",7,FALSE,FALSE
8939456,"gate_30",17,FALSE,TRUE
8939462,"gate_40",4,TRUE,FALSE
8939527,"gate_30",37,TRUE,FALSE
8939576,"gate_30",64,TRUE,FALSE
8939835,"gate_40",1,FALSE,FALSE
8939897,"gate_40",1,FALSE,FALSE
8939931,"gate_40",160,TRUE,TRUE
8940195,"gate_30",273,TRUE,TRUE
8940290,"gate_30",231,TRUE,FALSE
8940452,"gate_30",1,FALSE,FALSE
8940512,"gate_40",14,FALSE,FALSE
8940610,"gate_40",1,FALSE,FALSE
8940645,"gate_40",3,FALSE,FALSE
8940893,"gate_30",12,FALSE,FALSE
8940996,"gate_40",2,FALSE,FALSE
8941009,"gate_40",168,TRUE,TRUE
8941059,"gate_40",172,TRUE,TRUE
8941184,"gate_40",51,FALSE,FALSE
8941266,"gate_30",15,FALSE,FALSE
8941297,"gate_40",8,FALSE,FALSE
8941554,"gate_40",49,FALSE,FALSE
8941661,"gate_30",67,TRUE,FALSE
8941732,"gate_30",70,TRUE,FALSE
8941940,"gate_40",28,TRUE,FALSE
8942130,"gate_40",5,FALSE,FALSE
8942189,"gate_30",0,FALSE,FALSE
8942192,"gate_30",9,FALSE,FALSE
8942494,"gate_30",13,FALSE,FALSE
8942604,"gate_30",9,TRUE,FALSE
8942752,"gate_30",1,FALSE,FALSE
8942755,"gate_40",2,FALSE,FALSE
8943030,"gate_30",135,TRUE,FALSE
8943221,"gate_40",4,FALSE,FALSE
8943253,"gate_40",21,FALSE,FALSE
8943295,"gate_30",3,FALSE,FALSE
8943340,"gate_40",0,FALSE,FALSE
8943468,"gate_30",2,FALSE,FALSE
8943584,"gate_40",92,TRUE,FALSE
8943832,"gate_30",19,TRUE,FALSE
8943937,"gate_40",32,TRUE,FALSE
8943973,"gate_30",23,FALSE,FALSE
8944311,"gate_40",83,FALSE,FALSE
8944380,"gate_30",36,TRUE,FALSE
8944588,"gate_40",16,FALSE,FALSE
8944891,"gate_30",327,TRUE,TRUE
8944916,"gate_40",6,TRUE,FALSE
8944951,"gate_40",445,TRUE,TRUE
8945030,"gate_40",4,FALSE,FALSE
8945096,"gate_30",127,TRUE,TRUE
8945195,"gate_40",1,FALSE,FALSE
8945293,"gate_30",73,TRUE,FALSE
8945505,"gate_30",21,TRUE,FALSE
8945619,"gate_40",32,TRUE,FALSE
8945622,"gate_30",8,TRUE,FALSE
8945645,"gate_40",1,FALSE,FALSE
8945692,"gate_30",14,FALSE,FALSE
8945988,"gate_40",185,FALSE,TRUE
8945991,"gate_40",1,FALSE,FALSE
8946045,"gate_30",13,TRUE,FALSE
8946138,"gate_30",2,FALSE,FALSE
8946275,"gate_40",54,FALSE,FALSE
8946448,"gate_30",2,FALSE,FALSE
8946499,"gate_30",11,FALSE,FALSE
8946735,"gate_40",37,FALSE,FALSE
8946804,"gate_40",8,FALSE,FALSE
8947143,"gate_40",30,FALSE,FALSE
8947633,"gate_40",116,TRUE,FALSE
8947692,"gate_30",15,FALSE,FALSE
8948277,"gate_30",155,TRUE,TRUE
8948413,"gate_30",0,FALSE,FALSE
8948432,"gate_40",63,FALSE,TRUE
8948531,"gate_30",39,TRUE,FALSE
8948724,"gate_30",13,TRUE,TRUE
8948862,"gate_30",2,FALSE,FALSE
8948949,"gate_30",26,TRUE,FALSE
8949676,"gate_40",108,TRUE,TRUE
8949881,"gate_40",2,FALSE,FALSE
8950085,"gate_40",0,FALSE,FALSE
8950137,"gate_40",1,FALSE,FALSE
8950151,"gate_40",16,FALSE,FALSE
8950315,"gate_40",127,TRUE,TRUE
8950348,"gate_40",62,TRUE,TRUE
8950505,"gate_40",117,TRUE,TRUE
8950517,"gate_40",19,FALSE,FALSE
8950529,"gate_40",10,FALSE,FALSE
8950573,"gate_30",4,TRUE,FALSE
8950625,"gate_30",78,FALSE,FALSE
8950702,"gate_30",9,FALSE,FALSE
8950724,"gate_30",146,TRUE,FALSE
8950827,"gate_40",2,FALSE,FALSE
8950947,"gate_30",59,FALSE,TRUE
8950952,"gate_30",5,FALSE,FALSE
8951005,"gate_30",44,TRUE,FALSE
8951163,"gate_40",122,TRUE,FALSE
8951242,"gate_30",46,FALSE,FALSE
8951375,"gate_30",48,TRUE,FALSE
8951501,"gate_40",1,FALSE,FALSE
8951602,"gate_40",2,FALSE,FALSE
8951886,"gate_40",2,FALSE,FALSE
8951983,"gate_40",22,TRUE,FALSE
8952063,"gate_40",48,TRUE,FALSE
8952130,"gate_30",42,TRUE,TRUE
8952183,"gate_30",41,TRUE,FALSE
8952242,"gate_40",106,FALSE,TRUE
8952246,"gate_30",3,FALSE,FALSE
8952288,"gate_40",2,FALSE,FALSE
8952352,"gate_30",8,FALSE,FALSE
8952445,"gate_40",1529,TRUE,TRUE
8952447,"gate_40",23,TRUE,TRUE
8952524,"gate_40",20,TRUE,FALSE
8952597,"gate_40",10,FALSE,FALSE
8952601,"gate_30",41,FALSE,TRUE
8952832,"gate_30",27,FALSE,FALSE
8952893,"gate_30",2,FALSE,FALSE
8952922,"gate_40",10,TRUE,FALSE
8953365,"gate_30",241,TRUE,TRUE
8953425,"gate_30",147,TRUE,TRUE
8953465,"gate_40",30,TRUE,FALSE
8953531,"gate_40",4,FALSE,FALSE
8953918,"gate_30",5,FALSE,FALSE
8953956,"gate_30",55,TRUE,TRUE
8953994,"gate_40",6,FALSE,TRUE
8954307,"gate_40",23,TRUE,FALSE
8954509,"gate_30",8,FALSE,FALSE
8954530,"gate_40",2,FALSE,FALSE
8954724,"gate_30",6,FALSE,FALSE
8954850,"gate_40",3,FALSE,FALSE
8954869,"gate_30",122,TRUE,TRUE
8954877,"gate_40",156,TRUE,TRUE
8955024,"gate_40",8,FALSE,FALSE
8955126,"gate_30",14,FALSE,FALSE
8955411,"gate_30",16,TRUE,FALSE
8955533,"gate_30",101,TRUE,TRUE
8955595,"gate_30",38,TRUE,FALSE
8955753,"gate_40",0,FALSE,FALSE
8955985,"gate_40",48,TRUE,FALSE
8956132,"gate_40",5,FALSE,FALSE
8956135,"gate_30",7,FALSE,FALSE
8956334,"gate_30",2,FALSE,FALSE
8956358,"gate_30",72,FALSE,TRUE
8956473,"gate_30",17,FALSE,TRUE
8956532,"gate_30",147,TRUE,FALSE
8956723,"gate_40",29,FALSE,FALSE
8957195,"gate_30",2,FALSE,FALSE
8957212,"gate_40",1,FALSE,FALSE
8957271,"gate_30",1,FALSE,FALSE
8957309,"gate_30",5,FALSE,FALSE
8957558,"gate_30",1,TRUE,FALSE
8957670,"gate_30",305,TRUE,TRUE
8957829,"gate_40",2,FALSE,FALSE
8957954,"gate_40",8,FALSE,FALSE
8958024,"gate_30",5,FALSE,FALSE
8958047,"gate_40",111,TRUE,TRUE
8958124,"gate_40",34,TRUE,FALSE
8958434,"gate_30",18,FALSE,TRUE
8958529,"gate_30",0,FALSE,FALSE
8958747,"gate_40",82,TRUE,FALSE
8958754,"gate_40",6,FALSE,FALSE
8959117,"gate_40",19,TRUE,FALSE
8959142,"gate_40",15,TRUE,FALSE
8959235,"gate_30",143,TRUE,TRUE
8959440,"gate_30",0,FALSE,FALSE
8959578,"gate_30",88,TRUE,TRUE
8959615,"gate_30",22,FALSE,FALSE
8959853,"gate_40",5,FALSE,FALSE
8960012,"gate_40",264,TRUE,TRUE
8960104,"gate_30",96,TRUE,TRUE
8960231,"gate_40",8,FALSE,FALSE
8960277,"gate_30",20,FALSE,FALSE
8960336,"gate_40",34,TRUE,FALSE
8960551,"gate_40",9,FALSE,FALSE
8960552,"gate_40",45,TRUE,FALSE
8961030,"gate_40",40,TRUE,TRUE
8961128,"gate_30",111,TRUE,FALSE
8961142,"gate_40",27,TRUE,FALSE
8961166,"gate_30",1,FALSE,FALSE
8961263,"gate_30",26,TRUE,FALSE
8961283,"gate_30",15,FALSE,FALSE
8961322,"gate_30",1,FALSE,FALSE
8961327,"gate_30",5,FALSE,FALSE
8961450,"gate_30",10,FALSE,FALSE
8961481,"gate_30",112,TRUE,TRUE
8961539,"gate_30",7,FALSE,FALSE
8961649,"gate_30",147,TRUE,TRUE
8961682,"gate_30",13,FALSE,FALSE
8961791,"gate_40",7,TRUE,FALSE
8961801,"gate_40",3,TRUE,TRUE
8961828,"gate_40",6,FALSE,FALSE
8961940,"gate_40",4,FALSE,FALSE
8962030,"gate_30",10,TRUE,FALSE
8962097,"gate_40",53,TRUE,FALSE
8962120,"gate_30",95,TRUE,TRUE
8962165,"gate_30",29,TRUE,TRUE
8962197,"gate_40",14,FALSE,FALSE
8962277,"gate_40",37,TRUE,FALSE
8962358,"gate_30",34,TRUE,FALSE
8962386,"gate_30",46,TRUE,FALSE
8962436,"gate_40",110,TRUE,FALSE
8962522,"gate_30",6,FALSE,FALSE
8962648,"gate_30",14,TRUE,FALSE
8962895,"gate_30",145,TRUE,TRUE
8962953,"gate_40",48,TRUE,FALSE
8962998,"gate_40",137,FALSE,TRUE
8963042,"gate_40",5,FALSE,FALSE
8963321,"gate_40",269,TRUE,TRUE
8963393,"gate_40",11,FALSE,FALSE
8963451,"gate_30",50,TRUE,FALSE
8963732,"gate_30",1,FALSE,FALSE
8963746,"gate_30",74,TRUE,FALSE
8963806,"gate_30",45,TRUE,FALSE
8963885,"gate_40",25,TRUE,FALSE
8964492,"gate_40",0,FALSE,FALSE
8964549,"gate_40",14,FALSE,FALSE
8964660,"gate_30",2,FALSE,FALSE
8964894,"gate_40",41,TRUE,FALSE
8964994,"gate_40",6,TRUE,FALSE
8965012,"gate_30",105,TRUE,TRUE
8965138,"gate_30",30,TRUE,FALSE
8965309,"gate_30",11,TRUE,FALSE
8965336,"gate_40",5,FALSE,FALSE
8965369,"gate_30",4,FALSE,FALSE
8965422,"gate_40",6,TRUE,FALSE
8965607,"gate_40",91,TRUE,FALSE
8965647,"gate_30",4,FALSE,FALSE
8965760,"gate_30",47,TRUE,TRUE
8965798,"gate_30",3,FALSE,FALSE
8965809,"gate_40",1,FALSE,FALSE
8966002,"gate_30",13,FALSE,FALSE
8966101,"gate_30",140,TRUE,TRUE
8966221,"gate_40",92,FALSE,FALSE
8966223,"gate_30",58,FALSE,FALSE
8966322,"gate_30",16,FALSE,FALSE
8966552,"gate_30",57,TRUE,TRUE
8966565,"gate_30",5,FALSE,FALSE
8966790,"gate_30",7,TRUE,FALSE
8966844,"gate_40",0,FALSE,FALSE
8967022,"gate_40",85,TRUE,TRUE
8967112,"gate_30",3,FALSE,FALSE
8967150,"gate_30",13,TRUE,FALSE
8967156,"gate_40",408,TRUE,TRUE
8967389,"gate_40",13,FALSE,FALSE
8967442,"gate_30",301,FALSE,TRUE
8967453,"gate_30",6,FALSE,FALSE
8967666,"gate_30",40,TRUE,FALSE
8967816,"gate_40",3,FALSE,FALSE
8967852,"gate_30",67,TRUE,FALSE
8967893,"gate_30",141,TRUE,TRUE
8968067,"gate_30",100,TRUE,FALSE
8968391,"gate_40",17,TRUE,FALSE
8968404,"gate_30",12,FALSE,FALSE
8968422,"gate_40",77,TRUE,FALSE
8968578,"gate_30",88,TRUE,FALSE
8968669,"gate_30",2,FALSE,FALSE
8968937,"gate_40",3,TRUE,FALSE
8969293,"gate_30",59,FALSE,TRUE
8969339,"gate_30",3,FALSE,FALSE
8969340,"gate_30",9,TRUE,FALSE
8969416,"gate_30",1,FALSE,FALSE
8969503,"gate_30",56,FALSE,FALSE
8969677,"gate_40",1,FALSE,FALSE
8969678,"gate_40",20,TRUE,FALSE
8969679,"gate_40",70,FALSE,FALSE
8969985,"gate_40",7,FALSE,FALSE
8970004,"gate_30",37,FALSE,FALSE
8970016,"gate_40",167,TRUE,FALSE
8970107,"gate_30",1,FALSE,FALSE
8970115,"gate_30",2,FALSE,FALSE
8970294,"gate_30",237,TRUE,TRUE
8970511,"gate_30",53,FALSE,TRUE
8970610,"gate_40",6,FALSE,FALSE
8970893,"gate_30",29,TRUE,FALSE
8970900,"gate_40",19,FALSE,FALSE
8970945,"gate_30",0,FALSE,FALSE
8970956,"gate_40",33,TRUE,FALSE
8971163,"gate_30",15,TRUE,FALSE
8971326,"gate_30",56,TRUE,TRUE
8971330,"gate_40",54,TRUE,FALSE
8971466,"gate_40",13,TRUE,FALSE
8971513,"gate_30",2,FALSE,FALSE
8971546,"gate_40",102,FALSE,TRUE
8971846,"gate_30",26,TRUE,FALSE
8972013,"gate_40",46,TRUE,FALSE
8972095,"gate_30",13,FALSE,FALSE
8972220,"gate_30",20,FALSE,FALSE
8972531,"gate_40",15,FALSE,FALSE
8972582,"gate_40",11,FALSE,FALSE
8972623,"gate_30",98,TRUE,FALSE
8972655,"gate_40",114,TRUE,TRUE
8972771,"gate_30",33,FALSE,FALSE
8972900,"gate_40",8,FALSE,FALSE
8973024,"gate_40",15,TRUE,TRUE
8973034,"gate_30",15,FALSE,FALSE
8973055,"gate_30",23,FALSE,FALSE
8973096,"gate_40",4,FALSE,FALSE
8973124,"gate_40",17,TRUE,FALSE
8973372,"gate_30",6,FALSE,FALSE
8973496,"gate_30",2,TRUE,FALSE
8973567,"gate_40",185,TRUE,TRUE
8973569,"gate_40",83,TRUE,FALSE
8973613,"gate_40",548,TRUE,TRUE
8973672,"gate_40",2,FALSE,FALSE
8974321,"gate_30",254,TRUE,TRUE
8974507,"gate_40",2,TRUE,FALSE
8974602,"gate_40",1,FALSE,FALSE
8974610,"gate_40",5,FALSE,FALSE
8974666,"gate_30",77,TRUE,TRUE
8974704,"gate_30",312,TRUE,TRUE
8974870,"gate_40",11,FALSE,FALSE
8974899,"gate_40",114,TRUE,TRUE
8974970,"gate_30",2,FALSE,FALSE
8975066,"gate_40",48,TRUE,FALSE
8975098,"gate_40",2,FALSE,FALSE
8975143,"gate_40",12,FALSE,FALSE
8975282,"gate_30",30,FALSE,FALSE
8975339,"gate_40",5,FALSE,FALSE
8975386,"gate_30",0,FALSE,FALSE
8975887,"gate_40",17,TRUE,FALSE
8975972,"gate_30",68,TRUE,TRUE
8975999,"gate_40",32,TRUE,FALSE
8976006,"gate_30",72,TRUE,FALSE
8976056,"gate_30",2,FALSE,FALSE
8976188,"gate_40",179,TRUE,TRUE
8976219,"gate_40",4,FALSE,FALSE
8976250,"gate_30",1,FALSE,FALSE
8976268,"gate_30",7,FALSE,FALSE
8976269,"gate_30",5,FALSE,FALSE
8976305,"gate_40",12,TRUE,FALSE
8976341,"gate_40",37,TRUE,TRUE
8976386,"gate_40",13,FALSE,FALSE
8976685,"gate_30",73,FALSE,FALSE
8976784,"gate_40",42,TRUE,FALSE
8976802,"gate_40",2,FALSE,FALSE
8976991,"gate_40",9,FALSE,TRUE
8977035,"gate_40",16,TRUE,FALSE
8977085,"gate_30",2,FALSE,FALSE
8977135,"gate_40",332,TRUE,TRUE
8977136,"gate_40",30,FALSE,FALSE
8977327,"gate_30",47,TRUE,FALSE
8977421,"gate_40",3,FALSE,FALSE
8977592,"gate_30",129,TRUE,FALSE
8977598,"gate_40",34,TRUE,FALSE
8977851,"gate_40",54,TRUE,FALSE
8977904,"gate_30",28,TRUE,FALSE
8977954,"gate_30",4,FALSE,FALSE
8977981,"gate_40",151,TRUE,FALSE
8978092,"gate_40",21,TRUE,FALSE
8978101,"gate_30",3,FALSE,FALSE
8978156,"gate_30",3,FALSE,FALSE
8978466,"gate_30",16,FALSE,TRUE
8978655,"gate_40",7,FALSE,FALSE
8978790,"gate_40",3,FALSE,FALSE
8978828,"gate_30",0,FALSE,FALSE
8979157,"gate_30",4,FALSE,FALSE
8979714,"gate_40",4,FALSE,FALSE
8979751,"gate_30",8,TRUE,FALSE
8980110,"gate_30",8,FALSE,FALSE
8980158,"gate_40",66,TRUE,FALSE
8980170,"gate_40",1,FALSE,FALSE
8980172,"gate_30",2,FALSE,FALSE
8980236,"gate_40",17,TRUE,FALSE
8980478,"gate_40",20,TRUE,FALSE
8980516,"gate_30",14,FALSE,FALSE
8980681,"gate_40",0,FALSE,FALSE
8980697,"gate_40",37,TRUE,FALSE
8980716,"gate_40",4,FALSE,FALSE
8980817,"gate_30",3,FALSE,FALSE
8980822,"gate_30",4,FALSE,FALSE
8980861,"gate_40",14,TRUE,FALSE
8980957,"gate_30",131,TRUE,TRUE
8981061,"gate_30",8,FALSE,FALSE
8981124,"gate_40",4,FALSE,FALSE
8981126,"gate_40",9,TRUE,FALSE
8981221,"gate_40",10,FALSE,FALSE
8981305,"gate_30",13,TRUE,FALSE
8981313,"gate_30",0,FALSE,FALSE
8981329,"gate_30",7,FALSE,FALSE
8981337,"gate_40",91,TRUE,FALSE
8981524,"gate_40",10,TRUE,FALSE
8981547,"gate_40",76,TRUE,TRUE
8981584,"gate_30",8,FALSE,FALSE
8981917,"gate_30",0,FALSE,FALSE
8982056,"gate_30",143,TRUE,FALSE
8982121,"gate_30",38,FALSE,FALSE
8982421,"gate_40",53,TRUE,TRUE
8982470,"gate_40",25,TRUE,FALSE
8982827,"gate_30",3,FALSE,FALSE
8982899,"gate_40",5,FALSE,FALSE
8983066,"gate_40",21,FALSE,FALSE
8983134,"gate_30",6,FALSE,FALSE
8983184,"gate_40",52,TRUE,TRUE
8983244,"gate_30",13,TRUE,FALSE
8983276,"gate_30",226,TRUE,TRUE
8983367,"gate_30",10,FALSE,FALSE
8983558,"gate_40",8,TRUE,FALSE
8983718,"gate_40",306,TRUE,TRUE
8983843,"gate_40",37,TRUE,FALSE
8983877,"gate_40",21,TRUE,FALSE
8983888,"gate_40",18,FALSE,FALSE
8983891,"gate_30",101,TRUE,FALSE
8983995,"gate_30",4,FALSE,FALSE
8984021,"gate_40",53,TRUE,TRUE
8984044,"gate_30",128,TRUE,TRUE
8984072,"gate_40",10,TRUE,FALSE
8984080,"gate_40",136,TRUE,FALSE
8984174,"gate_40",14,FALSE,FALSE
8984234,"gate_40",143,FALSE,TRUE
8984255,"gate_40",18,FALSE,FALSE
8984269,"gate_40",71,TRUE,FALSE
8984336,"gate_30",21,TRUE,FALSE
8984374,"gate_30",18,FALSE,FALSE
8984433,"gate_40",67,TRUE,FALSE
8984481,"gate_40",78,TRUE,TRUE
8984491,"gate_30",2,FALSE,FALSE
8984561,"gate_30",124,TRUE,FALSE
8984594,"gate_40",4,FALSE,FALSE
8984603,"gate_40",4,FALSE,FALSE
8984693,"gate_40",53,TRUE,FALSE
8984739,"gate_40",4,FALSE,FALSE
8984864,"gate_30",50,TRUE,TRUE
8984959,"gate_40",316,TRUE,TRUE
8984999,"gate_40",13,FALSE,FALSE
8985220,"gate_40",22,TRUE,FALSE
8985276,"gate_30",31,TRUE,TRUE
8985356,"gate_40",2,FALSE,FALSE
8985388,"gate_40",2,FALSE,FALSE
8985425,"gate_30",37,TRUE,FALSE
8985466,"gate_30",3,FALSE,FALSE
8985768,"gate_30",2,TRUE,FALSE
8985845,"gate_30",34,FALSE,FALSE
8985861,"gate_40",79,TRUE,TRUE
8985865,"gate_40",4,FALSE,FALSE
8986025,"gate_40",9,FALSE,FALSE
8986107,"gate_40",38,FALSE,FALSE
8986127,"gate_40",139,TRUE,FALSE
8986181,"gate_30",327,TRUE,TRUE
8986221,"gate_40",7,FALSE,FALSE
8986277,"gate_40",4,FALSE,FALSE
8986340,"gate_30",3,TRUE,FALSE
8986352,"gate_40",20,FALSE,FALSE
8986373,"gate_30",2,FALSE,FALSE
8986407,"gate_30",42,TRUE,TRUE
8986535,"gate_40",2,FALSE,FALSE
8986662,"gate_40",147,TRUE,FALSE
8986803,"gate_30",41,TRUE,FALSE
8986813,"gate_30",15,FALSE,FALSE
8986831,"gate_40",39,FALSE,TRUE
8986838,"gate_30",7,FALSE,FALSE
8986929,"gate_40",42,TRUE,FALSE
8986975,"gate_40",2,FALSE,FALSE
8987047,"gate_30",4,FALSE,FALSE
8987218,"gate_40",9,FALSE,FALSE
8987299,"gate_40",2,FALSE,FALSE
8987422,"gate_30",3,FALSE,FALSE
8987450,"gate_40",9,FALSE,FALSE
8987585,"gate_30",48,TRUE,TRUE
8987620,"gate_40",40,FALSE,FALSE
8987714,"gate_40",61,TRUE,FALSE
8987763,"gate_40",855,TRUE,TRUE
8987905,"gate_30",58,TRUE,TRUE
8988128,"gate_40",2,FALSE,FALSE
8988434,"gate_30",3,FALSE,FALSE
8988437,"gate_30",2,FALSE,FALSE
8988503,"gate_40",54,FALSE,TRUE
8988521,"gate_40",2,FALSE,FALSE
8988534,"gate_40",7,TRUE,FALSE
8988632,"gate_30",13,FALSE,FALSE
8988736,"gate_40",1,FALSE,FALSE
8988854,"gate_40",358,TRUE,TRUE
8988864,"gate_40",10,FALSE,FALSE
8988893,"gate_40",3,FALSE,FALSE
8988944,"gate_40",41,TRUE,FALSE
8989239,"gate_30",14,FALSE,TRUE
8989285,"gate_30",11,FALSE,FALSE
8989339,"gate_40",36,FALSE,FALSE
8989561,"gate_30",4,FALSE,FALSE
8989924,"gate_30",3,FALSE,FALSE
8990136,"gate_40",2,FALSE,FALSE
8990867,"gate_30",1,FALSE,FALSE
8990944,"gate_30",2,FALSE,FALSE
8990979,"gate_40",59,TRUE,TRUE
8991033,"gate_40",4,FALSE,FALSE
8991081,"gate_40",8,TRUE,FALSE
8991187,"gate_40",1,FALSE,FALSE
8991206,"gate_40",2,FALSE,FALSE
8991207,"gate_40",563,TRUE,TRUE
8991292,"gate_40",11,FALSE,FALSE
8991561,"gate_40",0,FALSE,FALSE
8991658,"gate_30",15,FALSE,FALSE
8991695,"gate_30",70,TRUE,FALSE
8991819,"gate_30",26,TRUE,FALSE
8991952,"gate_40",4,FALSE,FALSE
8992037,"gate_30",1288,TRUE,TRUE
8992374,"gate_40",97,TRUE,TRUE
8992560,"gate_40",14,TRUE,FALSE
8992585,"gate_30",18,FALSE,FALSE
8992670,"gate_40",19,FALSE,FALSE
8992712,"gate_40",22,TRUE,FALSE
8992725,"gate_30",5,FALSE,FALSE
8992970,"gate_40",21,TRUE,FALSE
8993021,"gate_30",64,FALSE,FALSE
8993022,"gate_40",60,TRUE,FALSE
8993069,"gate_40",10,FALSE,FALSE
8993413,"gate_30",63,FALSE,TRUE
8993484,"gate_30",4,FALSE,FALSE
8993532,"gate_40",1,FALSE,FALSE
8993571,"gate_30",206,TRUE,TRUE
8993651,"gate_40",8,TRUE,FALSE
8993956,"gate_30",4,FALSE,FALSE
8993993,"gate_40",2,FALSE,FALSE
8994034,"gate_30",4,TRUE,FALSE
8994099,"gate_40",7,FALSE,FALSE
8994323,"gate_40",34,FALSE,FALSE
8994381,"gate_40",22,FALSE,FALSE
8994490,"gate_40",15,TRUE,FALSE
8994519,"gate_40",4,FALSE,FALSE
8994935,"gate_30",4,FALSE,FALSE
8995044,"gate_30",14,TRUE,FALSE
8995220,"gate_40",0,FALSE,FALSE
8995235,"gate_40",9,FALSE,FALSE
8995433,"gate_40",22,FALSE,TRUE
8995921,"gate_30",3,FALSE,FALSE
8996021,"gate_30",26,FALSE,FALSE
8996086,"gate_40",98,TRUE,FALSE
8996152,"gate_40",123,FALSE,FALSE
8996297,"gate_30",12,FALSE,TRUE
8996317,"gate_40",19,FALSE,FALSE
8996370,"gate_40",101,TRUE,FALSE
8996402,"gate_40",12,FALSE,FALSE
8996412,"gate_40",10,FALSE,FALSE
8996535,"gate_40",1,FALSE,FALSE
8996621,"gate_30",20,FALSE,FALSE
8996631,"gate_40",0,TRUE,FALSE
8996656,"gate_40",24,FALSE,FALSE
8996746,"gate_40",9,FALSE,FALSE
8996988,"gate_30",53,TRUE,FALSE
8997018,"gate_30",2,FALSE,FALSE
8997045,"gate_30",5,FALSE,FALSE
8997056,"gate_30",388,TRUE,TRUE
8997069,"gate_40",262,TRUE,TRUE
8997093,"gate_30",115,TRUE,FALSE
8997363,"gate_40",2,FALSE,FALSE
8997388,"gate_30",14,FALSE,FALSE
8997483,"gate_30",1,FALSE,FALSE
8997517,"gate_40",15,TRUE,FALSE
8997769,"gate_30",19,TRUE,FALSE
8997790,"gate_40",240,TRUE,TRUE
8997816,"gate_30",17,FALSE,FALSE
8997832,"gate_30",4,FALSE,FALSE
8998109,"gate_40",7,FALSE,FALSE
8998174,"gate_40",6,FALSE,FALSE
8998280,"gate_30",161,TRUE,TRUE
8998475,"gate_30",16,FALSE,FALSE
8998625,"gate_30",36,FALSE,FALSE
8998878,"gate_40",34,TRUE,FALSE
8998893,"gate_30",6,FALSE,FALSE
8998921,"gate_40",0,FALSE,FALSE
8998954,"gate_40",66,FALSE,FALSE
8999126,"gate_30",2,FALSE,FALSE
8999489,"gate_40",8,FALSE,FALSE
8999536,"gate_40",2,FALSE,FALSE
8999790,"gate_40",65,TRUE,FALSE
8999810,"gate_30",3,FALSE,FALSE
8999971,"gate_30",4,FALSE,FALSE
8999983,"gate_40",1,FALSE,FALSE
9000223,"gate_30",14,FALSE,FALSE
9000404,"gate_40",73,TRUE,FALSE
9000590,"gate_30",8,FALSE,FALSE
9000845,"gate_30",3,FALSE,FALSE
9000975,"gate_30",4,FALSE,FALSE
9001000,"gate_40",108,TRUE,FALSE
9001011,"gate_30",7,FALSE,FALSE
9001393,"gate_40",10,FALSE,FALSE
9001527,"gate_40",21,TRUE,FALSE
9001844,"gate_40",61,TRUE,FALSE
9002201,"gate_30",8,TRUE,FALSE
9002290,"gate_30",332,TRUE,TRUE
9002294,"gate_30",79,TRUE,TRUE
9002485,"gate_30",22,FALSE,FALSE
9002533,"gate_40",461,TRUE,TRUE
9002636,"gate_30",8,FALSE,TRUE
9002640,"gate_40",3,TRUE,FALSE
9002666,"gate_40",63,TRUE,FALSE
9002807,"gate_40",102,TRUE,FALSE
9002965,"gate_30",8,TRUE,FALSE
9002995,"gate_30",40,TRUE,FALSE
9003002,"gate_30",46,FALSE,FALSE
9003034,"gate_40",51,TRUE,FALSE
9003588,"gate_40",3,FALSE,FALSE
9003597,"gate_30",56,TRUE,FALSE
9003894,"gate_40",4,FALSE,FALSE
9003955,"gate_30",6,FALSE,FALSE
9004303,"gate_30",206,TRUE,TRUE
9004364,"gate_30",109,TRUE,TRUE
9004397,"gate_30",18,TRUE,FALSE
9004507,"gate_40",40,TRUE,FALSE
9004533,"gate_30",32,TRUE,TRUE
9004915,"gate_30",10,FALSE,FALSE
9005159,"gate_40",2,FALSE,FALSE
9005172,"gate_30",8,TRUE,FALSE
9005202,"gate_40",17,FALSE,FALSE
9005348,"gate_40",1,FALSE,FALSE
9005354,"gate_40",8,FALSE,FALSE
9005507,"gate_30",50,TRUE,TRUE
9005794,"gate_30",9,TRUE,FALSE
9005834,"gate_30",7,FALSE,FALSE
9006001,"gate_40",15,FALSE,FALSE
9006057,"gate_30",13,FALSE,FALSE
9006122,"gate_30",15,FALSE,FALSE
9006123,"gate_30",8,FALSE,FALSE
9006166,"gate_30",99,TRUE,TRUE
9006462,"gate_40",37,FALSE,FALSE
9006485,"gate_40",3,FALSE,FALSE
9006632,"gate_40",129,FALSE,TRUE
9007088,"gate_30",19,FALSE,FALSE
9007096,"gate_30",2,FALSE,FALSE
9007393,"gate_30",1,FALSE,FALSE
9007610,"gate_30",1,FALSE,FALSE
9007747,"gate_40",84,TRUE,FALSE
9007982,"gate_40",1,FALSE,FALSE
9008002,"gate_40",0,FALSE,FALSE
9008053,"gate_40",55,TRUE,FALSE
9008126,"gate_40",23,TRUE,FALSE
9008175,"gate_30",25,TRUE,FALSE
9008384,"gate_30",166,TRUE,TRUE
9008385,"gate_40",23,TRUE,FALSE
9008674,"gate_30",1,FALSE,FALSE
9008752,"gate_40",15,FALSE,FALSE
9008788,"gate_40",29,FALSE,FALSE
9009042,"gate_40",9,FALSE,FALSE
9009184,"gate_40",25,TRUE,FALSE
9009228,"gate_30",9,FALSE,FALSE
9009308,"gate_40",4,TRUE,FALSE
9009359,"gate_40",2,FALSE,FALSE
9009638,"gate_30",11,FALSE,FALSE
9009724,"gate_40",6,FALSE,FALSE
9009795,"gate_40",1,FALSE,FALSE
9009898,"gate_40",6,FALSE,FALSE
9009914,"gate_40",111,TRUE,FALSE
9010360,"gate_30",5,FALSE,FALSE
9010643,"gate_30",2,FALSE,FALSE
9010761,"gate_40",4,FALSE,FALSE
9010925,"gate_30",36,TRUE,FALSE
9010993,"gate_40",1,FALSE,FALSE
9011550,"gate_40",135,TRUE,TRUE
9011711,"gate_30",45,TRUE,FALSE
9011989,"gate_40",209,TRUE,FALSE
9012003,"gate_30",7,FALSE,FALSE
9012037,"gate_30",7,FALSE,FALSE
9012098,"gate_30",83,TRUE,TRUE
9012131,"gate_30",34,TRUE,FALSE
9012143,"gate_30",22,TRUE,FALSE
9012268,"gate_30",9,TRUE,TRUE
9012413,"gate_30",7,FALSE,FALSE
9012439,"gate_30",43,TRUE,FALSE
9012597,"gate_40",6,FALSE,FALSE
9012664,"gate_40",10,FALSE,FALSE
9012715,"gate_40",10,FALSE,FALSE
9012773,"gate_30",6,FALSE,FALSE
9012867,"gate_40",2,FALSE,FALSE
9013005,"gate_30",5,FALSE,FALSE
9013191,"gate_30",95,TRUE,TRUE
9013383,"gate_40",2,FALSE,FALSE
9013536,"gate_40",32,FALSE,FALSE
9013618,"gate_40",9,FALSE,FALSE
9013660,"gate_40",58,TRUE,FALSE
9013842,"gate_40",34,TRUE,FALSE
9013937,"gate_30",78,TRUE,TRUE
9014259,"gate_40",12,FALSE,FALSE
9014364,"gate_30",2,FALSE,FALSE
9014669,"gate_30",5,TRUE,FALSE
9014816,"gate_40",4,FALSE,FALSE
9014920,"gate_40",111,TRUE,TRUE
9015104,"gate_30",41,FALSE,FALSE
9015303,"gate_40",1,TRUE,TRUE
9015310,"gate_40",14,FALSE,FALSE
9015312,"gate_40",164,TRUE,TRUE
9015321,"gate_40",49,TRUE,FALSE
9015492,"gate_30",73,FALSE,FALSE
9015549,"gate_40",92,TRUE,TRUE
9015921,"gate_40",203,TRUE,FALSE
9015941,"gate_40",9,FALSE,FALSE
9016164,"gate_30",985,TRUE,TRUE
9016315,"gate_30",120,TRUE,TRUE
9016399,"gate_30",139,TRUE,FALSE
9016446,"gate_30",5,FALSE,TRUE
9016473,"gate_40",1,FALSE,FALSE
9016510,"gate_30",27,TRUE,FALSE
9016615,"gate_40",175,FALSE,TRUE
9016742,"gate_30",35,TRUE,FALSE
9016906,"gate_40",63,TRUE,TRUE
9017023,"gate_40",49,TRUE,FALSE
9017134,"gate_40",66,TRUE,FALSE
9017156,"gate_30",19,TRUE,FALSE
9017325,"gate_30",19,FALSE,FALSE
9017414,"gate_30",38,TRUE,TRUE
9017658,"gate_30",4,FALSE,FALSE
9017880,"gate_30",8,FALSE,FALSE
9017909,"gate_40",2,TRUE,FALSE
9017968,"gate_40",6,FALSE,FALSE
9018135,"gate_30",309,TRUE,FALSE
9018604,"gate_30",1,FALSE,FALSE
9018608,"gate_30",24,TRUE,FALSE
9018741,"gate_30",29,TRUE,FALSE
9018783,"gate_40",70,TRUE,FALSE
9018817,"gate_40",28,TRUE,FALSE
9018903,"gate_40",8,FALSE,FALSE
9019287,"gate_40",119,TRUE,FALSE
9019289,"gate_40",50,TRUE,FALSE
9019493,"gate_30",2,FALSE,FALSE
9019616,"gate_40",14,TRUE,FALSE
9019849,"gate_30",7,FALSE,FALSE
9019863,"gate_30",14,FALSE,FALSE
9019949,"gate_30",0,FALSE,FALSE
9020006,"gate_40",1,FALSE,FALSE
9020030,"gate_30",28,FALSE,FALSE
9020072,"gate_30",6,FALSE,FALSE
9020103,"gate_30",10,FALSE,FALSE
9020320,"gate_30",52,FALSE,FALSE
9020425,"gate_30",4,FALSE,FALSE
9020603,"gate_40",204,TRUE,TRUE
9020776,"gate_30",11,FALSE,FALSE
9021183,"gate_30",14,TRUE,FALSE
9021321,"gate_40",5,FALSE,FALSE
9021337,"gate_30",30,TRUE,TRUE
9021522,"gate_40",85,TRUE,TRUE
9021619,"gate_30",1,FALSE,FALSE
9021686,"gate_40",5,TRUE,FALSE
9021693,"gate_40",20,TRUE,FALSE
9021733,"gate_30",7,FALSE,FALSE
9021778,"gate_30",35,TRUE,FALSE
9021833,"gate_40",0,FALSE,FALSE
9021893,"gate_30",40,TRUE,TRUE
9022010,"gate_40",262,FALSE,TRUE
9022018,"gate_30",18,TRUE,FALSE
9022072,"gate_30",0,FALSE,FALSE
9022094,"gate_30",23,TRUE,FALSE
9022139,"gate_30",0,FALSE,FALSE
9022391,"gate_40",2,FALSE,FALSE
9022434,"gate_30",10,FALSE,FALSE
9022534,"gate_40",45,TRUE,FALSE
9022665,"gate_30",70,TRUE,TRUE
9022667,"gate_30",4,FALSE,FALSE
9022728,"gate_40",9,FALSE,FALSE
9022772,"gate_30",2,FALSE,FALSE
9022986,"gate_40",12,FALSE,FALSE
9023004,"gate_30",4,TRUE,FALSE
9023041,"gate_40",3,TRUE,FALSE
9023171,"gate_40",8,FALSE,FALSE
9023251,"gate_40",16,TRUE,FALSE
9024006,"gate_40",5,FALSE,FALSE
9024215,"gate_40",1,FALSE,FALSE
9024277,"gate_40",246,TRUE,TRUE
9024321,"gate_40",147,TRUE,FALSE
9024716,"gate_40",5,FALSE,FALSE
9024995,"gate_40",580,TRUE,TRUE
9025294,"gate_40",0,FALSE,FALSE
9025516,"gate_30",180,TRUE,TRUE
9025655,"gate_30",78,FALSE,FALSE
9026372,"gate_40",0,FALSE,FALSE
9026384,"gate_40",80,TRUE,FALSE
9026391,"gate_40",17,FALSE,FALSE
9026490,"gate_30",219,TRUE,TRUE
9026759,"gate_40",100,TRUE,FALSE
9026770,"gate_30",10,TRUE,FALSE
9026838,"gate_40",7,FALSE,FALSE
9026996,"gate_30",22,FALSE,FALSE
9027350,"gate_30",25,FALSE,FALSE
9027448,"gate_30",1,FALSE,FALSE
9027465,"gate_40",7,FALSE,FALSE
9027474,"gate_30",299,TRUE,TRUE
9027566,"gate_40",19,FALSE,FALSE
9027876,"gate_40",1300,TRUE,TRUE
9028004,"gate_30",2,FALSE,FALSE
9028122,"gate_30",0,FALSE,FALSE
9028193,"gate_40",33,FALSE,FALSE
9028222,"gate_40",2,FALSE,FALSE
9028242,"gate_40",84,FALSE,FALSE
9028288,"gate_30",2,FALSE,FALSE
9028303,"gate_30",2,FALSE,FALSE
9028476,"gate_30",83,TRUE,FALSE
9028598,"gate_40",0,FALSE,FALSE
9028682,"gate_30",0,FALSE,FALSE
9028927,"gate_40",6,FALSE,FALSE
9028959,"gate_30",22,FALSE,FALSE
9029404,"gate_40",27,TRUE,FALSE
9029683,"gate_30",25,FALSE,FALSE
9029865,"gate_30",5,FALSE,FALSE
9030195,"gate_30",3,FALSE,FALSE
9030225,"gate_30",5,FALSE,FALSE
9030240,"gate_40",1,FALSE,FALSE
9030377,"gate_40",6,FALSE,FALSE
9030557,"gate_40",367,TRUE,TRUE
9030579,"gate_40",1,FALSE,FALSE
9030626,"gate_30",96,FALSE,TRUE
9030917,"gate_30",13,FALSE,TRUE
9031138,"gate_40",2,FALSE,FALSE
9031140,"gate_40",211,TRUE,FALSE
9031148,"gate_40",1,FALSE,FALSE
9031176,"gate_40",2,FALSE,FALSE
9031239,"gate_40",99,TRUE,TRUE
9031305,"gate_30",4,TRUE,FALSE
9031382,"gate_30",2,FALSE,FALSE
9031558,"gate_30",37,FALSE,TRUE
9031587,"gate_40",21,TRUE,FALSE
9031614,"gate_40",31,FALSE,FALSE
9031645,"gate_40",8,FALSE,FALSE
9032042,"gate_40",104,TRUE,TRUE
9032061,"gate_40",237,TRUE,TRUE
9032098,"gate_40",23,FALSE,FALSE
9032146,"gate_40",21,FALSE,FALSE
9032220,"gate_40",3,FALSE,FALSE
9032423,"gate_30",4,FALSE,FALSE
9032579,"gate_30",90,TRUE,TRUE
9032674,"gate_30",2,FALSE,FALSE
9032785,"gate_30",5,FALSE,FALSE
9032798,"gate_40",34,TRUE,FALSE
9032928,"gate_40",2,FALSE,FALSE
9033156,"gate_40",199,TRUE,TRUE
9033213,"gate_40",11,TRUE,FALSE
9033292,"gate_30",154,TRUE,TRUE
9033312,"gate_40",3,FALSE,FALSE
9033437,"gate_30",1,FALSE,FALSE
9033456,"gate_30",6,FALSE,FALSE
9033509,"gate_40",1,FALSE,FALSE
9033671,"gate_30",48,FALSE,TRUE
9033684,"gate_30",146,TRUE,FALSE
9033968,"gate_30",0,FALSE,FALSE
9033986,"gate_40",2,FALSE,FALSE
9034161,"gate_30",23,TRUE,FALSE
9034529,"gate_30",47,TRUE,TRUE
9034582,"gate_30",1,FALSE,FALSE
9034723,"gate_40",106,TRUE,TRUE
9034862,"gate_40",2,FALSE,FALSE
9034864,"gate_40",210,TRUE,FALSE
9034944,"gate_30",555,TRUE,TRUE
9035014,"gate_40",11,FALSE,FALSE
9035037,"gate_40",1013,TRUE,TRUE
9035045,"gate_40",14,FALSE,FALSE
9035255,"gate_40",15,FALSE,FALSE
9035294,"gate_40",96,TRUE,FALSE
9035300,"gate_30",18,FALSE,FALSE
9035468,"gate_30",147,TRUE,FALSE
9035509,"gate_40",11,TRUE,FALSE
9035652,"gate_30",56,TRUE,TRUE
9035675,"gate_40",10,TRUE,FALSE
9035703,"gate_40",25,TRUE,FALSE
9035749,"gate_40",0,FALSE,FALSE
9036585,"gate_30",28,TRUE,TRUE
9036832,"gate_40",124,TRUE,FALSE
9037146,"gate_40",110,TRUE,FALSE
9037570,"gate_40",124,TRUE,FALSE
9037628,"gate_30",26,TRUE,FALSE
9037761,"gate_40",8,FALSE,FALSE
9037863,"gate_40",0,FALSE,FALSE
9037869,"gate_30",0,FALSE,FALSE
9037961,"gate_40",3,FALSE,TRUE
9038188,"gate_30",0,FALSE,FALSE
9038263,"gate_40",15,FALSE,FALSE
9038515,"gate_40",10,FALSE,FALSE
9038632,"gate_30",3,FALSE,FALSE
9038656,"gate_30",188,TRUE,FALSE
9038731,"gate_40",4,FALSE,FALSE
9038863,"gate_30",379,FALSE,TRUE
9038893,"gate_40",7,FALSE,FALSE
9038902,"gate_40",44,FALSE,FALSE
9038923,"gate_30",13,FALSE,FALSE
9039088,"gate_40",18,FALSE,FALSE
9039193,"gate_40",12,TRUE,FALSE
9039252,"gate_30",135,FALSE,FALSE
9039300,"gate_30",14,TRUE,FALSE
9039347,"gate_40",2,FALSE,FALSE
9039363,"gate_30",14,FALSE,FALSE
9039419,"gate_30",9,FALSE,TRUE
9039438,"gate_40",15,TRUE,FALSE
9039746,"gate_40",1,FALSE,FALSE
9039771,"gate_40",9,TRUE,FALSE
9040067,"gate_30",191,TRUE,TRUE
9040307,"gate_40",56,TRUE,TRUE
9040395,"gate_30",3,FALSE,FALSE
9040448,"gate_40",136,FALSE,FALSE
9040474,"gate_30",38,TRUE,FALSE
9040584,"gate_40",23,TRUE,FALSE
9040638,"gate_30",62,TRUE,FALSE
9040873,"gate_40",92,TRUE,FALSE
9040943,"gate_30",45,FALSE,FALSE
9041135,"gate_40",25,TRUE,FALSE
9041154,"gate_30",88,FALSE,TRUE
9041374,"gate_30",877,TRUE,TRUE
9041533,"gate_40",7,FALSE,FALSE
9041557,"gate_40",60,TRUE,FALSE
9041742,"gate_40",17,TRUE,FALSE
9041852,"gate_30",173,TRUE,TRUE
9041926,"gate_40",6,FALSE,FALSE
9041951,"gate_30",8,FALSE,FALSE
9041957,"gate_40",13,TRUE,FALSE
9042091,"gate_30",250,TRUE,TRUE
9042159,"gate_40",128,FALSE,FALSE
9042192,"gate_30",9,FALSE,FALSE
9042222,"gate_40",7,FALSE,FALSE
9042584,"gate_40",3,FALSE,FALSE
9043071,"gate_30",29,TRUE,FALSE
9043098,"gate_40",51,TRUE,FALSE
9043205,"gate_40",31,TRUE,FALSE
9043243,"gate_40",48,FALSE,FALSE
9043357,"gate_40",27,FALSE,FALSE
9043625,"gate_30",39,FALSE,FALSE
9043705,"gate_30",2,FALSE,FALSE
9043885,"gate_30",65,FALSE,TRUE
9043902,"gate_40",86,FALSE,FALSE
9043912,"gate_30",3,FALSE,FALSE
9044089,"gate_30",161,TRUE,TRUE
9044114,"gate_30",130,TRUE,TRUE
9044175,"gate_40",0,FALSE,FALSE
9044190,"gate_30",174,TRUE,TRUE
9044406,"gate_40",38,FALSE,TRUE
9044442,"gate_40",14,TRUE,FALSE
9044720,"gate_30",202,TRUE,TRUE
9044728,"gate_30",15,FALSE,FALSE
9044872,"gate_30",58,TRUE,FALSE
9045199,"gate_30",30,TRUE,FALSE
9045543,"gate_40",1,FALSE,FALSE
9045678,"gate_40",8,FALSE,FALSE
9045704,"gate_30",1,FALSE,FALSE
9045815,"gate_30",102,FALSE,FALSE
9045818,"gate_40",39,TRUE,FALSE
9045916,"gate_30",57,TRUE,TRUE
9046093,"gate_30",21,TRUE,TRUE
9046245,"gate_30",6,FALSE,FALSE
9046296,"gate_40",18,FALSE,TRUE
9046489,"gate_30",31,TRUE,FALSE
9046727,"gate_40",1,FALSE,FALSE
9046830,"gate_40",3,TRUE,FALSE
9046832,"gate_40",2,FALSE,FALSE
9047055,"gate_40",47,TRUE,TRUE
9047063,"gate_30",30,TRUE,FALSE
9047219,"gate_30",153,TRUE,TRUE
9047273,"gate_40",15,TRUE,FALSE
9047392,"gate_40",16,FALSE,FALSE
9047441,"gate_40",17,FALSE,FALSE
9047515,"gate_30",6,TRUE,FALSE
9047597,"gate_40",140,TRUE,FALSE
9047844,"gate_40",68,FALSE,TRUE
9048094,"gate_30",1,FALSE,FALSE
9048096,"gate_30",54,TRUE,TRUE
9048205,"gate_30",4,FALSE,FALSE
9048370,"gate_40",31,TRUE,FALSE
9048474,"gate_40",7,FALSE,FALSE
9048558,"gate_40",17,FALSE,FALSE
9048719,"gate_30",3,FALSE,FALSE
9049129,"gate_30",84,FALSE,TRUE
9049391,"gate_30",38,TRUE,FALSE
9049456,"gate_30",42,TRUE,TRUE
9049531,"gate_30",5,FALSE,FALSE
9049542,"gate_40",7,FALSE,FALSE
9049597,"gate_40",140,FALSE,FALSE
9049631,"gate_30",2,FALSE,FALSE
9049694,"gate_40",10,FALSE,FALSE
9049788,"gate_40",14,FALSE,FALSE
9050159,"gate_30",3,TRUE,FALSE
9050279,"gate_30",44,FALSE,FALSE
9050315,"gate_30",95,TRUE,TRUE
9050528,"gate_40",3,FALSE,FALSE
9050577,"gate_40",27,TRUE,FALSE
9050726,"gate_40",28,FALSE,FALSE
9050775,"gate_30",89,TRUE,FALSE
9050943,"gate_30",34,FALSE,FALSE
9050990,"gate_30",3,FALSE,FALSE
9051059,"gate_30",12,FALSE,FALSE
9051157,"gate_30",16,TRUE,FALSE
9051532,"gate_30",4,TRUE,FALSE
9051695,"gate_30",10,FALSE,FALSE
9051824,"gate_40",0,FALSE,FALSE
9051886,"gate_30",9,FALSE,FALSE
9051971,"gate_30",22,FALSE,FALSE
9052264,"gate_30",16,TRUE,FALSE
9052266,"gate_30",0,FALSE,FALSE
9052434,"gate_30",21,FALSE,FALSE
9052548,"gate_40",6,FALSE,FALSE
9052620,"gate_40",4,FALSE,FALSE
9052643,"gate_30",5,FALSE,FALSE
9052708,"gate_30",25,FALSE,FALSE
9052788,"gate_40",3,FALSE,FALSE
9052907,"gate_30",3,FALSE,FALSE
9052955,"gate_40",63,TRUE,FALSE
9053056,"gate_40",17,FALSE,FALSE
9053105,"gate_40",165,TRUE,FALSE
9053293,"gate_40",151,TRUE,TRUE
9053310,"gate_30",364,TRUE,TRUE
9053438,"gate_40",59,TRUE,FALSE
9053500,"gate_40",105,TRUE,TRUE
9053831,"gate_40",308,TRUE,TRUE
9053879,"gate_30",15,FALSE,FALSE
9054005,"gate_40",0,FALSE,FALSE
9054235,"gate_30",159,TRUE,FALSE
9054257,"gate_30",16,FALSE,FALSE
9054282,"gate_40",7,FALSE,FALSE
9054382,"gate_40",3,TRUE,FALSE
9054433,"gate_30",2,FALSE,FALSE
9054449,"gate_30",34,TRUE,FALSE
9054514,"gate_30",52,TRUE,FALSE
9054561,"gate_40",5,FALSE,FALSE
9054719,"gate_30",2,FALSE,FALSE
9054786,"gate_40",26,FALSE,FALSE
9054809,"gate_40",78,TRUE,TRUE
9054887,"gate_40",3,FALSE,FALSE
9055137,"gate_30",9,FALSE,FALSE
9055240,"gate_30",124,TRUE,TRUE
9055481,"gate_30",0,FALSE,FALSE
9055992,"gate_30",38,FALSE,FALSE
9056080,"gate_40",53,TRUE,FALSE
9056127,"gate_30",435,TRUE,TRUE
9056155,"gate_40",152,TRUE,FALSE
9056217,"gate_30",14,FALSE,FALSE
9056391,"gate_40",24,TRUE,FALSE
9056597,"gate_40",4,FALSE,FALSE
9056746,"gate_40",2,FALSE,FALSE
9056753,"gate_30",6,FALSE,FALSE
9057238,"gate_40",4,FALSE,FALSE
9057444,"gate_40",85,TRUE,FALSE
9057553,"gate_40",0,FALSE,FALSE
9057564,"gate_40",17,TRUE,FALSE
9057661,"gate_40",5,FALSE,FALSE
9057662,"gate_40",7,FALSE,FALSE
9057757,"gate_30",19,TRUE,FALSE
9057832,"gate_30",0,FALSE,FALSE
9057954,"gate_40",53,FALSE,TRUE
9057959,"gate_40",28,FALSE,FALSE
9058095,"gate_30",6,FALSE,FALSE
9058189,"gate_30",31,TRUE,FALSE
9058270,"gate_40",9,FALSE,FALSE
9058344,"gate_40",24,FALSE,FALSE
9058490,"gate_30",63,TRUE,FALSE
9058492,"gate_30",39,TRUE,FALSE
9058529,"gate_40",502,TRUE,TRUE
9058540,"gate_40",0,FALSE,FALSE
9058556,"gate_30",21,FALSE,FALSE
9058660,"gate_40",12,FALSE,FALSE
9058818,"gate_30",7,FALSE,FALSE
9059046,"gate_30",2,FALSE,FALSE
9059262,"gate_30",5,FALSE,FALSE
9059291,"gate_40",4,FALSE,FALSE
9059403,"gate_40",27,TRUE,FALSE
9059643,"gate_40",21,FALSE,FALSE
9059693,"gate_40",32,TRUE,TRUE
9059705,"gate_40",8,FALSE,FALSE
9059726,"gate_40",139,TRUE,TRUE
9059760,"gate_40",144,TRUE,FALSE
9059951,"gate_40",12,FALSE,FALSE
9060107,"gate_40",84,TRUE,TRUE
9060113,"gate_40",43,TRUE,FALSE
9060200,"gate_40",7,FALSE,FALSE
9060241,"gate_30",7,FALSE,FALSE
9060254,"gate_30",31,TRUE,FALSE
9060276,"gate_40",15,FALSE,FALSE
9060437,"gate_40",4,FALSE,FALSE
9060522,"gate_30",28,TRUE,FALSE
9060633,"gate_40",2,FALSE,FALSE
9060694,"gate_40",87,TRUE,FALSE
9061102,"gate_30",5,FALSE,FALSE
9061280,"gate_40",146,TRUE,FALSE
9061382,"gate_30",1,FALSE,FALSE
9061535,"gate_40",18,FALSE,FALSE
9061701,"gate_30",8,FALSE,FALSE
9061923,"gate_30",8,FALSE,FALSE
9061950,"gate_30",308,TRUE,TRUE
9061986,"gate_40",106,TRUE,FALSE
9062011,"gate_30",12,TRUE,FALSE
9062072,"gate_30",23,FALSE,FALSE
9062136,"gate_40",0,FALSE,FALSE
9062404,"gate_40",2,FALSE,FALSE
9062412,"gate_30",71,TRUE,FALSE
9062478,"gate_30",2,FALSE,FALSE
9062499,"gate_40",15,TRUE,FALSE
9062642,"gate_30",2,FALSE,FALSE
9062941,"gate_40",14,FALSE,FALSE
9063031,"gate_40",0,FALSE,FALSE
9063097,"gate_40",0,FALSE,FALSE
9063115,"gate_40",49,TRUE,FALSE
9063231,"gate_40",5,TRUE,FALSE
9063256,"gate_40",201,FALSE,FALSE
9063783,"gate_30",159,TRUE,FALSE
9064044,"gate_30",87,TRUE,TRUE
9064303,"gate_40",14,FALSE,FALSE
9064334,"gate_30",30,TRUE,FALSE
9064432,"gate_30",254,FALSE,TRUE
9064830,"gate_40",9,TRUE,FALSE
9064868,"gate_40",74,TRUE,TRUE
9065201,"gate_40",41,FALSE,FALSE
9065356,"gate_30",110,TRUE,FALSE
9065363,"gate_40",39,TRUE,FALSE
9065510,"gate_30",16,FALSE,FALSE
9065530,"gate_30",79,TRUE,FALSE
9065837,"gate_30",5,FALSE,FALSE
9065997,"gate_40",17,FALSE,FALSE
9066082,"gate_40",142,TRUE,TRUE
9066158,"gate_40",1,FALSE,FALSE
9066248,"gate_40",42,TRUE,TRUE
9066655,"gate_30",137,TRUE,TRUE
9066800,"gate_30",3,FALSE,FALSE
9066887,"gate_40",8,FALSE,FALSE
9066904,"gate_40",10,FALSE,FALSE
9067054,"gate_40",9,FALSE,FALSE
9067085,"gate_30",2,FALSE,FALSE
9067190,"gate_30",20,TRUE,FALSE
9067583,"gate_40",3,TRUE,FALSE
9067594,"gate_40",9,FALSE,FALSE
9067631,"gate_30",1,FALSE,FALSE
9067822,"gate_30",0,FALSE,FALSE
9068017,"gate_40",1,FALSE,FALSE
9068190,"gate_40",25,FALSE,FALSE
9068210,"gate_40",4,FALSE,FALSE
9068283,"gate_30",74,TRUE,FALSE
9068400,"gate_30",40,TRUE,FALSE
9068417,"gate_30",2,FALSE,FALSE
9068420,"gate_40",220,TRUE,FALSE
9068562,"gate_30",12,TRUE,FALSE
9068886,"gate_40",27,TRUE,TRUE
9068896,"gate_30",23,FALSE,FALSE
9068903,"gate_30",35,TRUE,FALSE
9069113,"gate_30",77,TRUE,TRUE
9069174,"gate_40",10,FALSE,FALSE
9069239,"gate_40",9,FALSE,FALSE
9069313,"gate_30",4,FALSE,FALSE
9069351,"gate_40",79,TRUE,FALSE
9069446,"gate_30",5,FALSE,FALSE
9069461,"gate_40",0,FALSE,FALSE
9069663,"gate_40",222,TRUE,TRUE
9070140,"gate_40",149,TRUE,FALSE
9070188,"gate_30",49,TRUE,FALSE
9070429,"gate_40",9,FALSE,FALSE
9070454,"gate_30",6,FALSE,FALSE
9070470,"gate_30",36,TRUE,FALSE
9070558,"gate_30",14,TRUE,FALSE
9071019,"gate_40",371,TRUE,TRUE
9071215,"gate_40",36,FALSE,FALSE
9071248,"gate_40",1,FALSE,FALSE
9071403,"gate_30",8,FALSE,FALSE
9071454,"gate_30",9,FALSE,FALSE
9071887,"gate_40",0,FALSE,FALSE
9071902,"gate_30",1,FALSE,FALSE
9072155,"gate_30",16,FALSE,FALSE
9072157,"gate_40",7,FALSE,FALSE
9072174,"gate_40",27,FALSE,FALSE
9072208,"gate_40",58,TRUE,FALSE
9072226,"gate_40",61,FALSE,FALSE
9072295,"gate_40",3,FALSE,FALSE
9072447,"gate_40",1,FALSE,FALSE
9072625,"gate_40",45,TRUE,TRUE
9072630,"gate_40",10,FALSE,FALSE
9072657,"gate_30",0,FALSE,FALSE
9072735,"gate_30",119,TRUE,TRUE
9072846,"gate_30",1,FALSE,FALSE
9073042,"gate_40",38,FALSE,FALSE
9073057,"gate_40",132,FALSE,FALSE
9073123,"gate_40",78,TRUE,FALSE
9073370,"gate_40",24,TRUE,FALSE
9073515,"gate_40",9,FALSE,FALSE
9073532,"gate_30",147,TRUE,TRUE
9073684,"gate_30",12,FALSE,FALSE
9073879,"gate_40",280,FALSE,FALSE
9073904,"gate_40",0,FALSE,FALSE
9074075,"gate_30",249,TRUE,TRUE
9074177,"gate_30",18,TRUE,FALSE
9074255,"gate_40",13,TRUE,FALSE
9074577,"gate_40",39,TRUE,FALSE
9074648,"gate_30",1,FALSE,FALSE
9074711,"gate_40",1,FALSE,FALSE
9075010,"gate_30",10,FALSE,TRUE
9075074,"gate_40",84,TRUE,TRUE
9075075,"gate_30",19,TRUE,FALSE
9075199,"gate_40",53,TRUE,FALSE
9075262,"gate_30",25,FALSE,FALSE
9075318,"gate_30",14,FALSE,FALSE
9075394,"gate_30",4,FALSE,FALSE
9075427,"gate_30",32,TRUE,FALSE
9075679,"gate_40",0,FALSE,FALSE
9075906,"gate_30",4,FALSE,FALSE
9076042,"gate_40",1,FALSE,FALSE
9076075,"gate_40",2,FALSE,FALSE
9076214,"gate_30",62,TRUE,FALSE
9076357,"gate_40",4,FALSE,FALSE
9076383,"gate_30",22,TRUE,FALSE
9076454,"gate_30",218,TRUE,FALSE
9076478,"gate_30",430,TRUE,TRUE
9077004,"gate_40",0,FALSE,FALSE
9077134,"gate_40",0,FALSE,FALSE
9077266,"gate_40",0,FALSE,FALSE
9077269,"gate_40",44,TRUE,FALSE
9077308,"gate_30",4,FALSE,FALSE
9077442,"gate_30",16,TRUE,FALSE
9077644,"gate_40",16,TRUE,FALSE
9077788,"gate_30",36,TRUE,FALSE
9077866,"gate_40",2,FALSE,FALSE
9078117,"gate_40",2,FALSE,FALSE
9078305,"gate_30",6,FALSE,FALSE
9078306,"gate_30",14,FALSE,FALSE
9078401,"gate_30",3,TRUE,FALSE
9078404,"gate_40",64,TRUE,TRUE
9078405,"gate_40",264,TRUE,TRUE
9078466,"gate_40",210,TRUE,TRUE
9078498,"gate_40",23,TRUE,FALSE
9078509,"gate_30",118,TRUE,TRUE
9078533,"gate_40",6,TRUE,FALSE
9078699,"gate_30",87,TRUE,FALSE
9078844,"gate_40",16,TRUE,TRUE
9078864,"gate_40",32,TRUE,FALSE
9079043,"gate_40",8,FALSE,FALSE
9079056,"gate_40",61,TRUE,TRUE
9079282,"gate_30",14,TRUE,FALSE
9079370,"gate_30",54,TRUE,FALSE
9079477,"gate_40",2,TRUE,FALSE
9079750,"gate_30",17,TRUE,FALSE
9079895,"gate_40",12,FALSE,FALSE
9079901,"gate_30",57,TRUE,FALSE
9080036,"gate_30",172,TRUE,TRUE
9080063,"gate_30",25,TRUE,TRUE
9080114,"gate_40",4,FALSE,FALSE
9080139,"gate_30",1,FALSE,FALSE
9080383,"gate_30",40,TRUE,TRUE
9080386,"gate_30",87,TRUE,FALSE
9080437,"gate_40",19,TRUE,FALSE
9080533,"gate_40",23,TRUE,FALSE
9080551,"gate_30",19,FALSE,FALSE
9080563,"gate_40",2,FALSE,FALSE
9080789,"gate_30",55,TRUE,FALSE
9080850,"gate_40",1,FALSE,FALSE
9081037,"gate_40",84,TRUE,TRUE
9081145,"gate_40",32,FALSE,FALSE
9081268,"gate_30",26,TRUE,TRUE
9081327,"gate_40",2,FALSE,FALSE
9081475,"gate_30",15,FALSE,FALSE
9081615,"gate_40",2,FALSE,FALSE
9081835,"gate_30",21,FALSE,FALSE
9082084,"gate_30",100,FALSE,TRUE
9082095,"gate_30",32,TRUE,FALSE
9082100,"gate_30",65,TRUE,FALSE
9082212,"gate_30",548,TRUE,TRUE
9082278,"gate_40",1,FALSE,FALSE
9082399,"gate_30",18,TRUE,FALSE
9082790,"gate_40",9,TRUE,FALSE
9082813,"gate_40",20,FALSE,FALSE
9082816,"gate_40",14,FALSE,TRUE
9083049,"gate_40",0,FALSE,FALSE
9083076,"gate_40",119,TRUE,TRUE
9083172,"gate_40",15,FALSE,FALSE
9083299,"gate_30",9,FALSE,FALSE
9083315,"gate_30",372,TRUE,TRUE
9083852,"gate_30",9,FALSE,FALSE
9083918,"gate_40",6,FALSE,FALSE
9084084,"gate_30",3,TRUE,FALSE
9084093,"gate_30",72,TRUE,FALSE
9084330,"gate_40",15,FALSE,FALSE
9084421,"gate_40",30,TRUE,FALSE
9084431,"gate_30",59,TRUE,TRUE
9084485,"gate_40",161,TRUE,TRUE
9084581,"gate_30",85,TRUE,FALSE
9084635,"gate_30",240,TRUE,TRUE
9084638,"gate_30",10,TRUE,FALSE
9084679,"gate_30",26,FALSE,FALSE
9084724,"gate_40",94,TRUE,TRUE
9085049,"gate_30",17,FALSE,FALSE
9085156,"gate_30",10,FALSE,FALSE
9085454,"gate_30",49,FALSE,FALSE
9085469,"gate_30",10,FALSE,FALSE
9085482,"gate_30",144,FALSE,TRUE
9085648,"gate_40",1,FALSE,FALSE
9085668,"gate_30",5,FALSE,FALSE
9085732,"gate_40",4,FALSE,FALSE
9085775,"gate_30",67,FALSE,TRUE
9085909,"gate_30",11,FALSE,TRUE
9086057,"gate_40",2,FALSE,FALSE
9086100,"gate_40",19,TRUE,FALSE
9086220,"gate_40",246,TRUE,TRUE
9086312,"gate_30",56,TRUE,TRUE
9086369,"gate_40",207,TRUE,TRUE
9086391,"gate_30",8,FALSE,FALSE
9086446,"gate_40",8,FALSE,FALSE
9086889,"gate_30",206,TRUE,TRUE
9086909,"gate_40",44,TRUE,FALSE
9086927,"gate_30",3,FALSE,FALSE
9086996,"gate_30",8,FALSE,FALSE
9087052,"gate_40",12,TRUE,FALSE
9087078,"gate_40",2,FALSE,FALSE
9087136,"gate_30",6,FALSE,FALSE
9087362,"gate_40",27,FALSE,FALSE
9087443,"gate_30",123,TRUE,TRUE
9087664,"gate_30",9,FALSE,FALSE
9087671,"gate_30",0,FALSE,FALSE
9087787,"gate_30",8,FALSE,FALSE
9087887,"gate_40",4,FALSE,FALSE
9088026,"gate_40",20,TRUE,FALSE
9088152,"gate_40",4,FALSE,FALSE
9088390,"gate_40",0,FALSE,FALSE
9088507,"gate_40",3,TRUE,FALSE
9088668,"gate_30",2,FALSE,FALSE
9089056,"gate_30",20,TRUE,FALSE
9089072,"gate_30",2,FALSE,FALSE
9089227,"gate_30",13,FALSE,FALSE
9089321,"gate_40",8,FALSE,FALSE
9089375,"gate_40",47,FALSE,TRUE
9089497,"gate_30",3,FALSE,FALSE
9089628,"gate_40",0,FALSE,FALSE
9089663,"gate_30",86,TRUE,TRUE
9089732,"gate_30",2,FALSE,FALSE
9089851,"gate_30",1,FALSE,FALSE
9089860,"gate_30",61,TRUE,FALSE
9089898,"gate_30",67,FALSE,FALSE
9089969,"gate_30",0,TRUE,FALSE
9090103,"gate_30",6,FALSE,FALSE
9090157,"gate_40",10,FALSE,FALSE
9090169,"gate_30",1,FALSE,FALSE
9090333,"gate_40",2,FALSE,FALSE
9090335,"gate_40",30,TRUE,FALSE
9090422,"gate_30",52,TRUE,FALSE
9090444,"gate_30",1,FALSE,FALSE
9090457,"gate_30",6,FALSE,FALSE
9090470,"gate_30",59,FALSE,TRUE
9090596,"gate_40",4,TRUE,FALSE
9090674,"gate_30",11,FALSE,FALSE
9090786,"gate_40",3,FALSE,FALSE
9090909,"gate_40",22,TRUE,FALSE
9090936,"gate_30",6,FALSE,FALSE
9091042,"gate_40",10,FALSE,FALSE
9091274,"gate_40",3,FALSE,FALSE
9091293,"gate_40",92,TRUE,FALSE
9091383,"gate_30",0,FALSE,FALSE
9091409,"gate_40",31,FALSE,FALSE
9091953,"gate_40",838,TRUE,TRUE
9091976,"gate_40",1,FALSE,FALSE
9092681,"gate_30",9,TRUE,FALSE
9092737,"gate_40",4,FALSE,FALSE
9092865,"gate_40",8,FALSE,FALSE
9092911,"gate_30",15,TRUE,FALSE
9093095,"gate_40",3,FALSE,FALSE
9093176,"gate_30",40,TRUE,FALSE
9093186,"gate_40",72,TRUE,FALSE
9093283,"gate_30",2,FALSE,FALSE
9093498,"gate_30",26,FALSE,FALSE
9093690,"gate_40",266,TRUE,FALSE
9093898,"gate_40",7,FALSE,FALSE
9094091,"gate_40",55,TRUE,TRUE
9094451,"gate_30",4,TRUE,FALSE
9094883,"gate_30",170,TRUE,TRUE
9094934,"gate_30",49,FALSE,FALSE
9094946,"gate_40",1,FALSE,FALSE
9095036,"gate_30",55,FALSE,FALSE
9095058,"gate_40",6,FALSE,FALSE
9095067,"gate_30",4,FALSE,TRUE
9095160,"gate_40",9,FALSE,FALSE
9095261,"gate_30",52,TRUE,TRUE
9095287,"gate_30",7,FALSE,FALSE
9095289,"gate_40",25,TRUE,FALSE
9095367,"gate_40",326,TRUE,TRUE
9095504,"gate_30",7,FALSE,FALSE
9095733,"gate_40",109,TRUE,TRUE
9095897,"gate_30",5,FALSE,FALSE
9095908,"gate_40",64,TRUE,FALSE
9095945,"gate_30",19,TRUE,FALSE
9096150,"gate_40",0,FALSE,FALSE
9096221,"gate_40",80,FALSE,FALSE
9096256,"gate_30",19,FALSE,FALSE
9096285,"gate_30",32,TRUE,FALSE
9096361,"gate_30",18,FALSE,TRUE
9096429,"gate_30",14,TRUE,FALSE
9096461,"gate_30",4,FALSE,FALSE
9096570,"gate_30",26,TRUE,FALSE
9096751,"gate_40",3,FALSE,FALSE
9096761,"gate_40",9,FALSE,FALSE
9096839,"gate_40",2,FALSE,FALSE
9097368,"gate_40",201,TRUE,TRUE
9097436,"gate_40",18,TRUE,TRUE
9097920,"gate_40",11,FALSE,FALSE
9097947,"gate_30",23,FALSE,TRUE
9098185,"gate_40",147,TRUE,TRUE
9098217,"gate_40",19,FALSE,FALSE
9098247,"gate_30",42,FALSE,FALSE
9098380,"gate_40",13,TRUE,FALSE
9098466,"gate_30",42,TRUE,FALSE
9098670,"gate_30",23,FALSE,FALSE
9098951,"gate_40",6,FALSE,FALSE
9098975,"gate_30",2,FALSE,FALSE
9098981,"gate_40",6,TRUE,FALSE
9099041,"gate_40",13,TRUE,FALSE
9099143,"gate_40",23,TRUE,FALSE
9099387,"gate_40",169,TRUE,TRUE
9099496,"gate_40",25,FALSE,FALSE
9099519,"gate_30",27,TRUE,FALSE
9099557,"gate_40",6,FALSE,FALSE
9099967,"gate_30",13,TRUE,FALSE
9099990,"gate_30",324,TRUE,TRUE
9100088,"gate_30",191,TRUE,FALSE
9100109,"gate_30",77,TRUE,TRUE
9100121,"gate_40",6,FALSE,FALSE
9100213,"gate_30",76,FALSE,TRUE
9100255,"gate_30",9,FALSE,FALSE
9100446,"gate_40",10,TRUE,FALSE
9100551,"gate_40",45,TRUE,TRUE
9100671,"gate_30",71,TRUE,FALSE
9100748,"gate_40",26,TRUE,FALSE
9101083,"gate_40",84,FALSE,TRUE
9101163,"gate_30",8,TRUE,FALSE
9101284,"gate_40",14,FALSE,FALSE
9101748,"gate_40",2,TRUE,FALSE
9101793,"gate_40",12,TRUE,FALSE
9101900,"gate_30",54,TRUE,FALSE
9101988,"gate_40",9,FALSE,FALSE
9102048,"gate_30",16,FALSE,FALSE
9102112,"gate_40",1,FALSE,FALSE
9102123,"gate_30",3,FALSE,FALSE
9102253,"gate_30",15,FALSE,FALSE
9102281,"gate_40",1,FALSE,FALSE
9102487,"gate_40",408,TRUE,TRUE
9102561,"gate_40",3,FALSE,FALSE
9102631,"gate_30",151,TRUE,TRUE
9102974,"gate_40",53,TRUE,FALSE
9103111,"gate_30",85,TRUE,FALSE
9103311,"gate_40",1,FALSE,FALSE
9103394,"gate_30",97,TRUE,TRUE
9103403,"gate_40",6,FALSE,FALSE
9103454,"gate_40",6,FALSE,FALSE
9103604,"gate_30",45,FALSE,FALSE
9103651,"gate_30",8,FALSE,FALSE
9103690,"gate_30",3,FALSE,FALSE
9103733,"gate_30",45,TRUE,TRUE
9103761,"gate_30",75,TRUE,FALSE
9103947,"gate_30",26,TRUE,FALSE
9104051,"gate_40",1,FALSE,FALSE
9104101,"gate_30",25,FALSE,FALSE
9104178,"gate_40",36,FALSE,FALSE
9104194,"gate_30",7,FALSE,FALSE
9104248,"gate_30",3,FALSE,FALSE
9104381,"gate_40",7,FALSE,FALSE
9104411,"gate_30",33,TRUE,FALSE
9104459,"gate_30",8,FALSE,FALSE
9104747,"gate_30",49,TRUE,FALSE
9104806,"gate_40",14,FALSE,FALSE
9104820,"gate_30",7,FALSE,FALSE
9104859,"gate_30",143,TRUE,FALSE
9104953,"gate_40",39,TRUE,FALSE
9104990,"gate_30",1,TRUE,FALSE
9105239,"gate_40",21,FALSE,FALSE
9105349,"gate_40",13,TRUE,FALSE
9105490,"gate_30",21,TRUE,FALSE
9105569,"gate_40",31,TRUE,FALSE
9105579,"gate_40",31,FALSE,FALSE
9105666,"gate_40",18,FALSE,TRUE
9105704,"gate_30",195,TRUE,TRUE
9105750,"gate_40",3,FALSE,FALSE
9105766,"gate_30",411,TRUE,TRUE
9105883,"gate_40",14,FALSE,FALSE
9106079,"gate_30",4,FALSE,FALSE
9106096,"gate_30",4,TRUE,FALSE
9106365,"gate_40",14,TRUE,FALSE
9106452,"gate_30",1,FALSE,FALSE
9106485,"gate_30",15,FALSE,FALSE
9106523,"gate_30",4,FALSE,FALSE
9106533,"gate_30",3,FALSE,FALSE
9106866,"gate_30",6,FALSE,FALSE
9106967,"gate_40",1,FALSE,FALSE
9107086,"gate_40",226,TRUE,TRUE
9107090,"gate_30",3,FALSE,FALSE
9107160,"gate_30",39,TRUE,FALSE
9107176,"gate_30",7,FALSE,FALSE
9107213,"gate_30",51,TRUE,FALSE
9107341,"gate_30",493,TRUE,TRUE
9107433,"gate_30",8,FALSE,FALSE
9107589,"gate_30",4,FALSE,FALSE
9107625,"gate_40",53,TRUE,FALSE
9107812,"gate_40",0,FALSE,FALSE
9107907,"gate_40",27,TRUE,FALSE
9108095,"gate_40",38,TRUE,FALSE
9108132,"gate_40",14,FALSE,FALSE
9108316,"gate_40",1,FALSE,FALSE
9108323,"gate_30",34,FALSE,TRUE
9108474,"gate_40",6,FALSE,FALSE
9108625,"gate_40",94,TRUE,FALSE
9108735,"gate_40",5,FALSE,FALSE
9108815,"gate_40",161,TRUE,TRUE
9108941,"gate_30",97,TRUE,FALSE
9108950,"gate_30",1,FALSE,FALSE
9109014,"gate_30",34,TRUE,FALSE
9109120,"gate_40",36,FALSE,FALSE
9109131,"gate_40",2,FALSE,FALSE
9109146,"gate_30",6,FALSE,FALSE
9109212,"gate_40",0,FALSE,FALSE
9109275,"gate_30",37,FALSE,FALSE
9109341,"gate_30",112,TRUE,TRUE
9109374,"gate_30",34,TRUE,FALSE
9109606,"gate_30",8,TRUE,FALSE
9109682,"gate_30",32,TRUE,FALSE
9109984,"gate_30",25,TRUE,FALSE
9110249,"gate_30",131,TRUE,FALSE
9110273,"gate_40",2,FALSE,FALSE
9110324,"gate_30",2,FALSE,FALSE
9110387,"gate_30",2,FALSE,FALSE
9110577,"gate_40",11,TRUE,FALSE
9110581,"gate_30",186,TRUE,TRUE
9110648,"gate_40",91,FALSE,FALSE
9110677,"gate_30",1,FALSE,FALSE
9110856,"gate_30",19,FALSE,FALSE
9110860,"gate_40",10,FALSE,FALSE
9110913,"gate_40",1,FALSE,FALSE
9110964,"gate_30",134,TRUE,TRUE
9111130,"gate_40",0,FALSE,FALSE
9111139,"gate_40",2,FALSE,FALSE
9111297,"gate_30",0,FALSE,FALSE
9111339,"gate_40",120,TRUE,TRUE
9111768,"gate_40",35,FALSE,FALSE
9111814,"gate_40",1,FALSE,FALSE
9111979,"gate_40",23,FALSE,TRUE
9111988,"gate_40",8,FALSE,FALSE
9112145,"gate_30",0,FALSE,FALSE
9112224,"gate_40",6,FALSE,FALSE
9112355,"gate_40",12,FALSE,FALSE
9112356,"gate_30",1,FALSE,FALSE
9112435,"gate_30",188,TRUE,FALSE
9112912,"gate_30",5,FALSE,FALSE
9112925,"gate_30",40,TRUE,FALSE
9112940,"gate_40",12,TRUE,FALSE
9112962,"gate_30",4,FALSE,FALSE
9113069,"gate_30",4,FALSE,FALSE
9113173,"gate_30",1,FALSE,FALSE
9113249,"gate_40",30,FALSE,FALSE
9113703,"gate_30",168,TRUE,TRUE
9113729,"gate_40",220,TRUE,TRUE
9113802,"gate_40",19,FALSE,TRUE
9113864,"gate_30",21,TRUE,TRUE
9113889,"gate_40",645,TRUE,TRUE
9114191,"gate_40",2,TRUE,FALSE
9114213,"gate_30",13,TRUE,FALSE
9114234,"gate_40",44,TRUE,TRUE
9114296,"gate_30",5,FALSE,FALSE
9114578,"gate_30",6,FALSE,FALSE
9114612,"gate_30",165,TRUE,FALSE
9114695,"gate_30",0,FALSE,FALSE
9114937,"gate_40",26,TRUE,FALSE
9114986,"gate_30",0,TRUE,FALSE
9115003,"gate_30",5,FALSE,FALSE
9115062,"gate_30",51,FALSE,FALSE
9115240,"gate_30",195,TRUE,FALSE
9115287,"gate_30",11,TRUE,FALSE
9115422,"gate_40",14,FALSE,FALSE
9115503,"gate_30",10,FALSE,TRUE
9115522,"gate_40",8,FALSE,FALSE
9115606,"gate_40",12,FALSE,FALSE
9115768,"gate_30",120,TRUE,TRUE
9116031,"gate_30",20,FALSE,FALSE
9116035,"gate_40",241,TRUE,FALSE
9116112,"gate_40",27,FALSE,FALSE
9116206,"gate_30",19,FALSE,TRUE
9116385,"gate_30",15,TRUE,FALSE
9116420,"gate_30",1,FALSE,FALSE
9116433,"gate_40",2,FALSE,FALSE
9116445,"gate_30",2,FALSE,FALSE
9116459,"gate_30",5,FALSE,FALSE
9116792,"gate_40",150,TRUE,FALSE
9116837,"gate_30",14,FALSE,FALSE
9116873,"gate_30",2,FALSE,FALSE
9117103,"gate_30",34,TRUE,FALSE
9117137,"gate_40",20,TRUE,FALSE
9117138,"gate_30",98,TRUE,FALSE
9117159,"gate_30",6,FALSE,FALSE
9117313,"gate_40",5,FALSE,FALSE
9117325,"gate_40",47,TRUE,TRUE
9117557,"gate_30",622,TRUE,TRUE
9117585,"gate_40",3,FALSE,FALSE
9117705,"gate_30",9,FALSE,FALSE
9117844,"gate_30",7,FALSE,FALSE
9118050,"gate_30",85,TRUE,FALSE
9118211,"gate_30",48,TRUE,FALSE
9118321,"gate_40",388,TRUE,TRUE
9118361,"gate_30",46,TRUE,FALSE
9118431,"gate_30",10,FALSE,FALSE
9118470,"gate_30",1,FALSE,FALSE
9118862,"gate_40",6,TRUE,FALSE
9118986,"gate_40",27,TRUE,FALSE
9119060,"gate_40",0,FALSE,FALSE
9119065,"gate_40",1,FALSE,FALSE
9119084,"gate_40",40,TRUE,FALSE
9119136,"gate_30",7,FALSE,FALSE
9119137,"gate_40",10,TRUE,TRUE
9119182,"gate_40",371,TRUE,TRUE
9119539,"gate_30",189,FALSE,TRUE
9119605,"gate_30",6,TRUE,FALSE
9119661,"gate_30",16,TRUE,TRUE
9119837,"gate_40",40,TRUE,TRUE
9119840,"gate_30",53,TRUE,TRUE
9120071,"gate_30",82,TRUE,FALSE
9120087,"gate_40",4,FALSE,FALSE
9120103,"gate_40",8,TRUE,FALSE
9120167,"gate_40",0,FALSE,FALSE
9120449,"gate_40",3,FALSE,FALSE
9120472,"gate_30",4,FALSE,FALSE
9120670,"gate_30",20,TRUE,FALSE
9120716,"gate_30",4,FALSE,FALSE
9120810,"gate_40",66,TRUE,TRUE
9120962,"gate_40",6,FALSE,FALSE
9120996,"gate_40",203,TRUE,TRUE
9121136,"gate_30",4,FALSE,FALSE
9121263,"gate_40",5,FALSE,FALSE
9121301,"gate_40",5,FALSE,FALSE
9121384,"gate_40",33,TRUE,FALSE
9121400,"gate_40",8,FALSE,FALSE
9121614,"gate_30",73,TRUE,FALSE
9121693,"gate_40",67,TRUE,TRUE
9121751,"gate_40",13,TRUE,FALSE
9121805,"gate_30",161,TRUE,FALSE
9121934,"gate_40",74,TRUE,FALSE
9122312,"gate_30",66,FALSE,FALSE
9122336,"gate_40",147,TRUE,FALSE
9122397,"gate_40",2,FALSE,FALSE
9122563,"gate_30",5,TRUE,FALSE
9122611,"gate_40",130,TRUE,TRUE
9122762,"gate_40",15,TRUE,FALSE
9122913,"gate_40",13,FALSE,FALSE
9123063,"gate_40",19,FALSE,FALSE
9123120,"gate_40",333,TRUE,TRUE
9123227,"gate_40",9,TRUE,FALSE
9123299,"gate_40",38,FALSE,FALSE
9123343,"gate_30",10,TRUE,FALSE
9123348,"gate_40",5,TRUE,FALSE
9123350,"gate_30",64,TRUE,FALSE
9123448,"gate_40",299,TRUE,TRUE
9123525,"gate_40",54,TRUE,FALSE
9123805,"gate_40",243,FALSE,FALSE
9123884,"gate_30",13,FALSE,TRUE
9123960,"gate_30",505,TRUE,TRUE
9124028,"gate_30",29,TRUE,FALSE
9124190,"gate_40",9,FALSE,FALSE
9124380,"gate_40",1,FALSE,FALSE
9124403,"gate_30",12,FALSE,FALSE
9124450,"gate_30",14,FALSE,FALSE
9124488,"gate_30",37,TRUE,FALSE
9124703,"gate_30",36,TRUE,FALSE
9124792,"gate_40",1,FALSE,FALSE
9124838,"gate_40",1,FALSE,FALSE
9125118,"gate_30",1,FALSE,FALSE
9125187,"gate_40",2,FALSE,FALSE
9125227,"gate_30",6,FALSE,FALSE
9125231,"gate_40",13,FALSE,FALSE
9125269,"gate_30",12,FALSE,FALSE
9125392,"gate_30",0,FALSE,FALSE
9125635,"gate_40",115,TRUE,TRUE
9125830,"gate_30",3,TRUE,FALSE
9125871,"gate_30",20,FALSE,FALSE
9126134,"gate_40",10,FALSE,FALSE
9126303,"gate_40",18,TRUE,FALSE
9126789,"gate_30",18,FALSE,FALSE
9126802,"gate_40",5,FALSE,FALSE
9126983,"gate_40",1,FALSE,FALSE
9127154,"gate_40",1,FALSE,FALSE
9127451,"gate_30",3,TRUE,FALSE
9127547,"gate_30",31,TRUE,FALSE
9127620,"gate_40",8,FALSE,FALSE
9127630,"gate_30",55,TRUE,TRUE
9127741,"gate_40",17,FALSE,FALSE
9127919,"gate_40",65,TRUE,FALSE
9127931,"gate_40",71,TRUE,FALSE
9128248,"gate_30",1,FALSE,FALSE
9128373,"gate_30",193,TRUE,TRUE
9128507,"gate_40",4,FALSE,FALSE
9128659,"gate_40",31,FALSE,FALSE
9128840,"gate_40",3,FALSE,FALSE
9128937,"gate_40",9,FALSE,FALSE
9129018,"gate_30",16,TRUE,FALSE
9129184,"gate_40",11,FALSE,FALSE
9129195,"gate_30",6,TRUE,FALSE
9129280,"gate_40",2,FALSE,FALSE
9129325,"gate_30",34,TRUE,FALSE
9129717,"gate_40",74,TRUE,FALSE
9129812,"gate_30",9,FALSE,FALSE
9129863,"gate_40",160,TRUE,TRUE
9129919,"gate_30",8,FALSE,FALSE
9129935,"gate_30",4,FALSE,FALSE
9129980,"gate_30",71,TRUE,TRUE
9129983,"gate_40",1002,TRUE,TRUE
9130043,"gate_40",64,TRUE,FALSE
9130156,"gate_40",1,FALSE,FALSE
9130221,"gate_30",31,FALSE,FALSE
9130320,"gate_40",24,TRUE,FALSE
9130739,"gate_30",8,FALSE,FALSE
9130818,"gate_40",2,FALSE,FALSE
9130828,"gate_40",21,TRUE,FALSE
9130833,"gate_40",55,TRUE,FALSE
9130902,"gate_30",56,TRUE,FALSE
9130938,"gate_40",98,TRUE,TRUE
9131186,"gate_30",124,TRUE,TRUE
9131196,"gate_30",13,FALSE,FALSE
9131214,"gate_40",9,FALSE,FALSE
9131674,"gate_30",7,TRUE,FALSE
9131720,"gate_30",3,FALSE,FALSE
9131721,"gate_30",5,FALSE,FALSE
9132518,"gate_30",28,TRUE,FALSE
9132622,"gate_40",30,TRUE,FALSE
9132658,"gate_30",0,FALSE,FALSE
9132703,"gate_40",38,FALSE,TRUE
9133116,"gate_30",76,TRUE,FALSE
9133152,"gate_30",542,TRUE,TRUE
9133298,"gate_30",28,FALSE,FALSE
9133386,"gate_40",81,TRUE,TRUE
9133400,"gate_30",16,FALSE,FALSE
9133628,"gate_40",31,FALSE,FALSE
9133981,"gate_30",0,FALSE,FALSE
9133984,"gate_40",31,TRUE,FALSE
9133986,"gate_40",119,TRUE,TRUE
9134121,"gate_30",1,FALSE,FALSE
9134373,"gate_40",79,TRUE,FALSE
9134549,"gate_40",119,TRUE,TRUE
9134681,"gate_40",172,TRUE,TRUE
9134717,"gate_40",73,FALSE,TRUE
9135043,"gate_30",4,FALSE,FALSE
9135122,"gate_40",9,FALSE,FALSE
9135255,"gate_40",104,TRUE,TRUE
9135372,"gate_30",9,TRUE,FALSE
9135402,"gate_40",74,FALSE,TRUE
9135421,"gate_30",4,TRUE,FALSE
9135584,"gate_40",3,TRUE,FALSE
9135636,"gate_40",17,FALSE,FALSE
9135735,"gate_30",0,FALSE,FALSE
9135841,"gate_40",42,TRUE,FALSE
9135916,"gate_30",11,FALSE,FALSE
9136172,"gate_30",2,FALSE,FALSE
9136203,"gate_30",44,TRUE,FALSE
9136338,"gate_40",107,TRUE,FALSE
9136424,"gate_40",0,FALSE,FALSE
9136613,"gate_40",54,TRUE,FALSE
9136785,"gate_30",29,TRUE,FALSE
9136833,"gate_40",17,FALSE,FALSE
9136847,"gate_40",90,TRUE,FALSE
9136897,"gate_30",16,FALSE,FALSE
9137020,"gate_40",259,TRUE,TRUE
9137055,"gate_30",4,FALSE,FALSE
9137068,"gate_30",2,FALSE,FALSE
9137111,"gate_40",25,FALSE,FALSE
9137225,"gate_30",27,TRUE,TRUE
9137228,"gate_30",6,TRUE,FALSE
9137334,"gate_30",207,TRUE,TRUE
9137524,"gate_30",53,TRUE,FALSE
9137545,"gate_40",41,FALSE,FALSE
9137608,"gate_40",81,FALSE,FALSE
9137724,"gate_30",496,TRUE,TRUE
9137839,"gate_30",28,FALSE,FALSE
9137886,"gate_30",66,TRUE,FALSE
9137942,"gate_40",6,FALSE,FALSE
9138018,"gate_40",1,FALSE,FALSE
9138244,"gate_40",150,TRUE,TRUE
9138252,"gate_40",633,TRUE,TRUE
9138256,"gate_40",14,TRUE,FALSE
9138272,"gate_40",6,FALSE,TRUE
9138285,"gate_40",11,FALSE,FALSE
9138404,"gate_30",22,FALSE,FALSE
9138436,"gate_30",20,TRUE,FALSE
9138789,"gate_30",445,TRUE,TRUE
9138955,"gate_30",1,FALSE,FALSE
9138967,"gate_30",61,TRUE,FALSE
9139021,"gate_30",1,TRUE,FALSE
9139039,"gate_40",122,TRUE,FALSE
9139143,"gate_40",6,FALSE,FALSE
9139324,"gate_40",1,FALSE,FALSE
9139431,"gate_40",0,FALSE,FALSE
9139510,"gate_30",454,TRUE,FALSE
9139569,"gate_30",30,FALSE,FALSE
9139706,"gate_30",7,FALSE,FALSE
9139736,"gate_40",63,TRUE,FALSE
9139813,"gate_30",45,TRUE,FALSE
9139832,"gate_40",27,TRUE,FALSE
9140057,"gate_30",4,FALSE,FALSE
9140205,"gate_40",4,FALSE,FALSE
9140610,"gate_30",0,FALSE,FALSE
9140950,"gate_40",15,TRUE,FALSE
9141190,"gate_40",10,FALSE,FALSE
9141336,"gate_40",2,FALSE,FALSE
9141374,"gate_40",75,TRUE,FALSE
9141417,"gate_30",8,FALSE,FALSE
9141773,"gate_30",58,TRUE,TRUE
9141939,"gate_40",33,FALSE,FALSE
9142029,"gate_40",72,TRUE,FALSE
9142059,"gate_40",14,FALSE,FALSE
9142110,"gate_30",6,FALSE,FALSE
9142380,"gate_40",99,TRUE,TRUE
9142605,"gate_30",72,TRUE,FALSE
9142643,"gate_40",19,TRUE,FALSE
9142764,"gate_40",1,FALSE,FALSE
9142829,"gate_40",3,FALSE,FALSE
9142973,"gate_30",144,TRUE,FALSE
9143085,"gate_30",3,FALSE,FALSE
9143151,"gate_30",56,TRUE,FALSE
9143162,"gate_30",10,TRUE,FALSE
9143199,"gate_30",25,TRUE,TRUE
9143243,"gate_40",0,FALSE,FALSE
9143250,"gate_30",24,FALSE,FALSE
9143290,"gate_40",54,FALSE,TRUE
9143453,"gate_30",1,TRUE,FALSE
9143609,"gate_30",64,FALSE,TRUE
9144075,"gate_30",16,FALSE,FALSE
9144081,"gate_40",33,TRUE,FALSE
9144098,"gate_30",10,FALSE,FALSE
9144115,"gate_40",346,TRUE,TRUE
9144162,"gate_30",4,FALSE,FALSE
9144288,"gate_30",12,FALSE,FALSE
9144463,"gate_30",0,FALSE,FALSE
9144698,"gate_30",38,TRUE,FALSE
9144895,"gate_30",1,FALSE,FALSE
9145056,"gate_40",89,TRUE,FALSE
9145120,"gate_40",11,FALSE,FALSE
9145148,"gate_40",18,FALSE,FALSE
9145165,"gate_40",10,FALSE,FALSE
9145245,"gate_30",6,FALSE,FALSE
9145367,"gate_30",1,FALSE,FALSE
9145476,"gate_40",6,FALSE,FALSE
9145496,"gate_30",23,FALSE,TRUE
9145548,"gate_30",4,TRUE,FALSE
9145729,"gate_40",16,TRUE,FALSE
9145743,"gate_40",24,TRUE,FALSE
9145782,"gate_40",46,TRUE,FALSE
9145819,"gate_30",96,TRUE,FALSE
9145852,"gate_30",2,FALSE,FALSE
9145867,"gate_40",3,FALSE,FALSE
9146035,"gate_30",133,FALSE,FALSE
9146075,"gate_40",51,TRUE,FALSE
9146184,"gate_40",459,TRUE,TRUE
9146441,"gate_30",187,TRUE,TRUE
9146609,"gate_30",8,FALSE,FALSE
9146679,"gate_40",143,TRUE,TRUE
9146886,"gate_40",29,FALSE,FALSE
9146944,"gate_40",21,TRUE,FALSE
9147096,"gate_30",35,TRUE,FALSE
9147153,"gate_30",0,FALSE,FALSE
9147212,"gate_40",18,TRUE,FALSE
9147338,"gate_40",0,FALSE,FALSE
9147466,"gate_30",6,FALSE,FALSE
9147519,"gate_30",3,FALSE,FALSE
9147542,"gate_40",2,FALSE,FALSE
9147596,"gate_30",137,TRUE,FALSE
9147630,"gate_30",80,TRUE,FALSE
9147675,"gate_40",106,FALSE,TRUE
9147906,"gate_40",225,TRUE,FALSE
9147949,"gate_40",62,FALSE,TRUE
9148001,"gate_40",5,FALSE,FALSE
9148066,"gate_30",33,FALSE,TRUE
9148340,"gate_30",30,FALSE,FALSE
9148545,"gate_40",83,TRUE,FALSE
9148601,"gate_40",30,FALSE,FALSE
9148736,"gate_40",3,FALSE,FALSE
9148919,"gate_30",1,FALSE,FALSE
9148928,"gate_30",170,TRUE,TRUE
9148939,"gate_40",4,FALSE,FALSE
9149005,"gate_30",221,TRUE,TRUE
9149136,"gate_30",14,FALSE,FALSE
9149199,"gate_40",0,FALSE,FALSE
9149540,"gate_40",177,TRUE,TRUE
9149610,"gate_40",8,FALSE,FALSE
9149673,"gate_40",12,FALSE,FALSE
9149963,"gate_30",268,TRUE,TRUE
9150022,"gate_30",0,FALSE,FALSE
9150138,"gate_40",46,TRUE,FALSE
9150167,"gate_30",30,TRUE,FALSE
9150187,"gate_30",8,TRUE,FALSE
9150314,"gate_30",2,FALSE,FALSE
9150440,"gate_30",16,FALSE,FALSE
9150628,"gate_40",0,FALSE,FALSE
9150744,"gate_30",404,TRUE,TRUE
9150757,"gate_30",29,TRUE,FALSE
9150785,"gate_40",7,FALSE,FALSE
9150834,"gate_30",13,FALSE,FALSE
9150926,"gate_40",2,FALSE,FALSE
9150932,"gate_30",2,FALSE,FALSE
9150999,"gate_30",53,TRUE,FALSE
9151051,"gate_30",19,TRUE,FALSE
9151247,"gate_40",30,TRUE,FALSE
9151255,"gate_40",13,FALSE,FALSE
9151362,"gate_30",4,FALSE,FALSE
9151407,"gate_30",54,TRUE,FALSE
9151479,"gate_30",89,TRUE,TRUE
9151741,"gate_40",85,TRUE,FALSE
9151871,"gate_30",12,FALSE,FALSE
9152074,"gate_40",14,TRUE,FALSE
9152185,"gate_40",43,TRUE,FALSE
9152280,"gate_30",22,TRUE,FALSE
9152344,"gate_40",4,FALSE,FALSE
9152462,"gate_30",83,TRUE,TRUE
9152555,"gate_40",260,TRUE,TRUE
9152596,"gate_30",3,TRUE,FALSE
9152772,"gate_40",8,FALSE,FALSE
9152877,"gate_40",3,FALSE,FALSE
9152915,"gate_40",68,TRUE,TRUE
9153000,"gate_30",66,TRUE,FALSE
9153031,"gate_30",91,TRUE,FALSE
9153042,"gate_30",14,FALSE,FALSE
9153047,"gate_40",2,FALSE,FALSE
9153175,"gate_30",100,TRUE,FALSE
9153180,"gate_30",10,FALSE,FALSE
9153241,"gate_30",236,TRUE,TRUE
9153302,"gate_30",7,FALSE,FALSE
9153314,"gate_30",53,TRUE,TRUE
9153587,"gate_40",94,TRUE,TRUE
9153709,"gate_40",10,FALSE,FALSE
9153729,"gate_30",3,FALSE,FALSE
9153903,"gate_30",18,TRUE,FALSE
9153938,"gate_30",36,FALSE,FALSE
9154009,"gate_40",13,FALSE,FALSE
9154126,"gate_40",243,TRUE,FALSE
9154140,"gate_40",55,TRUE,FALSE
9154467,"gate_40",1,FALSE,FALSE
9154610,"gate_30",2,FALSE,FALSE
9154619,"gate_40",56,TRUE,FALSE
9154714,"gate_30",32,TRUE,FALSE
9154765,"gate_40",90,TRUE,FALSE
9154839,"gate_30",2,FALSE,FALSE
9154859,"gate_30",1,FALSE,FALSE
9155049,"gate_40",29,FALSE,TRUE
9155107,"gate_30",63,TRUE,FALSE
9155109,"gate_40",31,FALSE,FALSE
9155226,"gate_40",14,FALSE,FALSE
9155254,"gate_30",8,FALSE,FALSE
9155279,"gate_40",2,FALSE,FALSE
9155987,"gate_30",1,FALSE,FALSE
9156009,"gate_30",37,TRUE,FALSE
9156013,"gate_40",11,FALSE,FALSE
9156083,"gate_40",1,FALSE,FALSE
9156299,"gate_30",28,TRUE,FALSE
9156555,"gate_30",7,FALSE,FALSE
9156568,"gate_30",22,FALSE,FALSE
9156662,"gate_40",61,TRUE,FALSE
9156702,"gate_30",83,FALSE,TRUE
9156874,"gate_30",18,FALSE,FALSE
9156909,"gate_30",145,TRUE,TRUE
9156967,"gate_30",108,FALSE,TRUE
9157023,"gate_40",2,FALSE,FALSE
9157162,"gate_40",136,TRUE,FALSE
9157270,"gate_40",4,FALSE,FALSE
9157447,"gate_30",10,FALSE,FALSE
9157464,"gate_40",84,TRUE,TRUE
9157575,"gate_40",36,TRUE,FALSE
9157588,"gate_40",57,TRUE,TRUE
9157617,"gate_30",20,TRUE,FALSE
9157768,"gate_30",6,FALSE,FALSE
9157895,"gate_40",43,TRUE,FALSE
9157975,"gate_30",2,FALSE,FALSE
9157993,"gate_40",17,TRUE,FALSE
9158007,"gate_40",7,FALSE,FALSE
9158045,"gate_30",4,FALSE,FALSE
9158356,"gate_30",8,TRUE,FALSE
9158441,"gate_40",67,TRUE,TRUE
9158517,"gate_40",61,FALSE,FALSE
9158636,"gate_30",26,TRUE,FALSE
9159083,"gate_30",5,FALSE,TRUE
9159172,"gate_30",5,FALSE,FALSE
9159281,"gate_30",5,FALSE,FALSE
9159381,"gate_40",4,FALSE,FALSE
9159683,"gate_40",5,TRUE,TRUE
9159893,"gate_30",609,TRUE,TRUE
9159972,"gate_30",265,TRUE,TRUE
9160036,"gate_40",77,TRUE,FALSE
9160276,"gate_40",733,TRUE,TRUE
9160365,"gate_30",241,TRUE,TRUE
9160544,"gate_40",1,FALSE,FALSE
9160598,"gate_40",36,TRUE,FALSE
9160653,"gate_40",186,TRUE,TRUE
9160940,"gate_40",15,FALSE,FALSE
9161095,"gate_30",39,FALSE,FALSE
9161209,"gate_40",44,FALSE,TRUE
9161390,"gate_40",8,FALSE,FALSE
9161433,"gate_40",2,FALSE,FALSE
9161509,"gate_30",8,TRUE,FALSE
9161654,"gate_40",83,TRUE,FALSE
9161902,"gate_40",2,FALSE,FALSE
9161942,"gate_40",2,FALSE,FALSE
9162133,"gate_30",5,FALSE,FALSE
9162184,"gate_40",22,FALSE,FALSE
9162512,"gate_40",87,TRUE,TRUE
9162791,"gate_40",16,TRUE,TRUE
9162897,"gate_30",149,TRUE,FALSE
9162905,"gate_30",130,FALSE,FALSE
9163015,"gate_30",16,FALSE,FALSE
9163092,"gate_30",16,FALSE,FALSE
9163113,"gate_40",0,FALSE,FALSE
9163173,"gate_40",33,FALSE,FALSE
9163218,"gate_30",121,TRUE,FALSE
9163456,"gate_40",6,FALSE,FALSE
9163523,"gate_30",5,TRUE,FALSE
9163551,"gate_30",42,TRUE,TRUE
9163582,"gate_30",155,FALSE,TRUE
9163659,"gate_40",12,TRUE,FALSE
9163674,"gate_40",88,TRUE,FALSE
9163699,"gate_40",131,TRUE,TRUE
9163730,"gate_30",20,FALSE,FALSE
9163754,"gate_30",4,FALSE,FALSE
9163892,"gate_30",15,TRUE,FALSE
9164105,"gate_30",12,FALSE,FALSE
9164110,"gate_40",54,TRUE,FALSE
9164194,"gate_30",10,FALSE,FALSE
9164296,"gate_40",12,FALSE,FALSE
9164469,"gate_40",48,TRUE,FALSE
9164529,"gate_40",4,FALSE,FALSE
9164581,"gate_40",17,TRUE,FALSE
9164664,"gate_40",2,FALSE,FALSE
9164810,"gate_30",255,TRUE,TRUE
9164909,"gate_40",22,FALSE,FALSE
9164934,"gate_30",223,TRUE,TRUE
9164969,"gate_40",15,TRUE,FALSE
9165032,"gate_40",9,FALSE,FALSE
9165266,"gate_30",2,TRUE,FALSE
9165385,"gate_30",1,FALSE,FALSE
9165466,"gate_40",1,FALSE,FALSE
9166029,"gate_40",158,TRUE,TRUE
9166047,"gate_40",24,FALSE,FALSE
9166064,"gate_40",133,TRUE,TRUE
9166136,"gate_30",16,TRUE,FALSE
9166151,"gate_30",5,FALSE,FALSE
9166259,"gate_40",67,TRUE,FALSE
9166286,"gate_40",22,TRUE,FALSE
9166542,"gate_40",127,TRUE,TRUE
9166571,"gate_30",17,TRUE,FALSE
9166609,"gate_30",147,TRUE,FALSE
9166644,"gate_40",39,TRUE,FALSE
9166961,"gate_40",3,FALSE,FALSE
9167099,"gate_40",3,FALSE,FALSE
9167577,"gate_30",29,FALSE,FALSE
9167929,"gate_40",43,FALSE,FALSE
9167991,"gate_40",46,TRUE,TRUE
9168133,"gate_40",1,FALSE,FALSE
9168269,"gate_30",4,FALSE,FALSE
9168288,"gate_30",1,FALSE,FALSE
9168289,"gate_30",34,TRUE,FALSE
9168416,"gate_40",4,FALSE,FALSE
9168495,"gate_30",47,FALSE,TRUE
9168519,"gate_40",1,FALSE,FALSE
9168542,"gate_40",1,FALSE,FALSE
9168550,"gate_40",12,FALSE,FALSE
9168677,"gate_40",36,TRUE,FALSE
9168768,"gate_40",4,FALSE,FALSE
9168897,"gate_30",1,FALSE,FALSE
9168900,"gate_30",0,FALSE,FALSE
9169012,"gate_40",5,FALSE,FALSE
9169202,"gate_30",58,TRUE,FALSE
9169344,"gate_40",11,TRUE,FALSE
9169546,"gate_30",31,TRUE,FALSE
9169623,"gate_30",1,FALSE,FALSE
9170252,"gate_30",18,FALSE,FALSE
9170287,"gate_40",9,FALSE,FALSE
9170296,"gate_30",35,TRUE,FALSE
9170433,"gate_30",8,TRUE,TRUE
9170478,"gate_40",3,FALSE,FALSE
9170599,"gate_30",8,FALSE,FALSE
9170606,"gate_40",3,FALSE,FALSE
9170742,"gate_40",125,TRUE,TRUE
9170980,"gate_30",3,FALSE,FALSE
9170985,"gate_40",5,FALSE,FALSE
9171008,"gate_40",20,TRUE,TRUE
9171090,"gate_30",23,TRUE,FALSE
9171107,"gate_40",28,TRUE,FALSE
9171299,"gate_40",20,TRUE,FALSE
9171388,"gate_30",39,TRUE,TRUE
9171432,"gate_30",3,FALSE,FALSE
9172085,"gate_30",13,FALSE,FALSE
9172112,"gate_30",9,FALSE,FALSE
9172509,"gate_30",26,FALSE,FALSE
9172658,"gate_40",16,FALSE,FALSE
9172693,"gate_40",36,TRUE,TRUE
9172759,"gate_30",14,FALSE,FALSE
9172797,"gate_40",7,FALSE,FALSE
9173027,"gate_40",5,FALSE,FALSE
9173088,"gate_30",41,FALSE,TRUE
9173176,"gate_40",1,FALSE,FALSE
9173295,"gate_30",2,FALSE,FALSE
9173317,"gate_40",0,FALSE,FALSE
9173325,"gate_40",15,TRUE,FALSE
9173339,"gate_30",339,TRUE,TRUE
9173423,"gate_40",153,TRUE,FALSE
9173509,"gate_30",17,FALSE,TRUE
9173598,"gate_40",230,FALSE,TRUE
9173755,"gate_40",46,TRUE,FALSE
9173768,"gate_30",148,FALSE,TRUE
9173778,"gate_40",8,TRUE,FALSE
9173840,"gate_40",20,FALSE,FALSE
9174126,"gate_30",85,TRUE,FALSE
9174192,"gate_40",6,FALSE,FALSE
9174359,"gate_40",136,FALSE,TRUE
9174688,"gate_30",4,FALSE,FALSE
9174742,"gate_40",19,FALSE,FALSE
9174748,"gate_40",97,TRUE,TRUE
9174775,"gate_30",8,TRUE,FALSE
9174791,"gate_40",67,TRUE,FALSE
9174940,"gate_40",1,FALSE,FALSE
9175042,"gate_40",33,TRUE,FALSE
9175047,"gate_40",2,TRUE,FALSE
9175083,"gate_30",9,FALSE,FALSE
9175105,"gate_30",6,FALSE,FALSE
9175107,"gate_40",51,TRUE,FALSE
9175204,"gate_40",2,FALSE,FALSE
9175302,"gate_40",417,TRUE,TRUE
9175345,"gate_40",27,FALSE,FALSE
9175534,"gate_40",39,TRUE,FALSE
9175610,"gate_40",6,FALSE,FALSE
9175650,"gate_30",231,TRUE,TRUE
9175657,"gate_40",176,TRUE,FALSE
9175766,"gate_30",94,TRUE,FALSE
9175819,"gate_30",32,TRUE,FALSE
9176050,"gate_40",321,TRUE,TRUE
9176143,"gate_40",2,FALSE,FALSE
9176232,"gate_40",2,FALSE,FALSE
9176293,"gate_40",6,TRUE,FALSE
9176667,"gate_40",4,FALSE,FALSE
9176684,"gate_40",1138,TRUE,TRUE
9176813,"gate_40",100,TRUE,FALSE
9176897,"gate_40",6,FALSE,FALSE
9176944,"gate_40",6,FALSE,FALSE
9176956,"gate_30",14,TRUE,FALSE
9176974,"gate_40",163,TRUE,TRUE
9177043,"gate_30",15,FALSE,FALSE
9177136,"gate_40",43,FALSE,FALSE
9177143,"gate_40",16,TRUE,FALSE
9177348,"gate_40",26,FALSE,FALSE
9177529,"gate_40",92,TRUE,FALSE
9177671,"gate_30",0,FALSE,FALSE
9177745,"gate_30",70,TRUE,TRUE
9177752,"gate_30",80,TRUE,FALSE
9178118,"gate_30",1,FALSE,FALSE
9178435,"gate_30",4,FALSE,FALSE
9178556,"gate_40",2,FALSE,FALSE
9178732,"gate_40",6,FALSE,FALSE
9178770,"gate_40",0,FALSE,FALSE
9178777,"gate_40",3,FALSE,TRUE
9179091,"gate_30",9,TRUE,FALSE
9179133,"gate_40",53,FALSE,TRUE
9179231,"gate_30",670,TRUE,TRUE
9179285,"gate_40",8,FALSE,FALSE
9179388,"gate_40",20,TRUE,FALSE
9179677,"gate_30",1,FALSE,FALSE
9179721,"gate_30",37,TRUE,FALSE
9179815,"gate_30",37,FALSE,FALSE
9179843,"gate_40",22,FALSE,FALSE
9179948,"gate_40",19,TRUE,FALSE
9180031,"gate_40",8,FALSE,TRUE
9180218,"gate_40",5,TRUE,FALSE
9180313,"gate_30",10,TRUE,FALSE
9180556,"gate_30",6,FALSE,FALSE
9180628,"gate_40",64,TRUE,FALSE
9180822,"gate_40",259,TRUE,TRUE
9180888,"gate_30",20,TRUE,FALSE
9180982,"gate_40",47,TRUE,TRUE
9181279,"gate_30",10,FALSE,FALSE
9181300,"gate_30",41,FALSE,FALSE
9181351,"gate_30",14,FALSE,FALSE
9181427,"gate_40",1,FALSE,FALSE
9181568,"gate_40",4,FALSE,FALSE
9181661,"gate_40",3,FALSE,FALSE
9181735,"gate_30",11,TRUE,FALSE
9181778,"gate_40",580,TRUE,TRUE
9181887,"gate_30",41,TRUE,FALSE
9181999,"gate_40",8,FALSE,FALSE
9182047,"gate_40",106,TRUE,TRUE
9182072,"gate_30",2,FALSE,FALSE
9182094,"gate_40",2,FALSE,FALSE
9182443,"gate_40",3,FALSE,FALSE
9182469,"gate_40",6,FALSE,FALSE
9182488,"gate_30",3,FALSE,FALSE
9182931,"gate_30",50,TRUE,FALSE
9183105,"gate_30",981,FALSE,FALSE
9183109,"gate_30",5,FALSE,FALSE
9183119,"gate_40",11,TRUE,FALSE
9183359,"gate_40",37,TRUE,FALSE
9183517,"gate_40",24,FALSE,FALSE
9183594,"gate_40",6,FALSE,FALSE
9183824,"gate_40",12,FALSE,FALSE
9183963,"gate_30",383,TRUE,TRUE
9184174,"gate_30",23,TRUE,FALSE
9184256,"gate_40",48,FALSE,FALSE
9184603,"gate_30",53,TRUE,FALSE
9184626,"gate_40",61,TRUE,FALSE
9184634,"gate_40",94,FALSE,TRUE
9184697,"gate_40",2,FALSE,FALSE
9184752,"gate_30",26,FALSE,FALSE
9184884,"gate_30",31,TRUE,FALSE
9184909,"gate_30",9,FALSE,FALSE
9185061,"gate_30",67,TRUE,TRUE
9185361,"gate_30",45,TRUE,FALSE
9185555,"gate_40",5,TRUE,FALSE
9185693,"gate_30",21,FALSE,FALSE
9185780,"gate_40",3,FALSE,FALSE
9185897,"gate_40",562,TRUE,TRUE
9186055,"gate_40",293,TRUE,TRUE
9186170,"gate_40",5,TRUE,FALSE
9186261,"gate_30",284,FALSE,TRUE
9186308,"gate_30",3,FALSE,FALSE
9186379,"gate_40",52,FALSE,FALSE
9186435,"gate_40",4,FALSE,FALSE
9186518,"gate_30",29,TRUE,FALSE
9186600,"gate_30",1,FALSE,FALSE
9186733,"gate_40",22,TRUE,FALSE
9186773,"gate_40",4,TRUE,FALSE
9186910,"gate_30",18,FALSE,FALSE
9187182,"gate_30",0,FALSE,FALSE
9187189,"gate_30",297,TRUE,TRUE
9187252,"gate_40",1,FALSE,FALSE
9187270,"gate_30",28,TRUE,FALSE
9187486,"gate_40",14,FALSE,FALSE
9187525,"gate_40",19,TRUE,FALSE
9187530,"gate_30",3,FALSE,FALSE
9187624,"gate_40",13,FALSE,FALSE
9187636,"gate_30",78,TRUE,TRUE
9187680,"gate_40",99,FALSE,TRUE
9187842,"gate_40",28,FALSE,FALSE
9187843,"gate_40",8,FALSE,FALSE
9187891,"gate_30",0,FALSE,FALSE
9188060,"gate_30",3,FALSE,FALSE
9188078,"gate_40",7,TRUE,FALSE
9188091,"gate_40",4,FALSE,FALSE
9188252,"gate_30",22,FALSE,FALSE
9188310,"gate_30",0,FALSE,FALSE
9188321,"gate_40",4,FALSE,FALSE
9188348,"gate_40",4,FALSE,FALSE
9188384,"gate_40",73,TRUE,FALSE
9188404,"gate_30",3,FALSE,FALSE
9188526,"gate_30",36,TRUE,FALSE
9188536,"gate_30",90,TRUE,FALSE
9188537,"gate_30",61,TRUE,FALSE
9188658,"gate_40",598,TRUE,FALSE
9189042,"gate_30",1,FALSE,FALSE
9189111,"gate_40",18,TRUE,FALSE
9189338,"gate_30",87,FALSE,TRUE
9189507,"gate_40",41,TRUE,FALSE
9189511,"gate_40",5,FALSE,FALSE
9189772,"gate_40",5,FALSE,FALSE
9189804,"gate_30",26,TRUE,FALSE
9189823,"gate_30",84,FALSE,TRUE
9189892,"gate_40",9,FALSE,FALSE
9189952,"gate_40",11,FALSE,FALSE
9189987,"gate_30",80,TRUE,FALSE
9190269,"gate_30",8,FALSE,FALSE
9190466,"gate_40",1,FALSE,FALSE
9190505,"gate_30",4,FALSE,FALSE
9190627,"gate_30",112,TRUE,TRUE
9190780,"gate_30",26,TRUE,TRUE
9191052,"gate_30",18,TRUE,FALSE
9191086,"gate_30",12,FALSE,FALSE
9191196,"gate_40",18,TRUE,FALSE
9191632,"gate_30",8,FALSE,FALSE
9191636,"gate_40",26,FALSE,FALSE
9191658,"gate_30",0,FALSE,FALSE
9191659,"gate_30",9,FALSE,FALSE
9191813,"gate_30",78,TRUE,FALSE
9191830,"gate_30",173,TRUE,TRUE
9191898,"gate_30",31,TRUE,FALSE
9191924,"gate_30",14,FALSE,FALSE
9192076,"gate_30",4,FALSE,FALSE
9192154,"gate_40",3,FALSE,FALSE
9192229,"gate_30",6,FALSE,FALSE
9192289,"gate_30",24,TRUE,FALSE
9192403,"gate_30",10,FALSE,FALSE
9192722,"gate_30",1,FALSE,FALSE
9193016,"gate_40",45,FALSE,FALSE
9193031,"gate_30",40,TRUE,FALSE
9193367,"gate_40",46,FALSE,TRUE
9193412,"gate_30",5,FALSE,FALSE
9193428,"gate_30",36,FALSE,TRUE
9193447,"gate_30",100,FALSE,TRUE
9193471,"gate_30",6,FALSE,FALSE
9193539,"gate_40",74,FALSE,TRUE
9193620,"gate_40",18,FALSE,FALSE
9193752,"gate_30",2,FALSE,FALSE
9193822,"gate_30",4,FALSE,FALSE
9193890,"gate_40",4,TRUE,TRUE
9193971,"gate_30",240,TRUE,FALSE
9193980,"gate_30",114,FALSE,TRUE
9194061,"gate_40",10,FALSE,FALSE
9194083,"gate_40",1,FALSE,FALSE
9194163,"gate_40",4,FALSE,FALSE
9194318,"gate_40",57,TRUE,FALSE
9194465,"gate_30",89,FALSE,FALSE
9194475,"gate_40",5,TRUE,FALSE
9194630,"gate_40",2,FALSE,FALSE
9194688,"gate_30",184,TRUE,TRUE
9195153,"gate_40",17,TRUE,FALSE
9195240,"gate_40",14,FALSE,FALSE
9195405,"gate_40",11,FALSE,FALSE
9195886,"gate_40",53,TRUE,FALSE
9196109,"gate_40",5,FALSE,FALSE
9196147,"gate_30",67,FALSE,FALSE
9196263,"gate_30",19,TRUE,FALSE
9196286,"gate_30",17,FALSE,FALSE
9196509,"gate_40",2,FALSE,FALSE
9196558,"gate_40",14,FALSE,FALSE
9196593,"gate_30",14,FALSE,FALSE
9196773,"gate_40",17,TRUE,FALSE
9196815,"gate_40",20,FALSE,FALSE
9196963,"gate_40",258,TRUE,TRUE
9197326,"gate_40",44,TRUE,FALSE
9197373,"gate_40",11,FALSE,FALSE
9197818,"gate_30",7,FALSE,FALSE
9198084,"gate_30",4,FALSE,FALSE
9198143,"gate_40",1,FALSE,FALSE
9198245,"gate_30",39,TRUE,FALSE
9198257,"gate_30",1,FALSE,FALSE
9198479,"gate_40",66,TRUE,TRUE
9198530,"gate_30",0,FALSE,FALSE
9198559,"gate_30",45,TRUE,FALSE
9198604,"gate_30",181,TRUE,FALSE
9198640,"gate_40",9,FALSE,TRUE
9199058,"gate_30",4,FALSE,FALSE
9199081,"gate_30",106,TRUE,TRUE
9199280,"gate_30",10,TRUE,FALSE
9199286,"gate_40",14,FALSE,FALSE
9199391,"gate_30",25,TRUE,FALSE
9199718,"gate_30",13,FALSE,FALSE
9199911,"gate_40",3,FALSE,FALSE
9200091,"gate_30",36,TRUE,FALSE
9200253,"gate_30",10,FALSE,FALSE
9200421,"gate_40",37,FALSE,FALSE
9200533,"gate_30",12,TRUE,FALSE
9200549,"gate_30",18,FALSE,TRUE
9200618,"gate_30",3,FALSE,FALSE
9200693,"gate_30",23,FALSE,FALSE
9200736,"gate_30",829,FALSE,FALSE
9200810,"gate_30",12,TRUE,FALSE
9200832,"gate_30",3,FALSE,FALSE
9200863,"gate_40",45,TRUE,FALSE
9201215,"gate_40",3,FALSE,FALSE
9201317,"gate_40",7,FALSE,FALSE
9201369,"gate_30",63,FALSE,TRUE
9201487,"gate_30",6,FALSE,FALSE
9201495,"gate_30",11,FALSE,FALSE
9201521,"gate_30",110,TRUE,TRUE
9201529,"gate_30",34,TRUE,FALSE
9201593,"gate_40",1,FALSE,FALSE
9201671,"gate_40",48,TRUE,FALSE
9201829,"gate_40",9,FALSE,FALSE
9201921,"gate_40",77,FALSE,FALSE
9201937,"gate_30",1,FALSE,FALSE
9202134,"gate_30",132,TRUE,FALSE
9202170,"gate_30",1,FALSE,FALSE
9202230,"gate_40",120,TRUE,TRUE
9202314,"gate_40",24,FALSE,FALSE
9202372,"gate_40",0,FALSE,FALSE
9202627,"gate_40",0,FALSE,FALSE
9202750,"gate_30",24,TRUE,FALSE
9202913,"gate_30",1,FALSE,FALSE
9203055,"gate_30",1,FALSE,FALSE
9203326,"gate_40",24,FALSE,FALSE
9203402,"gate_40",5,FALSE,FALSE
9203528,"gate_40",22,FALSE,FALSE
9203580,"gate_40",0,FALSE,FALSE
9203666,"gate_40",127,TRUE,TRUE
9203689,"gate_40",22,TRUE,FALSE
9203969,"gate_40",12,FALSE,FALSE
9204118,"gate_30",7,FALSE,FALSE
9204153,"gate_30",99,TRUE,TRUE
9204165,"gate_30",36,TRUE,FALSE
9204493,"gate_30",7,FALSE,FALSE
9204559,"gate_30",5,FALSE,FALSE
9204653,"gate_40",2,FALSE,FALSE
9204974,"gate_30",5,FALSE,FALSE
9205213,"gate_40",101,TRUE,TRUE
9205252,"gate_40",56,TRUE,FALSE
9205438,"gate_40",7,FALSE,FALSE
9205445,"gate_40",96,TRUE,TRUE
9205546,"gate_30",4,TRUE,FALSE
9205616,"gate_40",17,FALSE,FALSE
9205631,"gate_40",19,FALSE,FALSE
9205761,"gate_40",180,TRUE,TRUE
9205818,"gate_40",0,FALSE,FALSE
9205905,"gate_30",0,FALSE,FALSE
9205932,"gate_30",9,FALSE,FALSE
9205953,"gate_40",3,FALSE,FALSE
9206381,"gate_30",22,TRUE,FALSE
9206445,"gate_40",9,FALSE,FALSE
9206638,"gate_30",21,FALSE,FALSE
9206748,"gate_30",105,TRUE,FALSE
9206806,"gate_30",112,TRUE,TRUE
9207101,"gate_40",10,FALSE,FALSE
9207289,"gate_30",17,TRUE,FALSE
9207311,"gate_30",412,FALSE,TRUE
9207335,"gate_40",468,TRUE,TRUE
9207346,"gate_40",6,FALSE,FALSE
9207370,"gate_40",1,FALSE,FALSE
9207704,"gate_40",5,FALSE,FALSE
9207843,"gate_40",6,FALSE,FALSE
9208135,"gate_30",6,FALSE,FALSE
9208507,"gate_40",64,TRUE,TRUE
9208551,"gate_30",101,FALSE,TRUE
9208627,"gate_30",14,FALSE,FALSE
9208775,"gate_30",27,FALSE,FALSE
9208813,"gate_40",15,TRUE,FALSE
9208828,"gate_30",305,TRUE,TRUE
9208939,"gate_40",15,TRUE,FALSE
9209038,"gate_40",243,TRUE,TRUE
9209130,"gate_40",31,FALSE,FALSE
9209145,"gate_30",85,TRUE,FALSE
9209180,"gate_40",0,FALSE,FALSE
9209235,"gate_30",14,TRUE,FALSE
9209461,"gate_30",227,TRUE,TRUE
9209548,"gate_40",5,FALSE,FALSE
9209557,"gate_40",122,TRUE,FALSE
9209635,"gate_40",6,FALSE,FALSE
9209803,"gate_30",6,FALSE,FALSE
9209888,"gate_40",2,FALSE,FALSE
9209906,"gate_40",0,FALSE,FALSE
9210030,"gate_30",25,TRUE,FALSE
9210058,"gate_40",51,TRUE,FALSE
9210081,"gate_40",7,FALSE,FALSE
9210086,"gate_30",4,FALSE,FALSE
9210237,"gate_30",1,FALSE,FALSE
9210270,"gate_30",44,TRUE,FALSE
9210316,"gate_30",9,FALSE,FALSE
9210425,"gate_30",13,FALSE,FALSE
9210434,"gate_30",6,FALSE,FALSE
9210564,"gate_40",193,TRUE,TRUE
9210567,"gate_40",3,FALSE,FALSE
9210753,"gate_30",68,TRUE,FALSE
9210837,"gate_30",19,FALSE,TRUE
9210917,"gate_30",151,TRUE,TRUE
9211099,"gate_30",19,TRUE,FALSE
9211165,"gate_30",4,FALSE,FALSE
9211306,"gate_30",0,FALSE,FALSE
9211401,"gate_40",0,FALSE,FALSE
9211833,"gate_40",4,FALSE,FALSE
9211995,"gate_30",0,FALSE,FALSE
9212238,"gate_30",50,TRUE,TRUE
9212417,"gate_30",66,TRUE,FALSE
9212635,"gate_30",32,FALSE,FALSE
9212725,"gate_30",4,FALSE,FALSE
9212900,"gate_40",179,TRUE,FALSE
9213004,"gate_40",33,FALSE,FALSE
9213165,"gate_30",10,TRUE,FALSE
9213241,"gate_30",22,FALSE,FALSE
9213306,"gate_40",108,TRUE,FALSE
9213351,"gate_40",10,FALSE,FALSE
9213411,"gate_40",45,TRUE,FALSE
9213547,"gate_40",254,TRUE,TRUE
9213894,"gate_30",20,FALSE,FALSE
9214577,"gate_30",27,FALSE,FALSE
9214873,"gate_30",15,TRUE,FALSE
9215066,"gate_30",6,FALSE,FALSE
9215278,"gate_40",2,FALSE,FALSE
9215293,"gate_40",0,FALSE,FALSE
9215346,"gate_40",200,TRUE,TRUE
9215400,"gate_30",1,FALSE,FALSE
9215420,"gate_30",55,TRUE,TRUE
9215745,"gate_30",17,TRUE,FALSE
9215762,"gate_40",13,FALSE,FALSE
9215874,"gate_40",39,TRUE,FALSE
9216169,"gate_30",73,TRUE,FALSE
9216172,"gate_30",5,FALSE,FALSE
9216253,"gate_40",33,TRUE,TRUE
9216334,"gate_30",3,TRUE,FALSE
9216635,"gate_30",280,TRUE,TRUE
9216665,"gate_40",0,FALSE,FALSE
9216927,"gate_40",13,TRUE,FALSE
9217134,"gate_30",40,FALSE,FALSE
9217173,"gate_30",1,TRUE,FALSE
9217539,"gate_40",39,FALSE,FALSE
9217630,"gate_30",154,TRUE,FALSE
9217777,"gate_40",10,TRUE,FALSE
9217887,"gate_40",159,FALSE,TRUE
9217900,"gate_30",15,TRUE,FALSE
9218045,"gate_30",0,FALSE,FALSE
9218193,"gate_40",1,FALSE,FALSE
9218235,"gate_40",79,TRUE,FALSE
9218450,"gate_30",4,FALSE,FALSE
9218571,"gate_40",1,FALSE,FALSE
9218603,"gate_40",30,FALSE,FALSE
9218667,"gate_30",2,FALSE,FALSE
9218707,"gate_30",45,TRUE,FALSE
9218811,"gate_40",2,FALSE,FALSE
9218896,"gate_30",19,FALSE,FALSE
9218923,"gate_30",8,FALSE,FALSE
9218966,"gate_30",3,FALSE,FALSE
9219032,"gate_40",13,TRUE,FALSE
9219045,"gate_40",22,FALSE,FALSE
9219138,"gate_30",280,TRUE,TRUE
9219254,"gate_40",4,FALSE,FALSE
9219520,"gate_30",25,TRUE,FALSE
9219606,"gate_40",16,FALSE,FALSE
9219768,"gate_30",3,FALSE,FALSE
9219822,"gate_40",75,TRUE,TRUE
9219931,"gate_30",0,FALSE,FALSE
9220047,"gate_40",48,FALSE,FALSE
9220301,"gate_40",1,TRUE,FALSE
9220374,"gate_30",25,TRUE,FALSE
9220708,"gate_40",10,FALSE,FALSE
9221031,"gate_40",9,FALSE,FALSE
9221076,"gate_30",22,FALSE,FALSE
9221081,"gate_30",40,TRUE,FALSE
9221125,"gate_30",581,TRUE,TRUE
9221182,"gate_30",28,FALSE,FALSE
9221262,"gate_30",6,FALSE,FALSE
9221429,"gate_40",16,TRUE,FALSE
9221517,"gate_30",20,TRUE,FALSE
9221547,"gate_30",57,TRUE,TRUE
9221690,"gate_30",1,FALSE,FALSE
9221994,"gate_40",83,TRUE,FALSE
9222201,"gate_30",1,FALSE,FALSE
9222299,"gate_30",0,FALSE,FALSE
9222431,"gate_30",0,FALSE,FALSE
9222493,"gate_30",39,TRUE,FALSE
9222748,"gate_30",147,TRUE,FALSE
9222791,"gate_40",20,FALSE,FALSE
9223065,"gate_30",53,TRUE,FALSE
9223109,"gate_30",1,FALSE,FALSE
9223427,"gate_30",8,FALSE,FALSE
9223512,"gate_40",19,TRUE,FALSE
9223712,"gate_40",1,FALSE,FALSE
9223759,"gate_40",1,FALSE,FALSE
9224062,"gate_30",27,TRUE,FALSE
9224149,"gate_40",6,FALSE,FALSE
9224197,"gate_30",41,TRUE,TRUE
9224237,"gate_40",119,TRUE,TRUE
9224245,"gate_40",114,TRUE,TRUE
9224371,"gate_30",28,TRUE,TRUE
9224511,"gate_30",280,TRUE,FALSE
9224544,"gate_40",15,TRUE,FALSE
9224595,"gate_40",0,FALSE,FALSE
9224608,"gate_30",4,FALSE,FALSE
9224622,"gate_40",6,FALSE,FALSE
9224776,"gate_30",6,FALSE,FALSE
9224928,"gate_30",85,TRUE,TRUE
9225049,"gate_40",57,FALSE,FALSE
9225136,"gate_40",13,FALSE,FALSE
9225208,"gate_40",179,TRUE,FALSE
9225451,"gate_30",5,FALSE,FALSE
9225569,"gate_40",17,FALSE,FALSE
9225626,"gate_30",1,FALSE,FALSE
9225697,"gate_40",5,FALSE,FALSE
9226015,"gate_30",0,FALSE,FALSE
9226264,"gate_40",48,TRUE,FALSE
9226356,"gate_40",37,TRUE,TRUE
9226552,"gate_40",14,FALSE,FALSE
9226607,"gate_40",17,FALSE,FALSE
9226746,"gate_30",5,FALSE,FALSE
9226769,"gate_40",2,TRUE,FALSE
9226869,"gate_40",6,TRUE,FALSE
9226886,"gate_40",138,TRUE,FALSE
9227032,"gate_40",26,TRUE,FALSE
9227176,"gate_40",293,TRUE,TRUE
9227256,"gate_40",83,TRUE,FALSE
9227513,"gate_30",1,FALSE,FALSE
9227582,"gate_30",18,TRUE,FALSE
9227787,"gate_40",22,FALSE,FALSE
9228211,"gate_40",8,FALSE,FALSE
9228237,"gate_40",12,FALSE,FALSE
9228337,"gate_40",5,FALSE,FALSE
9228659,"gate_30",11,FALSE,FALSE
9228753,"gate_40",31,TRUE,FALSE
9228851,"gate_30",10,TRUE,FALSE
9228860,"gate_30",9,FALSE,FALSE
9228950,"gate_40",11,TRUE,FALSE
9229470,"gate_30",53,TRUE,TRUE
9229476,"gate_40",9,TRUE,FALSE
9229487,"gate_40",5,FALSE,FALSE
9229530,"gate_30",127,TRUE,TRUE
9229548,"gate_30",12,FALSE,FALSE
9229592,"gate_40",1,FALSE,FALSE
9229792,"gate_40",72,FALSE,FALSE
9229973,"gate_40",45,FALSE,FALSE
9230148,"gate_30",21,FALSE,TRUE
9230506,"gate_30",1,FALSE,FALSE
9230562,"gate_40",5,FALSE,FALSE
9230744,"gate_40",3,FALSE,FALSE
9231036,"gate_40",14,TRUE,FALSE
9231090,"gate_30",47,FALSE,TRUE
9231312,"gate_30",16,TRUE,FALSE
9231492,"gate_40",36,TRUE,TRUE
9231493,"gate_30",188,TRUE,TRUE
9231547,"gate_40",0,FALSE,FALSE
9231568,"gate_30",17,FALSE,FALSE
9231597,"gate_30",1,FALSE,FALSE
9231633,"gate_30",48,FALSE,FALSE
9231647,"gate_30",369,TRUE,TRUE
9231693,"gate_30",16,FALSE,FALSE
9231854,"gate_30",2,TRUE,FALSE
9231968,"gate_30",8,FALSE,FALSE
9231984,"gate_40",5,FALSE,FALSE
9232001,"gate_40",48,TRUE,FALSE
9232033,"gate_30",116,TRUE,FALSE
9232088,"gate_40",7,FALSE,FALSE
9232118,"gate_40",106,TRUE,FALSE
9232320,"gate_30",21,TRUE,TRUE
9232461,"gate_30",114,TRUE,TRUE
9232587,"gate_40",15,TRUE,FALSE
9232782,"gate_30",7,FALSE,FALSE
9232791,"gate_30",13,FALSE,FALSE
9232845,"gate_40",2,FALSE,FALSE
9232869,"gate_40",48,TRUE,TRUE
9232893,"gate_40",10,FALSE,FALSE
9232913,"gate_30",9,TRUE,FALSE
9233151,"gate_30",1,FALSE,FALSE
9233234,"gate_30",112,TRUE,TRUE
9233258,"gate_40",5,FALSE,FALSE
9233264,"gate_30",152,TRUE,FALSE
9233752,"gate_40",100,TRUE,TRUE
9233762,"gate_30",2,FALSE,FALSE
9233917,"gate_40",20,FALSE,FALSE
9233999,"gate_40",0,FALSE,FALSE
9234035,"gate_40",8,TRUE,FALSE
9234158,"gate_30",132,TRUE,FALSE
9234186,"gate_30",8,FALSE,FALSE
9234286,"gate_30",0,FALSE,FALSE
9234314,"gate_40",1,FALSE,FALSE
9234401,"gate_40",36,TRUE,FALSE
9234510,"gate_40",39,TRUE,TRUE
9234550,"gate_30",284,TRUE,TRUE
9234624,"gate_40",7,FALSE,FALSE
9234710,"gate_40",2,FALSE,FALSE
9234713,"gate_30",139,TRUE,FALSE
9234912,"gate_30",12,FALSE,FALSE
9235251,"gate_40",27,TRUE,FALSE
9235425,"gate_30",30,TRUE,FALSE
9235503,"gate_40",20,TRUE,FALSE
9235622,"gate_30",19,FALSE,FALSE
9235798,"gate_30",8,TRUE,FALSE
9235799,"gate_40",105,FALSE,TRUE
9235813,"gate_40",3,FALSE,FALSE
9235958,"gate_30",37,FALSE,FALSE
9235966,"gate_40",99,TRUE,TRUE
9235970,"gate_30",4,FALSE,FALSE
9236141,"gate_40",55,TRUE,FALSE
9236351,"gate_40",1,FALSE,FALSE
9236409,"gate_40",19,FALSE,FALSE
9236626,"gate_40",205,TRUE,FALSE
9236754,"gate_30",2,FALSE,FALSE
9237082,"gate_40",44,TRUE,FALSE
9237090,"gate_40",27,TRUE,FALSE
9237108,"gate_40",158,TRUE,TRUE
9237138,"gate_30",1,FALSE,FALSE
9237619,"gate_40",4,FALSE,FALSE
9237649,"gate_30",13,FALSE,FALSE
9237731,"gate_30",5,FALSE,FALSE
9237742,"gate_30",17,FALSE,FALSE
9237796,"gate_40",41,FALSE,FALSE
9237873,"gate_40",1,FALSE,FALSE
9237990,"gate_30",456,TRUE,TRUE
9238055,"gate_40",117,TRUE,TRUE
9238068,"gate_40",2,FALSE,FALSE
9238094,"gate_30",1,FALSE,FALSE
9238144,"gate_40",8,FALSE,FALSE
9238203,"gate_40",80,TRUE,FALSE
9238239,"gate_30",8,FALSE,FALSE
9238556,"gate_30",40,FALSE,FALSE
9238614,"gate_40",49,FALSE,FALSE
9238658,"gate_40",53,TRUE,FALSE
9238665,"gate_30",1,FALSE,FALSE
9238722,"gate_40",168,TRUE,FALSE
9238940,"gate_40",3,FALSE,FALSE
9239031,"gate_40",43,FALSE,FALSE
9239116,"gate_30",14,FALSE,FALSE
9239187,"gate_40",74,TRUE,FALSE
9239213,"gate_30",27,FALSE,TRUE
9239354,"gate_40",155,TRUE,TRUE
9239580,"gate_30",50,FALSE,FALSE
9239768,"gate_40",393,TRUE,TRUE
9239894,"gate_30",9,FALSE,FALSE
9239950,"gate_30",68,TRUE,FALSE
9240022,"gate_40",0,FALSE,FALSE
9240282,"gate_30",6,FALSE,FALSE
9240295,"gate_40",8,FALSE,FALSE
9240368,"gate_30",29,TRUE,FALSE
9240391,"gate_30",5,FALSE,FALSE
9240449,"gate_30",53,TRUE,FALSE
9240651,"gate_30",7,TRUE,FALSE
9240751,"gate_30",21,TRUE,FALSE
9240765,"gate_30",15,FALSE,FALSE
9240928,"gate_30",3,FALSE,FALSE
9240966,"gate_40",6,FALSE,FALSE
9241000,"gate_40",4,FALSE,FALSE
9241022,"gate_30",37,FALSE,FALSE
9241179,"gate_40",8,TRUE,FALSE
9241273,"gate_40",11,FALSE,FALSE
9241315,"gate_30",34,TRUE,FALSE
9241536,"gate_40",9,TRUE,FALSE
9241616,"gate_30",1,FALSE,FALSE
9241936,"gate_30",1,FALSE,FALSE
9242163,"gate_30",1,FALSE,FALSE
9242167,"gate_40",4,FALSE,FALSE
9242302,"gate_40",1,FALSE,FALSE
9242319,"gate_40",5,FALSE,FALSE
9242479,"gate_30",20,TRUE,TRUE
9242550,"gate_30",21,FALSE,TRUE
9242784,"gate_30",8,FALSE,FALSE
9242877,"gate_40",5,FALSE,FALSE
9243127,"gate_30",135,TRUE,TRUE
9243285,"gate_40",2,FALSE,FALSE
9243286,"gate_30",38,TRUE,FALSE
9243459,"gate_30",0,FALSE,FALSE
9243702,"gate_30",6,TRUE,FALSE
9243836,"gate_40",97,TRUE,TRUE
9243979,"gate_40",139,TRUE,FALSE
9244073,"gate_30",4,FALSE,FALSE
9244360,"gate_40",7,TRUE,FALSE
9244363,"gate_40",199,TRUE,TRUE
9244444,"gate_40",2,FALSE,FALSE
9244626,"gate_40",22,FALSE,FALSE
9244861,"gate_30",6,TRUE,FALSE
9244863,"gate_30",21,TRUE,FALSE
9244865,"gate_40",6,FALSE,FALSE
9244966,"gate_30",27,FALSE,FALSE
9245001,"gate_30",4,FALSE,FALSE
9245066,"gate_40",0,FALSE,FALSE
9245138,"gate_40",2,TRUE,FALSE
9245231,"gate_40",4,FALSE,FALSE
9245268,"gate_40",105,TRUE,FALSE
9245462,"gate_40",48,FALSE,TRUE
9245685,"gate_40",192,TRUE,TRUE
9245788,"gate_40",5,FALSE,FALSE
9245910,"gate_40",31,TRUE,FALSE
9245998,"gate_40",19,FALSE,FALSE
9246139,"gate_30",36,TRUE,FALSE
9246156,"gate_30",15,TRUE,FALSE
9246189,"gate_40",42,TRUE,FALSE
9246277,"gate_30",12,FALSE,FALSE
9246309,"gate_30",0,FALSE,TRUE
9246329,"gate_30",68,TRUE,TRUE
9246511,"gate_40",48,FALSE,FALSE
9246530,"gate_40",34,TRUE,FALSE
9246560,"gate_40",2,TRUE,FALSE
9246592,"gate_40",157,TRUE,FALSE
9246649,"gate_40",3,FALSE,FALSE
9247024,"gate_30",56,TRUE,FALSE
9247050,"gate_40",9,FALSE,TRUE
9247420,"gate_40",18,FALSE,FALSE
9247462,"gate_30",1,FALSE,FALSE
9247568,"gate_30",6,FALSE,FALSE
9247696,"gate_40",8,FALSE,TRUE
9247823,"gate_40",5,FALSE,FALSE
9247876,"gate_40",30,FALSE,FALSE
9247884,"gate_40",2,FALSE,FALSE
9247982,"gate_40",13,TRUE,FALSE
9248213,"gate_30",6,FALSE,FALSE
9248217,"gate_40",2,FALSE,FALSE
9248348,"gate_40",78,TRUE,FALSE
9248389,"gate_30",28,FALSE,FALSE
9248414,"gate_40",4,TRUE,FALSE
9248425,"gate_40",6,TRUE,FALSE
9248526,"gate_30",25,TRUE,FALSE
9248528,"gate_30",2,FALSE,FALSE
9248538,"gate_30",2,FALSE,FALSE
9248592,"gate_30",108,TRUE,TRUE
9248714,"gate_30",123,TRUE,TRUE
9248724,"gate_40",24,TRUE,FALSE
9248805,"gate_30",89,TRUE,TRUE
9248859,"gate_30",36,FALSE,FALSE
9248939,"gate_40",193,TRUE,FALSE
9248983,"gate_40",9,FALSE,FALSE
9249006,"gate_40",61,FALSE,FALSE
9249062,"gate_40",31,FALSE,FALSE
9249203,"gate_40",62,TRUE,TRUE
9249241,"gate_40",29,TRUE,FALSE
9249350,"gate_30",469,TRUE,TRUE
9249977,"gate_30",0,FALSE,FALSE
9250192,"gate_30",1,FALSE,FALSE
9250309,"gate_30",43,TRUE,FALSE
9250460,"gate_40",224,TRUE,TRUE
9250504,"gate_30",3,FALSE,FALSE
9250655,"gate_30",9,TRUE,FALSE
9250695,"gate_40",27,TRUE,FALSE
9251000,"gate_40",211,TRUE,TRUE
9251068,"gate_30",56,TRUE,FALSE
9251155,"gate_40",27,TRUE,FALSE
9251218,"gate_30",2,FALSE,FALSE
9251244,"gate_30",40,FALSE,FALSE
9251288,"gate_40",2,FALSE,FALSE
9251479,"gate_40",359,TRUE,TRUE
9251526,"gate_40",37,TRUE,FALSE
9251875,"gate_30",8,FALSE,FALSE
9251909,"gate_30",11,FALSE,FALSE
9252016,"gate_30",35,TRUE,FALSE
9252104,"gate_30",30,TRUE,FALSE
9252174,"gate_40",16,FALSE,FALSE
9252420,"gate_40",3,FALSE,FALSE
9252535,"gate_30",1,FALSE,FALSE
9252617,"gate_30",13,FALSE,FALSE
9252660,"gate_40",104,TRUE,FALSE
9252719,"gate_40",38,FALSE,FALSE
9252765,"gate_40",5,FALSE,FALSE
9253107,"gate_40",4,FALSE,FALSE
9253156,"gate_30",4,FALSE,FALSE
9253299,"gate_40",14,FALSE,FALSE
9253333,"gate_30",69,TRUE,TRUE
9253402,"gate_40",30,TRUE,FALSE
9253505,"gate_30",37,TRUE,FALSE
9253536,"gate_30",10,FALSE,FALSE
9253570,"gate_40",78,FALSE,TRUE
9253583,"gate_30",49,TRUE,FALSE
9253662,"gate_30",2,FALSE,FALSE
9253663,"gate_30",8,TRUE,FALSE
9253688,"gate_40",583,TRUE,TRUE
9253749,"gate_40",15,TRUE,FALSE
9253798,"gate_40",1,FALSE,FALSE
9253815,"gate_40",16,FALSE,FALSE
9254070,"gate_40",22,TRUE,FALSE
9254221,"gate_30",2,FALSE,FALSE
9254228,"gate_30",39,TRUE,TRUE
9254302,"gate_40",38,TRUE,FALSE
9254603,"gate_30",4,FALSE,FALSE
9254706,"gate_40",64,FALSE,FALSE
9255013,"gate_40",29,FALSE,FALSE
9255188,"gate_40",16,TRUE,FALSE
9255701,"gate_30",63,TRUE,FALSE
9255736,"gate_40",20,FALSE,FALSE
9255758,"gate_30",84,TRUE,FALSE
9255826,"gate_30",31,TRUE,FALSE
9255971,"gate_40",210,TRUE,TRUE
9256119,"gate_30",60,TRUE,FALSE
9256133,"gate_40",1,FALSE,FALSE
9256219,"gate_30",8,FALSE,FALSE
9256302,"gate_40",12,FALSE,FALSE
9256440,"gate_30",78,TRUE,TRUE
9256492,"gate_30",0,FALSE,FALSE
9256527,"gate_30",312,TRUE,TRUE
9256585,"gate_40",71,TRUE,FALSE
9256746,"gate_40",4,TRUE,FALSE
9257102,"gate_40",95,FALSE,TRUE
9257390,"gate_30",7,FALSE,FALSE
9257452,"gate_30",31,TRUE,FALSE
9257559,"gate_30",29,FALSE,FALSE
9257824,"gate_30",12,FALSE,FALSE
9258097,"gate_40",17,TRUE,FALSE
9258233,"gate_40",124,TRUE,TRUE
9258351,"gate_30",17,FALSE,FALSE
9258524,"gate_40",35,TRUE,FALSE
9258611,"gate_40",4,FALSE,FALSE
9258622,"gate_40",18,TRUE,FALSE
9258720,"gate_30",18,FALSE,FALSE
9258865,"gate_30",107,TRUE,TRUE
9258909,"gate_40",13,TRUE,FALSE
9259187,"gate_30",13,TRUE,FALSE
9259318,"gate_40",14,TRUE,FALSE
9259478,"gate_30",0,FALSE,FALSE
9259659,"gate_40",1,FALSE,FALSE
9259978,"gate_40",14,FALSE,FALSE
9259995,"gate_40",20,TRUE,FALSE
9260245,"gate_30",35,FALSE,FALSE
9260369,"gate_30",52,TRUE,TRUE
9260685,"gate_40",120,TRUE,TRUE
9260697,"gate_40",6,TRUE,FALSE
9260742,"gate_40",42,TRUE,FALSE
9260821,"gate_40",61,TRUE,FALSE
9260857,"gate_30",16,FALSE,FALSE
9260978,"gate_30",3,FALSE,FALSE
9261017,"gate_30",28,TRUE,FALSE
9261072,"gate_40",11,FALSE,FALSE
9261195,"gate_40",7,TRUE,FALSE
9261366,"gate_40",6,FALSE,FALSE
9261407,"gate_40",3,FALSE,FALSE
9261409,"gate_30",120,TRUE,TRUE
9261585,"gate_30",21,FALSE,FALSE
9261660,"gate_40",49,TRUE,FALSE
9261747,"gate_30",13,TRUE,FALSE
9261827,"gate_40",698,TRUE,TRUE
9261901,"gate_30",34,TRUE,FALSE
9261987,"gate_40",0,FALSE,FALSE
9262290,"gate_30",155,FALSE,TRUE
9262463,"gate_40",37,FALSE,FALSE
9262605,"gate_40",98,FALSE,FALSE
9262656,"gate_40",61,TRUE,FALSE
9263138,"gate_40",1,FALSE,FALSE
9263401,"gate_40",1,FALSE,FALSE
9263435,"gate_30",7,FALSE,FALSE
9263489,"gate_30",315,TRUE,TRUE
9263492,"gate_30",49,TRUE,FALSE
9263634,"gate_40",4,FALSE,FALSE
9263659,"gate_40",121,TRUE,TRUE
9263791,"gate_40",51,TRUE,FALSE
9263869,"gate_40",61,FALSE,FALSE
9263911,"gate_30",3,TRUE,FALSE
9264009,"gate_30",6,FALSE,FALSE
9264127,"gate_30",25,TRUE,FALSE
9264169,"gate_40",13,FALSE,FALSE
9264276,"gate_40",5,FALSE,FALSE
9264456,"gate_30",32,TRUE,FALSE
9264462,"gate_40",84,TRUE,FALSE
9264476,"gate_40",48,TRUE,FALSE
9264490,"gate_40",25,TRUE,FALSE
9264622,"gate_40",30,FALSE,FALSE
9264764,"gate_30",4,FALSE,FALSE
9264819,"gate_40",1,FALSE,FALSE
9265016,"gate_40",13,FALSE,FALSE
9265096,"gate_40",328,FALSE,FALSE
9265118,"gate_40",240,TRUE,TRUE
9265338,"gate_40",151,TRUE,TRUE
9265411,"gate_40",3,FALSE,FALSE
9265569,"gate_30",33,TRUE,FALSE
9265570,"gate_30",22,TRUE,FALSE
9265806,"gate_40",10,FALSE,FALSE
9266165,"gate_30",225,TRUE,TRUE
9266231,"gate_40",28,TRUE,FALSE
9266437,"gate_40",23,TRUE,FALSE
9266559,"gate_40",57,TRUE,FALSE
9266683,"gate_40",97,TRUE,FALSE
9266921,"gate_40",44,TRUE,FALSE
9267141,"gate_30",0,FALSE,FALSE
9267459,"gate_40",153,TRUE,FALSE
9267566,"gate_40",0,FALSE,FALSE
9267684,"gate_30",74,TRUE,TRUE
9267850,"gate_30",134,TRUE,FALSE
9267956,"gate_40",0,FALSE,FALSE
9268011,"gate_40",67,TRUE,FALSE
9268027,"gate_30",1,FALSE,FALSE
9268128,"gate_30",5,FALSE,FALSE
9268426,"gate_30",0,FALSE,FALSE
9268523,"gate_40",3,FALSE,FALSE
9268749,"gate_30",1,FALSE,FALSE
9268868,"gate_40",240,TRUE,TRUE
9268906,"gate_40",1667,TRUE,TRUE
9268957,"gate_40",38,FALSE,FALSE
9269272,"gate_40",0,FALSE,FALSE
9269335,"gate_40",30,TRUE,FALSE
9269349,"gate_30",37,FALSE,FALSE
9269355,"gate_30",11,TRUE,FALSE
9269500,"gate_30",7,FALSE,FALSE
9269600,"gate_30",1,FALSE,FALSE
9269632,"gate_40",1,FALSE,FALSE
9269687,"gate_30",20,TRUE,FALSE
9269812,"gate_30",41,TRUE,FALSE
9270024,"gate_40",89,TRUE,FALSE
9270144,"gate_40",3,FALSE,FALSE
9270219,"gate_40",50,TRUE,FALSE
9270252,"gate_30",44,FALSE,TRUE
9270309,"gate_40",4,TRUE,FALSE
9270665,"gate_30",58,TRUE,TRUE
9270730,"gate_30",8,FALSE,FALSE
9271090,"gate_40",84,TRUE,TRUE
9271229,"gate_40",3,FALSE,FALSE
9271433,"gate_30",4,FALSE,FALSE
9271643,"gate_40",2,FALSE,FALSE
9271830,"gate_40",197,TRUE,TRUE
9271956,"gate_30",38,FALSE,TRUE
9272075,"gate_30",71,TRUE,TRUE
9272343,"gate_40",212,TRUE,FALSE
9272438,"gate_30",414,TRUE,TRUE
9272623,"gate_30",0,FALSE,FALSE
9272688,"gate_30",1,FALSE,FALSE
9272731,"gate_40",7,TRUE,FALSE
9272808,"gate_30",635,TRUE,FALSE
9272997,"gate_30",10,FALSE,FALSE
9273079,"gate_30",64,TRUE,FALSE
9273113,"gate_30",5,FALSE,FALSE
9273178,"gate_40",97,TRUE,FALSE
9273194,"gate_40",11,FALSE,FALSE
9273195,"gate_30",8,FALSE,FALSE
9273686,"gate_40",606,TRUE,TRUE
9273757,"gate_40",12,FALSE,FALSE
9273862,"gate_30",113,TRUE,TRUE
9273921,"gate_40",2,FALSE,FALSE
9274048,"gate_30",9,FALSE,FALSE
9274104,"gate_30",0,FALSE,FALSE
9274202,"gate_30",579,TRUE,TRUE
9274687,"gate_40",30,FALSE,FALSE
9274773,"gate_30",49,FALSE,TRUE
9274917,"gate_40",5,FALSE,TRUE
9275409,"gate_40",406,TRUE,TRUE
9275490,"gate_30",52,FALSE,FALSE
9275513,"gate_30",0,FALSE,FALSE
9275602,"gate_40",41,TRUE,TRUE
9275891,"gate_40",84,TRUE,FALSE
9275894,"gate_30",15,FALSE,FALSE
9276059,"gate_30",11,FALSE,FALSE
9276084,"gate_40",9,TRUE,FALSE
9276225,"gate_30",3,FALSE,FALSE
9276417,"gate_40",5,TRUE,FALSE
9276538,"gate_30",0,FALSE,FALSE
9276565,"gate_40",1,FALSE,FALSE
9276719,"gate_30",160,TRUE,FALSE
9277068,"gate_30",26,TRUE,FALSE
9277153,"gate_30",96,TRUE,FALSE
9277359,"gate_30",34,TRUE,FALSE
9277575,"gate_40",23,FALSE,FALSE
9277855,"gate_30",9,FALSE,FALSE
9277903,"gate_40",10,FALSE,FALSE
9277959,"gate_30",6,FALSE,FALSE
9278031,"gate_30",9,FALSE,FALSE
9278069,"gate_30",33,TRUE,TRUE
9278072,"gate_40",10,FALSE,FALSE
9278075,"gate_40",42,FALSE,FALSE
9278288,"gate_30",9,TRUE,FALSE
9278303,"gate_30",87,TRUE,TRUE
9278337,"gate_40",1,FALSE,FALSE
9278624,"gate_30",113,TRUE,TRUE
9278752,"gate_40",7,TRUE,FALSE
9278862,"gate_40",17,TRUE,FALSE
9278880,"gate_40",24,FALSE,TRUE
9278920,"gate_30",333,TRUE,FALSE
9278954,"gate_30",3,FALSE,FALSE
9278962,"gate_40",143,TRUE,TRUE
9278994,"gate_40",6,FALSE,FALSE
9279214,"gate_30",5,FALSE,FALSE
9279243,"gate_40",3,FALSE,FALSE
9279499,"gate_40",47,FALSE,FALSE
9279620,"gate_30",41,TRUE,FALSE
9279735,"gate_40",22,TRUE,FALSE
9279744,"gate_40",39,TRUE,TRUE
9279875,"gate_40",3,FALSE,FALSE
9279918,"gate_40",87,TRUE,FALSE
9279970,"gate_40",47,TRUE,TRUE
9280002,"gate_40",46,TRUE,FALSE
9280047,"gate_30",13,FALSE,FALSE
9280085,"gate_40",48,TRUE,FALSE
9280193,"gate_30",3,FALSE,FALSE
9280240,"gate_40",7,FALSE,TRUE
9280784,"gate_30",8,FALSE,FALSE
9280862,"gate_30",48,TRUE,FALSE
9281044,"gate_40",51,TRUE,FALSE
9281194,"gate_40",1,FALSE,FALSE
9281308,"gate_30",46,TRUE,FALSE
9281414,"gate_30",5,FALSE,FALSE
9281482,"gate_30",4,FALSE,FALSE
9281494,"gate_30",17,TRUE,FALSE
9281762,"gate_30",9,TRUE,TRUE
9282327,"gate_30",2,FALSE,FALSE
9282412,"gate_40",13,FALSE,FALSE
9282417,"gate_40",4,FALSE,FALSE
9282498,"gate_30",0,FALSE,FALSE
9282510,"gate_30",240,TRUE,FALSE
9282708,"gate_30",35,TRUE,FALSE
9282724,"gate_40",69,FALSE,FALSE
9282825,"gate_30",25,FALSE,FALSE
9282907,"gate_40",245,TRUE,FALSE
9282936,"gate_30",12,FALSE,FALSE
9283204,"gate_40",2,FALSE,FALSE
9283439,"gate_40",13,FALSE,FALSE
9283498,"gate_40",1,FALSE,FALSE
9283620,"gate_30",6,FALSE,FALSE
9283691,"gate_40",0,FALSE,FALSE
9283743,"gate_30",13,FALSE,TRUE
9283835,"gate_40",515,TRUE,TRUE
9283946,"gate_30",12,FALSE,FALSE
9283979,"gate_30",10,FALSE,FALSE
9284147,"gate_30",1,FALSE,FALSE
9284231,"gate_40",1,FALSE,FALSE
9284330,"gate_40",2,FALSE,FALSE
9284408,"gate_40",34,FALSE,FALSE
9284411,"gate_30",83,TRUE,FALSE
9284451,"gate_30",34,FALSE,FALSE
9284479,"gate_30",74,TRUE,FALSE
9284547,"gate_40",3,FALSE,FALSE
9284852,"gate_30",6,FALSE,FALSE
9284904,"gate_30",0,FALSE,FALSE
9285246,"gate_30",170,FALSE,TRUE
9285389,"gate_40",40,TRUE,FALSE
9285404,"gate_30",4,FALSE,FALSE
9285493,"gate_30",22,FALSE,TRUE
9285505,"gate_30",2,FALSE,FALSE
9285784,"gate_30",1,FALSE,FALSE
9285930,"gate_30",21,FALSE,TRUE
9285971,"gate_30",118,TRUE,FALSE
9286117,"gate_30",233,TRUE,FALSE
9286141,"gate_30",21,FALSE,FALSE
9286145,"gate_30",44,TRUE,FALSE
9286155,"gate_30",21,TRUE,FALSE
9286179,"gate_30",12,FALSE,FALSE
9286248,"gate_40",14,FALSE,FALSE
9286285,"gate_40",40,TRUE,FALSE
9286329,"gate_40",1,FALSE,FALSE
9286356,"gate_40",78,TRUE,FALSE
9286429,"gate_30",4,FALSE,FALSE
9286443,"gate_40",71,TRUE,FALSE
9286531,"gate_40",17,FALSE,FALSE
9286593,"gate_30",344,TRUE,FALSE
9286665,"gate_40",61,TRUE,FALSE
9286747,"gate_40",39,FALSE,FALSE
9286849,"gate_30",1,FALSE,FALSE
9286915,"gate_40",23,TRUE,FALSE
9286920,"gate_40",48,FALSE,FALSE
9287084,"gate_30",55,TRUE,TRUE
9287152,"gate_30",137,TRUE,TRUE
9287189,"gate_30",14,FALSE,FALSE
9287384,"gate_30",69,TRUE,FALSE
9287444,"gate_30",7,TRUE,FALSE
9287515,"gate_40",1,FALSE,FALSE
9287657,"gate_40",1,FALSE,FALSE
9287750,"gate_40",4,FALSE,FALSE
9287770,"gate_30",3,FALSE,FALSE
9287986,"gate_40",165,TRUE,TRUE
9288186,"gate_30",9,FALSE,FALSE
9288217,"gate_30",24,TRUE,FALSE
9288224,"gate_30",3,FALSE,FALSE
9288281,"gate_30",137,TRUE,FALSE
9288599,"gate_40",83,TRUE,FALSE
9288677,"gate_40",275,TRUE,TRUE
9288728,"gate_40",13,FALSE,FALSE
9288746,"gate_30",12,TRUE,FALSE
9288915,"gate_40",0,FALSE,FALSE
9288997,"gate_30",24,TRUE,FALSE
9289080,"gate_40",15,FALSE,FALSE
9289287,"gate_40",2,FALSE,FALSE
9289372,"gate_40",28,TRUE,FALSE
9289383,"gate_30",2,FALSE,FALSE
9289572,"gate_30",4,FALSE,FALSE
9289925,"gate_30",4,FALSE,FALSE
9289953,"gate_40",4,FALSE,FALSE
9289992,"gate_40",109,FALSE,TRUE
9290165,"gate_30",0,FALSE,FALSE
9290201,"gate_30",12,TRUE,FALSE
9290640,"gate_30",307,FALSE,TRUE
9290696,"gate_40",21,FALSE,FALSE
9290704,"gate_30",15,TRUE,FALSE
9290877,"gate_30",157,TRUE,TRUE
9290940,"gate_30",12,FALSE,FALSE
9291085,"gate_30",13,TRUE,FALSE
9291159,"gate_40",3,FALSE,FALSE
9291223,"gate_30",14,FALSE,FALSE
9291396,"gate_30",202,TRUE,TRUE
9291492,"gate_30",4,FALSE,FALSE
9291506,"gate_40",1,FALSE,FALSE
9291555,"gate_40",5,FALSE,FALSE
9291743,"gate_40",30,TRUE,FALSE
9291783,"gate_40",208,TRUE,FALSE
9291971,"gate_40",3,FALSE,FALSE
9292119,"gate_30",1,FALSE,FALSE
9292509,"gate_40",6,TRUE,FALSE
9292597,"gate_30",7,TRUE,FALSE
9292621,"gate_30",70,FALSE,FALSE
9292751,"gate_30",7,FALSE,FALSE
9292771,"gate_30",3,FALSE,FALSE
9292788,"gate_40",40,FALSE,FALSE
9292809,"gate_40",4,FALSE,FALSE
9292833,"gate_30",28,FALSE,FALSE
9292842,"gate_40",33,FALSE,FALSE
9292907,"gate_40",15,FALSE,FALSE
9292961,"gate_40",144,FALSE,TRUE
9292972,"gate_40",156,TRUE,FALSE
9292977,"gate_30",11,FALSE,FALSE
9293015,"gate_40",2,FALSE,FALSE
9293117,"gate_40",61,TRUE,TRUE
9293186,"gate_30",0,FALSE,FALSE
9293277,"gate_30",21,TRUE,FALSE
9293380,"gate_40",81,TRUE,FALSE
9293506,"gate_30",32,TRUE,FALSE
9293748,"gate_40",63,TRUE,FALSE
9293864,"gate_30",40,TRUE,FALSE
9293876,"gate_40",3,FALSE,FALSE
9293942,"gate_30",283,TRUE,TRUE
9293968,"gate_30",19,FALSE,FALSE
9293984,"gate_40",12,FALSE,FALSE
9294021,"gate_40",11,FALSE,FALSE
9294098,"gate_30",3,FALSE,FALSE
9294303,"gate_30",83,TRUE,FALSE
9294318,"gate_30",20,TRUE,FALSE
9294637,"gate_30",102,TRUE,TRUE
9294708,"gate_30",11,FALSE,FALSE
9294899,"gate_30",6,FALSE,FALSE
9294914,"gate_40",3,FALSE,FALSE
9295068,"gate_30",557,TRUE,TRUE
9295274,"gate_40",15,FALSE,FALSE
9295351,"gate_30",29,TRUE,TRUE
9295425,"gate_30",75,TRUE,TRUE
9295456,"gate_40",5,TRUE,FALSE
9295502,"gate_30",15,FALSE,FALSE
9295529,"gate_30",23,TRUE,FALSE
9295545,"gate_30",13,FALSE,FALSE
9295574,"gate_40",3,FALSE,FALSE
9295799,"gate_40",68,TRUE,FALSE
9295915,"gate_40",5,FALSE,FALSE
9295975,"gate_30",20,TRUE,FALSE
9295994,"gate_30",57,TRUE,TRUE
9296157,"gate_40",13,FALSE,FALSE
9296208,"gate_30",4,FALSE,FALSE
9296474,"gate_40",2,FALSE,FALSE
9296625,"gate_30",1,FALSE,FALSE
9296748,"gate_30",131,TRUE,TRUE
9296839,"gate_40",1,FALSE,FALSE
9296966,"gate_30",12,TRUE,FALSE
9297125,"gate_40",30,TRUE,TRUE
9297133,"gate_30",4,TRUE,FALSE
9297154,"gate_40",34,FALSE,FALSE
9297168,"gate_30",91,TRUE,TRUE
9297318,"gate_40",180,TRUE,TRUE
9297389,"gate_40",37,TRUE,FALSE
9297419,"gate_40",117,TRUE,FALSE
9297528,"gate_30",16,TRUE,FALSE
9297658,"gate_40",69,TRUE,FALSE
9297737,"gate_30",212,FALSE,TRUE
9297767,"gate_40",17,TRUE,FALSE
9297811,"gate_40",3,FALSE,FALSE
9297925,"gate_30",35,FALSE,FALSE
9298123,"gate_40",10,FALSE,FALSE
9298144,"gate_30",54,TRUE,FALSE
9298156,"gate_40",310,FALSE,TRUE
9298434,"gate_40",111,TRUE,FALSE
9298754,"gate_40",11,FALSE,FALSE
9298948,"gate_40",41,TRUE,FALSE
9299035,"gate_30",12,FALSE,FALSE
9299088,"gate_30",7,FALSE,FALSE
9299147,"gate_40",38,FALSE,TRUE
9299510,"gate_40",10,FALSE,FALSE
9299605,"gate_30",142,TRUE,TRUE
9299711,"gate_40",103,TRUE,TRUE
9299816,"gate_30",10,TRUE,TRUE
9299820,"gate_40",28,TRUE,FALSE
9299971,"gate_30",56,TRUE,FALSE
9300057,"gate_30",290,TRUE,TRUE
9300204,"gate_40",5,FALSE,FALSE
9300335,"gate_40",237,TRUE,TRUE
9300562,"gate_30",10,FALSE,FALSE
9301007,"gate_30",4,FALSE,FALSE
9301113,"gate_40",1,FALSE,FALSE
9301217,"gate_40",2,FALSE,FALSE
9301352,"gate_40",15,FALSE,TRUE
9301364,"gate_30",63,TRUE,FALSE
9301375,"gate_40",4,FALSE,FALSE
9301398,"gate_40",8,TRUE,FALSE
9301676,"gate_40",38,TRUE,FALSE
9301677,"gate_30",8,FALSE,TRUE
9301962,"gate_40",1,FALSE,FALSE
9302030,"gate_30",8,TRUE,FALSE
9302240,"gate_40",18,FALSE,FALSE
9302285,"gate_40",75,TRUE,FALSE
9302371,"gate_30",6,FALSE,FALSE
9302410,"gate_40",59,FALSE,FALSE
9302777,"gate_30",8,TRUE,FALSE
9302804,"gate_30",87,TRUE,FALSE
9302841,"gate_30",173,TRUE,FALSE
9302875,"gate_30",10,TRUE,FALSE
9302915,"gate_40",68,TRUE,TRUE
9302980,"gate_40",5,FALSE,FALSE
9303097,"gate_40",144,FALSE,TRUE
9303103,"gate_30",5,FALSE,FALSE
9303200,"gate_40",64,TRUE,FALSE
9303203,"gate_30",15,FALSE,FALSE
9303318,"gate_30",2,FALSE,FALSE
9303340,"gate_30",2,FALSE,FALSE
9303581,"gate_30",1,FALSE,FALSE
9303625,"gate_40",3,FALSE,FALSE
9303727,"gate_30",103,TRUE,FALSE
9303843,"gate_30",9,TRUE,FALSE
9304350,"gate_30",38,TRUE,TRUE
9304431,"gate_30",41,TRUE,FALSE
9304626,"gate_30",19,TRUE,FALSE
9304833,"gate_40",114,TRUE,TRUE
9304907,"gate_40",12,TRUE,FALSE
9305050,"gate_30",1,FALSE,FALSE
9305846,"gate_40",8,FALSE,FALSE
9305860,"gate_40",54,FALSE,TRUE
9305862,"gate_40",117,TRUE,TRUE
9306186,"gate_30",23,FALSE,FALSE
9306191,"gate_40",22,TRUE,FALSE
9306211,"gate_30",1,FALSE,FALSE
9306257,"gate_40",236,TRUE,FALSE
9306269,"gate_30",8,FALSE,FALSE
9306719,"gate_30",0,TRUE,FALSE
9306764,"gate_40",14,TRUE,FALSE
9306870,"gate_30",4,FALSE,FALSE
9306940,"gate_30",21,TRUE,FALSE
9306959,"gate_30",9,FALSE,FALSE
9307239,"gate_40",1,FALSE,FALSE
9307472,"gate_30",104,TRUE,FALSE
9307660,"gate_40",31,FALSE,TRUE
9307751,"gate_30",76,TRUE,FALSE
9307803,"gate_30",6,FALSE,FALSE
9307859,"gate_30",41,TRUE,TRUE
9307888,"gate_40",14,TRUE,FALSE
9307923,"gate_30",91,TRUE,FALSE
9308130,"gate_40",228,TRUE,TRUE
9308146,"gate_40",147,TRUE,TRUE
9308261,"gate_40",1,FALSE,FALSE
9308330,"gate_40",10,FALSE,FALSE
9308466,"gate_40",20,TRUE,FALSE
9308510,"gate_30",1,FALSE,FALSE
9308812,"gate_40",47,TRUE,FALSE
9308876,"gate_30",8,TRUE,FALSE
9309043,"gate_30",8,FALSE,FALSE
9309596,"gate_30",200,TRUE,TRUE
9309757,"gate_30",2,FALSE,FALSE
9309921,"gate_40",1,FALSE,FALSE
9310140,"gate_40",0,FALSE,FALSE
9310368,"gate_30",13,TRUE,FALSE
9310385,"gate_40",26,FALSE,FALSE
9310475,"gate_40",19,TRUE,FALSE
9310533,"gate_40",147,TRUE,TRUE
9310579,"gate_40",1,FALSE,FALSE
9310594,"gate_30",193,TRUE,TRUE
9310633,"gate_40",13,FALSE,FALSE
9310665,"gate_40",16,FALSE,FALSE
9310701,"gate_30",2,FALSE,FALSE
9310702,"gate_40",61,FALSE,FALSE
9310732,"gate_40",35,TRUE,TRUE
9311008,"gate_30",21,TRUE,FALSE
9311161,"gate_40",18,FALSE,FALSE
9311253,"gate_40",16,FALSE,FALSE
9311436,"gate_40",10,FALSE,FALSE
9311496,"gate_40",19,TRUE,FALSE
9311610,"gate_30",87,TRUE,FALSE
9311983,"gate_40",1,FALSE,FALSE
9312160,"gate_40",8,FALSE,FALSE
9312225,"gate_40",0,FALSE,FALSE
9312301,"gate_30",217,TRUE,TRUE
9312348,"gate_30",373,TRUE,FALSE
9312450,"gate_40",3,FALSE,FALSE
9312494,"gate_40",8,FALSE,FALSE
9312612,"gate_30",23,TRUE,FALSE
9312716,"gate_30",29,TRUE,FALSE
9312753,"gate_30",51,TRUE,FALSE
9312779,"gate_40",48,TRUE,FALSE
9312811,"gate_40",54,FALSE,FALSE
9312929,"gate_40",15,FALSE,FALSE
9312984,"gate_40",63,TRUE,TRUE
9313179,"gate_30",21,TRUE,FALSE
9313495,"gate_40",44,FALSE,FALSE
9313510,"gate_30",19,TRUE,FALSE
9313526,"gate_40",8,TRUE,FALSE
9313662,"gate_30",8,FALSE,FALSE
9313958,"gate_30",11,TRUE,FALSE
9313963,"gate_30",4,FALSE,FALSE
9313970,"gate_30",45,FALSE,FALSE
9314036,"gate_40",23,TRUE,FALSE
9314047,"gate_40",0,FALSE,FALSE
9314347,"gate_40",22,TRUE,FALSE
9314435,"gate_30",0,TRUE,FALSE
9314647,"gate_40",116,TRUE,TRUE
9314796,"gate_30",210,TRUE,TRUE
9314987,"gate_40",11,FALSE,FALSE
9315079,"gate_30",4,FALSE,FALSE
9315094,"gate_40",42,FALSE,FALSE
9315252,"gate_40",11,FALSE,FALSE
9315274,"gate_40",7,FALSE,FALSE
9315295,"gate_30",41,TRUE,FALSE
9315530,"gate_30",35,TRUE,FALSE
9315872,"gate_40",32,FALSE,FALSE
9315892,"gate_40",1,FALSE,FALSE
9315936,"gate_30",2,FALSE,FALSE
9316378,"gate_30",5,FALSE,FALSE
9316502,"gate_40",20,FALSE,TRUE
9316795,"gate_40",28,FALSE,FALSE
9317162,"gate_40",51,TRUE,FALSE
9317249,"gate_40",9,FALSE,FALSE
9317491,"gate_40",7,FALSE,FALSE
9317588,"gate_30",190,TRUE,TRUE
9317762,"gate_30",1,FALSE,FALSE
9317819,"gate_30",72,FALSE,FALSE
9317961,"gate_30",18,TRUE,FALSE
9317992,"gate_30",27,TRUE,FALSE
9318135,"gate_30",1,FALSE,FALSE
9318222,"gate_40",1,FALSE,FALSE
9318310,"gate_30",141,TRUE,TRUE
9318317,"gate_30",8,FALSE,FALSE
9318371,"gate_30",17,FALSE,FALSE
9318516,"gate_40",36,TRUE,FALSE
9318605,"gate_40",44,TRUE,TRUE
9318668,"gate_30",6,FALSE,FALSE
9318744,"gate_40",13,FALSE,FALSE
9318771,"gate_30",71,FALSE,FALSE
9318781,"gate_40",16,FALSE,FALSE
9318987,"gate_40",26,TRUE,FALSE
9319084,"gate_40",0,FALSE,FALSE
9319233,"gate_30",72,TRUE,TRUE
9319264,"gate_30",9,TRUE,FALSE
9319474,"gate_30",20,FALSE,FALSE
9319587,"gate_30",112,FALSE,FALSE
9319631,"gate_30",1,FALSE,FALSE
9319687,"gate_30",0,FALSE,FALSE
9319765,"gate_30",3,FALSE,FALSE
9319880,"gate_30",27,TRUE,FALSE
9319990,"gate_40",31,TRUE,FALSE
9319993,"gate_30",85,TRUE,TRUE
9320051,"gate_40",100,TRUE,TRUE
9320057,"gate_40",119,TRUE,FALSE
9320125,"gate_30",9,FALSE,FALSE
9320342,"gate_40",3,FALSE,FALSE
9320666,"gate_40",38,TRUE,FALSE
9320720,"gate_40",43,TRUE,FALSE
9320739,"gate_40",27,FALSE,FALSE
9320797,"gate_30",61,FALSE,TRUE
9320812,"gate_40",0,FALSE,FALSE
9321077,"gate_30",1,FALSE,FALSE
9321112,"gate_40",10,FALSE,FALSE
9321134,"gate_40",0,FALSE,FALSE
9321393,"gate_40",63,FALSE,FALSE
9321495,"gate_30",0,FALSE,FALSE
9321692,"gate_40",9,FALSE,FALSE
9321709,"gate_40",23,FALSE,FALSE
9321856,"gate_30",18,TRUE,FALSE
9322015,"gate_30",174,TRUE,TRUE
9322029,"gate_30",8,FALSE,FALSE
9322043,"gate_40",256,TRUE,TRUE
9322052,"gate_30",3,TRUE,FALSE
9322140,"gate_30",43,TRUE,FALSE
9322313,"gate_40",19,FALSE,FALSE
9322352,"gate_40",7,FALSE,FALSE
9322784,"gate_30",137,FALSE,TRUE
9322833,"gate_30",4,FALSE,TRUE
9322880,"gate_30",122,TRUE,FALSE
9322900,"gate_40",3,FALSE,FALSE
9323337,"gate_30",1,FALSE,FALSE
9323570,"gate_30",1,FALSE,FALSE
9323604,"gate_30",14,TRUE,TRUE
9323657,"gate_40",4,TRUE,FALSE
9323721,"gate_30",35,TRUE,FALSE
9323725,"gate_30",8,FALSE,FALSE
9323822,"gate_40",110,TRUE,TRUE
9323832,"gate_30",19,FALSE,FALSE
9324203,"gate_40",59,FALSE,TRUE
9324305,"gate_30",0,FALSE,FALSE
9324317,"gate_40",3,FALSE,FALSE
9324448,"gate_30",9,TRUE,TRUE
9324538,"gate_30",4,FALSE,FALSE
9324659,"gate_30",4,FALSE,FALSE
9324662,"gate_30",8,FALSE,FALSE
9324720,"gate_40",19,TRUE,FALSE
9324889,"gate_40",17,TRUE,FALSE
9324913,"gate_30",19,FALSE,FALSE
9324996,"gate_40",11,FALSE,FALSE
9325026,"gate_40",17,FALSE,FALSE
9325106,"gate_40",26,TRUE,TRUE
9325213,"gate_30",33,TRUE,FALSE
9325304,"gate_40",16,FALSE,FALSE
9325572,"gate_40",99,TRUE,FALSE
9325843,"gate_30",31,TRUE,FALSE
9325951,"gate_40",4,FALSE,FALSE
9326136,"gate_40",369,TRUE,TRUE
9326280,"gate_40",2,FALSE,FALSE
9326364,"gate_30",56,TRUE,TRUE
9326714,"gate_30",16,TRUE,FALSE
9326849,"gate_30",2,FALSE,FALSE
9327017,"gate_40",418,TRUE,TRUE
9327099,"gate_40",69,FALSE,FALSE
9327244,"gate_40",2,FALSE,FALSE
9327254,"gate_30",84,TRUE,FALSE
9327297,"gate_40",2,FALSE,FALSE
9327405,"gate_40",27,FALSE,FALSE
9327592,"gate_30",487,TRUE,TRUE
9327654,"gate_40",31,FALSE,FALSE
9328125,"gate_40",20,FALSE,FALSE
9328248,"gate_30",17,FALSE,TRUE
9328266,"gate_30",6,FALSE,TRUE
9328498,"gate_40",18,FALSE,FALSE
9328533,"gate_30",0,FALSE,FALSE
9328777,"gate_40",68,TRUE,TRUE
9328924,"gate_40",1,FALSE,FALSE
9328969,"gate_40",14,FALSE,FALSE
9329094,"gate_30",0,FALSE,FALSE
9329154,"gate_30",8,FALSE,FALSE
9329324,"gate_40",1,FALSE,FALSE
9329355,"gate_30",5,FALSE,FALSE
9329433,"gate_30",1,FALSE,FALSE
9329671,"gate_30",50,TRUE,FALSE
9329696,"gate_40",2,FALSE,FALSE
9329792,"gate_40",1,FALSE,FALSE
9330083,"gate_40",1,FALSE,FALSE
9330093,"gate_30",63,TRUE,FALSE
9330199,"gate_40",1,FALSE,FALSE
9330248,"gate_40",4,FALSE,FALSE
9330374,"gate_40",35,TRUE,FALSE
9330486,"gate_40",15,TRUE,FALSE
9330586,"gate_40",13,FALSE,FALSE
9330607,"gate_30",274,TRUE,TRUE
9330735,"gate_30",107,TRUE,FALSE
9330775,"gate_40",46,TRUE,TRUE
9330942,"gate_40",6,FALSE,FALSE
9331424,"gate_40",1,FALSE,FALSE
9331440,"gate_30",36,TRUE,FALSE
9331740,"gate_30",38,FALSE,TRUE
9331801,"gate_30",36,TRUE,FALSE
9331808,"gate_40",4,FALSE,FALSE
9331853,"gate_40",50,TRUE,FALSE
9331869,"gate_40",2,FALSE,FALSE
9331945,"gate_40",36,TRUE,FALSE
9332036,"gate_40",33,TRUE,TRUE
9332087,"gate_30",28,TRUE,FALSE
9332114,"gate_30",22,TRUE,FALSE
9332137,"gate_40",1,FALSE,FALSE
9332161,"gate_40",3,FALSE,FALSE
9332354,"gate_40",2,FALSE,FALSE
9332422,"gate_30",38,TRUE,FALSE
9332482,"gate_30",258,FALSE,TRUE
9332601,"gate_40",6,FALSE,FALSE
9332612,"gate_40",1,FALSE,FALSE
9332655,"gate_40",0,FALSE,FALSE
9332677,"gate_40",286,TRUE,TRUE
9332684,"gate_30",22,FALSE,FALSE
9333036,"gate_40",14,FALSE,FALSE
9333155,"gate_30",7,FALSE,FALSE
9333252,"gate_30",7,FALSE,FALSE
9333512,"gate_30",22,FALSE,TRUE
9333970,"gate_30",3,FALSE,FALSE
9334050,"gate_40",230,FALSE,TRUE
9334110,"gate_40",6,FALSE,FALSE
9334232,"gate_40",1,FALSE,FALSE
9334255,"gate_40",1,FALSE,FALSE
9334335,"gate_30",0,FALSE,FALSE
9334451,"gate_40",58,TRUE,TRUE
9334513,"gate_40",34,FALSE,TRUE
9334544,"gate_40",8,FALSE,FALSE
9334634,"gate_30",2,TRUE,FALSE
9334666,"gate_40",2,FALSE,FALSE
9334679,"gate_30",5,FALSE,FALSE
9334713,"gate_40",6,FALSE,FALSE
9334776,"gate_40",0,FALSE,FALSE
9334791,"gate_40",38,TRUE,FALSE
9335098,"gate_40",16,TRUE,FALSE
9335313,"gate_30",16,FALSE,FALSE
9335409,"gate_40",12,FALSE,FALSE
9335554,"gate_30",4,FALSE,FALSE
9335687,"gate_40",10,FALSE,FALSE
9335800,"gate_40",10,FALSE,FALSE
9335804,"gate_40",19,TRUE,FALSE
9335897,"gate_40",12,FALSE,FALSE
9336104,"gate_30",50,TRUE,FALSE
9336364,"gate_30",33,FALSE,TRUE
9336370,"gate_40",75,TRUE,FALSE
9336571,"gate_30",1,FALSE,FALSE
9336991,"gate_40",4,FALSE,FALSE
9336994,"gate_40",19,TRUE,FALSE
9337016,"gate_40",7,TRUE,FALSE
9337236,"gate_30",4,FALSE,FALSE
9337309,"gate_40",1,FALSE,FALSE
9337343,"gate_40",20,TRUE,FALSE
9337537,"gate_40",19,FALSE,FALSE
9337574,"gate_40",230,TRUE,TRUE
9337591,"gate_40",10,FALSE,TRUE
9337723,"gate_40",296,TRUE,TRUE
9337727,"gate_40",33,FALSE,TRUE
9337937,"gate_40",28,FALSE,FALSE
9337972,"gate_30",32,TRUE,FALSE
9338050,"gate_30",9,FALSE,FALSE
9338063,"gate_40",2,FALSE,FALSE
9338243,"gate_30",1,FALSE,FALSE
9338342,"gate_40",41,TRUE,FALSE
9338349,"gate_40",547,TRUE,TRUE
9338402,"gate_30",50,TRUE,TRUE
9338415,"gate_30",2,FALSE,TRUE
9338427,"gate_30",2,FALSE,FALSE
9338600,"gate_40",5,TRUE,FALSE
9338648,"gate_30",101,TRUE,TRUE
9338657,"gate_40",375,FALSE,FALSE
9338674,"gate_30",63,TRUE,TRUE
9338794,"gate_30",21,TRUE,FALSE
9338841,"gate_30",18,TRUE,FALSE
9338860,"gate_40",21,TRUE,FALSE
9339147,"gate_30",13,TRUE,FALSE
9339156,"gate_40",110,TRUE,FALSE
9339157,"gate_40",6,TRUE,FALSE
9339375,"gate_40",260,TRUE,TRUE
9339465,"gate_40",75,TRUE,TRUE
9339562,"gate_40",37,FALSE,FALSE
9339579,"gate_40",14,TRUE,FALSE
9340042,"gate_30",15,FALSE,FALSE
9340194,"gate_40",6,FALSE,FALSE
9340294,"gate_30",7,FALSE,FALSE
9340321,"gate_30",6,FALSE,FALSE
9340359,"gate_40",1,FALSE,FALSE
9340510,"gate_40",1,FALSE,FALSE
9340567,"gate_40",5,FALSE,FALSE
9340610,"gate_30",1,FALSE,FALSE
9341151,"gate_40",527,TRUE,TRUE
9341260,"gate_40",3,FALSE,FALSE
9341319,"gate_40",24,TRUE,FALSE
9341589,"gate_40",47,TRUE,FALSE
9341666,"gate_30",6,TRUE,FALSE
9341677,"gate_30",1,FALSE,FALSE
9341678,"gate_40",12,FALSE,FALSE
9341742,"gate_30",8,FALSE,FALSE
9341867,"gate_40",74,TRUE,FALSE
9342067,"gate_40",2,FALSE,FALSE
9342106,"gate_40",1,FALSE,FALSE
9342410,"gate_40",30,FALSE,FALSE
9342437,"gate_40",0,FALSE,FALSE
9342502,"gate_40",67,TRUE,FALSE
9342539,"gate_30",38,TRUE,FALSE
9342670,"gate_40",174,TRUE,TRUE
9342717,"gate_30",2,FALSE,FALSE
9342978,"gate_40",53,FALSE,TRUE
9343302,"gate_40",12,FALSE,FALSE
9343330,"gate_40",47,FALSE,FALSE
9343454,"gate_30",13,TRUE,FALSE
9343830,"gate_30",10,TRUE,FALSE
9343927,"gate_30",83,FALSE,TRUE
9344232,"gate_30",1,FALSE,FALSE
9344333,"gate_30",2,FALSE,FALSE
9344609,"gate_30",23,TRUE,FALSE
9344730,"gate_40",65,FALSE,FALSE
9344763,"gate_40",5,FALSE,FALSE
9344817,"gate_40",0,FALSE,FALSE
9345038,"gate_40",46,FALSE,FALSE
9345080,"gate_30",6,FALSE,FALSE
9345336,"gate_40",142,FALSE,TRUE
9345904,"gate_40",3,FALSE,FALSE
9346019,"gate_40",18,FALSE,FALSE
9346032,"gate_40",0,FALSE,FALSE
9346077,"gate_40",120,TRUE,TRUE
9346310,"gate_40",15,FALSE,FALSE
9346337,"gate_30",146,TRUE,FALSE
9346457,"gate_30",14,FALSE,FALSE
9346522,"gate_30",193,TRUE,TRUE
9346556,"gate_30",3,FALSE,FALSE
9346658,"gate_40",75,FALSE,FALSE
9346774,"gate_30",3,FALSE,FALSE
9346832,"gate_30",63,FALSE,FALSE
9346911,"gate_40",4,TRUE,FALSE
9347008,"gate_40",7,TRUE,FALSE
9347033,"gate_40",11,FALSE,FALSE
9347094,"gate_30",24,FALSE,FALSE
9347152,"gate_30",58,TRUE,TRUE
9347383,"gate_30",151,TRUE,FALSE
9347493,"gate_30",1,FALSE,FALSE
9347557,"gate_40",20,FALSE,FALSE
9347667,"gate_30",4,FALSE,FALSE
9347770,"gate_40",46,FALSE,TRUE
9348228,"gate_30",64,TRUE,TRUE
9348445,"gate_40",49,TRUE,TRUE
9348662,"gate_30",47,TRUE,FALSE
9348971,"gate_30",5,FALSE,FALSE
9349004,"gate_30",1,FALSE,FALSE
9349040,"gate_30",16,TRUE,FALSE
9349228,"gate_30",201,TRUE,FALSE
9349288,"gate_30",60,TRUE,FALSE
9349295,"gate_40",2,FALSE,FALSE
9349559,"gate_40",9,TRUE,FALSE
9350243,"gate_30",105,TRUE,TRUE
9350328,"gate_40",35,TRUE,FALSE
9350357,"gate_40",2,FALSE,FALSE
9350464,"gate_30",115,TRUE,TRUE
9350651,"gate_40",11,TRUE,FALSE
9350720,"gate_40",393,TRUE,TRUE
9350723,"gate_40",33,TRUE,FALSE
9350727,"gate_30",154,TRUE,TRUE
9350952,"gate_30",101,TRUE,FALSE
9351146,"gate_40",52,TRUE,FALSE
9351163,"gate_30",18,FALSE,FALSE
9351250,"gate_40",16,TRUE,FALSE
9351535,"gate_30",415,TRUE,TRUE
9351627,"gate_40",2,FALSE,FALSE
9351669,"gate_40",2,FALSE,FALSE
9351745,"gate_40",204,TRUE,TRUE
9351892,"gate_30",8,TRUE,FALSE
9351934,"gate_40",0,FALSE,FALSE
9352053,"gate_40",6,FALSE,FALSE
9352155,"gate_30",7,FALSE,FALSE
9352241,"gate_40",33,TRUE,TRUE
9352309,"gate_30",21,FALSE,FALSE
9352477,"gate_40",9,FALSE,FALSE
9352500,"gate_30",3,FALSE,FALSE
9352598,"gate_40",27,FALSE,FALSE
9352817,"gate_30",2,FALSE,FALSE
9352857,"gate_40",45,TRUE,FALSE
9352936,"gate_30",138,TRUE,TRUE
9353153,"gate_40",95,FALSE,FALSE
9353161,"gate_30",6,FALSE,FALSE
9353377,"gate_30",0,FALSE,FALSE
9354016,"gate_40",13,TRUE,TRUE
9354068,"gate_40",1,FALSE,FALSE
9354119,"gate_40",55,TRUE,FALSE
9354156,"gate_40",45,TRUE,FALSE
9354360,"gate_40",0,FALSE,FALSE
9354455,"gate_30",142,TRUE,TRUE
9354603,"gate_40",40,TRUE,FALSE
9354806,"gate_30",0,FALSE,FALSE
9354858,"gate_30",0,FALSE,FALSE
9354870,"gate_40",107,TRUE,FALSE
9354880,"gate_40",1200,TRUE,TRUE
9355133,"gate_30",117,TRUE,TRUE
9355155,"gate_30",74,TRUE,TRUE
9355201,"gate_40",60,TRUE,FALSE
9355436,"gate_30",4,TRUE,FALSE
9355463,"gate_30",1,FALSE,FALSE
9355473,"gate_30",56,TRUE,FALSE
9355535,"gate_40",11,FALSE,FALSE
9355544,"gate_40",2,FALSE,FALSE
9355573,"gate_40",22,TRUE,FALSE
9355595,"gate_40",2,FALSE,FALSE
9355805,"gate_40",1,FALSE,FALSE
9356077,"gate_40",2,FALSE,FALSE
9356084,"gate_40",78,FALSE,FALSE
9356119,"gate_40",9,FALSE,FALSE
9356138,"gate_30",40,FALSE,FALSE
9356193,"gate_40",5,FALSE,FALSE
9356254,"gate_40",22,FALSE,FALSE
9356443,"gate_40",1,FALSE,FALSE
9356589,"gate_30",11,FALSE,FALSE
9356712,"gate_30",44,FALSE,FALSE
9356780,"gate_40",5,TRUE,FALSE
9356785,"gate_40",91,TRUE,FALSE
9356949,"gate_30",20,FALSE,FALSE
9357175,"gate_40",11,FALSE,FALSE
9357237,"gate_30",23,FALSE,FALSE
9357302,"gate_40",1,FALSE,FALSE
9357441,"gate_30",23,FALSE,TRUE
9357579,"gate_40",49,TRUE,FALSE
9357660,"gate_30",7,TRUE,FALSE
9357672,"gate_40",155,TRUE,FALSE
9357823,"gate_30",0,FALSE,FALSE
9357962,"gate_30",44,TRUE,FALSE
9357981,"gate_40",1,FALSE,FALSE
9358030,"gate_30",2,FALSE,FALSE
9358055,"gate_30",506,TRUE,TRUE
9358219,"gate_40",6,FALSE,FALSE
9358315,"gate_40",2,FALSE,FALSE
9358405,"gate_30",0,FALSE,FALSE
9358820,"gate_40",456,TRUE,TRUE
9358841,"gate_40",1,FALSE,FALSE
9358862,"gate_40",26,TRUE,FALSE
9359266,"gate_40",3,FALSE,FALSE
9359295,"gate_40",7,TRUE,FALSE
9359314,"gate_30",33,FALSE,FALSE
9359317,"gate_40",23,TRUE,FALSE
9359510,"gate_40",5,TRUE,FALSE
9359537,"gate_40",20,TRUE,TRUE
9359569,"gate_30",12,FALSE,FALSE
9359682,"gate_40",101,TRUE,TRUE
9359802,"gate_40",46,FALSE,FALSE
9359812,"gate_30",182,TRUE,TRUE
9360027,"gate_30",238,FALSE,TRUE
9360163,"gate_40",3,FALSE,FALSE
9360174,"gate_40",56,TRUE,FALSE
9360510,"gate_30",0,FALSE,FALSE
9360536,"gate_40",29,TRUE,FALSE
9361044,"gate_40",3,FALSE,FALSE
9361164,"gate_40",104,TRUE,FALSE
9361167,"gate_40",3,FALSE,FALSE
9361381,"gate_30",3,FALSE,FALSE
9361493,"gate_40",49,FALSE,FALSE
9361811,"gate_30",1,FALSE,FALSE
9361831,"gate_30",169,TRUE,TRUE
9361930,"gate_30",71,TRUE,TRUE
9362061,"gate_30",50,TRUE,FALSE
9362096,"gate_40",423,TRUE,TRUE
9362147,"gate_40",45,TRUE,FALSE
9362157,"gate_30",106,FALSE,TRUE
9362200,"gate_30",11,FALSE,FALSE
9362280,"gate_30",37,TRUE,FALSE
9362417,"gate_40",7,TRUE,FALSE
9362507,"gate_30",113,TRUE,TRUE
9362516,"gate_30",174,TRUE,TRUE
9362771,"gate_30",24,FALSE,FALSE
9362842,"gate_40",163,TRUE,TRUE
9363051,"gate_40",3,FALSE,FALSE
9363080,"gate_30",117,TRUE,TRUE
9363340,"gate_40",3,FALSE,FALSE
9363344,"gate_30",8,FALSE,FALSE
9363540,"gate_30",77,TRUE,TRUE
9363544,"gate_40",38,TRUE,FALSE
9363554,"gate_30",20,TRUE,FALSE
9363573,"gate_30",5,TRUE,FALSE
9363596,"gate_30",20,FALSE,FALSE
9363622,"gate_30",9,FALSE,FALSE
9363689,"gate_40",3,FALSE,FALSE
9363750,"gate_40",2,FALSE,FALSE
9363884,"gate_30",36,TRUE,FALSE
9363926,"gate_30",3,FALSE,FALSE
9363968,"gate_30",37,TRUE,FALSE
9364116,"gate_30",5,TRUE,FALSE
9364228,"gate_30",10,FALSE,FALSE
9364356,"gate_40",16,FALSE,FALSE
9364408,"gate_40",0,FALSE,FALSE
9364724,"gate_30",2,TRUE,FALSE
9364768,"gate_30",2,FALSE,FALSE
9364847,"gate_30",63,TRUE,FALSE
9364880,"gate_40",7,FALSE,FALSE
9364881,"gate_30",4,FALSE,FALSE
9365118,"gate_30",1,FALSE,FALSE
9365249,"gate_40",1,FALSE,FALSE
9365325,"gate_40",1,FALSE,TRUE
9365339,"gate_30",41,TRUE,FALSE
9365347,"gate_30",25,TRUE,FALSE
9365421,"gate_30",17,FALSE,FALSE
9365422,"gate_40",1,FALSE,FALSE
9365526,"gate_30",160,TRUE,TRUE
9365588,"gate_30",14,FALSE,FALSE
9365687,"gate_30",26,FALSE,FALSE
9366522,"gate_40",134,TRUE,FALSE
9366556,"gate_30",2,FALSE,FALSE
9366620,"gate_40",2,FALSE,FALSE
9366691,"gate_30",47,TRUE,TRUE
9366744,"gate_30",104,TRUE,TRUE
9366975,"gate_40",58,TRUE,TRUE
9366998,"gate_30",46,FALSE,FALSE
9367138,"gate_30",6,FALSE,FALSE
9367272,"gate_30",15,TRUE,FALSE
9367487,"gate_30",40,TRUE,FALSE
9367575,"gate_40",18,TRUE,FALSE
9367587,"gate_30",1,FALSE,FALSE
9367706,"gate_40",7,FALSE,FALSE
9367755,"gate_40",4,FALSE,FALSE
9367827,"gate_30",12,FALSE,FALSE
9368046,"gate_40",2,FALSE,FALSE
9368107,"gate_40",20,FALSE,FALSE
9368128,"gate_40",2,FALSE,FALSE
9368175,"gate_30",28,FALSE,FALSE
9368319,"gate_40",4,FALSE,FALSE
9368351,"gate_30",0,FALSE,FALSE
9368372,"gate_30",48,FALSE,FALSE
9368541,"gate_30",7,FALSE,FALSE
9369015,"gate_40",3,FALSE,FALSE
9369081,"gate_40",46,TRUE,FALSE
9369098,"gate_30",52,TRUE,FALSE
9369130,"gate_30",1,FALSE,FALSE
9369131,"gate_30",25,FALSE,FALSE
9369142,"gate_40",2,TRUE,FALSE
9369206,"gate_40",47,FALSE,FALSE
9369622,"gate_30",199,TRUE,FALSE
9369732,"gate_30",2,FALSE,FALSE
9370012,"gate_30",91,TRUE,TRUE
9370082,"gate_30",373,FALSE,TRUE
9370251,"gate_40",8,TRUE,FALSE
9370339,"gate_30",11,FALSE,FALSE
9370359,"gate_40",46,TRUE,FALSE
9370484,"gate_30",239,TRUE,FALSE
9370576,"gate_40",14,FALSE,FALSE
9370577,"gate_40",33,TRUE,FALSE
9370614,"gate_30",69,TRUE,TRUE
9370645,"gate_40",0,FALSE,FALSE
9370866,"gate_40",15,TRUE,TRUE
9371046,"gate_30",3,FALSE,FALSE
9371074,"gate_30",5,TRUE,FALSE
9371145,"gate_30",5,FALSE,FALSE
9371196,"gate_30",47,TRUE,TRUE
9371251,"gate_40",4,FALSE,FALSE
9371350,"gate_30",27,FALSE,FALSE
9371531,"gate_40",33,TRUE,FALSE
9371782,"gate_30",89,TRUE,FALSE
9371858,"gate_30",1,FALSE,FALSE
9372058,"gate_30",1,FALSE,FALSE
9372106,"gate_40",24,TRUE,FALSE
9372121,"gate_30",214,TRUE,TRUE
9372193,"gate_30",82,TRUE,FALSE
9372225,"gate_30",32,TRUE,FALSE
9372255,"gate_40",10,TRUE,TRUE
9372374,"gate_40",111,TRUE,FALSE
9372587,"gate_30",56,TRUE,FALSE
9373396,"gate_30",9,FALSE,FALSE
9373439,"gate_40",22,TRUE,FALSE
9373517,"gate_40",84,TRUE,TRUE
9373572,"gate_40",153,TRUE,FALSE
9373612,"gate_30",77,TRUE,FALSE
9373640,"gate_30",16,TRUE,FALSE
9373819,"gate_30",9,TRUE,FALSE
9373851,"gate_40",80,TRUE,FALSE
9373936,"gate_30",129,TRUE,TRUE
9374038,"gate_40",22,TRUE,FALSE
9374045,"gate_40",11,FALSE,FALSE
9374079,"gate_40",57,TRUE,TRUE
9374096,"gate_30",38,TRUE,FALSE
9374263,"gate_40",222,TRUE,TRUE
9374390,"gate_30",36,TRUE,FALSE
9374429,"gate_40",233,TRUE,TRUE
9374770,"gate_30",116,FALSE,TRUE
9374836,"gate_30",7,FALSE,FALSE
9374842,"gate_30",40,FALSE,FALSE
9374925,"gate_40",17,TRUE,FALSE
9375147,"gate_30",0,FALSE,FALSE
9375161,"gate_40",1,FALSE,FALSE
9375736,"gate_40",2,FALSE,FALSE
9375879,"gate_30",1,FALSE,FALSE
9375888,"gate_30",41,TRUE,TRUE
9376033,"gate_40",14,FALSE,FALSE
9376038,"gate_40",9,FALSE,FALSE
9376095,"gate_40",31,FALSE,FALSE
9376205,"gate_40",0,FALSE,FALSE
9376496,"gate_40",5,FALSE,FALSE
9376536,"gate_30",148,TRUE,TRUE
9376877,"gate_30",185,TRUE,TRUE
9376996,"gate_30",5,TRUE,FALSE
9377160,"gate_30",99,FALSE,TRUE
9377205,"gate_30",2,FALSE,FALSE
9377252,"gate_40",21,FALSE,FALSE
9377362,"gate_40",16,TRUE,FALSE
9377371,"gate_30",3,FALSE,FALSE
9377604,"gate_30",5,FALSE,FALSE
9377808,"gate_30",4,FALSE,FALSE
9377819,"gate_40",29,FALSE,FALSE
9377847,"gate_30",6,FALSE,FALSE
9377887,"gate_30",39,FALSE,TRUE
9377907,"gate_40",148,TRUE,TRUE
9377985,"gate_30",20,TRUE,FALSE
9378019,"gate_30",45,TRUE,TRUE
9378166,"gate_30",11,FALSE,FALSE
9378196,"gate_40",1,FALSE,FALSE
9378375,"gate_40",51,FALSE,FALSE
9378481,"gate_40",14,FALSE,FALSE
9378730,"gate_30",30,FALSE,FALSE
9379009,"gate_40",8,FALSE,FALSE
9379048,"gate_40",73,TRUE,FALSE
9379118,"gate_30",8,FALSE,FALSE
9379179,"gate_30",2,FALSE,FALSE
9379225,"gate_40",3,FALSE,FALSE
9379254,"gate_40",1,FALSE,FALSE
9379447,"gate_40",8,TRUE,FALSE
9379710,"gate_30",16,FALSE,FALSE
9379721,"gate_40",36,FALSE,FALSE
9379883,"gate_30",1,FALSE,FALSE
9379889,"gate_40",26,TRUE,FALSE
9380032,"gate_40",52,TRUE,TRUE
9380061,"gate_30",190,TRUE,TRUE
9380070,"gate_40",1,FALSE,FALSE
9380231,"gate_40",0,FALSE,FALSE
9380238,"gate_30",0,FALSE,FALSE
9380248,"gate_30",54,TRUE,TRUE
9380371,"gate_40",2,FALSE,FALSE
9380391,"gate_30",10,FALSE,FALSE
9380398,"gate_30",2,FALSE,FALSE
9380831,"gate_40",20,FALSE,FALSE
9381133,"gate_30",4,FALSE,FALSE
9381230,"gate_30",217,TRUE,FALSE
9381254,"gate_30",4,FALSE,FALSE
9381299,"gate_30",2,FALSE,FALSE
9381404,"gate_30",71,TRUE,FALSE
9381639,"gate_40",11,TRUE,FALSE
9381672,"gate_30",26,FALSE,FALSE
9382106,"gate_40",92,TRUE,TRUE
9382529,"gate_40",20,TRUE,FALSE
9382630,"gate_40",2,FALSE,FALSE
9382641,"gate_40",3,TRUE,FALSE
9382693,"gate_40",1,FALSE,FALSE
9382698,"gate_40",9,TRUE,FALSE
9382723,"gate_30",4,FALSE,FALSE
9382776,"gate_40",72,TRUE,FALSE
9382938,"gate_40",42,FALSE,FALSE
9383011,"gate_40",8,FALSE,FALSE
9383188,"gate_30",3,FALSE,FALSE
9383238,"gate_40",414,TRUE,TRUE
9383315,"gate_40",35,TRUE,FALSE
9383438,"gate_30",5,FALSE,FALSE
9383449,"gate_30",9,TRUE,FALSE
9383471,"gate_40",0,FALSE,FALSE
9383472,"gate_30",3,TRUE,FALSE
9383493,"gate_30",27,TRUE,TRUE
9383557,"gate_30",4,FALSE,FALSE
9383687,"gate_40",16,FALSE,FALSE
9383704,"gate_40",4,FALSE,FALSE
9383810,"gate_40",1,FALSE,FALSE
9383840,"gate_30",8,FALSE,FALSE
9383956,"gate_40",13,FALSE,FALSE
9384161,"gate_30",1,FALSE,FALSE
9384315,"gate_40",9,FALSE,FALSE
9384320,"gate_40",3,FALSE,FALSE
9384487,"gate_40",10,FALSE,FALSE
9384629,"gate_40",7,FALSE,FALSE
9384656,"gate_30",81,TRUE,FALSE
9384780,"gate_30",82,TRUE,TRUE
9385071,"gate_40",0,FALSE,FALSE
9385134,"gate_40",59,FALSE,FALSE
9385442,"gate_40",105,TRUE,FALSE
9385701,"gate_30",57,TRUE,FALSE
9385798,"gate_30",6,FALSE,FALSE
9385835,"gate_30",255,TRUE,TRUE
9385894,"gate_30",23,TRUE,TRUE
9386286,"gate_40",32,FALSE,FALSE
9386441,"gate_40",2,FALSE,FALSE
9386661,"gate_30",6,FALSE,FALSE
9386709,"gate_30",165,TRUE,FALSE
9386758,"gate_30",1,FALSE,FALSE
9387534,"gate_30",39,TRUE,TRUE
9387669,"gate_30",0,FALSE,FALSE
9387672,"gate_40",144,TRUE,TRUE
9387759,"gate_40",59,FALSE,TRUE
9387910,"gate_40",0,FALSE,FALSE
9387927,"gate_40",43,TRUE,TRUE
9387994,"gate_40",2,FALSE,FALSE
9388170,"gate_30",3,FALSE,FALSE
9388211,"gate_40",4,TRUE,FALSE
9388308,"gate_40",95,FALSE,FALSE
9388588,"gate_40",8,FALSE,FALSE
9388609,"gate_30",34,FALSE,FALSE
9388978,"gate_40",25,TRUE,FALSE
9389142,"gate_30",3,FALSE,FALSE
9389304,"gate_40",19,TRUE,FALSE
9389322,"gate_40",10,FALSE,FALSE
9389329,"gate_40",15,TRUE,FALSE
9389497,"gate_40",4,FALSE,FALSE
9389586,"gate_30",73,TRUE,FALSE
9389587,"gate_30",3,FALSE,FALSE
9389759,"gate_30",17,FALSE,FALSE
9389816,"gate_30",11,FALSE,FALSE
9390032,"gate_40",2,FALSE,FALSE
9390127,"gate_30",8,FALSE,FALSE
9390229,"gate_30",0,FALSE,FALSE
9390482,"gate_30",3,FALSE,FALSE
9390534,"gate_30",12,FALSE,FALSE
9390569,"gate_40",2,FALSE,FALSE
9390780,"gate_30",244,TRUE,TRUE
9390786,"gate_40",54,TRUE,FALSE
9390835,"gate_40",64,FALSE,FALSE
9391215,"gate_40",14,FALSE,FALSE
9391323,"gate_40",3,FALSE,FALSE
9391535,"gate_40",12,TRUE,FALSE
9391547,"gate_40",4,TRUE,FALSE
9391604,"gate_30",16,FALSE,FALSE
9391643,"gate_30",10,FALSE,FALSE
9391644,"gate_30",149,TRUE,TRUE
9391704,"gate_40",1,FALSE,FALSE
9391811,"gate_30",5,FALSE,FALSE
9391894,"gate_30",8,FALSE,FALSE
9391900,"gate_30",441,TRUE,TRUE
9391968,"gate_40",6,FALSE,FALSE
9392063,"gate_40",32,FALSE,FALSE
9392128,"gate_30",10,FALSE,FALSE
9392134,"gate_30",6,FALSE,FALSE
9392142,"gate_40",114,TRUE,TRUE
9392196,"gate_30",60,TRUE,TRUE
9392503,"gate_30",71,TRUE,TRUE
9392638,"gate_40",0,FALSE,FALSE
9392736,"gate_30",48,TRUE,TRUE
9392926,"gate_40",3,FALSE,FALSE
9392958,"gate_30",30,TRUE,FALSE
9393028,"gate_40",3,FALSE,FALSE
9393044,"gate_40",582,TRUE,TRUE
9393092,"gate_40",107,TRUE,FALSE
9393186,"gate_30",15,FALSE,FALSE
9393222,"gate_40",16,TRUE,TRUE
9393354,"gate_40",294,TRUE,TRUE
9393409,"gate_30",354,FALSE,TRUE
9393445,"gate_40",6,FALSE,FALSE
9393452,"gate_30",102,TRUE,FALSE
9393523,"gate_40",16,TRUE,FALSE
9393675,"gate_40",31,TRUE,FALSE
9393724,"gate_40",8,FALSE,FALSE
9393728,"gate_30",21,FALSE,FALSE
9393860,"gate_40",25,FALSE,FALSE
9393896,"gate_40",5,FALSE,FALSE
9393906,"gate_30",7,TRUE,FALSE
9394100,"gate_40",43,TRUE,FALSE
9394159,"gate_40",32,TRUE,FALSE
9394252,"gate_40",42,FALSE,FALSE
9394333,"gate_40",28,TRUE,FALSE
9394541,"gate_40",12,FALSE,FALSE
9394907,"gate_30",85,TRUE,FALSE
9394924,"gate_40",36,TRUE,FALSE
9394958,"gate_30",9,FALSE,FALSE
9395179,"gate_30",1,FALSE,FALSE
9395190,"gate_30",8,TRUE,FALSE
9395250,"gate_40",54,FALSE,FALSE
9395458,"gate_40",0,FALSE,FALSE
9395578,"gate_40",8,FALSE,FALSE
9395614,"gate_40",420,TRUE,TRUE
9395665,"gate_30",1,FALSE,FALSE
9395761,"gate_30",53,TRUE,FALSE
9395780,"gate_40",16,FALSE,FALSE
9395825,"gate_40",21,TRUE,FALSE
9396096,"gate_40",9,FALSE,TRUE
9396282,"gate_40",58,TRUE,FALSE
9396296,"gate_40",33,FALSE,FALSE
9396517,"gate_30",4,FALSE,FALSE
9396678,"gate_30",2,FALSE,FALSE
9396695,"gate_30",1,FALSE,FALSE
9396828,"gate_40",48,TRUE,FALSE
9396843,"gate_30",4,FALSE,FALSE
9397000,"gate_30",29,TRUE,TRUE
9397206,"gate_40",24,TRUE,FALSE
9397367,"gate_30",81,FALSE,FALSE
9397400,"gate_30",15,TRUE,FALSE
9397434,"gate_30",6,FALSE,FALSE
9397548,"gate_30",6,FALSE,FALSE
9397562,"gate_30",64,TRUE,FALSE
9397673,"gate_40",479,TRUE,TRUE
9397998,"gate_30",83,TRUE,FALSE
9398021,"gate_40",3,FALSE,FALSE
9398107,"gate_30",106,TRUE,FALSE
9398145,"gate_40",66,TRUE,FALSE
9398262,"gate_30",34,FALSE,FALSE
9398366,"gate_30",32,TRUE,FALSE
9398514,"gate_30",44,TRUE,FALSE
9398554,"gate_30",48,TRUE,FALSE
9398687,"gate_40",0,FALSE,FALSE
9398745,"gate_40",4,FALSE,FALSE
9398770,"gate_40",19,FALSE,FALSE
9398804,"gate_40",51,TRUE,FALSE
9398891,"gate_40",18,FALSE,FALSE
9398913,"gate_40",11,FALSE,FALSE
9399097,"gate_30",35,FALSE,FALSE
9399152,"gate_40",1,FALSE,FALSE
9399375,"gate_40",1,FALSE,FALSE
9399385,"gate_40",10,FALSE,FALSE
9399549,"gate_40",12,FALSE,FALSE
9399585,"gate_30",5,FALSE,FALSE
9399589,"gate_30",5,FALSE,FALSE
9399603,"gate_40",17,TRUE,FALSE
9399823,"gate_40",34,TRUE,FALSE
9399892,"gate_40",9,FALSE,FALSE
9399937,"gate_30",2,FALSE,FALSE
9400282,"gate_30",147,TRUE,TRUE
9400313,"gate_30",68,TRUE,TRUE
9400430,"gate_40",8,FALSE,FALSE
9400802,"gate_30",7,TRUE,FALSE
9400969,"gate_40",1,FALSE,FALSE
9400976,"gate_40",44,TRUE,TRUE
9401043,"gate_30",9,FALSE,FALSE
9401146,"gate_30",7,FALSE,FALSE
9401202,"gate_30",35,TRUE,FALSE
9401262,"gate_40",153,FALSE,TRUE
9401382,"gate_30",100,TRUE,TRUE
9401561,"gate_40",10,FALSE,FALSE
9401744,"gate_40",116,TRUE,FALSE
9401775,"gate_40",6,FALSE,FALSE
9401840,"gate_40",2,FALSE,FALSE
9402173,"gate_40",6,TRUE,FALSE
9402482,"gate_30",12,TRUE,FALSE
9402686,"gate_30",2,FALSE,FALSE
9402707,"gate_30",134,TRUE,FALSE
9403057,"gate_30",24,FALSE,FALSE
9403080,"gate_30",2,FALSE,FALSE
9403105,"gate_30",1,FALSE,FALSE
9403302,"gate_40",117,TRUE,TRUE
9403330,"gate_30",29,FALSE,FALSE
9403450,"gate_40",5,FALSE,FALSE
9403651,"gate_40",7,FALSE,FALSE
9403684,"gate_30",12,TRUE,FALSE
9403731,"gate_40",3,FALSE,FALSE
9403771,"gate_40",14,TRUE,FALSE
9403876,"gate_30",3,FALSE,FALSE
9403939,"gate_30",2,FALSE,FALSE
9403979,"gate_40",12,FALSE,FALSE
9404154,"gate_40",10,FALSE,FALSE
9404216,"gate_40",1,FALSE,FALSE
9404256,"gate_40",2,FALSE,FALSE
9404294,"gate_40",36,TRUE,TRUE
9404343,"gate_30",1,TRUE,TRUE
9404392,"gate_40",57,TRUE,FALSE
9404488,"gate_40",74,TRUE,TRUE
9404719,"gate_30",105,TRUE,TRUE
9404752,"gate_30",177,TRUE,TRUE
9404849,"gate_30",32,FALSE,FALSE
9404878,"gate_30",20,TRUE,FALSE
9405334,"gate_40",1,FALSE,FALSE
9405640,"gate_40",6,FALSE,FALSE
9405694,"gate_40",117,FALSE,FALSE
9405808,"gate_40",27,TRUE,FALSE
9405810,"gate_40",1,FALSE,FALSE
9405834,"gate_40",0,FALSE,FALSE
9405874,"gate_30",23,FALSE,FALSE
9405906,"gate_30",4,FALSE,FALSE
9405960,"gate_40",0,FALSE,FALSE
9406298,"gate_30",14,FALSE,FALSE
9406337,"gate_30",4,FALSE,FALSE
9406668,"gate_30",3,FALSE,FALSE
9406669,"gate_40",39,FALSE,FALSE
9406754,"gate_40",19,TRUE,FALSE
9406809,"gate_40",11,TRUE,FALSE
9406813,"gate_40",97,TRUE,FALSE
9406817,"gate_30",2,FALSE,FALSE
9407018,"gate_40",24,TRUE,FALSE
9407033,"gate_40",455,TRUE,TRUE
9407165,"gate_40",3,FALSE,FALSE
9407170,"gate_30",2,FALSE,FALSE
9407251,"gate_30",23,TRUE,FALSE
9407399,"gate_30",344,TRUE,TRUE
9407618,"gate_40",116,FALSE,TRUE
9407671,"gate_40",17,FALSE,FALSE
9407683,"gate_40",10,FALSE,FALSE
9407718,"gate_40",56,TRUE,FALSE
9407738,"gate_30",19,TRUE,FALSE
9408013,"gate_40",2,FALSE,FALSE
9408180,"gate_40",3,FALSE,FALSE
9408181,"gate_30",351,TRUE,TRUE
9408297,"gate_30",3,FALSE,FALSE
9408303,"gate_30",90,FALSE,FALSE
9408379,"gate_30",2,FALSE,FALSE
9408526,"gate_40",13,FALSE,FALSE
9408680,"gate_40",5,FALSE,FALSE
9408840,"gate_30",4,FALSE,FALSE
9408853,"gate_40",10,TRUE,FALSE
9408877,"gate_30",15,FALSE,FALSE
9409127,"gate_30",5,FALSE,FALSE
9409150,"gate_30",4,FALSE,FALSE
9409191,"gate_40",6,FALSE,FALSE
9409242,"gate_30",8,FALSE,FALSE
9409256,"gate_30",22,TRUE,FALSE
9409315,"gate_30",1490,TRUE,TRUE
9409348,"gate_30",27,FALSE,FALSE
9409636,"gate_30",7,FALSE,FALSE
9409848,"gate_40",1,FALSE,FALSE
9410128,"gate_30",6,FALSE,FALSE
9410164,"gate_40",22,TRUE,TRUE
9410226,"gate_40",26,TRUE,FALSE
9410354,"gate_30",38,FALSE,FALSE
9410403,"gate_30",52,TRUE,FALSE
9410699,"gate_30",22,FALSE,TRUE
9410888,"gate_30",457,TRUE,TRUE
9410979,"gate_30",25,TRUE,FALSE
9411107,"gate_30",24,FALSE,FALSE
9411157,"gate_30",15,FALSE,FALSE
9411187,"gate_40",18,TRUE,FALSE
9411221,"gate_40",377,TRUE,TRUE
9411241,"gate_30",7,FALSE,FALSE
9411317,"gate_40",27,FALSE,FALSE
9411503,"gate_40",0,FALSE,FALSE
9411807,"gate_30",7,FALSE,FALSE
9411824,"gate_30",0,FALSE,FALSE
9411874,"gate_40",27,FALSE,FALSE
9411961,"gate_40",172,TRUE,TRUE
9411966,"gate_30",27,TRUE,FALSE
9412025,"gate_40",5,TRUE,FALSE
9412057,"gate_40",32,TRUE,FALSE
9412305,"gate_40",4,FALSE,FALSE
9412448,"gate_30",0,FALSE,FALSE
9412480,"gate_30",7,FALSE,FALSE
9412483,"gate_40",14,TRUE,FALSE
9412679,"gate_30",6,TRUE,FALSE
9412782,"gate_30",38,FALSE,TRUE
9412785,"gate_30",1,FALSE,FALSE
9412801,"gate_30",59,TRUE,FALSE
9412992,"gate_40",12,FALSE,FALSE
9413234,"gate_30",1,FALSE,FALSE
9413269,"gate_40",965,TRUE,TRUE
9413302,"gate_30",2,FALSE,FALSE
9413433,"gate_40",18,FALSE,FALSE
9413545,"gate_40",299,TRUE,TRUE
9413674,"gate_40",61,TRUE,TRUE
9413748,"gate_30",1,FALSE,FALSE
9413825,"gate_30",25,TRUE,TRUE
9413895,"gate_30",44,TRUE,FALSE
9413897,"gate_40",73,TRUE,FALSE
9413914,"gate_40",264,TRUE,TRUE
9414039,"gate_30",32,FALSE,FALSE
9414283,"gate_40",1,FALSE,FALSE
9414284,"gate_40",2,TRUE,FALSE
9414355,"gate_30",139,TRUE,FALSE
9414580,"gate_30",62,TRUE,TRUE
9414581,"gate_30",53,TRUE,FALSE
9414584,"gate_40",22,TRUE,FALSE
9414677,"gate_30",3,FALSE,FALSE
9414735,"gate_30",23,TRUE,TRUE
9414786,"gate_40",14,TRUE,FALSE
9414927,"gate_40",22,TRUE,FALSE
9414969,"gate_40",137,TRUE,FALSE
9415037,"gate_40",4,FALSE,FALSE
9415145,"gate_30",25,TRUE,FALSE
9415196,"gate_30",4,TRUE,FALSE
9415223,"gate_40",16,FALSE,FALSE
9415267,"gate_30",34,TRUE,FALSE
9415480,"gate_30",10,FALSE,FALSE
9415613,"gate_30",15,FALSE,TRUE
9415688,"gate_30",68,TRUE,FALSE
9415778,"gate_30",21,FALSE,FALSE
9415829,"gate_40",97,TRUE,FALSE
9415848,"gate_30",281,FALSE,TRUE
9415976,"gate_30",8,TRUE,FALSE
9415982,"gate_30",26,TRUE,FALSE
9416075,"gate_30",7,FALSE,FALSE
9416113,"gate_40",56,TRUE,FALSE
9416158,"gate_40",120,TRUE,FALSE
9416282,"gate_40",2,FALSE,FALSE
9416321,"gate_40",54,FALSE,TRUE
9416335,"gate_40",16,FALSE,FALSE
9416420,"gate_40",0,FALSE,FALSE
9416605,"gate_40",9,FALSE,FALSE
9416607,"gate_40",6,TRUE,FALSE
9416616,"gate_40",116,TRUE,FALSE
9416805,"gate_40",6,TRUE,FALSE
9416841,"gate_40",24,TRUE,TRUE
9416852,"gate_40",99,TRUE,FALSE
9417057,"gate_30",2,FALSE,FALSE
9417126,"gate_30",222,TRUE,TRUE
9417216,"gate_30",15,TRUE,FALSE
9417293,"gate_40",22,TRUE,TRUE
9417299,"gate_40",37,FALSE,FALSE
9417431,"gate_40",2,FALSE,FALSE
9417439,"gate_30",12,TRUE,FALSE
9417537,"gate_30",674,TRUE,TRUE
9417569,"gate_30",2,FALSE,FALSE
9417844,"gate_40",4,FALSE,FALSE
9417871,"gate_40",54,FALSE,FALSE
9418236,"gate_40",9,FALSE,FALSE
9418344,"gate_30",58,TRUE,FALSE
9418488,"gate_30",11,FALSE,TRUE
9418722,"gate_30",289,TRUE,TRUE
9418907,"gate_40",23,TRUE,FALSE
9419113,"gate_40",1,FALSE,FALSE
9419359,"gate_30",162,TRUE,FALSE
9419587,"gate_40",1,FALSE,FALSE
9419674,"gate_40",157,TRUE,FALSE
9419700,"gate_40",7,FALSE,FALSE
9419834,"gate_30",3,FALSE,FALSE
9419958,"gate_30",26,TRUE,FALSE
9419967,"gate_30",4,FALSE,FALSE
9420143,"gate_30",197,TRUE,FALSE
9420145,"gate_30",193,TRUE,FALSE
9420205,"gate_40",124,TRUE,TRUE
9420215,"gate_40",0,FALSE,FALSE
9420458,"gate_30",3,FALSE,FALSE
9420500,"gate_30",5,FALSE,FALSE
9420638,"gate_30",16,FALSE,FALSE
9420746,"gate_40",152,TRUE,TRUE
9420762,"gate_40",6,FALSE,FALSE
9420768,"gate_40",2,FALSE,FALSE
9420864,"gate_40",5,FALSE,FALSE
9420907,"gate_30",738,TRUE,TRUE
9420952,"gate_40",107,TRUE,TRUE
9421271,"gate_40",10,FALSE,FALSE
9421364,"gate_40",392,TRUE,TRUE
9421533,"gate_40",182,TRUE,FALSE
9421691,"gate_40",67,FALSE,FALSE
9421779,"gate_30",12,TRUE,TRUE
9422114,"gate_30",16,TRUE,FALSE
9422204,"gate_30",98,TRUE,TRUE
9422222,"gate_40",140,FALSE,TRUE
9422278,"gate_40",30,TRUE,FALSE
9422343,"gate_30",16,FALSE,FALSE
9422380,"gate_40",15,FALSE,FALSE
9422516,"gate_30",6,TRUE,FALSE
9422535,"gate_40",29,TRUE,FALSE
9422641,"gate_30",7,FALSE,FALSE
9422652,"gate_40",6,FALSE,FALSE
9422767,"gate_30",26,TRUE,FALSE
9422875,"gate_40",2,FALSE,FALSE
9422897,"gate_30",259,TRUE,FALSE
9422964,"gate_30",20,FALSE,FALSE
9423158,"gate_40",43,TRUE,FALSE
9423386,"gate_30",309,TRUE,FALSE
9423644,"gate_30",53,TRUE,TRUE
9423663,"gate_40",127,TRUE,FALSE
9423905,"gate_30",15,FALSE,FALSE
9423951,"gate_40",125,TRUE,FALSE
9423977,"gate_40",21,TRUE,FALSE
9424063,"gate_40",2,FALSE,FALSE
9424276,"gate_30",19,FALSE,FALSE
9424401,"gate_30",7,FALSE,FALSE
9424406,"gate_30",102,TRUE,FALSE
9424435,"gate_40",42,FALSE,FALSE
9424444,"gate_40",30,TRUE,FALSE
9424896,"gate_40",5,FALSE,FALSE
9425031,"gate_30",2,FALSE,FALSE
9425137,"gate_40",318,TRUE,TRUE
9425268,"gate_40",0,FALSE,FALSE
9425370,"gate_40",21,FALSE,FALSE
9425376,"gate_30",0,FALSE,FALSE
9425609,"gate_30",65,TRUE,TRUE
9425620,"gate_30",17,TRUE,TRUE
9425627,"gate_30",42,TRUE,FALSE
9425790,"gate_30",27,TRUE,FALSE
9425827,"gate_40",21,FALSE,FALSE
9425873,"gate_40",375,TRUE,TRUE
9426223,"gate_40",31,TRUE,FALSE
9426358,"gate_40",92,FALSE,FALSE
9426396,"gate_30",113,TRUE,TRUE
9426492,"gate_40",3,FALSE,FALSE
9426563,"gate_30",129,TRUE,FALSE
9426657,"gate_30",4,FALSE,FALSE
9426712,"gate_30",2,FALSE,FALSE
9426720,"gate_40",3,FALSE,FALSE
9426830,"gate_40",9,FALSE,FALSE
9426910,"gate_30",40,TRUE,FALSE
9426961,"gate_40",11,FALSE,FALSE
9427106,"gate_40",9,FALSE,FALSE
9427140,"gate_30",50,FALSE,FALSE
9427360,"gate_40",30,TRUE,FALSE
9427481,"gate_40",14,FALSE,FALSE
9427560,"gate_40",317,TRUE,TRUE
9427745,"gate_30",70,TRUE,TRUE
9427820,"gate_40",2,FALSE,FALSE
9427881,"gate_30",1,FALSE,FALSE
9427958,"gate_30",8,FALSE,FALSE
9427965,"gate_40",8,FALSE,FALSE
9428022,"gate_30",1,FALSE,FALSE
9428028,"gate_40",252,TRUE,TRUE
9428150,"gate_30",19,TRUE,FALSE
9428313,"gate_30",0,FALSE,FALSE
9428392,"gate_40",5,FALSE,FALSE
9428395,"gate_40",5,FALSE,FALSE
9428492,"gate_30",152,TRUE,TRUE
9428679,"gate_30",7,TRUE,FALSE
9428745,"gate_30",30,TRUE,FALSE
9428792,"gate_30",2,FALSE,FALSE
9428845,"gate_30",21,FALSE,FALSE
9428882,"gate_30",38,TRUE,FALSE
9429235,"gate_40",12,FALSE,FALSE
9429337,"gate_40",159,TRUE,TRUE
9429356,"gate_40",9,FALSE,FALSE
9429442,"gate_40",0,FALSE,FALSE
9429480,"gate_30",17,TRUE,FALSE
9429672,"gate_30",73,TRUE,TRUE
9429789,"gate_30",19,FALSE,FALSE
9429848,"gate_40",40,TRUE,FALSE
9429997,"gate_30",199,TRUE,FALSE
9430274,"gate_30",35,TRUE,FALSE
9430322,"gate_40",147,TRUE,FALSE
9430329,"gate_40",80,TRUE,FALSE
9430373,"gate_30",10,FALSE,FALSE
9430554,"gate_30",0,FALSE,FALSE
9430556,"gate_30",18,FALSE,FALSE
9430598,"gate_30",15,TRUE,FALSE
9430628,"gate_30",36,TRUE,FALSE
9430656,"gate_30",7,FALSE,FALSE
9430748,"gate_30",96,TRUE,TRUE
9430879,"gate_40",15,FALSE,FALSE
9430925,"gate_40",14,TRUE,TRUE
9431083,"gate_30",28,FALSE,TRUE
9431254,"gate_40",8,FALSE,FALSE
9431365,"gate_30",35,TRUE,FALSE
9431369,"gate_30",10,TRUE,FALSE
9431426,"gate_40",40,TRUE,TRUE
9431704,"gate_30",74,TRUE,FALSE
9431710,"gate_40",5,TRUE,FALSE
9431865,"gate_40",5,FALSE,FALSE
9431927,"gate_40",34,TRUE,TRUE
9431962,"gate_40",2,FALSE,FALSE
9432154,"gate_40",105,TRUE,TRUE
9432228,"gate_40",197,TRUE,TRUE
9432335,"gate_40",83,TRUE,FALSE
9432383,"gate_30",19,TRUE,FALSE
9432491,"gate_40",12,FALSE,FALSE
9432598,"gate_40",56,TRUE,FALSE
9432623,"gate_40",0,FALSE,FALSE
9433547,"gate_30",12,FALSE,FALSE
9433554,"gate_40",18,FALSE,FALSE
9433627,"gate_30",22,TRUE,FALSE
9433638,"gate_40",34,FALSE,TRUE
9433696,"gate_40",175,TRUE,FALSE
9433739,"gate_40",1,FALSE,FALSE
9433814,"gate_30",4,TRUE,FALSE
9433838,"gate_30",23,TRUE,FALSE
9434166,"gate_40",113,TRUE,TRUE
9434210,"gate_40",12,FALSE,FALSE
9434351,"gate_30",143,TRUE,TRUE
9434386,"gate_30",30,FALSE,FALSE
9434429,"gate_40",8,FALSE,FALSE
9434739,"gate_40",60,FALSE,TRUE
9434805,"gate_40",30,TRUE,FALSE
9434898,"gate_30",7,FALSE,FALSE
9435094,"gate_40",8,TRUE,FALSE
9435121,"gate_40",57,TRUE,TRUE
9435136,"gate_30",35,TRUE,FALSE
9435210,"gate_40",50,TRUE,FALSE
9435483,"gate_40",9,FALSE,FALSE
9435491,"gate_30",0,FALSE,FALSE
9435762,"gate_30",40,FALSE,FALSE
9435768,"gate_30",40,FALSE,FALSE
9435916,"gate_40",143,TRUE,FALSE
9436121,"gate_30",178,TRUE,FALSE
9436157,"gate_40",29,FALSE,FALSE
9436187,"gate_30",44,TRUE,FALSE
9436223,"gate_40",11,FALSE,FALSE
9436228,"gate_30",61,TRUE,FALSE
9436258,"gate_40",83,TRUE,FALSE
9436263,"gate_40",107,TRUE,TRUE
9436293,"gate_30",91,TRUE,TRUE
9436411,"gate_30",56,TRUE,TRUE
9436575,"gate_30",69,TRUE,FALSE
9436825,"gate_40",4,FALSE,FALSE
9436889,"gate_30",0,FALSE,FALSE
9437007,"gate_30",53,TRUE,FALSE
9437031,"gate_30",120,TRUE,FALSE
9437144,"gate_40",244,TRUE,FALSE
9437249,"gate_30",5,TRUE,FALSE
9437265,"gate_40",21,TRUE,FALSE
9437284,"gate_40",310,TRUE,TRUE
9437295,"gate_40",70,FALSE,TRUE
9437380,"gate_40",4,FALSE,FALSE
9437514,"gate_40",2,FALSE,FALSE
9437545,"gate_30",11,TRUE,FALSE
9437583,"gate_40",22,FALSE,FALSE
9437658,"gate_30",51,TRUE,FALSE
9437781,"gate_30",9,FALSE,FALSE
9437845,"gate_40",5,FALSE,FALSE
9437929,"gate_40",12,FALSE,FALSE
9437944,"gate_40",6,FALSE,FALSE
9437971,"gate_30",17,FALSE,FALSE
9438009,"gate_40",6,FALSE,FALSE
9438208,"gate_40",142,FALSE,TRUE
9438264,"gate_30",15,FALSE,FALSE
9438266,"gate_40",4,FALSE,FALSE
9438329,"gate_40",82,TRUE,FALSE
9438629,"gate_30",1,FALSE,FALSE
9438633,"gate_30",1,FALSE,FALSE
9438743,"gate_30",37,TRUE,FALSE
9438797,"gate_40",6,FALSE,FALSE
9438967,"gate_40",585,TRUE,TRUE
9439117,"gate_40",23,FALSE,FALSE
9439128,"gate_40",11,FALSE,FALSE
9439129,"gate_30",174,FALSE,TRUE
9439233,"gate_40",39,FALSE,FALSE
9439403,"gate_30",13,TRUE,FALSE
9439555,"gate_30",1,FALSE,FALSE
9439704,"gate_40",14,FALSE,FALSE
9439882,"gate_30",2,FALSE,FALSE
9439940,"gate_40",15,TRUE,FALSE
9440039,"gate_30",11,FALSE,TRUE
9440043,"gate_40",414,TRUE,TRUE
9440084,"gate_30",57,FALSE,FALSE
9440086,"gate_40",36,TRUE,FALSE
9440240,"gate_40",29,FALSE,FALSE
9440292,"gate_30",1,FALSE,FALSE
9440332,"gate_30",8,FALSE,FALSE
9440475,"gate_40",40,TRUE,FALSE
9440704,"gate_40",42,TRUE,FALSE
9440845,"gate_30",15,TRUE,FALSE
9440932,"gate_40",33,TRUE,FALSE
9441224,"gate_30",16,FALSE,FALSE
9441225,"gate_40",4,FALSE,FALSE
9441273,"gate_30",43,FALSE,FALSE
9441361,"gate_30",215,TRUE,FALSE
9441500,"gate_30",17,FALSE,FALSE
9441690,"gate_30",42,TRUE,FALSE
9442000,"gate_30",3,FALSE,FALSE
9442047,"gate_40",1,FALSE,FALSE
9442079,"gate_30",6,FALSE,FALSE
9442115,"gate_30",2,FALSE,FALSE
9442148,"gate_40",135,TRUE,TRUE
9442153,"gate_40",5,FALSE,FALSE
9442172,"gate_30",224,TRUE,TRUE
9442335,"gate_40",50,FALSE,TRUE
9442653,"gate_30",10,FALSE,FALSE
9442735,"gate_30",9,TRUE,FALSE
9442957,"gate_30",109,TRUE,FALSE
9443059,"gate_40",284,TRUE,TRUE
9443061,"gate_30",37,FALSE,TRUE
9443140,"gate_30",13,TRUE,FALSE
9443142,"gate_40",0,FALSE,FALSE
9443167,"gate_40",3,FALSE,FALSE
9443173,"gate_40",7,FALSE,FALSE
9443253,"gate_40",0,FALSE,FALSE
9443286,"gate_30",16,FALSE,FALSE
9443328,"gate_40",23,TRUE,FALSE
9443728,"gate_40",119,TRUE,TRUE
9443762,"gate_40",23,TRUE,TRUE
9443764,"gate_40",117,TRUE,TRUE
9443871,"gate_40",32,TRUE,FALSE
9443900,"gate_40",29,TRUE,FALSE
9444309,"gate_30",3,FALSE,FALSE
9444339,"gate_40",55,TRUE,FALSE
9444372,"gate_30",1,FALSE,FALSE
9444387,"gate_30",66,TRUE,FALSE
9444581,"gate_30",42,FALSE,FALSE
9444998,"gate_40",1,FALSE,FALSE
9445039,"gate_30",2,FALSE,FALSE
9445085,"gate_40",3,FALSE,FALSE
9445211,"gate_40",13,FALSE,FALSE
9445277,"gate_30",3,FALSE,FALSE
9445473,"gate_40",1108,TRUE,TRUE
9445505,"gate_30",40,TRUE,FALSE
9445549,"gate_30",50,TRUE,FALSE
9445669,"gate_40",23,TRUE,FALSE
9445699,"gate_40",23,TRUE,FALSE
9445888,"gate_40",35,TRUE,TRUE
9445922,"gate_40",6,TRUE,FALSE
9445924,"gate_40",23,FALSE,FALSE
9446027,"gate_30",2,FALSE,FALSE
9446313,"gate_40",32,FALSE,FALSE
9446518,"gate_30",16,FALSE,FALSE
9446537,"gate_40",0,FALSE,FALSE
9446617,"gate_40",145,TRUE,TRUE
9446682,"gate_40",35,TRUE,FALSE
9446905,"gate_40",8,FALSE,FALSE
9447214,"gate_40",3,FALSE,FALSE
9447307,"gate_30",47,TRUE,TRUE
9447432,"gate_40",2,FALSE,FALSE
9447530,"gate_40",2,FALSE,FALSE
9447597,"gate_40",28,TRUE,TRUE
9447612,"gate_40",1,FALSE,FALSE
9447657,"gate_40",19,FALSE,FALSE
9447921,"gate_40",53,FALSE,TRUE
9448016,"gate_30",21,TRUE,FALSE
9448139,"gate_30",72,TRUE,TRUE
9448190,"gate_30",71,TRUE,FALSE
9448474,"gate_40",52,TRUE,FALSE
9448598,"gate_30",10,FALSE,FALSE
9448716,"gate_40",68,TRUE,FALSE
9448765,"gate_40",5,FALSE,FALSE
9448775,"gate_40",6,FALSE,FALSE
9449007,"gate_40",10,FALSE,FALSE
9449081,"gate_40",49,FALSE,FALSE
9449142,"gate_40",792,TRUE,TRUE
9449231,"gate_30",8,FALSE,FALSE
9449417,"gate_30",135,TRUE,FALSE
9449433,"gate_40",502,TRUE,TRUE
9449561,"gate_30",0,FALSE,FALSE
9449744,"gate_40",157,TRUE,FALSE
9449943,"gate_30",3,FALSE,FALSE
9450025,"gate_30",104,FALSE,TRUE
9450079,"gate_30",37,FALSE,TRUE
9450194,"gate_40",1,FALSE,FALSE
9450276,"gate_30",6,TRUE,FALSE
9450500,"gate_30",3,FALSE,FALSE
9450627,"gate_40",37,FALSE,FALSE
9451011,"gate_30",47,TRUE,TRUE
9451209,"gate_30",2,FALSE,FALSE
9451309,"gate_40",3,FALSE,FALSE
9451460,"gate_30",48,FALSE,FALSE
9451500,"gate_40",6,FALSE,FALSE
9451558,"gate_40",38,FALSE,FALSE
9451705,"gate_30",15,TRUE,FALSE
9451861,"gate_40",14,FALSE,FALSE
9451921,"gate_30",10,FALSE,FALSE
9451959,"gate_40",47,TRUE,FALSE
9451965,"gate_30",213,TRUE,TRUE
9452239,"gate_30",10,FALSE,FALSE
9452301,"gate_40",145,TRUE,FALSE
9452350,"gate_40",342,TRUE,TRUE
9452381,"gate_30",3,TRUE,FALSE
9452511,"gate_30",21,TRUE,FALSE
9452712,"gate_40",8,FALSE,FALSE
9452797,"gate_30",3,TRUE,FALSE
9453193,"gate_30",18,FALSE,FALSE
9453196,"gate_30",10,FALSE,FALSE
9453383,"gate_30",53,TRUE,TRUE
9453558,"gate_30",32,FALSE,FALSE
9453699,"gate_40",199,TRUE,TRUE
9453856,"gate_40",11,FALSE,FALSE
9453866,"gate_30",44,TRUE,FALSE
9453952,"gate_30",20,FALSE,TRUE
9454026,"gate_30",6,FALSE,FALSE
9454126,"gate_30",14,FALSE,FALSE
9454157,"gate_40",40,TRUE,FALSE
9454165,"gate_30",24,TRUE,FALSE
9454304,"gate_30",7,FALSE,FALSE
9454574,"gate_30",14,FALSE,FALSE
9454844,"gate_30",34,TRUE,FALSE
9454868,"gate_40",0,FALSE,FALSE
9454916,"gate_30",6,FALSE,FALSE
9455027,"gate_40",33,FALSE,FALSE
9455046,"gate_30",6,FALSE,FALSE
9455070,"gate_30",27,FALSE,FALSE
9455767,"gate_40",201,TRUE,TRUE
9455810,"gate_40",81,TRUE,TRUE
9455958,"gate_30",54,TRUE,TRUE
9456011,"gate_40",23,TRUE,FALSE
9456118,"gate_40",32,TRUE,FALSE
9456122,"gate_30",6,FALSE,FALSE
9456137,"gate_30",6,FALSE,FALSE
9456378,"gate_30",13,FALSE,FALSE
9456424,"gate_40",113,TRUE,FALSE
9456639,"gate_30",15,FALSE,FALSE
9456758,"gate_30",36,TRUE,FALSE
9456771,"gate_40",33,TRUE,FALSE
9456780,"gate_30",186,TRUE,TRUE
9456967,"gate_30",108,TRUE,TRUE
9457198,"gate_40",49,TRUE,FALSE
9457204,"gate_30",34,FALSE,FALSE
9457698,"gate_30",3,FALSE,FALSE
9457787,"gate_40",0,FALSE,FALSE
9457792,"gate_30",130,TRUE,FALSE
9457815,"gate_30",1,FALSE,FALSE
9458070,"gate_30",97,FALSE,TRUE
9458082,"gate_30",147,TRUE,TRUE
9458222,"gate_30",138,TRUE,FALSE
9458358,"gate_40",31,TRUE,FALSE
9458522,"gate_30",7,TRUE,FALSE
9458642,"gate_40",386,TRUE,TRUE
9458647,"gate_40",31,TRUE,TRUE
9458682,"gate_40",333,TRUE,TRUE
9458943,"gate_40",238,TRUE,TRUE
9459189,"gate_30",6,FALSE,FALSE
9459288,"gate_40",37,TRUE,FALSE
9459297,"gate_40",0,FALSE,FALSE
9459334,"gate_30",7,FALSE,FALSE
9459612,"gate_30",173,TRUE,FALSE
9459701,"gate_30",9,FALSE,FALSE
9459725,"gate_30",9,FALSE,FALSE
9459736,"gate_30",7,TRUE,FALSE
9459740,"gate_30",9,FALSE,FALSE
9459804,"gate_30",2,FALSE,FALSE
9460028,"gate_40",21,TRUE,TRUE
9460089,"gate_40",32,FALSE,FALSE
9460104,"gate_40",0,FALSE,FALSE
9460105,"gate_30",37,FALSE,FALSE
9460187,"gate_30",148,TRUE,FALSE
9460408,"gate_40",2,FALSE,FALSE
9460574,"gate_40",32,FALSE,FALSE
9460604,"gate_40",10,FALSE,FALSE
9460863,"gate_40",298,TRUE,FALSE
9460912,"gate_30",42,TRUE,FALSE
9460913,"gate_30",374,TRUE,TRUE
9461004,"gate_40",279,TRUE,TRUE
9461025,"gate_30",32,TRUE,FALSE
9461046,"gate_40",41,TRUE,FALSE
9461161,"gate_30",110,TRUE,FALSE
9461170,"gate_30",11,FALSE,FALSE
9461362,"gate_40",121,TRUE,TRUE
9461934,"gate_30",38,TRUE,FALSE
9461972,"gate_30",1,FALSE,FALSE
9461998,"gate_30",6,TRUE,FALSE
9462012,"gate_30",13,TRUE,FALSE
9462029,"gate_30",12,TRUE,FALSE
9462214,"gate_30",6,FALSE,FALSE
9462342,"gate_30",229,TRUE,FALSE
9462408,"gate_30",10,FALSE,FALSE
9462470,"gate_40",7,TRUE,FALSE
9462782,"gate_40",2,TRUE,FALSE
9462819,"gate_30",46,TRUE,FALSE
9463015,"gate_30",141,TRUE,FALSE
9463037,"gate_40",25,FALSE,FALSE
9463113,"gate_30",25,FALSE,FALSE
9463287,"gate_30",72,TRUE,FALSE
9463431,"gate_40",21,TRUE,FALSE
9463578,"gate_30",39,TRUE,FALSE
9463602,"gate_30",2,FALSE,FALSE
9463624,"gate_40",0,FALSE,FALSE
9463695,"gate_40",124,TRUE,FALSE
9463709,"gate_30",2,FALSE,FALSE
9463713,"gate_30",0,FALSE,FALSE
9463749,"gate_40",27,TRUE,FALSE
9463861,"gate_30",4,FALSE,FALSE
9463880,"gate_40",4,FALSE,FALSE
9463972,"gate_40",9,FALSE,FALSE
9464537,"gate_30",14,FALSE,FALSE
9464975,"gate_40",12,FALSE,FALSE
9465170,"gate_40",185,TRUE,TRUE
9465274,"gate_40",2,FALSE,FALSE
9465547,"gate_40",22,TRUE,FALSE
9465588,"gate_40",16,FALSE,FALSE
9465593,"gate_30",4,FALSE,FALSE
9465775,"gate_30",21,TRUE,FALSE
9466336,"gate_40",0,FALSE,FALSE
9466387,"gate_30",40,TRUE,FALSE
9466396,"gate_40",5,FALSE,FALSE
9466489,"gate_30",8,FALSE,FALSE
9466504,"gate_40",126,TRUE,FALSE
9466566,"gate_40",20,TRUE,FALSE
9466569,"gate_40",6,FALSE,FALSE
9466586,"gate_40",42,TRUE,TRUE
9466589,"gate_40",10,FALSE,FALSE
9466637,"gate_40",39,FALSE,FALSE
9466654,"gate_40",119,TRUE,FALSE
9466701,"gate_40",0,FALSE,FALSE
9466776,"gate_40",90,TRUE,FALSE
9466831,"gate_30",19,TRUE,FALSE
9466863,"gate_30",5,FALSE,FALSE
9466958,"gate_40",276,TRUE,TRUE
9467147,"gate_30",7,FALSE,FALSE
9467170,"gate_40",11,FALSE,FALSE
9467438,"gate_30",91,TRUE,FALSE
9467535,"gate_40",288,TRUE,TRUE
9467817,"gate_40",21,FALSE,FALSE
9467993,"gate_40",4,FALSE,FALSE
9468460,"gate_40",7,FALSE,FALSE
9468691,"gate_40",4,FALSE,FALSE
9468705,"gate_40",16,FALSE,FALSE
9468717,"gate_30",8,FALSE,FALSE
9468892,"gate_40",83,TRUE,FALSE
9468960,"gate_40",13,TRUE,FALSE
9469044,"gate_30",19,TRUE,FALSE
9469122,"gate_40",1,FALSE,FALSE
9469149,"gate_40",36,TRUE,TRUE
9469349,"gate_30",44,TRUE,TRUE
9469488,"gate_40",10,TRUE,FALSE
9469507,"gate_30",6,FALSE,FALSE
9469511,"gate_40",31,FALSE,FALSE
9469746,"gate_40",13,TRUE,FALSE
9469764,"gate_30",12,FALSE,FALSE
9469852,"gate_40",14,FALSE,FALSE
9470036,"gate_40",0,FALSE,FALSE
9470146,"gate_40",2,FALSE,FALSE
9470163,"gate_40",7,FALSE,TRUE
9470254,"gate_30",242,TRUE,TRUE
9470334,"gate_40",14,TRUE,FALSE
9470356,"gate_30",25,FALSE,FALSE
9470388,"gate_30",20,FALSE,FALSE
9470601,"gate_40",4,FALSE,FALSE
9470688,"gate_40",1,FALSE,FALSE
9470755,"gate_40",11,FALSE,FALSE
9470843,"gate_40",1,FALSE,FALSE
9470864,"gate_30",3,FALSE,FALSE
9470963,"gate_30",0,FALSE,FALSE
9471036,"gate_40",53,TRUE,FALSE
9471208,"gate_40",3,FALSE,TRUE
9471213,"gate_40",80,TRUE,FALSE
9471516,"gate_40",97,TRUE,FALSE
9471568,"gate_40",28,TRUE,FALSE
9471643,"gate_30",12,FALSE,FALSE
9471710,"gate_40",8,FALSE,FALSE
9471840,"gate_30",9,FALSE,FALSE
9471895,"gate_40",22,FALSE,TRUE
9471934,"gate_40",2,FALSE,FALSE
9472104,"gate_30",2,FALSE,FALSE
9472158,"gate_40",11,TRUE,FALSE
9472181,"gate_40",202,FALSE,TRUE
9472231,"gate_40",2,FALSE,FALSE
9472293,"gate_30",10,FALSE,FALSE
9472358,"gate_30",2,FALSE,FALSE
9472458,"gate_40",2,FALSE,FALSE
9472508,"gate_40",4,FALSE,FALSE
9472530,"gate_40",46,FALSE,FALSE
9472619,"gate_40",14,FALSE,FALSE
9472747,"gate_40",23,TRUE,FALSE
9472806,"gate_40",4,FALSE,FALSE
9472952,"gate_30",34,FALSE,FALSE
9472974,"gate_40",85,TRUE,FALSE
9473218,"gate_40",19,FALSE,FALSE
9473254,"gate_30",65,TRUE,FALSE
9473340,"gate_30",52,TRUE,TRUE
9473700,"gate_40",217,TRUE,TRUE
9473766,"gate_40",29,TRUE,FALSE
9473773,"gate_40",4,FALSE,FALSE
9473876,"gate_40",89,TRUE,TRUE
9473943,"gate_40",27,FALSE,FALSE
9473964,"gate_40",1,FALSE,FALSE
9474005,"gate_30",2,FALSE,FALSE
9474052,"gate_40",112,TRUE,FALSE
9474077,"gate_30",5,FALSE,FALSE
9474107,"gate_30",214,TRUE,TRUE
9474136,"gate_40",4,TRUE,FALSE
9474204,"gate_30",8,FALSE,FALSE
9474228,"gate_40",172,TRUE,FALSE
9474538,"gate_40",0,FALSE,FALSE
9474546,"gate_40",15,TRUE,FALSE
9474569,"gate_40",22,TRUE,FALSE
9474642,"gate_40",154,TRUE,TRUE
9474713,"gate_30",33,TRUE,FALSE
9474737,"gate_40",3,FALSE,FALSE
9474860,"gate_40",9,TRUE,FALSE
9475137,"gate_40",28,TRUE,FALSE
9475301,"gate_40",7,FALSE,FALSE
9475357,"gate_30",34,FALSE,FALSE
9475531,"gate_30",11,FALSE,FALSE
9475588,"gate_30",1,FALSE,FALSE
9475749,"gate_40",7,TRUE,FALSE
9475777,"gate_40",0,FALSE,FALSE
9475913,"gate_40",69,TRUE,FALSE
9476015,"gate_30",6,FALSE,TRUE
9476234,"gate_30",101,TRUE,FALSE
9476383,"gate_30",29,FALSE,FALSE
9476518,"gate_40",58,TRUE,FALSE
9476744,"gate_40",0,FALSE,FALSE
9476793,"gate_30",2,FALSE,FALSE
9476852,"gate_40",7,FALSE,FALSE
9477178,"gate_40",0,FALSE,FALSE
9477320,"gate_40",1,FALSE,FALSE
9477345,"gate_30",4,FALSE,FALSE
9477346,"gate_30",17,FALSE,FALSE
9477419,"gate_40",0,FALSE,FALSE
9477667,"gate_30",6,TRUE,FALSE
9477749,"gate_40",17,FALSE,FALSE
9477826,"gate_30",1,FALSE,FALSE
9477857,"gate_40",10,FALSE,FALSE
9478129,"gate_40",78,FALSE,FALSE
9478261,"gate_30",9,FALSE,FALSE
9478333,"gate_40",81,TRUE,TRUE
9478375,"gate_30",0,FALSE,FALSE
9478389,"gate_40",1,FALSE,FALSE
9478495,"gate_40",6,FALSE,TRUE
9478668,"gate_30",13,FALSE,FALSE
9478714,"gate_40",3,FALSE,FALSE
9478998,"gate_40",234,TRUE,TRUE
9479016,"gate_30",24,FALSE,FALSE
9479047,"gate_30",6,TRUE,FALSE
9479066,"gate_40",56,TRUE,TRUE
9479157,"gate_30",1,FALSE,FALSE
9479336,"gate_40",64,TRUE,TRUE
9479515,"gate_40",15,TRUE,FALSE
9479777,"gate_30",9,FALSE,FALSE
9479843,"gate_30",54,FALSE,FALSE
9480039,"gate_40",42,FALSE,FALSE
9480070,"gate_40",258,TRUE,TRUE
9480089,"gate_30",23,FALSE,FALSE
9480093,"gate_30",6,FALSE,FALSE
9480122,"gate_40",21,TRUE,FALSE
9480294,"gate_30",131,FALSE,FALSE
9480321,"gate_40",51,TRUE,FALSE
9480389,"gate_40",82,TRUE,FALSE
9480487,"gate_30",11,FALSE,FALSE
9480845,"gate_30",2,FALSE,FALSE
9480921,"gate_30",2,FALSE,FALSE
9481320,"gate_40",16,TRUE,FALSE
9481321,"gate_40",1,FALSE,FALSE
9481405,"gate_40",7,FALSE,FALSE
9481498,"gate_30",2,FALSE,FALSE
9481525,"gate_40",5,FALSE,FALSE
9481557,"gate_30",50,FALSE,TRUE
9481995,"gate_30",1,FALSE,FALSE
9482007,"gate_40",42,TRUE,FALSE
9482033,"gate_30",11,TRUE,FALSE
9482193,"gate_30",36,FALSE,FALSE
9482319,"gate_30",2,FALSE,FALSE
9482350,"gate_40",156,TRUE,FALSE
9482353,"gate_40",20,TRUE,FALSE
9482531,"gate_40",13,FALSE,FALSE
9482584,"gate_40",1,FALSE,FALSE
9482657,"gate_40",287,TRUE,FALSE
9482658,"gate_30",2,FALSE,FALSE
9482743,"gate_30",30,TRUE,FALSE
9482757,"gate_30",73,TRUE,TRUE
9482878,"gate_40",0,FALSE,FALSE
9482884,"gate_40",6,FALSE,FALSE
9482920,"gate_30",4,FALSE,FALSE
9482955,"gate_40",182,TRUE,FALSE
9483117,"gate_40",1,FALSE,FALSE
9483358,"gate_30",72,TRUE,TRUE
9483605,"gate_30",131,TRUE,TRUE
9483649,"gate_30",2,FALSE,FALSE
9483651,"gate_40",12,FALSE,FALSE
9483659,"gate_30",117,TRUE,TRUE
9484093,"gate_30",34,FALSE,FALSE
9484127,"gate_30",38,TRUE,FALSE
9484221,"gate_30",6,FALSE,FALSE
9484337,"gate_30",2,FALSE,FALSE
9484445,"gate_40",3,TRUE,FALSE
9484480,"gate_30",2,FALSE,FALSE
9484521,"gate_40",83,TRUE,TRUE
9484574,"gate_40",7,TRUE,FALSE
9484721,"gate_40",29,FALSE,FALSE
9484915,"gate_40",31,TRUE,FALSE
9485173,"gate_40",10,FALSE,FALSE
9485439,"gate_40",3,TRUE,FALSE
9485557,"gate_30",8,FALSE,FALSE
9485583,"gate_30",20,TRUE,FALSE
9485605,"gate_40",72,TRUE,FALSE
9485606,"gate_30",9,TRUE,FALSE
9485748,"gate_40",78,TRUE,FALSE
9485775,"gate_30",0,FALSE,FALSE
9485825,"gate_40",24,TRUE,TRUE
9485978,"gate_30",45,TRUE,FALSE
9485980,"gate_30",1,FALSE,FALSE
9486090,"gate_40",4,FALSE,FALSE
9486139,"gate_30",22,TRUE,FALSE
9486177,"gate_40",37,FALSE,FALSE
9486293,"gate_30",6,FALSE,FALSE
9486302,"gate_30",3,FALSE,FALSE
9486370,"gate_30",0,FALSE,FALSE
9486438,"gate_30",1,FALSE,FALSE
9486587,"gate_30",208,TRUE,TRUE
9486670,"gate_30",66,FALSE,TRUE
9486830,"gate_30",13,FALSE,TRUE
9486916,"gate_40",29,FALSE,FALSE
9487116,"gate_30",64,TRUE,FALSE
9487177,"gate_40",91,TRUE,FALSE
9487181,"gate_40",70,TRUE,FALSE
9487322,"gate_30",95,TRUE,FALSE
9487445,"gate_40",78,TRUE,FALSE
9487487,"gate_40",5,FALSE,FALSE
9487645,"gate_40",19,TRUE,FALSE
9487864,"gate_30",3,FALSE,FALSE
9487896,"gate_40",118,TRUE,TRUE
9487916,"gate_30",10,TRUE,TRUE
9488030,"gate_30",25,TRUE,FALSE
9488035,"gate_40",4,FALSE,FALSE
9488179,"gate_40",19,TRUE,FALSE
9488358,"gate_30",10,FALSE,FALSE
9488469,"gate_30",22,TRUE,FALSE
9488472,"gate_30",2,FALSE,FALSE
9488498,"gate_40",145,TRUE,TRUE
9488574,"gate_40",92,FALSE,TRUE
9488688,"gate_40",12,TRUE,FALSE
9488751,"gate_30",13,FALSE,FALSE
9489482,"gate_40",1,FALSE,FALSE
9489654,"gate_40",21,TRUE,FALSE
9489671,"gate_30",7,FALSE,FALSE
9489732,"gate_40",25,TRUE,FALSE
9489791,"gate_30",2,FALSE,FALSE
9489859,"gate_30",37,FALSE,FALSE
9490016,"gate_30",35,TRUE,FALSE
9490107,"gate_30",14,FALSE,FALSE
9490402,"gate_30",35,FALSE,FALSE
9490448,"gate_40",0,FALSE,FALSE
9490522,"gate_40",1,TRUE,FALSE
9490665,"gate_40",353,TRUE,TRUE
9490718,"gate_40",13,FALSE,FALSE
9490839,"gate_30",184,TRUE,TRUE
9491189,"gate_40",20,TRUE,FALSE
9491204,"gate_30",188,TRUE,TRUE
9491567,"gate_40",23,TRUE,FALSE
9491585,"gate_40",59,TRUE,FALSE
9491693,"gate_40",70,TRUE,FALSE
9491899,"gate_40",140,TRUE,TRUE
9492016,"gate_40",0,FALSE,FALSE
9492025,"gate_30",14,TRUE,FALSE
9492136,"gate_40",5,FALSE,FALSE
9492198,"gate_30",153,TRUE,FALSE
9492509,"gate_30",302,TRUE,TRUE
9492512,"gate_40",5,FALSE,TRUE
9492568,"gate_40",22,TRUE,FALSE
9492755,"gate_30",74,TRUE,FALSE
9492766,"gate_40",225,TRUE,FALSE
9492832,"gate_30",80,FALSE,TRUE
9492843,"gate_30",48,TRUE,TRUE
9492983,"gate_30",0,FALSE,FALSE
9493128,"gate_30",31,TRUE,FALSE
9493414,"gate_30",1,FALSE,FALSE
9493510,"gate_30",71,TRUE,TRUE
9493546,"gate_40",121,TRUE,FALSE
9493653,"gate_40",196,TRUE,TRUE
9493717,"gate_40",12,FALSE,FALSE
9493730,"gate_30",80,TRUE,FALSE
9493749,"gate_30",51,TRUE,FALSE
9493831,"gate_40",63,TRUE,TRUE
9493892,"gate_40",24,TRUE,FALSE
9494099,"gate_30",19,TRUE,FALSE
9494407,"gate_40",17,FALSE,FALSE
9494647,"gate_30",30,FALSE,FALSE
9495420,"gate_30",17,FALSE,FALSE
9495493,"gate_40",5,FALSE,FALSE
9495522,"gate_40",582,TRUE,TRUE
9495723,"gate_30",23,TRUE,FALSE
9495800,"gate_30",504,TRUE,TRUE
9495846,"gate_30",134,TRUE,TRUE
9495889,"gate_40",29,TRUE,FALSE
9496031,"gate_40",66,FALSE,TRUE
9496066,"gate_40",30,TRUE,FALSE
9496093,"gate_40",75,FALSE,TRUE
9496113,"gate_30",77,TRUE,FALSE
9496541,"gate_30",143,TRUE,FALSE
9496817,"gate_40",130,TRUE,FALSE
9497103,"gate_40",15,TRUE,FALSE
9497217,"gate_40",1,FALSE,FALSE
9497309,"gate_30",6,FALSE,FALSE
9497359,"gate_30",13,FALSE,FALSE
9497466,"gate_40",130,TRUE,FALSE
9497536,"gate_40",0,FALSE,FALSE
9497689,"gate_40",31,FALSE,FALSE
9497943,"gate_40",17,FALSE,FALSE
9497967,"gate_30",9,FALSE,FALSE
9498278,"gate_30",107,FALSE,FALSE
9498408,"gate_30",10,FALSE,FALSE
9498505,"gate_30",7,FALSE,TRUE
9498653,"gate_40",147,TRUE,TRUE
9498721,"gate_40",5,FALSE,FALSE
9498836,"gate_30",80,TRUE,FALSE
9498902,"gate_30",1,FALSE,FALSE
9498975,"gate_40",98,TRUE,FALSE
9499013,"gate_40",87,TRUE,TRUE
9499408,"gate_40",9,FALSE,TRUE
9499564,"gate_40",45,TRUE,FALSE
9499578,"gate_40",14,FALSE,FALSE
9499653,"gate_30",551,FALSE,TRUE
9499659,"gate_40",3,FALSE,FALSE
9499772,"gate_30",3,FALSE,FALSE
9499880,"gate_40",2,FALSE,FALSE
9499886,"gate_30",2,FALSE,FALSE
9499905,"gate_30",195,TRUE,TRUE
9500112,"gate_30",34,TRUE,FALSE
9500289,"gate_40",1,FALSE,FALSE
9500340,"gate_40",45,TRUE,FALSE
9500378,"gate_30",79,FALSE,FALSE
9500454,"gate_30",3,FALSE,FALSE
9500609,"gate_30",1,FALSE,FALSE
9500676,"gate_40",18,TRUE,FALSE
9500881,"gate_40",2,FALSE,FALSE
9501023,"gate_30",49,TRUE,FALSE
9501032,"gate_30",89,TRUE,TRUE
9501080,"gate_40",68,TRUE,TRUE
9501312,"gate_40",12,FALSE,FALSE
9501356,"gate_40",176,TRUE,FALSE
9501423,"gate_40",96,TRUE,FALSE
9501668,"gate_40",1,FALSE,FALSE
9501934,"gate_30",1,FALSE,FALSE
9502058,"gate_30",74,FALSE,TRUE
9502068,"gate_30",2,FALSE,FALSE
9502113,"gate_30",7,TRUE,FALSE
9502146,"gate_40",88,FALSE,TRUE
9502221,"gate_30",92,TRUE,FALSE
9502333,"gate_40",3,FALSE,FALSE
9502365,"gate_30",6,FALSE,FALSE
9502443,"gate_40",8,FALSE,FALSE
9502472,"gate_40",17,TRUE,FALSE
9502483,"gate_30",3,FALSE,FALSE
9502625,"gate_30",145,TRUE,TRUE
9502843,"gate_30",0,FALSE,FALSE
9502868,"gate_40",91,FALSE,TRUE
9502884,"gate_40",37,TRUE,FALSE
9502899,"gate_40",2,FALSE,FALSE
9502951,"gate_40",1,FALSE,FALSE
9503038,"gate_30",17,FALSE,FALSE
9503054,"gate_40",3,FALSE,FALSE
9503141,"gate_40",0,FALSE,FALSE
9503149,"gate_40",236,TRUE,TRUE
9503192,"gate_40",251,TRUE,TRUE
9503219,"gate_40",28,FALSE,FALSE
9503297,"gate_30",1,FALSE,FALSE
9503363,"gate_40",220,TRUE,FALSE
9503483,"gate_30",23,TRUE,FALSE
9503677,"gate_40",17,FALSE,FALSE
9503682,"gate_40",2,FALSE,FALSE
9503708,"gate_30",8,FALSE,FALSE
9503721,"gate_30",11,TRUE,FALSE
9503775,"gate_30",9,FALSE,FALSE
9503813,"gate_30",51,FALSE,TRUE
9503874,"gate_40",226,TRUE,TRUE
9504058,"gate_30",28,FALSE,FALSE
9504129,"gate_40",5,FALSE,FALSE
9504172,"gate_40",85,TRUE,TRUE
9504355,"gate_30",6,FALSE,FALSE
9504404,"gate_40",1274,TRUE,TRUE
9504574,"gate_40",17,FALSE,FALSE
9504622,"gate_40",39,FALSE,FALSE
9504657,"gate_30",1,FALSE,FALSE
9504714,"gate_40",24,FALSE,FALSE
9504722,"gate_40",47,TRUE,FALSE
9505000,"gate_30",118,FALSE,TRUE
9505096,"gate_30",288,TRUE,TRUE
9505248,"gate_40",60,TRUE,FALSE
9505281,"gate_40",9,TRUE,FALSE
9505327,"gate_30",19,TRUE,FALSE
9505383,"gate_30",7,FALSE,FALSE
9505396,"gate_40",1,FALSE,FALSE
9505468,"gate_30",53,FALSE,FALSE
9505495,"gate_40",15,TRUE,FALSE
9505627,"gate_30",15,FALSE,FALSE
9505784,"gate_30",13,TRUE,FALSE
9505790,"gate_40",201,TRUE,TRUE
9506210,"gate_30",16,TRUE,FALSE
9506212,"gate_30",1,FALSE,FALSE
9506304,"gate_30",1,FALSE,FALSE
9506368,"gate_30",35,TRUE,TRUE
9506450,"gate_40",21,TRUE,TRUE
9506458,"gate_30",145,TRUE,TRUE
9506504,"gate_30",13,TRUE,FALSE
9506536,"gate_40",11,FALSE,FALSE
9506581,"gate_40",2,FALSE,FALSE
9506606,"gate_30",35,TRUE,TRUE
9506680,"gate_40",2,FALSE,FALSE
9506750,"gate_30",186,TRUE,FALSE
9506899,"gate_30",221,TRUE,TRUE
9506934,"gate_40",6,FALSE,FALSE
9507026,"gate_40",24,TRUE,FALSE
9507348,"gate_40",27,TRUE,FALSE
9507579,"gate_40",47,FALSE,TRUE
9507626,"gate_40",21,TRUE,FALSE
9507750,"gate_30",135,TRUE,TRUE
9507818,"gate_40",1,FALSE,FALSE
9507959,"gate_30",119,TRUE,FALSE
9507975,"gate_30",146,TRUE,TRUE
9508062,"gate_30",3,FALSE,FALSE
9508120,"gate_40",41,TRUE,TRUE
9508278,"gate_40",29,TRUE,FALSE
9508442,"gate_40",38,TRUE,FALSE
9508510,"gate_40",29,TRUE,TRUE
9508631,"gate_30",8,TRUE,FALSE
9508675,"gate_30",20,FALSE,FALSE
9508725,"gate_40",1,FALSE,FALSE
9509128,"gate_40",127,TRUE,TRUE
9509215,"gate_40",2,FALSE,FALSE
9509367,"gate_30",13,TRUE,FALSE
9509527,"gate_40",61,FALSE,FALSE
9509555,"gate_30",4,FALSE,FALSE
9509619,"gate_40",21,TRUE,FALSE
9509646,"gate_30",3,FALSE,FALSE
9509718,"gate_40",15,FALSE,FALSE
9509722,"gate_30",73,TRUE,TRUE
9509803,"gate_30",7,FALSE,FALSE
9509912,"gate_40",44,TRUE,FALSE
9510161,"gate_40",1,FALSE,FALSE
9510326,"gate_40",2,FALSE,FALSE
9510471,"gate_30",1,FALSE,FALSE
9510492,"gate_30",53,FALSE,FALSE
9510542,"gate_30",117,TRUE,TRUE
9510642,"gate_30",82,TRUE,TRUE
9510760,"gate_30",49,TRUE,TRUE
9510848,"gate_40",30,FALSE,TRUE
9510862,"gate_30",2,FALSE,FALSE
9510949,"gate_40",175,TRUE,FALSE
9510977,"gate_40",26,TRUE,FALSE
9511023,"gate_30",110,TRUE,FALSE
9511052,"gate_30",88,TRUE,FALSE
9511092,"gate_30",81,FALSE,TRUE
9511141,"gate_40",24,FALSE,FALSE
9511240,"gate_40",2,FALSE,FALSE
9511316,"gate_40",16,FALSE,FALSE
9511353,"gate_40",159,TRUE,TRUE
9511618,"gate_40",16,FALSE,FALSE
9511654,"gate_30",15,FALSE,FALSE
9511815,"gate_40",38,FALSE,FALSE
9511937,"gate_30",12,FALSE,FALSE
9512068,"gate_40",2,FALSE,FALSE
9512218,"gate_40",135,TRUE,FALSE
9512275,"gate_40",64,TRUE,TRUE
9512277,"gate_40",69,TRUE,FALSE
9512365,"gate_30",1,FALSE,FALSE
9512391,"gate_30",56,TRUE,FALSE
9512489,"gate_40",35,FALSE,FALSE
9512866,"gate_30",4,FALSE,FALSE
9512868,"gate_40",78,TRUE,FALSE
9513045,"gate_30",1,FALSE,FALSE
9513133,"gate_40",117,FALSE,TRUE
9513291,"gate_40",18,FALSE,FALSE
9513306,"gate_30",6,FALSE,FALSE
9513416,"gate_40",2,FALSE,FALSE
9513572,"gate_30",2,FALSE,FALSE
9513633,"gate_30",57,TRUE,FALSE
9513704,"gate_30",42,TRUE,FALSE
9513744,"gate_40",30,TRUE,FALSE
9513836,"gate_30",115,TRUE,FALSE
9513938,"gate_30",2,TRUE,FALSE
9514126,"gate_30",178,TRUE,TRUE
9514406,"gate_30",28,TRUE,FALSE
9514432,"gate_40",20,TRUE,FALSE
9514532,"gate_40",11,FALSE,FALSE
9514574,"gate_30",7,FALSE,FALSE
9514598,"gate_40",18,FALSE,FALSE
9514642,"gate_40",6,FALSE,FALSE
9514752,"gate_40",10,FALSE,FALSE
9514758,"gate_40",16,FALSE,FALSE
9514764,"gate_30",9,FALSE,FALSE
9514817,"gate_30",287,TRUE,TRUE
9514907,"gate_30",2,FALSE,FALSE
9515045,"gate_30",165,TRUE,FALSE
9515080,"gate_30",363,TRUE,FALSE
9515235,"gate_30",3,FALSE,FALSE
9515280,"gate_40",0,FALSE,FALSE
9515500,"gate_30",8,FALSE,FALSE
9515618,"gate_30",2,FALSE,FALSE
9515949,"gate_30",350,TRUE,TRUE
9515953,"gate_40",12,FALSE,FALSE
9516024,"gate_30",3,FALSE,FALSE
9516058,"gate_40",2,FALSE,FALSE
9516102,"gate_30",14,TRUE,FALSE
9516195,"gate_40",203,TRUE,FALSE
9516958,"gate_30",7,FALSE,FALSE
9517086,"gate_40",76,TRUE,FALSE
9517181,"gate_40",16,FALSE,FALSE
9517199,"gate_40",4,FALSE,FALSE
9517226,"gate_40",74,TRUE,TRUE
9517240,"gate_30",214,TRUE,FALSE
9517273,"gate_40",0,FALSE,FALSE
9517369,"gate_30",49,TRUE,TRUE
9517491,"gate_40",47,FALSE,FALSE
9517553,"gate_40",53,TRUE,TRUE
9517690,"gate_40",1,FALSE,FALSE
9517712,"gate_30",101,TRUE,FALSE
9517721,"gate_30",263,TRUE,TRUE
9517732,"gate_40",9,FALSE,FALSE
9517914,"gate_40",38,TRUE,FALSE
9517979,"gate_30",11,TRUE,FALSE
9518187,"gate_30",207,TRUE,TRUE
9518189,"gate_30",97,TRUE,FALSE
9518358,"gate_40",7,FALSE,FALSE
9518545,"gate_40",1,FALSE,FALSE
9518618,"gate_40",6,FALSE,FALSE
9518671,"gate_30",17,FALSE,FALSE
9518763,"gate_30",0,FALSE,FALSE
9519035,"gate_40",69,TRUE,FALSE
9519269,"gate_30",106,FALSE,FALSE
9519273,"gate_40",4,FALSE,FALSE
9519274,"gate_40",11,TRUE,FALSE
9519444,"gate_40",6,FALSE,FALSE
9519490,"gate_40",8,FALSE,FALSE
9519743,"gate_40",1,FALSE,FALSE
9519916,"gate_30",4,FALSE,FALSE
9519927,"gate_30",56,TRUE,FALSE
9520015,"gate_30",2,FALSE,FALSE
9520214,"gate_30",0,FALSE,FALSE
9520270,"gate_40",166,TRUE,FALSE
9520411,"gate_40",284,TRUE,TRUE
9520497,"gate_40",4,FALSE,FALSE
9520534,"gate_30",304,TRUE,FALSE
9520573,"gate_40",72,TRUE,FALSE
9520646,"gate_30",3,FALSE,FALSE
9520711,"gate_30",225,FALSE,TRUE
9520795,"gate_30",1,FALSE,FALSE
9520928,"gate_40",70,TRUE,FALSE
9520968,"gate_30",27,FALSE,FALSE
9521025,"gate_30",188,TRUE,FALSE
9521058,"gate_30",5,FALSE,FALSE
9521071,"gate_30",18,FALSE,FALSE
9521104,"gate_40",19,FALSE,FALSE
9521123,"gate_30",0,TRUE,FALSE
9521175,"gate_40",21,TRUE,FALSE
9521229,"gate_30",133,TRUE,FALSE
9521620,"gate_40",1252,TRUE,TRUE
9522336,"gate_40",11,TRUE,FALSE
9522348,"gate_40",13,FALSE,FALSE
9522421,"gate_30",11,FALSE,TRUE
9522425,"gate_40",10,FALSE,FALSE
9522578,"gate_30",5,TRUE,FALSE
9522649,"gate_30",79,TRUE,FALSE
9522935,"gate_30",99,TRUE,FALSE
9522944,"gate_30",83,TRUE,FALSE
9523033,"gate_40",39,FALSE,FALSE
9523060,"gate_40",4,FALSE,FALSE
9523082,"gate_40",18,FALSE,TRUE
9523249,"gate_30",23,FALSE,FALSE
9523292,"gate_30",21,FALSE,FALSE
9523349,"gate_30",22,TRUE,FALSE
9523487,"gate_40",7,FALSE,FALSE
9523538,"gate_30",11,FALSE,FALSE
9523555,"gate_30",6,FALSE,FALSE
9523824,"gate_30",1,FALSE,FALSE
9524060,"gate_30",20,FALSE,FALSE
9524179,"gate_40",3,FALSE,FALSE
9524206,"gate_40",349,TRUE,TRUE
9524221,"gate_30",0,FALSE,FALSE
9524285,"gate_40",598,TRUE,TRUE
9524385,"gate_40",25,TRUE,FALSE
9524538,"gate_30",3,FALSE,FALSE
9524725,"gate_40",133,TRUE,FALSE
9524745,"gate_30",14,FALSE,FALSE
9524767,"gate_30",9,FALSE,FALSE
9524950,"gate_40",67,TRUE,FALSE
9525070,"gate_30",266,TRUE,TRUE
9525187,"gate_30",8,FALSE,FALSE
9525339,"gate_40",97,FALSE,TRUE
9525340,"gate_30",55,TRUE,FALSE
9525460,"gate_40",27,FALSE,FALSE
9525531,"gate_40",24,TRUE,FALSE
9525656,"gate_40",20,FALSE,FALSE
9525685,"gate_30",8,FALSE,FALSE
9525696,"gate_30",99,FALSE,TRUE
9525752,"gate_40",61,TRUE,FALSE
9525774,"gate_40",41,FALSE,FALSE
9525864,"gate_30",4,TRUE,FALSE
9525889,"gate_30",4,FALSE,FALSE
9525957,"gate_40",63,TRUE,TRUE
9526085,"gate_40",30,FALSE,FALSE
9526284,"gate_40",21,TRUE,FALSE
9526297,"gate_30",12,TRUE,FALSE
9526511,"gate_30",10,FALSE,FALSE
9526693,"gate_30",0,FALSE,FALSE
9526807,"gate_40",3,FALSE,FALSE
9526940,"gate_40",65,TRUE,TRUE
9526943,"gate_30",13,FALSE,FALSE
9526969,"gate_30",1,FALSE,FALSE
9527095,"gate_40",9,TRUE,FALSE
9527105,"gate_30",43,FALSE,FALSE
9527254,"gate_30",9,FALSE,FALSE
9527476,"gate_30",9,FALSE,FALSE
9527484,"gate_40",4,FALSE,FALSE
9527498,"gate_30",329,TRUE,TRUE
9527535,"gate_40",19,FALSE,FALSE
9527997,"gate_30",67,TRUE,FALSE
9527998,"gate_40",5,FALSE,FALSE
9528187,"gate_30",3,FALSE,FALSE
9528280,"gate_40",8,TRUE,FALSE
9528384,"gate_30",35,FALSE,FALSE
9528441,"gate_40",6,FALSE,FALSE
9528553,"gate_30",11,TRUE,FALSE
9528592,"gate_40",52,FALSE,FALSE
9528760,"gate_40",8,FALSE,FALSE
9528882,"gate_30",76,TRUE,TRUE
9528899,"gate_30",13,FALSE,FALSE
9529085,"gate_30",44,TRUE,FALSE
9529168,"gate_30",40,TRUE,TRUE
9529205,"gate_30",2,FALSE,FALSE
9529582,"gate_40",47,TRUE,FALSE
9529593,"gate_40",36,TRUE,FALSE
9529629,"gate_40",72,TRUE,FALSE
9529752,"gate_40",15,TRUE,FALSE
9530011,"gate_30",16,FALSE,FALSE
9530085,"gate_30",18,FALSE,FALSE
9530196,"gate_40",11,FALSE,FALSE
9530480,"gate_40",5,FALSE,FALSE
9530651,"gate_30",58,TRUE,FALSE
9530845,"gate_40",1145,TRUE,TRUE
9530927,"gate_30",14,FALSE,FALSE
9531096,"gate_30",9,FALSE,FALSE
9531406,"gate_30",8,FALSE,FALSE
9531490,"gate_40",27,TRUE,FALSE
9531527,"gate_40",8,FALSE,FALSE
9531925,"gate_40",1,FALSE,FALSE
9532306,"gate_30",35,TRUE,TRUE
9532312,"gate_40",12,TRUE,FALSE
9532353,"gate_40",15,TRUE,FALSE
9532490,"gate_40",64,TRUE,FALSE
9532575,"gate_30",87,TRUE,FALSE
9532612,"gate_30",40,TRUE,FALSE
9532883,"gate_40",37,TRUE,FALSE
9533081,"gate_40",63,TRUE,FALSE
9533140,"gate_30",7,TRUE,FALSE
9533143,"gate_40",2,FALSE,FALSE
9533342,"gate_40",11,TRUE,FALSE
9533404,"gate_30",43,FALSE,TRUE
9533472,"gate_30",23,TRUE,FALSE
9533590,"gate_30",1,FALSE,FALSE
9533673,"gate_30",15,FALSE,FALSE
9533674,"gate_30",13,FALSE,FALSE
9533755,"gate_30",3,FALSE,FALSE
9533883,"gate_40",2,FALSE,FALSE
9533960,"gate_30",31,FALSE,FALSE
9534279,"gate_40",6,FALSE,FALSE
9534458,"gate_40",1,FALSE,FALSE
9534461,"gate_30",14,FALSE,FALSE
9534532,"gate_40",22,FALSE,TRUE
9534550,"gate_30",0,FALSE,FALSE
9534582,"gate_40",5,FALSE,FALSE
9534659,"gate_40",9,FALSE,FALSE
9534732,"gate_40",17,FALSE,FALSE
9534844,"gate_40",31,TRUE,FALSE
9534888,"gate_30",12,FALSE,FALSE
9534937,"gate_30",1,FALSE,FALSE
9534973,"gate_40",6,FALSE,FALSE
9534995,"gate_40",0,TRUE,FALSE
9535058,"gate_30",6,FALSE,FALSE
9535076,"gate_30",4,FALSE,FALSE
9535115,"gate_40",11,FALSE,FALSE
9535320,"gate_40",12,TRUE,FALSE
9535335,"gate_30",44,TRUE,FALSE
9535375,"gate_40",120,FALSE,TRUE
9535396,"gate_40",0,FALSE,FALSE
9535781,"gate_30",34,FALSE,FALSE
9535906,"gate_30",17,FALSE,FALSE
9536251,"gate_30",3,TRUE,FALSE
9536392,"gate_40",206,TRUE,TRUE
9536446,"gate_40",1,FALSE,FALSE
9536599,"gate_40",58,FALSE,TRUE
9536683,"gate_40",19,TRUE,FALSE
9536917,"gate_40",7,FALSE,FALSE
9536987,"gate_30",227,FALSE,TRUE
9536993,"gate_40",0,FALSE,FALSE
9537135,"gate_30",142,TRUE,TRUE
9537331,"gate_40",18,TRUE,FALSE
9537351,"gate_40",4,FALSE,FALSE
9537384,"gate_40",214,FALSE,TRUE
9537399,"gate_40",76,TRUE,FALSE
9537436,"gate_40",22,TRUE,FALSE
9537603,"gate_30",18,TRUE,TRUE
9537886,"gate_40",6,FALSE,FALSE
9538054,"gate_40",145,FALSE,TRUE
9538101,"gate_40",24,FALSE,FALSE
9538178,"gate_30",18,FALSE,FALSE
9538304,"gate_40",59,FALSE,TRUE
9538330,"gate_30",2,FALSE,FALSE
9538602,"gate_30",14,TRUE,FALSE
9538616,"gate_30",46,TRUE,TRUE
9538637,"gate_30",23,TRUE,FALSE
9538968,"gate_30",2,FALSE,FALSE
9539016,"gate_30",0,FALSE,FALSE
9539125,"gate_40",1,FALSE,FALSE
9539138,"gate_30",4,FALSE,FALSE
9539288,"gate_30",8,TRUE,FALSE
9539511,"gate_30",271,TRUE,TRUE
9539569,"gate_40",53,TRUE,TRUE
9539575,"gate_40",10,FALSE,FALSE
9539674,"gate_40",1,FALSE,FALSE
9540031,"gate_30",10,FALSE,FALSE
9540077,"gate_40",4,FALSE,FALSE
9540264,"gate_40",33,TRUE,FALSE
9540361,"gate_40",6,TRUE,FALSE
9540374,"gate_40",35,TRUE,FALSE
9540415,"gate_40",23,TRUE,FALSE
9540421,"gate_30",88,TRUE,TRUE
9540506,"gate_30",1,FALSE,FALSE
9540525,"gate_40",1,FALSE,FALSE
9540531,"gate_40",776,TRUE,TRUE
9540534,"gate_30",31,FALSE,TRUE
9540759,"gate_40",542,TRUE,TRUE
9540808,"gate_40",32,TRUE,TRUE
9540833,"gate_40",2,FALSE,FALSE
9540848,"gate_30",62,FALSE,FALSE
9541104,"gate_40",2,FALSE,FALSE
9541146,"gate_40",2,FALSE,FALSE
9541348,"gate_40",5,FALSE,FALSE
9541804,"gate_30",174,TRUE,TRUE
9541831,"gate_30",352,TRUE,TRUE
9542033,"gate_40",9,FALSE,FALSE
9542201,"gate_30",109,TRUE,FALSE
9542328,"gate_40",309,TRUE,FALSE
9542442,"gate_30",5,FALSE,FALSE
9542550,"gate_40",1,FALSE,FALSE
9542802,"gate_30",0,FALSE,FALSE
9542899,"gate_40",26,TRUE,TRUE
9542910,"gate_40",106,TRUE,FALSE
9543072,"gate_30",84,TRUE,TRUE
9543190,"gate_30",22,TRUE,FALSE
9543219,"gate_40",4,TRUE,FALSE
9543221,"gate_30",13,FALSE,FALSE
9543342,"gate_30",11,TRUE,FALSE
9543381,"gate_40",4,FALSE,FALSE
9543494,"gate_40",47,TRUE,FALSE
9543804,"gate_30",8,FALSE,FALSE
9543942,"gate_40",6,FALSE,FALSE
9543974,"gate_30",2,FALSE,FALSE
9544325,"gate_30",133,TRUE,TRUE
9544334,"gate_40",58,FALSE,FALSE
9544669,"gate_30",8,FALSE,FALSE
9544765,"gate_30",131,TRUE,TRUE
9544937,"gate_40",0,FALSE,FALSE
9544956,"gate_40",51,FALSE,FALSE
9544965,"gate_30",107,TRUE,FALSE
9545046,"gate_30",44,TRUE,TRUE
9545122,"gate_40",200,TRUE,TRUE
9545257,"gate_40",26,FALSE,FALSE
9545396,"gate_40",1,FALSE,FALSE
9545523,"gate_40",13,TRUE,FALSE
9545681,"gate_40",3,FALSE,FALSE
9545690,"gate_30",19,FALSE,FALSE
9545726,"gate_30",27,FALSE,FALSE
9545793,"gate_40",2,FALSE,FALSE
9545912,"gate_30",24,FALSE,TRUE
9545991,"gate_30",1,FALSE,FALSE
9546024,"gate_40",13,FALSE,FALSE
9546040,"gate_40",121,TRUE,FALSE
9546180,"gate_40",13,TRUE,FALSE
9546253,"gate_40",41,TRUE,TRUE
9546410,"gate_40",28,TRUE,TRUE
9546422,"gate_30",94,TRUE,TRUE
9546476,"gate_40",4,FALSE,FALSE
9546605,"gate_30",98,TRUE,TRUE
9546701,"gate_30",224,TRUE,FALSE
9546720,"gate_40",180,TRUE,TRUE
9546984,"gate_30",19,FALSE,FALSE
9547067,"gate_30",18,TRUE,FALSE
9547093,"gate_40",4,FALSE,FALSE
9547417,"gate_30",18,FALSE,FALSE
9547605,"gate_40",24,FALSE,FALSE
9547882,"gate_40",33,TRUE,FALSE
9547926,"gate_30",138,FALSE,TRUE
9548104,"gate_40",85,TRUE,TRUE
9548208,"gate_40",7,FALSE,FALSE
9548262,"gate_30",0,FALSE,FALSE
9548350,"gate_40",32,FALSE,FALSE
9548468,"gate_30",175,TRUE,TRUE
9548577,"gate_30",488,TRUE,TRUE
9548592,"gate_30",33,FALSE,FALSE
9548722,"gate_30",70,TRUE,FALSE
9548865,"gate_40",521,TRUE,TRUE
9548927,"gate_30",19,TRUE,FALSE
9548946,"gate_40",14,TRUE,FALSE
9548998,"gate_30",73,FALSE,FALSE
9549144,"gate_40",22,TRUE,TRUE
9549283,"gate_30",370,TRUE,TRUE
9549301,"gate_30",4,FALSE,FALSE
9549336,"gate_30",107,TRUE,FALSE
9549391,"gate_40",111,FALSE,TRUE
9549897,"gate_30",2,FALSE,FALSE
9550038,"gate_30",14,TRUE,FALSE
9550158,"gate_30",1,FALSE,FALSE
9550187,"gate_40",23,FALSE,FALSE
9550373,"gate_30",6,FALSE,FALSE
9550463,"gate_40",7,FALSE,FALSE
9550556,"gate_40",26,FALSE,FALSE
9550713,"gate_30",20,TRUE,FALSE
9551055,"gate_40",11,FALSE,FALSE
9551409,"gate_30",2,TRUE,FALSE
9551596,"gate_30",4,FALSE,FALSE
9551625,"gate_30",5,FALSE,FALSE
9551627,"gate_40",48,TRUE,FALSE
9551741,"gate_40",3,FALSE,FALSE
9551749,"gate_30",11,TRUE,FALSE
9551770,"gate_40",1,FALSE,FALSE
9551857,"gate_40",83,TRUE,TRUE
9552046,"gate_40",5,FALSE,FALSE
9552173,"gate_30",2,FALSE,FALSE
9552259,"gate_40",15,FALSE,FALSE
9552364,"gate_40",104,TRUE,TRUE
9552477,"gate_30",15,TRUE,FALSE
9552635,"gate_40",33,TRUE,FALSE
9552851,"gate_40",313,TRUE,TRUE
9552993,"gate_30",7,TRUE,FALSE
9553183,"gate_40",30,TRUE,FALSE
9553208,"gate_30",80,TRUE,FALSE
9553256,"gate_30",5,FALSE,FALSE
9553408,"gate_30",6,FALSE,FALSE
9553538,"gate_40",207,FALSE,TRUE
9554035,"gate_30",5,FALSE,FALSE
9554112,"gate_40",15,FALSE,FALSE
9554760,"gate_40",2,FALSE,FALSE
9554773,"gate_40",2,FALSE,FALSE
9554989,"gate_30",2,FALSE,FALSE
9555126,"gate_40",9,FALSE,FALSE
9555327,"gate_30",11,FALSE,FALSE
9555560,"gate_30",202,FALSE,TRUE
9555566,"gate_30",17,TRUE,FALSE
9555605,"gate_30",4,FALSE,FALSE
9555616,"gate_40",7,FALSE,FALSE
9555635,"gate_30",257,TRUE,TRUE
9555671,"gate_30",19,TRUE,FALSE
9555722,"gate_30",3,FALSE,FALSE
9555730,"gate_30",15,FALSE,FALSE
9555780,"gate_30",55,FALSE,TRUE
9555796,"gate_40",16,FALSE,FALSE
9555935,"gate_40",4,TRUE,FALSE
9556360,"gate_30",52,TRUE,TRUE
9556398,"gate_30",5,FALSE,FALSE
9556608,"gate_40",28,FALSE,FALSE
9556800,"gate_40",28,FALSE,FALSE
9556804,"gate_40",5,FALSE,FALSE
9557223,"gate_40",158,TRUE,TRUE
9557249,"gate_40",42,TRUE,FALSE
9557316,"gate_40",21,TRUE,FALSE
9557478,"gate_40",5,FALSE,FALSE
9557570,"gate_40",41,FALSE,TRUE
9557608,"gate_40",13,FALSE,FALSE
9557738,"gate_40",33,TRUE,FALSE
9557897,"gate_30",16,TRUE,FALSE
9557973,"gate_40",3,FALSE,FALSE
9558190,"gate_40",3,FALSE,TRUE
9558199,"gate_40",7,FALSE,FALSE
9558297,"gate_40",23,FALSE,FALSE
9558428,"gate_30",46,TRUE,TRUE
9558466,"gate_40",1,FALSE,FALSE
9558530,"gate_40",6,FALSE,FALSE
9558545,"gate_30",1,FALSE,FALSE
9558553,"gate_40",4,FALSE,FALSE
9558576,"gate_30",173,TRUE,TRUE
9558688,"gate_30",39,TRUE,FALSE
9558692,"gate_40",6,TRUE,FALSE
9558725,"gate_30",0,FALSE,FALSE
9558857,"gate_40",15,FALSE,FALSE
9558973,"gate_40",1,FALSE,FALSE
9559130,"gate_40",1,FALSE,FALSE
9559310,"gate_30",13,FALSE,FALSE
9559483,"gate_30",2,FALSE,FALSE
9559512,"gate_30",21,TRUE,FALSE
9559520,"gate_30",26,TRUE,TRUE
9559744,"gate_40",173,TRUE,TRUE
9559829,"gate_40",7,FALSE,TRUE
9560161,"gate_40",12,FALSE,FALSE
9560192,"gate_30",84,TRUE,FALSE
9560268,"gate_30",9,FALSE,FALSE
9560271,"gate_40",181,TRUE,TRUE
9560678,"gate_30",21,FALSE,FALSE
9560934,"gate_40",37,TRUE,FALSE
9560961,"gate_30",43,TRUE,FALSE
9561097,"gate_30",2,FALSE,FALSE
9561132,"gate_40",75,TRUE,FALSE
9561175,"gate_40",52,FALSE,FALSE
9561402,"gate_40",133,FALSE,FALSE
9561451,"gate_30",5,FALSE,FALSE
9561462,"gate_30",0,FALSE,FALSE
9561532,"gate_40",53,TRUE,FALSE
9561541,"gate_40",43,TRUE,FALSE
9561563,"gate_30",72,TRUE,TRUE
9561575,"gate_30",61,TRUE,FALSE
9561719,"gate_40",13,FALSE,FALSE
9561755,"gate_30",4,FALSE,FALSE
9561818,"gate_40",4,FALSE,FALSE
9561868,"gate_30",4,FALSE,FALSE
9561924,"gate_40",32,TRUE,FALSE
9561976,"gate_30",12,FALSE,FALSE
9561995,"gate_30",24,FALSE,TRUE
9562266,"gate_40",28,TRUE,FALSE
9562397,"gate_30",2,FALSE,FALSE
9562432,"gate_30",16,FALSE,FALSE
9562464,"gate_40",28,FALSE,FALSE
9562488,"gate_30",1,FALSE,FALSE
9562800,"gate_30",129,TRUE,TRUE
9562867,"gate_40",108,TRUE,FALSE
9562976,"gate_40",227,TRUE,TRUE
9563088,"gate_30",4,FALSE,FALSE
9563157,"gate_30",25,TRUE,FALSE
9563226,"gate_40",10,FALSE,FALSE
9563367,"gate_40",0,TRUE,FALSE
9563370,"gate_30",0,FALSE,FALSE
9563442,"gate_30",2,FALSE,FALSE
9563653,"gate_40",15,TRUE,FALSE
9563735,"gate_40",4,FALSE,FALSE
9563858,"gate_40",18,FALSE,TRUE
9563868,"gate_40",1,FALSE,FALSE
9564011,"gate_30",13,FALSE,FALSE
9564014,"gate_30",42,FALSE,FALSE
9564374,"gate_40",5,FALSE,FALSE
9564642,"gate_30",16,TRUE,FALSE
9564647,"gate_40",60,TRUE,FALSE
9564657,"gate_40",57,FALSE,TRUE
9564674,"gate_30",1,FALSE,FALSE
9564696,"gate_30",18,TRUE,FALSE
9564956,"gate_30",5,FALSE,FALSE
9564975,"gate_30",8,FALSE,FALSE
9564993,"gate_40",27,TRUE,FALSE
9565184,"gate_40",19,TRUE,TRUE
9565214,"gate_40",1,FALSE,FALSE
9565467,"gate_40",2,FALSE,FALSE
9565724,"gate_40",91,TRUE,TRUE
9565731,"gate_40",2,FALSE,FALSE
9565732,"gate_40",57,TRUE,FALSE
9565763,"gate_30",51,FALSE,TRUE
9565799,"gate_40",36,FALSE,FALSE
9565954,"gate_40",18,FALSE,FALSE
9566029,"gate_40",7,FALSE,FALSE
9566067,"gate_30",131,TRUE,TRUE
9566082,"gate_30",18,TRUE,FALSE
9566176,"gate_30",12,TRUE,FALSE
9566198,"gate_40",106,FALSE,TRUE
9566261,"gate_30",4,FALSE,FALSE
9566392,"gate_40",16,FALSE,FALSE
9566441,"gate_30",61,TRUE,FALSE
9566511,"gate_30",4,FALSE,FALSE
9566636,"gate_40",3,FALSE,FALSE
9566659,"gate_40",2,TRUE,FALSE
9566791,"gate_30",12,FALSE,FALSE
9567065,"gate_30",1,FALSE,FALSE
9567180,"gate_40",9,FALSE,FALSE
9567201,"gate_30",36,TRUE,FALSE
9567320,"gate_40",2,FALSE,FALSE
9567456,"gate_30",17,FALSE,FALSE
9567752,"gate_30",97,TRUE,TRUE
9567788,"gate_40",20,FALSE,FALSE
9568105,"gate_30",6,TRUE,FALSE
9568443,"gate_30",17,FALSE,FALSE
9568459,"gate_40",9,FALSE,FALSE
9568469,"gate_40",55,TRUE,FALSE
9568606,"gate_40",10,FALSE,FALSE
9568620,"gate_40",86,TRUE,FALSE
9568680,"gate_30",12,FALSE,FALSE
9568767,"gate_40",0,FALSE,FALSE
9568786,"gate_30",52,FALSE,FALSE
9569011,"gate_30",35,FALSE,FALSE
9569469,"gate_30",44,FALSE,TRUE
9569488,"gate_40",11,TRUE,FALSE
9569528,"gate_40",1,FALSE,FALSE
9569676,"gate_30",8,FALSE,FALSE
9569731,"gate_30",2,FALSE,FALSE
9569777,"gate_30",15,TRUE,FALSE
9570134,"gate_30",823,TRUE,TRUE
9570270,"gate_40",13,FALSE,FALSE
9570348,"gate_30",44,TRUE,TRUE
9570382,"gate_30",2,FALSE,FALSE
9570488,"gate_40",39,FALSE,FALSE
9570539,"gate_30",1,FALSE,FALSE
9570798,"gate_40",95,FALSE,TRUE
9570851,"gate_30",6,FALSE,FALSE
9570951,"gate_30",3,FALSE,FALSE
9571014,"gate_40",446,TRUE,TRUE
9571110,"gate_30",105,TRUE,TRUE
9571253,"gate_40",1,FALSE,FALSE
9571407,"gate_30",115,TRUE,TRUE
9571509,"gate_40",70,TRUE,TRUE
9571601,"gate_40",344,TRUE,TRUE
9571741,"gate_40",59,TRUE,FALSE
9571822,"gate_40",110,TRUE,FALSE
9571828,"gate_40",7,FALSE,FALSE
9571847,"gate_40",2,FALSE,FALSE
9571876,"gate_40",4,FALSE,FALSE
9572019,"gate_40",54,TRUE,TRUE
9572146,"gate_40",30,TRUE,FALSE
9572534,"gate_40",139,TRUE,FALSE
9572683,"gate_40",16,TRUE,FALSE
9572899,"gate_40",6,TRUE,FALSE
9572969,"gate_30",5,TRUE,FALSE
9573075,"gate_30",13,FALSE,FALSE
9573157,"gate_30",38,TRUE,FALSE
9573240,"gate_30",15,FALSE,FALSE
9573299,"gate_40",31,TRUE,FALSE
9573303,"gate_30",55,FALSE,FALSE
9573408,"gate_40",93,TRUE,FALSE
9573412,"gate_40",25,FALSE,FALSE
9573485,"gate_40",11,FALSE,FALSE
9573502,"gate_40",0,FALSE,FALSE
9573512,"gate_40",22,FALSE,FALSE
9573769,"gate_40",9,FALSE,FALSE
9573837,"gate_30",8,FALSE,FALSE
9574035,"gate_30",4,TRUE,FALSE
9574072,"gate_30",42,TRUE,FALSE
9574171,"gate_30",105,TRUE,FALSE
9574237,"gate_40",4,FALSE,FALSE
9574248,"gate_30",136,TRUE,TRUE
9574410,"gate_30",52,TRUE,TRUE
9574498,"gate_30",46,TRUE,FALSE
9574627,"gate_30",49,TRUE,FALSE
9574642,"gate_30",47,TRUE,FALSE
9574685,"gate_30",8,FALSE,FALSE
9574830,"gate_30",54,TRUE,FALSE
9574952,"gate_30",4,FALSE,FALSE
9575210,"gate_40",8,FALSE,FALSE
9575290,"gate_40",1,FALSE,FALSE
9575355,"gate_40",30,TRUE,FALSE
9575448,"gate_30",3,FALSE,FALSE
9575472,"gate_40",43,TRUE,TRUE
9575826,"gate_40",6,FALSE,FALSE
9575830,"gate_40",3,FALSE,FALSE
9575879,"gate_30",79,FALSE,TRUE
9576185,"gate_40",8,FALSE,FALSE
9576271,"gate_30",3,FALSE,FALSE
9576368,"gate_30",29,TRUE,FALSE
9576510,"gate_30",199,TRUE,FALSE
9576697,"gate_30",74,FALSE,FALSE
9576708,"gate_30",17,TRUE,FALSE
9576797,"gate_30",1,FALSE,FALSE
9576915,"gate_40",4,FALSE,FALSE
9576938,"gate_30",31,FALSE,FALSE
9577108,"gate_40",193,TRUE,TRUE
9577146,"gate_40",1,FALSE,FALSE
9577276,"gate_40",3,FALSE,FALSE
9577418,"gate_30",26,TRUE,FALSE
9577522,"gate_30",26,FALSE,FALSE
9577719,"gate_40",3,FALSE,FALSE
9577837,"gate_30",7,FALSE,FALSE
9577876,"gate_40",9,TRUE,FALSE
9578124,"gate_40",6,FALSE,FALSE
9578211,"gate_40",14,FALSE,FALSE
9578250,"gate_40",55,TRUE,FALSE
9578308,"gate_30",6,TRUE,FALSE
9578322,"gate_30",82,FALSE,TRUE
9578540,"gate_30",261,TRUE,TRUE
9578720,"gate_40",15,FALSE,FALSE
9578811,"gate_40",6,FALSE,FALSE
9579082,"gate_40",6,FALSE,FALSE
9579098,"gate_40",31,TRUE,TRUE
9579133,"gate_30",54,TRUE,FALSE
9579216,"gate_30",41,TRUE,FALSE
9579253,"gate_30",15,TRUE,FALSE
9579411,"gate_40",25,FALSE,FALSE
9579494,"gate_30",1,FALSE,FALSE
9579557,"gate_30",247,TRUE,FALSE
9579684,"gate_40",14,FALSE,FALSE
9579870,"gate_30",5,FALSE,FALSE
9580054,"gate_40",26,TRUE,FALSE
9580123,"gate_30",0,FALSE,FALSE
9580435,"gate_30",52,TRUE,FALSE
9580491,"gate_40",16,FALSE,FALSE
9580561,"gate_30",21,FALSE,FALSE
9580621,"gate_30",1,FALSE,FALSE
9581004,"gate_30",40,TRUE,FALSE
9581131,"gate_30",28,TRUE,FALSE
9581134,"gate_40",72,TRUE,TRUE
9581185,"gate_40",2,FALSE,FALSE
9581318,"gate_30",239,TRUE,TRUE
9581333,"gate_40",25,TRUE,FALSE
9581521,"gate_40",230,TRUE,FALSE
9581567,"gate_40",38,TRUE,FALSE
9581580,"gate_40",60,FALSE,FALSE
9581798,"gate_40",99,TRUE,TRUE
9581905,"gate_30",29,TRUE,FALSE
9582218,"gate_30",45,TRUE,FALSE
9582226,"gate_30",51,FALSE,FALSE
9582367,"gate_40",6,TRUE,FALSE
9582397,"gate_30",4,FALSE,FALSE
9582492,"gate_30",19,TRUE,FALSE
9582675,"gate_30",155,TRUE,FALSE
9582718,"gate_30",9,FALSE,FALSE
9582761,"gate_40",5,TRUE,FALSE
9582773,"gate_40",6,FALSE,FALSE
9582915,"gate_40",6,FALSE,FALSE
9583070,"gate_30",80,FALSE,TRUE
9583130,"gate_30",171,TRUE,TRUE
9583168,"gate_30",10,FALSE,FALSE
9583336,"gate_40",77,FALSE,TRUE
9583421,"gate_40",3,FALSE,FALSE
9583675,"gate_40",175,TRUE,FALSE
9583791,"gate_30",23,TRUE,TRUE
9583889,"gate_40",8,FALSE,FALSE
9583929,"gate_40",21,FALSE,FALSE
9584184,"gate_30",7,FALSE,FALSE
9584210,"gate_30",10,FALSE,FALSE
9584285,"gate_30",18,TRUE,FALSE
9584404,"gate_40",178,TRUE,FALSE
9584434,"gate_40",4,FALSE,FALSE
9584495,"gate_30",5,FALSE,FALSE
9584523,"gate_30",2,FALSE,FALSE
9584919,"gate_40",27,TRUE,TRUE
9585199,"gate_30",2,FALSE,FALSE
9585667,"gate_40",5,FALSE,FALSE
9585701,"gate_40",98,TRUE,FALSE
9585850,"gate_40",15,TRUE,FALSE
9586415,"gate_30",2,FALSE,FALSE
9586467,"gate_40",3,FALSE,FALSE
9586820,"gate_30",16,TRUE,FALSE
9586900,"gate_40",23,FALSE,FALSE
9587022,"gate_30",46,TRUE,TRUE
9587124,"gate_40",2,FALSE,FALSE
9587153,"gate_40",119,FALSE,TRUE
9587288,"gate_30",33,TRUE,FALSE
9587339,"gate_30",26,TRUE,FALSE
9587545,"gate_40",83,TRUE,FALSE
9587646,"gate_40",9,FALSE,FALSE
9587717,"gate_40",46,TRUE,FALSE
9587722,"gate_40",23,TRUE,TRUE
9587949,"gate_40",0,FALSE,FALSE
9588024,"gate_40",4,FALSE,FALSE
9588259,"gate_30",1,FALSE,FALSE
9588268,"gate_40",29,TRUE,FALSE
9588351,"gate_40",9,FALSE,FALSE
9588360,"gate_30",2,FALSE,FALSE
9588530,"gate_40",1,FALSE,FALSE
9588597,"gate_30",133,FALSE,TRUE
9588631,"gate_40",29,FALSE,FALSE
9588637,"gate_30",32,TRUE,FALSE
9588708,"gate_40",5,FALSE,FALSE
9588726,"gate_30",3,FALSE,FALSE
9588772,"gate_30",139,TRUE,TRUE
9588917,"gate_30",29,TRUE,FALSE
9589059,"gate_30",1,FALSE,FALSE
9589247,"gate_30",21,FALSE,FALSE
9589414,"gate_30",7,FALSE,FALSE
9589647,"gate_40",5,FALSE,FALSE
9589687,"gate_30",227,TRUE,TRUE
9589699,"gate_30",29,FALSE,FALSE
9589830,"gate_30",34,TRUE,FALSE
9589966,"gate_40",53,TRUE,FALSE
9590085,"gate_30",39,TRUE,TRUE
9590232,"gate_40",14,FALSE,FALSE
9590281,"gate_30",5,FALSE,FALSE
9590506,"gate_30",38,TRUE,FALSE
9590526,"gate_40",290,TRUE,FALSE
9590565,"gate_30",20,TRUE,FALSE
9590885,"gate_30",30,TRUE,FALSE
9590966,"gate_40",172,TRUE,TRUE
9591230,"gate_40",45,TRUE,TRUE
9591368,"gate_30",28,TRUE,FALSE
9591531,"gate_40",221,FALSE,TRUE
9591591,"gate_30",27,TRUE,FALSE
9592295,"gate_30",17,FALSE,FALSE
9592354,"gate_40",23,TRUE,FALSE
9592542,"gate_40",6,FALSE,FALSE
9592564,"gate_30",0,FALSE,FALSE
9592592,"gate_30",19,FALSE,FALSE
9592718,"gate_30",6,FALSE,FALSE
9592942,"gate_40",5,FALSE,FALSE
9593029,"gate_30",6,FALSE,FALSE
9593073,"gate_30",9,FALSE,FALSE
9593107,"gate_40",113,TRUE,TRUE
9593188,"gate_40",174,TRUE,TRUE
9593378,"gate_30",12,FALSE,FALSE
9593558,"gate_30",139,TRUE,TRUE
9593797,"gate_30",4,FALSE,FALSE
9593901,"gate_40",1,FALSE,FALSE
9594144,"gate_40",103,FALSE,FALSE
9594192,"gate_40",22,TRUE,FALSE
9594282,"gate_30",5,TRUE,FALSE
9594314,"gate_40",265,TRUE,FALSE
9594388,"gate_40",207,TRUE,FALSE
9594436,"gate_30",1,FALSE,FALSE
9594452,"gate_40",105,TRUE,TRUE
9594500,"gate_40",45,FALSE,FALSE
9594558,"gate_40",31,FALSE,FALSE
9595191,"gate_30",306,TRUE,FALSE
9596138,"gate_40",60,FALSE,FALSE
9596326,"gate_40",6,FALSE,FALSE
9596370,"gate_40",10,TRUE,FALSE
9596722,"gate_30",0,FALSE,FALSE
9596775,"gate_30",0,FALSE,FALSE
9597120,"gate_30",100,TRUE,FALSE
9597355,"gate_40",14,FALSE,FALSE
9597442,"gate_30",2,FALSE,FALSE
9597446,"gate_30",110,FALSE,FALSE
9597590,"gate_40",0,FALSE,FALSE
9597897,"gate_30",23,TRUE,FALSE
9598371,"gate_30",74,TRUE,TRUE
9598544,"gate_40",74,TRUE,FALSE
9599152,"gate_30",15,TRUE,FALSE
9599157,"gate_30",12,FALSE,FALSE
9599257,"gate_30",13,FALSE,FALSE
9599284,"gate_40",278,TRUE,TRUE
9599489,"gate_30",106,TRUE,TRUE
9599629,"gate_30",61,TRUE,FALSE
9599653,"gate_30",173,TRUE,FALSE
9599671,"gate_30",142,TRUE,FALSE
9599821,"gate_30",49,TRUE,TRUE
9599832,"gate_30",3,FALSE,FALSE
9599939,"gate_40",5,FALSE,FALSE
9599964,"gate_30",35,TRUE,FALSE
9599985,"gate_40",7,FALSE,FALSE
9600106,"gate_30",20,FALSE,FALSE
9600108,"gate_30",5,FALSE,FALSE
9600163,"gate_30",3,FALSE,FALSE
9600248,"gate_30",6,TRUE,FALSE
9600362,"gate_30",2,FALSE,FALSE
9600534,"gate_40",11,TRUE,FALSE
9600539,"gate_30",75,TRUE,TRUE
9600716,"gate_40",0,FALSE,FALSE
9600762,"gate_40",17,TRUE,FALSE
9600818,"gate_40",32,TRUE,FALSE
9601009,"gate_40",2,FALSE,FALSE
9601029,"gate_30",41,TRUE,TRUE
9601067,"gate_30",1,FALSE,FALSE
9601342,"gate_40",336,TRUE,TRUE
9601345,"gate_40",69,FALSE,TRUE
9601790,"gate_40",68,FALSE,FALSE
9601860,"gate_30",72,TRUE,FALSE
9601946,"gate_30",5,FALSE,FALSE
9602009,"gate_30",217,TRUE,TRUE
9602023,"gate_30",32,FALSE,FALSE
9602078,"gate_30",30,TRUE,FALSE
9602124,"gate_40",4,FALSE,FALSE
9602133,"gate_40",186,FALSE,FALSE
9602437,"gate_40",152,TRUE,TRUE
9602577,"gate_30",48,TRUE,FALSE
9602672,"gate_30",22,TRUE,TRUE
9602855,"gate_30",11,TRUE,TRUE
9602898,"gate_30",1,FALSE,FALSE
9602952,"gate_30",1,FALSE,FALSE
9603085,"gate_30",36,TRUE,FALSE
9603261,"gate_40",120,TRUE,TRUE
9603526,"gate_40",1,FALSE,FALSE
9603539,"gate_40",112,TRUE,FALSE
9603908,"gate_30",4,FALSE,FALSE
9603918,"gate_40",49,TRUE,FALSE
9603949,"gate_40",1,FALSE,FALSE
9604067,"gate_30",14,FALSE,FALSE
9604123,"gate_30",7,FALSE,FALSE
9604322,"gate_30",63,TRUE,TRUE
9604330,"gate_40",6,FALSE,FALSE
9604544,"gate_40",51,TRUE,TRUE
9604554,"gate_30",77,TRUE,TRUE
9604576,"gate_40",56,TRUE,FALSE
9604732,"gate_40",1,FALSE,FALSE
9604852,"gate_30",2,FALSE,FALSE
9605096,"gate_40",2,FALSE,FALSE
9605291,"gate_40",87,FALSE,TRUE
9605564,"gate_30",7,FALSE,FALSE
9605628,"gate_40",2,FALSE,FALSE
9605732,"gate_40",61,FALSE,FALSE
9605747,"gate_40",0,FALSE,FALSE
9605826,"gate_30",25,FALSE,FALSE
9605976,"gate_40",23,FALSE,FALSE
9606035,"gate_40",4,FALSE,FALSE
9606101,"gate_40",9,FALSE,FALSE
9606202,"gate_30",1,FALSE,FALSE
9606291,"gate_30",14,TRUE,FALSE
9606613,"gate_30",2,FALSE,FALSE
9606663,"gate_40",11,FALSE,FALSE
9606682,"gate_40",37,TRUE,FALSE
9606685,"gate_30",6,FALSE,FALSE
9606728,"gate_30",4,FALSE,FALSE
9606784,"gate_40",13,TRUE,FALSE
9606863,"gate_30",274,TRUE,TRUE
9607118,"gate_30",2,FALSE,FALSE
9607383,"gate_30",21,TRUE,FALSE
9607593,"gate_40",1,FALSE,FALSE
9607750,"gate_40",6,TRUE,FALSE
9607819,"gate_30",6,FALSE,FALSE
9607862,"gate_30",139,FALSE,TRUE
9607965,"gate_40",62,TRUE,FALSE
9608062,"gate_30",26,TRUE,TRUE
9608087,"gate_30",47,TRUE,FALSE
9608088,"gate_30",8,FALSE,FALSE
9608136,"gate_30",71,TRUE,FALSE
9608275,"gate_30",4,FALSE,FALSE
9608347,"gate_40",387,TRUE,TRUE
9608541,"gate_40",69,TRUE,TRUE
9608565,"gate_40",50,TRUE,TRUE
9608624,"gate_40",5,FALSE,FALSE
9608819,"gate_40",1,FALSE,FALSE
9608850,"gate_40",16,TRUE,FALSE
9609102,"gate_30",3,FALSE,FALSE
9609263,"gate_30",17,FALSE,FALSE
9609432,"gate_30",3,FALSE,FALSE
9609445,"gate_40",14,TRUE,FALSE
9609505,"gate_30",110,TRUE,FALSE
9609510,"gate_40",23,TRUE,FALSE
9609914,"gate_40",1,FALSE,FALSE
9609980,"gate_40",23,FALSE,TRUE
9610131,"gate_30",0,FALSE,FALSE
9610288,"gate_40",54,TRUE,FALSE
9610404,"gate_40",4,FALSE,FALSE
9610511,"gate_40",117,TRUE,TRUE
9610534,"gate_30",269,TRUE,TRUE
9610626,"gate_30",59,FALSE,TRUE
9610749,"gate_30",49,TRUE,FALSE
9610877,"gate_30",1,FALSE,FALSE
9611410,"gate_30",182,TRUE,TRUE
9611502,"gate_30",195,TRUE,TRUE
9611656,"gate_40",18,FALSE,FALSE
9611909,"gate_40",88,TRUE,FALSE
9611929,"gate_40",1,FALSE,FALSE
9612356,"gate_40",1,FALSE,FALSE
9612372,"gate_30",10,TRUE,FALSE
9612408,"gate_40",210,TRUE,TRUE
9612463,"gate_30",95,TRUE,TRUE
9612482,"gate_40",161,TRUE,TRUE
9612618,"gate_40",30,TRUE,FALSE
9612699,"gate_40",18,TRUE,FALSE
9612749,"gate_40",17,TRUE,FALSE
9612871,"gate_30",7,FALSE,FALSE
9613146,"gate_40",6,FALSE,FALSE
9613334,"gate_30",3,FALSE,FALSE
9613517,"gate_30",25,FALSE,TRUE
9613583,"gate_30",190,TRUE,FALSE
9613664,"gate_30",18,TRUE,FALSE
9613705,"gate_30",43,FALSE,FALSE
9613729,"gate_30",108,TRUE,TRUE
9613750,"gate_30",138,TRUE,TRUE
9613760,"gate_30",2,FALSE,FALSE
9613781,"gate_30",37,FALSE,FALSE
9613783,"gate_40",15,TRUE,FALSE
9613925,"gate_30",9,FALSE,FALSE
9614049,"gate_40",18,FALSE,FALSE
9614053,"gate_30",1,FALSE,FALSE
9614080,"gate_30",22,TRUE,TRUE
9614139,"gate_40",18,TRUE,FALSE
9614449,"gate_30",79,TRUE,TRUE
9614571,"gate_30",9,TRUE,TRUE
9614673,"gate_40",18,TRUE,FALSE
9614705,"gate_40",5,TRUE,FALSE
9614714,"gate_30",10,FALSE,FALSE
9614828,"gate_30",7,FALSE,FALSE
9615206,"gate_40",14,FALSE,FALSE
9615241,"gate_30",13,TRUE,FALSE
9615445,"gate_40",7,FALSE,FALSE
9615473,"gate_30",6,FALSE,FALSE
9615487,"gate_40",647,TRUE,TRUE
9615564,"gate_40",357,TRUE,FALSE
9615924,"gate_40",6,FALSE,FALSE
9616164,"gate_30",3,FALSE,FALSE
9616345,"gate_40",0,TRUE,FALSE
9616475,"gate_30",20,TRUE,FALSE
9616635,"gate_40",18,TRUE,FALSE
9616896,"gate_40",1,FALSE,FALSE
9616938,"gate_40",0,FALSE,FALSE
9617067,"gate_30",3,FALSE,FALSE
9617090,"gate_30",15,TRUE,FALSE
9617189,"gate_30",70,TRUE,FALSE
9617219,"gate_40",38,TRUE,FALSE
9617488,"gate_40",2,FALSE,FALSE
9617552,"gate_30",4,FALSE,FALSE
9617581,"gate_40",16,TRUE,FALSE
9617771,"gate_30",3,FALSE,FALSE
9617882,"gate_30",7,FALSE,FALSE
9617883,"gate_30",30,TRUE,FALSE
9617977,"gate_30",21,TRUE,FALSE
9618025,"gate_40",2,TRUE,FALSE
9618211,"gate_40",56,TRUE,FALSE
9618283,"gate_40",1,FALSE,FALSE
9618285,"gate_40",16,TRUE,FALSE
9618377,"gate_40",22,FALSE,FALSE
9618588,"gate_30",116,TRUE,FALSE
9618622,"gate_30",29,TRUE,TRUE
9618656,"gate_30",73,TRUE,TRUE
9618699,"gate_30",148,TRUE,TRUE
9618703,"gate_40",2,TRUE,FALSE
9618957,"gate_30",2,FALSE,FALSE
9618997,"gate_40",18,FALSE,FALSE
9619002,"gate_30",295,TRUE,TRUE
9619007,"gate_40",4,TRUE,FALSE
9619092,"gate_30",30,TRUE,FALSE
9619137,"gate_40",132,TRUE,TRUE
9619223,"gate_30",21,TRUE,FALSE
9619406,"gate_40",115,TRUE,TRUE
9619522,"gate_40",11,FALSE,FALSE
9619578,"gate_30",39,TRUE,FALSE
9619585,"gate_40",2,FALSE,FALSE
9619607,"gate_40",114,TRUE,FALSE
9619620,"gate_30",109,TRUE,FALSE
9619775,"gate_30",38,TRUE,TRUE
9619883,"gate_30",9,FALSE,FALSE
9620129,"gate_30",4,FALSE,FALSE
9620169,"gate_30",15,TRUE,FALSE
9620885,"gate_30",4,FALSE,FALSE
9620916,"gate_40",108,TRUE,FALSE
9621099,"gate_40",4,FALSE,FALSE
9621339,"gate_40",16,FALSE,FALSE
9621379,"gate_30",1,FALSE,FALSE
9621429,"gate_30",22,FALSE,FALSE
9621457,"gate_40",11,TRUE,FALSE
9621481,"gate_40",8,FALSE,FALSE
9621763,"gate_40",7,FALSE,FALSE
9621802,"gate_40",46,FALSE,TRUE
9621954,"gate_30",2,FALSE,FALSE
9622099,"gate_40",4,FALSE,FALSE
9622176,"gate_30",3,FALSE,FALSE
9622182,"gate_40",46,FALSE,FALSE
9622417,"gate_40",66,TRUE,FALSE
9622510,"gate_40",77,TRUE,TRUE
9622555,"gate_30",6,FALSE,FALSE
9622696,"gate_40",16,FALSE,FALSE
9622700,"gate_40",412,FALSE,TRUE
9622903,"gate_30",6,FALSE,FALSE
9622977,"gate_30",36,FALSE,FALSE
9623076,"gate_30",6,TRUE,FALSE
9623175,"gate_30",184,TRUE,TRUE
9623215,"gate_40",10,TRUE,FALSE
9623225,"gate_40",10,FALSE,FALSE
9623566,"gate_30",6,TRUE,FALSE
9623608,"gate_40",12,TRUE,FALSE
9623643,"gate_40",21,FALSE,TRUE
9623689,"gate_40",277,TRUE,TRUE
9623701,"gate_40",40,TRUE,FALSE
9623751,"gate_40",0,FALSE,FALSE
9623804,"gate_40",23,TRUE,FALSE
9623815,"gate_40",69,FALSE,TRUE
9623864,"gate_40",5,FALSE,FALSE
9624000,"gate_30",17,FALSE,FALSE
9624023,"gate_40",63,TRUE,FALSE
9624214,"gate_30",13,FALSE,FALSE
9624221,"gate_40",3,FALSE,FALSE
9624223,"gate_40",4,FALSE,FALSE
9624323,"gate_30",80,TRUE,TRUE
9624416,"gate_40",18,TRUE,FALSE
9624427,"gate_30",15,TRUE,FALSE
9624616,"gate_40",27,TRUE,FALSE
9624665,"gate_30",50,TRUE,FALSE
9624717,"gate_30",1,FALSE,FALSE
9624752,"gate_30",12,FALSE,FALSE
9624758,"gate_30",15,FALSE,FALSE
9624771,"gate_30",74,FALSE,TRUE
9624830,"gate_40",1,FALSE,FALSE
9624973,"gate_40",7,FALSE,FALSE
9625174,"gate_40",8,FALSE,FALSE
9625636,"gate_40",17,FALSE,FALSE
9625717,"gate_30",9,FALSE,FALSE
9625957,"gate_40",23,FALSE,FALSE
9626013,"gate_30",301,TRUE,TRUE
9626099,"gate_40",40,TRUE,FALSE
9626149,"gate_40",2,FALSE,FALSE
9626247,"gate_30",14,FALSE,FALSE
9626369,"gate_40",148,TRUE,FALSE
9626536,"gate_40",11,FALSE,FALSE
9626550,"gate_30",1,FALSE,FALSE
9626600,"gate_40",9,FALSE,FALSE
9626814,"gate_40",250,TRUE,TRUE
9626977,"gate_40",5,FALSE,FALSE
9627148,"gate_30",3,FALSE,FALSE
9627180,"gate_30",72,TRUE,FALSE
9627297,"gate_40",7,TRUE,FALSE
9627414,"gate_30",69,TRUE,TRUE
9627464,"gate_40",18,TRUE,FALSE
9627608,"gate_40",5,FALSE,FALSE
9627825,"gate_40",295,TRUE,TRUE
9627853,"gate_30",489,TRUE,TRUE
9627862,"gate_30",17,FALSE,FALSE
9627884,"gate_40",39,TRUE,FALSE
9628028,"gate_40",67,TRUE,FALSE
9628073,"gate_40",12,TRUE,FALSE
9628108,"gate_30",3,FALSE,FALSE
9628137,"gate_40",39,TRUE,FALSE
9628201,"gate_30",5,FALSE,FALSE
9628253,"gate_40",0,FALSE,FALSE
9628280,"gate_40",18,FALSE,FALSE
9628314,"gate_40",86,TRUE,FALSE
9628337,"gate_40",1082,TRUE,TRUE
9628579,"gate_40",54,TRUE,TRUE
9628628,"gate_40",697,TRUE,TRUE
9628650,"gate_30",9,FALSE,FALSE
9628714,"gate_40",5,FALSE,FALSE
9628778,"gate_40",126,TRUE,FALSE
9628806,"gate_40",231,TRUE,TRUE
9628845,"gate_40",25,FALSE,FALSE
9629060,"gate_30",7,FALSE,FALSE
9629321,"gate_30",3,FALSE,FALSE
9629374,"gate_40",105,TRUE,FALSE
9629565,"gate_40",216,TRUE,FALSE
9629677,"gate_30",711,TRUE,TRUE
9629695,"gate_40",16,TRUE,FALSE
9629708,"gate_30",18,FALSE,TRUE
9629851,"gate_40",6,FALSE,FALSE
9630008,"gate_30",4,FALSE,FALSE
9630026,"gate_30",165,FALSE,FALSE
9630209,"gate_30",1,FALSE,FALSE
9630239,"gate_40",19,FALSE,FALSE
9630309,"gate_30",225,TRUE,TRUE
9630312,"gate_30",12,FALSE,FALSE
9630319,"gate_40",2,FALSE,FALSE
9630563,"gate_30",15,FALSE,FALSE
9630752,"gate_40",21,FALSE,FALSE
9630792,"gate_30",55,TRUE,FALSE
9630886,"gate_40",32,TRUE,FALSE
9631013,"gate_30",10,FALSE,FALSE
9631040,"gate_30",5,FALSE,FALSE
9631200,"gate_40",2,FALSE,FALSE
9631271,"gate_30",13,FALSE,FALSE
9631287,"gate_30",14,FALSE,FALSE
9631679,"gate_30",1,FALSE,FALSE
9631754,"gate_40",96,TRUE,FALSE
9631937,"gate_30",19,FALSE,FALSE
9632096,"gate_40",25,TRUE,TRUE
9632131,"gate_40",61,TRUE,FALSE
9632162,"gate_40",8,FALSE,FALSE
9632267,"gate_30",91,TRUE,FALSE
9632430,"gate_30",3,FALSE,FALSE
9632462,"gate_40",247,TRUE,TRUE
9632586,"gate_30",45,TRUE,FALSE
9632664,"gate_40",5,FALSE,FALSE
9632773,"gate_40",77,TRUE,FALSE
9632866,"gate_30",13,FALSE,FALSE
9632896,"gate_30",1,FALSE,FALSE
9633005,"gate_40",1,FALSE,FALSE
9633115,"gate_30",37,TRUE,FALSE
9633141,"gate_30",103,TRUE,TRUE
9633390,"gate_40",4,FALSE,FALSE
9633413,"gate_40",12,FALSE,TRUE
9633501,"gate_30",244,TRUE,TRUE
9633751,"gate_40",330,TRUE,TRUE
9633793,"gate_40",4,FALSE,FALSE
9633929,"gate_30",3,FALSE,FALSE
9634031,"gate_30",111,TRUE,FALSE
9634068,"gate_40",54,FALSE,TRUE
9634195,"gate_40",71,FALSE,FALSE
9634371,"gate_40",16,TRUE,FALSE
9634630,"gate_40",62,TRUE,FALSE
9634703,"gate_30",8,FALSE,FALSE
9634727,"gate_40",1,FALSE,FALSE
9635441,"gate_30",19,FALSE,FALSE
9635559,"gate_30",15,TRUE,FALSE
9635590,"gate_40",5,FALSE,FALSE
9635592,"gate_40",39,FALSE,FALSE
9635658,"gate_30",45,TRUE,FALSE
9635755,"gate_30",122,FALSE,TRUE
9635910,"gate_30",10,FALSE,FALSE
9635977,"gate_40",5,FALSE,FALSE
9636177,"gate_30",2,FALSE,FALSE
9636233,"gate_40",1,FALSE,FALSE
9636355,"gate_40",1,FALSE,FALSE
9636428,"gate_30",13,FALSE,FALSE
9636511,"gate_30",18,FALSE,FALSE
9636520,"gate_30",8,FALSE,FALSE
9636606,"gate_30",47,FALSE,TRUE
9636703,"gate_40",29,TRUE,FALSE
9636721,"gate_40",0,FALSE,FALSE
9636788,"gate_30",8,TRUE,FALSE
9636862,"gate_30",12,TRUE,FALSE
9637000,"gate_40",132,TRUE,FALSE
9637155,"gate_40",48,FALSE,TRUE
9637232,"gate_30",40,TRUE,FALSE
9637255,"gate_30",18,FALSE,FALSE
9637564,"gate_40",7,FALSE,FALSE
9637582,"gate_30",39,FALSE,FALSE
9637641,"gate_40",0,FALSE,FALSE
9637735,"gate_30",14,FALSE,FALSE
9638059,"gate_30",35,TRUE,FALSE
9638102,"gate_30",0,FALSE,FALSE
9638249,"gate_40",105,TRUE,TRUE
9638540,"gate_30",18,FALSE,FALSE
9638572,"gate_30",60,TRUE,FALSE
9638582,"gate_40",22,FALSE,TRUE
9638638,"gate_30",2,FALSE,FALSE
9638752,"gate_30",24,FALSE,FALSE
9638778,"gate_40",4,FALSE,FALSE
9638811,"gate_30",2,FALSE,FALSE
9639264,"gate_40",3,FALSE,FALSE
9639351,"gate_30",61,TRUE,TRUE
9639886,"gate_30",65,TRUE,FALSE
9639983,"gate_40",4,FALSE,FALSE
9640085,"gate_30",2156,TRUE,TRUE
9640253,"gate_40",3,FALSE,FALSE
9640362,"gate_30",4,FALSE,FALSE
9640608,"gate_30",4,FALSE,FALSE
9640841,"gate_30",3,FALSE,FALSE
9640953,"gate_30",12,FALSE,FALSE
9640964,"gate_40",28,TRUE,FALSE
9641037,"gate_30",9,FALSE,TRUE
9641052,"gate_40",9,FALSE,FALSE
9641095,"gate_30",240,TRUE,FALSE
9641157,"gate_30",8,FALSE,FALSE
9641464,"gate_40",22,FALSE,FALSE
9641469,"gate_30",4,FALSE,FALSE
9641592,"gate_40",3,FALSE,FALSE
9641854,"gate_30",82,TRUE,FALSE
9641919,"gate_30",6,FALSE,FALSE
9641929,"gate_30",4,FALSE,FALSE
9641992,"gate_40",1,FALSE,FALSE
9642282,"gate_30",10,FALSE,FALSE
9642350,"gate_30",57,TRUE,TRUE
9642583,"gate_30",5,FALSE,FALSE
9642638,"gate_30",6,FALSE,FALSE
9642754,"gate_30",2,FALSE,FALSE
9642899,"gate_30",9,FALSE,FALSE
9642934,"gate_30",5,FALSE,FALSE
9643021,"gate_30",25,FALSE,FALSE
9643032,"gate_30",74,TRUE,TRUE
9643047,"gate_40",12,FALSE,FALSE
9643079,"gate_40",2,FALSE,FALSE
9643130,"gate_30",110,FALSE,TRUE
9643238,"gate_40",5,FALSE,FALSE
9643268,"gate_30",40,FALSE,FALSE
9643322,"gate_30",26,TRUE,FALSE
9643420,"gate_30",13,TRUE,FALSE
9643459,"gate_40",31,TRUE,FALSE
9643468,"gate_30",8,FALSE,FALSE
9643582,"gate_40",112,TRUE,FALSE
9643597,"gate_40",13,FALSE,FALSE
9643684,"gate_30",43,FALSE,FALSE
9643816,"gate_30",4,FALSE,FALSE
9643926,"gate_40",16,FALSE,FALSE
9644025,"gate_30",44,TRUE,FALSE
9644197,"gate_30",8,TRUE,FALSE
9644202,"gate_30",10,FALSE,FALSE
9644314,"gate_40",9,TRUE,FALSE
9644408,"gate_30",39,TRUE,TRUE
9644530,"gate_40",466,TRUE,TRUE
9644587,"gate_40",31,TRUE,FALSE
9644800,"gate_40",0,FALSE,FALSE
9644869,"gate_40",8,TRUE,TRUE
9644955,"gate_40",1,FALSE,FALSE
9645057,"gate_30",13,FALSE,FALSE
9645241,"gate_40",1,FALSE,FALSE
9645282,"gate_30",117,TRUE,FALSE
9645380,"gate_30",16,FALSE,FALSE
9645427,"gate_40",24,FALSE,FALSE
9645595,"gate_30",18,TRUE,FALSE
9645648,"gate_30",17,FALSE,FALSE
9645693,"gate_40",15,FALSE,FALSE
9645892,"gate_30",53,TRUE,FALSE
9645963,"gate_30",19,TRUE,FALSE
9646270,"gate_40",64,TRUE,FALSE
9646500,"gate_30",152,TRUE,TRUE
9646550,"gate_30",1,FALSE,FALSE
9646581,"gate_30",263,TRUE,TRUE
9646807,"gate_30",80,TRUE,TRUE
9646835,"gate_30",7,FALSE,FALSE
9646870,"gate_40",6,FALSE,FALSE
9647013,"gate_30",517,TRUE,TRUE
9647129,"gate_40",5,FALSE,FALSE
9647214,"gate_30",34,FALSE,FALSE
9647507,"gate_40",5,FALSE,FALSE
9647559,"gate_30",13,FALSE,FALSE
9647992,"gate_40",159,FALSE,TRUE
9648061,"gate_30",61,TRUE,FALSE
9648063,"gate_40",167,TRUE,TRUE
9648233,"gate_40",53,TRUE,FALSE
9648244,"gate_40",2,FALSE,FALSE
9648388,"gate_30",19,FALSE,FALSE
9648613,"gate_40",8,TRUE,FALSE
9648626,"gate_30",19,FALSE,FALSE
9648628,"gate_30",42,TRUE,FALSE
9648679,"gate_40",7,FALSE,FALSE
9648861,"gate_40",16,FALSE,FALSE
9649110,"gate_40",36,FALSE,FALSE
9649260,"gate_30",30,FALSE,TRUE
9649385,"gate_30",13,TRUE,FALSE
9649467,"gate_40",17,FALSE,FALSE
9649520,"gate_30",6,FALSE,FALSE
9649587,"gate_30",48,TRUE,FALSE
9649716,"gate_40",107,TRUE,FALSE
9649911,"gate_40",4,FALSE,FALSE
9650051,"gate_30",4,TRUE,FALSE
9650092,"gate_30",9,TRUE,FALSE
9650329,"gate_40",64,TRUE,TRUE
9650412,"gate_40",173,TRUE,TRUE
9650415,"gate_30",4,FALSE,FALSE
9650474,"gate_30",18,FALSE,FALSE
9650573,"gate_40",663,TRUE,TRUE
9650587,"gate_30",19,FALSE,FALSE
9650618,"gate_40",18,TRUE,FALSE
9650627,"gate_40",69,TRUE,TRUE
9650771,"gate_30",5,FALSE,FALSE
9650794,"gate_40",21,FALSE,FALSE
9651282,"gate_30",520,TRUE,TRUE
9651436,"gate_30",7,FALSE,FALSE
9651462,"gate_40",111,TRUE,TRUE
9651484,"gate_40",137,TRUE,TRUE
9651540,"gate_30",3,FALSE,FALSE
9651611,"gate_30",39,TRUE,TRUE
9651681,"gate_30",20,FALSE,FALSE
9651864,"gate_30",6,FALSE,FALSE
9651963,"gate_40",73,TRUE,FALSE
9652624,"gate_30",1,FALSE,FALSE
9652630,"gate_40",110,TRUE,FALSE
9652752,"gate_30",35,FALSE,FALSE
9652763,"gate_30",0,FALSE,FALSE
9652823,"gate_40",8,FALSE,FALSE
9653081,"gate_40",88,TRUE,FALSE
9653178,"gate_30",29,TRUE,TRUE
9653198,"gate_30",3,FALSE,FALSE
9653258,"gate_40",3,FALSE,FALSE
9653293,"gate_40",3,FALSE,FALSE
9653340,"gate_40",3,FALSE,FALSE
9653756,"gate_40",129,FALSE,TRUE
9653757,"gate_30",408,TRUE,TRUE
9653793,"gate_40",78,TRUE,FALSE
9653877,"gate_30",84,TRUE,TRUE
9653973,"gate_30",49,TRUE,FALSE
9654220,"gate_40",8,TRUE,FALSE
9654344,"gate_40",125,TRUE,TRUE
9654359,"gate_30",56,FALSE,FALSE
9654380,"gate_40",7,FALSE,FALSE
9654421,"gate_30",8,TRUE,FALSE
9654423,"gate_30",3,FALSE,FALSE
9654506,"gate_40",20,TRUE,FALSE
9654511,"gate_30",2,FALSE,FALSE
9654640,"gate_40",13,FALSE,FALSE
9654685,"gate_40",12,FALSE,FALSE
9654737,"gate_40",34,TRUE,FALSE
9654751,"gate_30",52,TRUE,TRUE
9654911,"gate_40",6,FALSE,FALSE
9654931,"gate_30",2,FALSE,FALSE
9655131,"gate_40",311,TRUE,TRUE
9655261,"gate_40",173,TRUE,TRUE
9655274,"gate_40",0,FALSE,FALSE
9655426,"gate_30",33,FALSE,FALSE
9655524,"gate_30",80,TRUE,FALSE
9655909,"gate_30",25,TRUE,FALSE
9655922,"gate_30",388,TRUE,TRUE
9655965,"gate_40",6,FALSE,FALSE
9655980,"gate_30",1,FALSE,FALSE
9656102,"gate_40",78,TRUE,FALSE
9656263,"gate_40",14,TRUE,FALSE
9656299,"gate_30",19,TRUE,FALSE
9656332,"gate_40",2,FALSE,FALSE
9656345,"gate_30",20,FALSE,FALSE
9656423,"gate_40",44,TRUE,FALSE
9656426,"gate_40",0,FALSE,FALSE
9656536,"gate_30",24,TRUE,FALSE
9656551,"gate_30",20,FALSE,FALSE
9656615,"gate_30",4,FALSE,FALSE
9656633,"gate_40",145,TRUE,FALSE
9657028,"gate_30",57,FALSE,FALSE
9657156,"gate_40",37,TRUE,FALSE
9657172,"gate_40",23,FALSE,TRUE
9657182,"gate_40",3,FALSE,FALSE
9657220,"gate_30",4,FALSE,FALSE
9657319,"gate_30",25,TRUE,FALSE
9657516,"gate_30",5,FALSE,FALSE
9657769,"gate_30",23,TRUE,FALSE
9657977,"gate_40",78,TRUE,FALSE
9658026,"gate_40",9,FALSE,FALSE
9658049,"gate_40",10,FALSE,FALSE
9658133,"gate_30",14,FALSE,FALSE
9658464,"gate_40",394,TRUE,TRUE
9658655,"gate_40",266,TRUE,FALSE
9658760,"gate_30",0,FALSE,FALSE
9658864,"gate_40",3,FALSE,FALSE
9658906,"gate_30",1,TRUE,FALSE
9658908,"gate_30",7,FALSE,FALSE
9658917,"gate_40",18,FALSE,FALSE
9659247,"gate_30",2,FALSE,FALSE
9659321,"gate_30",17,FALSE,FALSE
9659434,"gate_40",7,FALSE,FALSE
9659484,"gate_30",16,FALSE,FALSE
9659707,"gate_30",3,FALSE,FALSE
9659720,"gate_30",11,FALSE,FALSE
9659794,"gate_40",171,TRUE,FALSE
9659876,"gate_40",15,TRUE,FALSE
9659897,"gate_40",47,TRUE,TRUE
9659915,"gate_30",95,FALSE,TRUE
9659919,"gate_40",13,TRUE,FALSE
9660196,"gate_30",9,FALSE,FALSE
9660553,"gate_30",52,TRUE,FALSE
9660563,"gate_40",22,TRUE,FALSE
9660647,"gate_40",9,TRUE,FALSE
9660668,"gate_30",133,TRUE,TRUE
9660693,"gate_30",3,TRUE,FALSE
9660798,"gate_40",7,FALSE,FALSE
9660875,"gate_40",50,TRUE,TRUE
9660911,"gate_40",78,TRUE,FALSE
9661299,"gate_30",33,TRUE,FALSE
9661483,"gate_30",7,FALSE,FALSE
9661555,"gate_40",238,TRUE,TRUE
9661572,"gate_40",12,FALSE,FALSE
9661711,"gate_30",9,FALSE,FALSE
9661762,"gate_40",9,FALSE,FALSE
9661883,"gate_40",13,FALSE,FALSE
9662117,"gate_30",47,TRUE,TRUE
9662138,"gate_30",14,FALSE,FALSE
9662166,"gate_40",2,FALSE,FALSE
9662269,"gate_40",144,TRUE,TRUE
9662511,"gate_30",0,FALSE,FALSE
9662966,"gate_40",305,TRUE,FALSE
9662972,"gate_40",12,FALSE,FALSE
9663053,"gate_40",9,FALSE,FALSE
9663075,"gate_30",11,FALSE,FALSE
9663166,"gate_40",19,FALSE,FALSE
9663224,"gate_30",228,TRUE,TRUE
9663392,"gate_30",6,FALSE,FALSE
9663407,"gate_40",31,FALSE,TRUE
9663493,"gate_40",1,FALSE,FALSE
9663555,"gate_30",44,TRUE,TRUE
9663695,"gate_40",200,TRUE,TRUE
9663829,"gate_40",11,TRUE,FALSE
9663862,"gate_30",1,FALSE,FALSE
9664037,"gate_40",13,FALSE,FALSE
9664280,"gate_30",65,TRUE,FALSE
9664298,"gate_40",10,TRUE,FALSE
9664323,"gate_40",4,FALSE,FALSE
9664459,"gate_30",57,TRUE,TRUE
9664626,"gate_40",1,FALSE,FALSE
9664825,"gate_40",20,TRUE,FALSE
9664829,"gate_40",111,TRUE,FALSE
9665052,"gate_40",4,FALSE,FALSE
9665196,"gate_40",4,FALSE,FALSE
9665236,"gate_40",62,FALSE,TRUE
9665318,"gate_40",63,FALSE,FALSE
9665710,"gate_30",22,FALSE,FALSE
9665774,"gate_30",12,FALSE,FALSE
9665890,"gate_30",113,TRUE,FALSE
9665892,"gate_30",430,TRUE,TRUE
9666170,"gate_30",27,FALSE,FALSE
9666233,"gate_40",0,FALSE,FALSE
9666286,"gate_30",23,TRUE,FALSE
9666536,"gate_40",122,TRUE,FALSE
9666750,"gate_30",15,FALSE,TRUE
9667005,"gate_40",4,FALSE,FALSE
9667082,"gate_40",38,FALSE,FALSE
9667127,"gate_40",55,FALSE,FALSE
9667199,"gate_40",8,FALSE,FALSE
9667340,"gate_30",38,TRUE,FALSE
9667342,"gate_30",68,TRUE,FALSE
9667418,"gate_30",2,FALSE,FALSE
9667421,"gate_30",0,FALSE,FALSE
9667422,"gate_30",16,TRUE,FALSE
9667433,"gate_40",7,FALSE,FALSE
9667884,"gate_30",0,FALSE,FALSE
9667960,"gate_40",30,FALSE,FALSE
9668170,"gate_40",8,TRUE,FALSE
9668201,"gate_30",27,TRUE,FALSE
9668242,"gate_40",6,FALSE,FALSE
9668316,"gate_30",14,FALSE,FALSE
9668454,"gate_30",1,FALSE,FALSE
9668465,"gate_40",22,TRUE,FALSE
9668532,"gate_30",20,TRUE,FALSE
9668626,"gate_40",0,FALSE,FALSE
9669040,"gate_40",197,TRUE,TRUE
9669070,"gate_40",67,TRUE,FALSE
9669238,"gate_30",29,TRUE,FALSE
9669376,"gate_40",23,FALSE,FALSE
9669445,"gate_40",31,TRUE,TRUE
9669460,"gate_30",169,TRUE,FALSE
9669476,"gate_40",4,FALSE,FALSE
9669501,"gate_40",1,FALSE,FALSE
9669579,"gate_30",47,TRUE,FALSE
9669609,"gate_40",3,FALSE,FALSE
9669726,"gate_30",47,TRUE,FALSE
9669866,"gate_40",130,TRUE,TRUE
9669888,"gate_30",71,TRUE,FALSE
9669915,"gate_30",28,FALSE,FALSE
9669932,"gate_40",0,FALSE,FALSE
9669982,"gate_30",10,FALSE,FALSE
9670057,"gate_30",2,FALSE,FALSE
9670171,"gate_40",54,TRUE,TRUE
9670300,"gate_30",8,FALSE,FALSE
9670400,"gate_30",11,FALSE,FALSE
9670444,"gate_40",7,FALSE,FALSE
9670474,"gate_40",66,TRUE,FALSE
9670746,"gate_40",3,FALSE,FALSE
9670777,"gate_30",16,FALSE,FALSE
9670783,"gate_40",40,TRUE,FALSE
9670934,"gate_40",0,FALSE,FALSE
9670993,"gate_30",14,FALSE,FALSE
9671093,"gate_40",4,FALSE,FALSE
9671558,"gate_40",29,TRUE,FALSE
9672006,"gate_40",10,FALSE,FALSE
9672020,"gate_30",53,TRUE,FALSE
9672179,"gate_30",60,TRUE,FALSE
9672300,"gate_40",64,TRUE,TRUE
9672461,"gate_30",91,TRUE,FALSE
9672544,"gate_30",1,FALSE,FALSE
9672609,"gate_40",33,FALSE,FALSE
9672624,"gate_30",2,FALSE,FALSE
9672719,"gate_30",1,FALSE,FALSE
9672785,"gate_30",46,TRUE,FALSE
9672871,"gate_30",4,FALSE,FALSE
9673051,"gate_40",211,TRUE,TRUE
9673105,"gate_30",5,TRUE,FALSE
9673116,"gate_40",17,TRUE,FALSE
9673398,"gate_30",9,FALSE,FALSE
9673799,"gate_30",30,FALSE,FALSE
9674113,"gate_40",5,FALSE,FALSE
9674224,"gate_30",63,TRUE,FALSE
9674284,"gate_30",11,FALSE,FALSE
9674446,"gate_40",11,FALSE,FALSE
9674497,"gate_40",0,FALSE,FALSE
9674509,"gate_30",2,FALSE,FALSE
9674614,"gate_40",11,TRUE,FALSE
9674803,"gate_30",4,FALSE,FALSE
9675014,"gate_40",5,FALSE,FALSE
9675276,"gate_30",6,FALSE,FALSE
9675416,"gate_30",200,TRUE,TRUE
9675423,"gate_30",3,FALSE,FALSE
9675471,"gate_40",1,FALSE,FALSE
9675492,"gate_40",16,FALSE,FALSE
9675692,"gate_40",15,FALSE,FALSE
9675864,"gate_30",99,TRUE,FALSE
9675975,"gate_30",6,FALSE,FALSE
9676015,"gate_30",97,TRUE,TRUE
9676025,"gate_40",15,FALSE,TRUE
9676098,"gate_40",15,FALSE,FALSE
9676266,"gate_40",3,FALSE,FALSE
9676295,"gate_30",1,FALSE,FALSE
9676408,"gate_40",105,TRUE,FALSE
9676635,"gate_30",80,TRUE,FALSE
9676676,"gate_40",26,FALSE,FALSE
9676685,"gate_40",8,FALSE,FALSE
9677060,"gate_40",10,FALSE,FALSE
9677130,"gate_40",18,FALSE,FALSE
9677313,"gate_30",17,FALSE,FALSE
9677409,"gate_30",17,FALSE,FALSE
9677509,"gate_40",7,FALSE,FALSE
9677543,"gate_40",203,TRUE,TRUE
9677618,"gate_40",1,FALSE,FALSE
9677654,"gate_30",4,FALSE,FALSE
9677725,"gate_40",5,FALSE,FALSE
9677804,"gate_40",66,TRUE,FALSE
9677812,"gate_40",3,FALSE,FALSE
9678014,"gate_40",929,TRUE,TRUE
9678151,"gate_40",0,FALSE,FALSE
9678376,"gate_40",3,FALSE,FALSE
9678554,"gate_30",86,TRUE,FALSE
9678685,"gate_40",2,FALSE,FALSE
9678731,"gate_40",5,FALSE,FALSE
9678934,"gate_40",41,TRUE,TRUE
9679177,"gate_30",5,FALSE,FALSE
9679255,"gate_30",40,TRUE,FALSE
9679571,"gate_30",4,FALSE,FALSE
9679665,"gate_30",21,TRUE,TRUE
9679668,"gate_30",186,TRUE,TRUE
9679903,"gate_40",13,FALSE,FALSE
9680077,"gate_30",39,FALSE,FALSE
9680300,"gate_40",8,FALSE,FALSE
9680315,"gate_40",25,FALSE,FALSE
9680409,"gate_30",152,TRUE,TRUE
9680474,"gate_40",9,TRUE,FALSE
9680522,"gate_40",6,TRUE,FALSE
9680617,"gate_40",4,FALSE,FALSE
9680755,"gate_40",3,FALSE,FALSE
9680833,"gate_40",16,TRUE,FALSE
9680894,"gate_40",11,FALSE,FALSE
9680964,"gate_30",9,FALSE,FALSE
9680983,"gate_40",0,FALSE,FALSE
9681242,"gate_30",71,TRUE,FALSE
9681285,"gate_30",65,TRUE,FALSE
9681357,"gate_30",0,FALSE,FALSE
9681385,"gate_40",20,TRUE,FALSE
9681661,"gate_40",27,TRUE,FALSE
9681778,"gate_40",9,FALSE,FALSE
9681876,"gate_30",4,FALSE,FALSE
9681997,"gate_30",3,FALSE,FALSE
9682030,"gate_40",0,FALSE,FALSE
9682141,"gate_30",32,TRUE,FALSE
9682213,"gate_30",16,TRUE,FALSE
9682396,"gate_40",73,TRUE,TRUE
9682552,"gate_30",31,TRUE,FALSE
9682561,"gate_40",38,TRUE,TRUE
9682780,"gate_40",6,FALSE,FALSE
9683192,"gate_30",2,FALSE,FALSE
9683203,"gate_40",24,TRUE,FALSE
9683224,"gate_30",9,FALSE,FALSE
9683718,"gate_30",13,FALSE,FALSE
9683886,"gate_40",10,FALSE,FALSE
9684032,"gate_30",1,FALSE,FALSE
9684099,"gate_40",35,FALSE,FALSE
9684414,"gate_30",47,TRUE,FALSE
9684457,"gate_40",13,FALSE,FALSE
9684566,"gate_30",650,TRUE,TRUE
9684594,"gate_40",157,TRUE,TRUE
9684659,"gate_40",0,FALSE,FALSE
9684899,"gate_30",56,TRUE,FALSE
9685164,"gate_40",10,FALSE,FALSE
9685233,"gate_40",28,TRUE,FALSE
9685259,"gate_40",5,FALSE,FALSE
9685316,"gate_40",134,TRUE,FALSE
9685351,"gate_30",26,TRUE,FALSE
9685398,"gate_40",1,TRUE,FALSE
9685405,"gate_40",42,FALSE,FALSE
9685438,"gate_30",3,FALSE,FALSE
9685793,"gate_40",115,FALSE,FALSE
9685800,"gate_30",302,TRUE,TRUE
9685828,"gate_30",6,TRUE,FALSE
9685852,"gate_40",13,TRUE,FALSE
9685861,"gate_30",1,FALSE,FALSE
9685955,"gate_40",15,TRUE,FALSE
9686030,"gate_30",90,TRUE,FALSE
9686306,"gate_30",3,FALSE,FALSE
9686373,"gate_40",0,FALSE,FALSE
9686388,"gate_40",10,TRUE,FALSE
9686427,"gate_40",2,FALSE,FALSE
9686434,"gate_30",4,FALSE,FALSE
9686700,"gate_40",10,FALSE,FALSE
9686725,"gate_30",11,FALSE,FALSE
9686748,"gate_40",0,FALSE,FALSE
9686757,"gate_40",26,TRUE,FALSE
9686804,"gate_40",0,FALSE,FALSE
9686928,"gate_40",4,FALSE,FALSE
9686959,"gate_40",87,FALSE,TRUE
9687041,"gate_40",86,TRUE,FALSE
9687071,"gate_40",330,TRUE,TRUE
9687081,"gate_40",59,TRUE,FALSE
9687195,"gate_30",109,FALSE,TRUE
9687310,"gate_30",8,FALSE,FALSE
9687337,"gate_40",50,TRUE,FALSE
9687353,"gate_30",8,FALSE,FALSE
9687482,"gate_30",8,TRUE,FALSE
9687492,"gate_30",134,TRUE,TRUE
9687585,"gate_30",1,FALSE,FALSE
9687716,"gate_30",59,TRUE,FALSE
9687727,"gate_30",12,FALSE,FALSE
9687800,"gate_30",8,TRUE,FALSE
9687836,"gate_30",4,FALSE,FALSE
9687852,"gate_40",11,FALSE,FALSE
9687904,"gate_40",21,TRUE,TRUE
9687939,"gate_30",112,TRUE,TRUE
9687966,"gate_40",83,TRUE,TRUE
9687984,"gate_30",45,TRUE,TRUE
9687999,"gate_40",39,TRUE,FALSE
9688013,"gate_40",2,FALSE,FALSE
9688055,"gate_30",54,TRUE,FALSE
9688208,"gate_30",1,FALSE,FALSE
9688573,"gate_40",4,FALSE,FALSE
9688724,"gate_40",47,TRUE,FALSE
9688743,"gate_40",40,TRUE,TRUE
9688763,"gate_40",3,FALSE,FALSE
9689133,"gate_30",2,FALSE,FALSE
9689140,"gate_40",32,FALSE,FALSE
9689165,"gate_40",4,FALSE,FALSE
9689380,"gate_30",6,FALSE,FALSE
9689589,"gate_40",1,FALSE,FALSE
9689691,"gate_30",6,FALSE,FALSE
9689789,"gate_30",9,FALSE,FALSE
9690300,"gate_40",3,FALSE,FALSE
9690330,"gate_30",189,TRUE,FALSE
9690437,"gate_30",60,TRUE,FALSE
9690506,"gate_40",0,FALSE,FALSE
9690577,"gate_40",5,FALSE,FALSE
9690596,"gate_30",338,TRUE,TRUE
9690758,"gate_40",215,TRUE,TRUE
9691091,"gate_40",8,FALSE,TRUE
9691306,"gate_30",207,TRUE,FALSE
9691346,"gate_40",30,TRUE,FALSE
9691501,"gate_30",40,TRUE,TRUE
9691516,"gate_40",56,TRUE,FALSE
9691585,"gate_30",1,FALSE,TRUE
9691636,"gate_40",10,FALSE,FALSE
9691656,"gate_40",3,TRUE,FALSE
9691830,"gate_30",0,FALSE,FALSE
9691968,"gate_40",23,FALSE,FALSE
9692008,"gate_40",32,TRUE,FALSE
9692302,"gate_30",11,FALSE,FALSE
9692381,"gate_40",20,TRUE,FALSE
9692391,"gate_30",5,FALSE,FALSE
9692621,"gate_30",3,FALSE,FALSE
9692699,"gate_40",13,TRUE,FALSE
9692745,"gate_40",8,FALSE,FALSE
9692900,"gate_40",54,FALSE,FALSE
9692932,"gate_40",13,FALSE,FALSE
9692943,"gate_30",20,TRUE,FALSE
9692997,"gate_40",206,TRUE,TRUE
9693049,"gate_30",5,FALSE,FALSE
9693318,"gate_40",20,TRUE,FALSE
9693369,"gate_40",1,FALSE,FALSE
9693435,"gate_30",16,TRUE,FALSE
9693444,"gate_40",16,TRUE,FALSE
9693556,"gate_30",1,FALSE,FALSE
9693607,"gate_40",20,FALSE,FALSE
9693650,"gate_30",0,FALSE,FALSE
9693691,"gate_40",26,FALSE,FALSE
9693708,"gate_30",926,TRUE,TRUE
9693899,"gate_40",36,TRUE,TRUE
9694102,"gate_30",109,TRUE,TRUE
9694297,"gate_40",34,TRUE,FALSE
9694399,"gate_40",155,TRUE,TRUE
9694419,"gate_40",10,FALSE,FALSE
9694468,"gate_40",369,FALSE,TRUE
9694491,"gate_30",0,FALSE,FALSE
9694566,"gate_40",3,FALSE,FALSE
9694734,"gate_40",107,TRUE,FALSE
9694817,"gate_30",24,FALSE,FALSE
9694846,"gate_30",11,TRUE,FALSE
9694991,"gate_30",1,FALSE,FALSE
9695174,"gate_40",215,TRUE,TRUE
9695175,"gate_30",68,TRUE,FALSE
9695241,"gate_40",4,FALSE,FALSE
9695329,"gate_40",12,FALSE,FALSE
9695413,"gate_40",10,FALSE,FALSE
9695588,"gate_40",19,FALSE,FALSE
9695728,"gate_30",6,FALSE,FALSE
9695741,"gate_40",343,TRUE,TRUE
9695756,"gate_30",56,TRUE,FALSE
9695983,"gate_40",435,TRUE,TRUE
9696107,"gate_30",22,FALSE,FALSE
9696143,"gate_30",23,TRUE,FALSE
9696424,"gate_30",68,TRUE,TRUE
9696536,"gate_30",6,FALSE,FALSE
9696705,"gate_30",7,FALSE,TRUE
9696964,"gate_40",9,TRUE,TRUE
9696981,"gate_30",0,FALSE,FALSE
9697002,"gate_40",612,TRUE,FALSE
9697011,"gate_40",66,FALSE,TRUE
9697135,"gate_40",3,FALSE,FALSE
9697187,"gate_30",159,FALSE,FALSE
9697207,"gate_30",1,FALSE,FALSE
9697246,"gate_30",12,FALSE,FALSE
9697417,"gate_30",12,TRUE,FALSE
9697764,"gate_30",10,FALSE,FALSE
9698124,"gate_30",10,TRUE,FALSE
9698168,"gate_30",26,FALSE,FALSE
9698507,"gate_40",2,FALSE,TRUE
9698613,"gate_40",36,TRUE,FALSE
9698708,"gate_30",4,FALSE,FALSE
9698734,"gate_30",21,TRUE,FALSE
9698862,"gate_40",36,FALSE,FALSE
9698907,"gate_40",34,FALSE,FALSE
9699103,"gate_30",36,TRUE,TRUE
9699117,"gate_30",409,TRUE,FALSE
9699366,"gate_40",17,FALSE,FALSE
9699523,"gate_40",261,TRUE,TRUE
9699524,"gate_40",9,FALSE,FALSE
9699555,"gate_30",43,FALSE,FALSE
9699581,"gate_30",1,FALSE,FALSE
9699664,"gate_30",22,FALSE,FALSE
9699735,"gate_30",4,FALSE,FALSE
9699818,"gate_40",57,TRUE,TRUE
9700174,"gate_40",4,FALSE,FALSE
9700248,"gate_40",15,FALSE,FALSE
9700804,"gate_40",36,TRUE,TRUE
9700867,"gate_30",1,FALSE,FALSE
9701107,"gate_30",108,FALSE,TRUE
9701126,"gate_40",6,FALSE,FALSE
9701131,"gate_40",27,TRUE,TRUE
9701155,"gate_40",1,FALSE,FALSE
9701184,"gate_40",1,FALSE,FALSE
9701347,"gate_30",10,FALSE,FALSE
9701409,"gate_40",59,FALSE,FALSE
9701422,"gate_30",139,TRUE,TRUE
9701472,"gate_40",12,FALSE,FALSE
9701544,"gate_40",9,TRUE,FALSE
9701574,"gate_40",0,FALSE,FALSE
9701603,"gate_40",3,FALSE,FALSE
9701617,"gate_40",5,FALSE,FALSE
9701868,"gate_30",25,FALSE,FALSE
9701973,"gate_30",3,FALSE,FALSE
9702018,"gate_30",5,FALSE,FALSE
9702039,"gate_30",34,TRUE,FALSE
9702222,"gate_30",0,FALSE,FALSE
9702481,"gate_40",0,FALSE,FALSE
9702516,"gate_30",175,TRUE,TRUE
9702849,"gate_40",6,FALSE,FALSE
9702977,"gate_40",40,TRUE,FALSE
9703061,"gate_40",75,TRUE,FALSE
9703092,"gate_30",15,TRUE,FALSE
9703095,"gate_30",35,FALSE,TRUE
9703314,"gate_40",9,FALSE,FALSE
9703331,"gate_30",17,FALSE,FALSE
9703389,"gate_30",0,FALSE,FALSE
9703445,"gate_40",1,FALSE,FALSE
9704097,"gate_40",402,FALSE,TRUE
9704142,"gate_30",1,FALSE,FALSE
9704332,"gate_40",11,FALSE,FALSE
9704360,"gate_40",77,TRUE,FALSE
9704453,"gate_40",42,TRUE,FALSE
9704844,"gate_30",52,TRUE,FALSE
9704906,"gate_30",40,FALSE,FALSE
9705139,"gate_30",73,TRUE,FALSE
9705207,"gate_30",18,FALSE,FALSE
9705229,"gate_30",69,TRUE,FALSE
9705382,"gate_30",9,TRUE,FALSE
9705461,"gate_30",10,TRUE,FALSE
9705522,"gate_40",25,FALSE,TRUE
9705632,"gate_30",421,TRUE,TRUE
9705772,"gate_30",4,FALSE,FALSE
9705783,"gate_30",35,TRUE,FALSE
9705864,"gate_30",0,FALSE,FALSE
9705871,"gate_30",2,FALSE,FALSE
9705904,"gate_30",640,TRUE,TRUE
9706069,"gate_30",20,FALSE,FALSE
9706181,"gate_40",5,FALSE,FALSE
9706220,"gate_40",0,FALSE,FALSE
9706454,"gate_40",22,TRUE,FALSE
9706807,"gate_40",9,FALSE,FALSE
9706866,"gate_30",16,TRUE,FALSE
9706993,"gate_30",12,FALSE,FALSE
9707143,"gate_40",85,TRUE,TRUE
9707367,"gate_30",16,FALSE,FALSE
9707719,"gate_40",50,TRUE,FALSE
9707738,"gate_40",60,TRUE,FALSE
9707888,"gate_40",7,FALSE,FALSE
9707991,"gate_30",5,FALSE,FALSE
9708112,"gate_30",100,TRUE,FALSE
9708276,"gate_30",8,TRUE,FALSE
9708303,"gate_40",45,TRUE,FALSE
9708358,"gate_40",49,TRUE,FALSE
9708423,"gate_40",9,FALSE,FALSE
9708724,"gate_40",19,FALSE,TRUE
9708844,"gate_30",0,TRUE,FALSE
9708987,"gate_40",34,TRUE,FALSE
9709069,"gate_30",140,TRUE,TRUE
9709190,"gate_30",8,FALSE,FALSE
9709661,"gate_40",4,FALSE,FALSE
9709680,"gate_40",116,TRUE,TRUE
9709715,"gate_40",3,FALSE,FALSE
9709864,"gate_40",142,TRUE,TRUE
9709879,"gate_30",61,TRUE,TRUE
9709952,"gate_40",154,TRUE,FALSE
9710056,"gate_40",28,TRUE,FALSE
9710333,"gate_40",2,FALSE,FALSE
9710402,"gate_40",70,FALSE,TRUE
9710436,"gate_30",12,TRUE,FALSE
9710609,"gate_40",5,FALSE,FALSE
9710759,"gate_40",1,FALSE,FALSE
9710767,"gate_30",173,TRUE,TRUE
9710821,"gate_30",53,FALSE,FALSE
9711051,"gate_40",18,FALSE,FALSE
9711169,"gate_30",4,FALSE,FALSE
9711200,"gate_30",2,FALSE,FALSE
9711304,"gate_40",13,TRUE,FALSE
9711581,"gate_40",49,TRUE,FALSE
9711680,"gate_30",94,FALSE,TRUE
9711709,"gate_40",8,FALSE,FALSE
9711817,"gate_30",41,TRUE,FALSE
9711916,"gate_30",106,TRUE,TRUE
9712456,"gate_30",63,TRUE,FALSE
9712525,"gate_30",124,TRUE,TRUE
9712591,"gate_40",12,TRUE,FALSE
9712594,"gate_40",17,TRUE,FALSE
9712853,"gate_30",5,FALSE,FALSE
9712956,"gate_30",4,FALSE,FALSE
9712969,"gate_40",3,FALSE,FALSE
9713050,"gate_30",13,FALSE,FALSE
9713059,"gate_30",36,TRUE,FALSE
9713119,"gate_30",42,FALSE,FALSE
9713139,"gate_40",29,FALSE,FALSE
9713354,"gate_30",12,FALSE,FALSE
9713499,"gate_40",10,FALSE,FALSE
9713504,"gate_30",62,TRUE,FALSE
9713517,"gate_30",0,FALSE,FALSE
9713775,"gate_30",100,TRUE,TRUE
9713823,"gate_40",45,FALSE,FALSE
9714427,"gate_40",3,FALSE,FALSE
9714573,"gate_30",8,TRUE,FALSE
9714799,"gate_40",22,TRUE,FALSE
9714800,"gate_30",120,TRUE,FALSE
9714826,"gate_30",2,FALSE,FALSE
9714847,"gate_30",4,FALSE,FALSE
9714887,"gate_40",0,FALSE,FALSE
9714926,"gate_30",0,FALSE,FALSE
9715120,"gate_40",6,TRUE,FALSE
9715127,"gate_40",6,FALSE,FALSE
9715132,"gate_30",88,TRUE,TRUE
9715199,"gate_40",20,FALSE,FALSE
9715247,"gate_30",291,TRUE,TRUE
9715366,"gate_40",10,FALSE,FALSE
9715383,"gate_40",27,FALSE,FALSE
9715580,"gate_40",11,TRUE,FALSE
9715805,"gate_30",212,TRUE,TRUE
9715854,"gate_40",14,TRUE,FALSE
9715916,"gate_40",35,TRUE,FALSE
9716273,"gate_40",49,FALSE,TRUE
9716308,"gate_30",27,TRUE,FALSE
9716685,"gate_30",123,TRUE,TRUE
9716825,"gate_40",1,FALSE,FALSE
9716988,"gate_40",54,TRUE,FALSE
9717016,"gate_30",14,FALSE,FALSE
9717455,"gate_40",73,FALSE,TRUE
9717634,"gate_40",3,FALSE,FALSE
9717753,"gate_30",32,FALSE,FALSE
9718119,"gate_30",13,FALSE,FALSE
9718191,"gate_40",1,FALSE,FALSE
9718292,"gate_40",8,FALSE,FALSE
9718320,"gate_40",484,TRUE,TRUE
9718477,"gate_30",3,FALSE,FALSE
9718687,"gate_40",77,TRUE,FALSE
9718692,"gate_40",40,TRUE,FALSE
9718823,"gate_40",15,FALSE,FALSE
9718947,"gate_40",69,TRUE,TRUE
9719190,"gate_40",0,FALSE,FALSE
9719306,"gate_30",2,FALSE,FALSE
9719372,"gate_30",9,TRUE,FALSE
9719835,"gate_40",36,FALSE,FALSE
9719898,"gate_40",52,TRUE,FALSE
9719993,"gate_30",17,FALSE,FALSE
9720020,"gate_30",20,FALSE,FALSE
9720440,"gate_30",38,TRUE,FALSE
9720539,"gate_40",134,TRUE,FALSE
9720609,"gate_40",41,TRUE,FALSE
9720637,"gate_40",96,TRUE,TRUE
9720739,"gate_40",9,FALSE,FALSE
9720740,"gate_40",9,TRUE,FALSE
9720837,"gate_40",8,FALSE,FALSE
9720932,"gate_40",27,FALSE,FALSE
9721012,"gate_30",4,FALSE,FALSE
9721111,"gate_40",11,FALSE,FALSE
9721124,"gate_30",20,TRUE,FALSE
9721367,"gate_30",63,TRUE,FALSE
9721460,"gate_30",10,FALSE,FALSE
9721943,"gate_40",460,TRUE,TRUE
9722045,"gate_40",48,TRUE,FALSE
9722074,"gate_40",88,TRUE,TRUE
9722212,"gate_30",6,FALSE,FALSE
9722808,"gate_30",8,FALSE,FALSE
9722873,"gate_40",5,FALSE,FALSE
9723289,"gate_30",2,FALSE,FALSE
9723334,"gate_30",62,TRUE,FALSE
9723784,"gate_40",100,TRUE,FALSE
9723789,"gate_30",8,FALSE,FALSE
9724262,"gate_40",258,TRUE,TRUE
9724440,"gate_40",29,FALSE,FALSE
9724475,"gate_40",6,FALSE,FALSE
9724668,"gate_40",253,TRUE,FALSE
9724736,"gate_40",8,FALSE,FALSE
9724880,"gate_30",5,FALSE,FALSE
9724937,"gate_30",24,FALSE,TRUE
9724975,"gate_40",127,TRUE,TRUE
9725040,"gate_30",6,FALSE,FALSE
9725074,"gate_30",15,FALSE,FALSE
9725219,"gate_30",2,FALSE,FALSE
9725348,"gate_40",2,FALSE,FALSE
9725573,"gate_40",57,FALSE,TRUE
9725746,"gate_30",30,TRUE,FALSE
9725869,"gate_40",69,TRUE,FALSE
9725994,"gate_30",98,FALSE,TRUE
9726337,"gate_40",5,FALSE,FALSE
9726344,"gate_30",8,FALSE,FALSE
9726465,"gate_40",1,FALSE,FALSE
9727108,"gate_40",27,TRUE,FALSE
9727122,"gate_40",269,TRUE,TRUE
9727142,"gate_40",2,FALSE,FALSE
9727262,"gate_40",80,TRUE,FALSE
9727540,"gate_30",28,TRUE,FALSE
9727606,"gate_30",81,TRUE,FALSE
9727699,"gate_40",8,FALSE,FALSE
9727700,"gate_40",35,FALSE,FALSE
9727801,"gate_30",4,FALSE,FALSE
9727962,"gate_30",21,FALSE,TRUE
9727997,"gate_30",25,TRUE,FALSE
9728013,"gate_40",141,TRUE,TRUE
9728148,"gate_30",47,TRUE,TRUE
9728246,"gate_30",3,FALSE,FALSE
9728256,"gate_30",126,TRUE,TRUE
9728503,"gate_40",10,TRUE,FALSE
9728571,"gate_30",1,FALSE,FALSE
9728724,"gate_40",5,FALSE,FALSE
9729029,"gate_40",20,FALSE,FALSE
9729197,"gate_40",1,FALSE,FALSE
9729292,"gate_30",5,FALSE,FALSE
9729338,"gate_40",77,TRUE,TRUE
9729397,"gate_30",13,TRUE,FALSE
9729448,"gate_40",29,TRUE,FALSE
9729478,"gate_30",15,FALSE,FALSE
9729523,"gate_30",25,FALSE,FALSE
9729526,"gate_30",5,FALSE,FALSE
9729546,"gate_40",7,FALSE,FALSE
9729907,"gate_40",6,FALSE,FALSE
9730064,"gate_40",2,TRUE,TRUE
9730245,"gate_30",61,TRUE,FALSE
9730259,"gate_30",17,TRUE,FALSE
9730277,"gate_40",56,FALSE,FALSE
9730504,"gate_40",32,FALSE,FALSE
9730523,"gate_40",5,FALSE,FALSE
9730629,"gate_40",30,TRUE,FALSE
9730703,"gate_30",34,TRUE,FALSE
9730813,"gate_40",8,TRUE,FALSE
9730847,"gate_30",24,TRUE,TRUE
9730952,"gate_40",34,FALSE,FALSE
9731108,"gate_30",4,TRUE,FALSE
9731238,"gate_30",6,FALSE,FALSE
9731425,"gate_40",125,TRUE,TRUE
9731598,"gate_40",116,TRUE,TRUE
9731620,"gate_40",7,FALSE,FALSE
9731632,"gate_30",21,TRUE,FALSE
9732090,"gate_30",3,TRUE,FALSE
9732193,"gate_30",8,FALSE,FALSE
9732289,"gate_40",5,FALSE,FALSE
9732373,"gate_40",1,FALSE,FALSE
9732391,"gate_30",28,FALSE,FALSE
9732723,"gate_30",17,FALSE,FALSE
9732860,"gate_40",48,TRUE,FALSE
9733179,"gate_40",1,FALSE,FALSE
9733245,"gate_40",6,FALSE,FALSE
9733305,"gate_40",107,TRUE,TRUE
9733491,"gate_30",144,TRUE,FALSE
9733574,"gate_30",31,FALSE,FALSE
9733682,"gate_30",3,FALSE,FALSE
9733799,"gate_40",1,FALSE,FALSE
9733872,"gate_30",5,FALSE,FALSE
9734042,"gate_40",1,FALSE,FALSE
9734102,"gate_30",31,FALSE,FALSE
9734142,"gate_40",4,FALSE,FALSE
9734240,"gate_40",1,FALSE,FALSE
9734267,"gate_30",12,FALSE,FALSE
9734588,"gate_40",80,TRUE,TRUE
9734646,"gate_40",30,FALSE,TRUE
9734710,"gate_40",3,FALSE,FALSE
9734718,"gate_40",109,TRUE,FALSE
9734819,"gate_30",1,FALSE,FALSE
9735158,"gate_30",121,TRUE,TRUE
9735171,"gate_30",339,TRUE,TRUE
9735356,"gate_30",63,TRUE,FALSE
9735598,"gate_30",0,FALSE,FALSE
9735917,"gate_40",512,TRUE,TRUE
9735943,"gate_30",2,FALSE,FALSE
9736000,"gate_40",5,FALSE,FALSE
9736109,"gate_30",2,FALSE,FALSE
9736273,"gate_30",6,FALSE,FALSE
9736386,"gate_30",56,TRUE,FALSE
9736504,"gate_40",11,TRUE,FALSE
9736548,"gate_30",266,TRUE,TRUE
9736552,"gate_40",11,FALSE,FALSE
9736556,"gate_40",3,FALSE,FALSE
9736587,"gate_30",12,FALSE,FALSE
9736643,"gate_30",217,TRUE,TRUE
9736645,"gate_30",8,TRUE,FALSE
9737087,"gate_30",0,FALSE,FALSE
9737117,"gate_30",141,TRUE,TRUE
9737193,"gate_30",93,TRUE,TRUE
9737200,"gate_30",57,TRUE,FALSE
9737290,"gate_30",3,FALSE,TRUE
9737311,"gate_30",545,TRUE,TRUE
9737473,"gate_40",7,FALSE,FALSE
9737502,"gate_30",3,FALSE,FALSE
9737666,"gate_30",31,TRUE,FALSE
9737704,"gate_30",11,TRUE,FALSE
9737832,"gate_40",658,TRUE,TRUE
9737843,"gate_30",6,FALSE,FALSE
9737852,"gate_30",1,FALSE,FALSE
9737865,"gate_40",2,FALSE,FALSE
9738146,"gate_40",25,TRUE,TRUE
9738182,"gate_30",1,FALSE,FALSE
9738188,"gate_30",40,TRUE,FALSE
9738200,"gate_30",7,FALSE,FALSE
9738229,"gate_30",9,FALSE,FALSE
9738342,"gate_30",20,FALSE,FALSE
9738398,"gate_30",204,TRUE,FALSE
9738546,"gate_30",43,TRUE,FALSE
9738624,"gate_40",32,TRUE,TRUE
9738631,"gate_30",161,TRUE,TRUE
9738935,"gate_30",5,FALSE,FALSE
9739083,"gate_40",2,FALSE,FALSE
9739086,"gate_40",7,TRUE,FALSE
9739113,"gate_30",36,TRUE,FALSE
9739114,"gate_40",2,FALSE,FALSE
9739223,"gate_40",27,TRUE,FALSE
9739330,"gate_30",3,FALSE,FALSE
9739442,"gate_30",145,FALSE,TRUE
9739452,"gate_40",6,TRUE,FALSE
9739491,"gate_30",11,FALSE,FALSE
9739492,"gate_30",0,FALSE,FALSE
9739792,"gate_30",5,FALSE,FALSE
9740113,"gate_40",9,FALSE,FALSE
9740133,"gate_40",8,TRUE,FALSE
9740178,"gate_40",61,FALSE,FALSE
9740349,"gate_40",81,TRUE,FALSE
9740411,"gate_40",23,FALSE,FALSE
9740566,"gate_30",1,FALSE,FALSE
9740590,"gate_40",0,FALSE,FALSE
9740884,"gate_30",14,TRUE,FALSE
9741283,"gate_40",66,TRUE,TRUE
9741646,"gate_30",7,FALSE,FALSE
9741840,"gate_40",4,FALSE,FALSE
9741862,"gate_40",5,FALSE,FALSE
9742175,"gate_30",53,TRUE,FALSE
9742213,"gate_30",138,TRUE,TRUE
9742259,"gate_30",8,FALSE,FALSE
9742404,"gate_40",34,FALSE,FALSE
9742460,"gate_40",185,FALSE,TRUE
9742512,"gate_30",10,FALSE,FALSE
9742633,"gate_30",15,TRUE,TRUE
9742672,"gate_30",1,TRUE,FALSE
9743132,"gate_30",7,TRUE,FALSE
9743187,"gate_30",455,TRUE,TRUE
9743198,"gate_40",2,TRUE,FALSE
9743352,"gate_30",3,FALSE,FALSE
9743402,"gate_40",38,TRUE,FALSE
9743425,"gate_40",24,FALSE,FALSE
9743434,"gate_30",7,FALSE,FALSE
9743789,"gate_40",84,TRUE,FALSE
9743908,"gate_30",15,FALSE,FALSE
9743964,"gate_30",1,FALSE,FALSE
9744005,"gate_30",4,FALSE,FALSE
9744014,"gate_30",1,FALSE,FALSE
9744298,"gate_30",123,TRUE,TRUE
9744427,"gate_40",2,FALSE,FALSE
9744693,"gate_40",24,TRUE,FALSE
9744697,"gate_40",193,TRUE,FALSE
9744748,"gate_40",2,FALSE,FALSE
9744832,"gate_30",1,FALSE,FALSE
9744905,"gate_40",316,FALSE,TRUE
9745468,"gate_40",6,FALSE,FALSE
9745683,"gate_30",1,FALSE,FALSE
9745879,"gate_40",78,TRUE,TRUE
9746147,"gate_40",2,FALSE,FALSE
9746286,"gate_30",41,TRUE,FALSE
9746383,"gate_30",12,FALSE,FALSE
9746387,"gate_40",17,TRUE,FALSE
9746614,"gate_30",4,FALSE,FALSE
9746703,"gate_30",27,FALSE,FALSE
9746755,"gate_40",1,FALSE,FALSE
9746769,"gate_30",36,TRUE,FALSE
9746782,"gate_40",24,FALSE,FALSE
9746977,"gate_40",25,FALSE,FALSE
9747262,"gate_30",77,TRUE,FALSE
9747263,"gate_30",8,FALSE,FALSE
9747328,"gate_30",0,FALSE,FALSE
9747417,"gate_30",17,FALSE,FALSE
9747439,"gate_30",47,TRUE,FALSE
9747455,"gate_40",195,TRUE,FALSE
9747483,"gate_30",2,FALSE,FALSE
9747891,"gate_40",153,TRUE,TRUE
9747916,"gate_40",33,FALSE,TRUE
9747957,"gate_30",1,FALSE,FALSE
9747990,"gate_30",39,TRUE,TRUE
9747995,"gate_30",4,FALSE,FALSE
9748024,"gate_40",0,FALSE,FALSE
9748053,"gate_40",20,TRUE,FALSE
9748093,"gate_40",23,FALSE,FALSE
9748129,"gate_40",0,FALSE,FALSE
9748240,"gate_40",1,FALSE,FALSE
9748250,"gate_30",32,FALSE,FALSE
9748313,"gate_30",0,FALSE,FALSE
9748566,"gate_30",6,FALSE,FALSE
9748892,"gate_30",126,TRUE,FALSE
9749000,"gate_40",5,FALSE,FALSE
9749104,"gate_40",1,FALSE,FALSE
9749471,"gate_30",48,FALSE,TRUE
9749546,"gate_40",0,FALSE,FALSE
9749564,"gate_30",115,FALSE,TRUE
9749667,"gate_30",1,FALSE,FALSE
9749767,"gate_40",1,FALSE,FALSE
9749828,"gate_40",82,TRUE,FALSE
9749929,"gate_30",27,FALSE,FALSE
9749992,"gate_30",13,FALSE,FALSE
9750009,"gate_30",6,FALSE,FALSE
9750017,"gate_40",0,TRUE,FALSE
9750059,"gate_40",18,FALSE,FALSE
9750189,"gate_40",191,TRUE,FALSE
9750216,"gate_30",6,FALSE,FALSE
9750467,"gate_30",24,TRUE,TRUE
9750489,"gate_40",154,TRUE,FALSE
9750811,"gate_30",322,TRUE,TRUE
9750842,"gate_30",99,FALSE,TRUE
9750899,"gate_30",12,FALSE,FALSE
9751091,"gate_30",133,TRUE,FALSE
9751216,"gate_30",12,FALSE,TRUE
9751227,"gate_30",106,TRUE,TRUE
9751275,"gate_30",17,TRUE,FALSE
9751412,"gate_40",62,TRUE,TRUE
9751515,"gate_40",2,FALSE,FALSE
9751517,"gate_40",233,TRUE,FALSE
9751547,"gate_40",12,FALSE,FALSE
9751615,"gate_40",7,TRUE,FALSE
9751629,"gate_30",63,FALSE,FALSE
9751725,"gate_30",13,FALSE,FALSE
9751784,"gate_40",51,FALSE,FALSE
9751828,"gate_30",13,FALSE,FALSE
9751916,"gate_30",17,FALSE,FALSE
9751933,"gate_30",12,FALSE,FALSE
9752083,"gate_40",214,TRUE,FALSE
9752104,"gate_40",0,FALSE,FALSE
9752204,"gate_40",22,TRUE,FALSE
9752412,"gate_30",0,FALSE,FALSE
9752450,"gate_40",4,FALSE,FALSE
9752477,"gate_30",227,TRUE,TRUE
9752607,"gate_40",131,TRUE,FALSE
9752945,"gate_30",25,TRUE,FALSE
9753023,"gate_40",157,TRUE,FALSE
9753155,"gate_30",61,TRUE,FALSE
9753170,"gate_30",66,TRUE,FALSE
9753358,"gate_40",6,TRUE,FALSE
9753390,"gate_30",8,TRUE,FALSE
9753391,"gate_40",16,TRUE,TRUE
9753506,"gate_30",83,TRUE,FALSE
9753669,"gate_40",23,FALSE,FALSE
9753925,"gate_40",0,FALSE,FALSE
9754024,"gate_30",188,TRUE,TRUE
9754123,"gate_30",29,FALSE,FALSE
9754147,"gate_40",15,TRUE,FALSE
9754291,"gate_30",18,FALSE,FALSE
9754320,"gate_30",18,FALSE,FALSE
9754468,"gate_40",1,FALSE,FALSE
9754626,"gate_30",146,TRUE,FALSE
9754632,"gate_40",78,FALSE,TRUE
9754672,"gate_40",205,TRUE,TRUE
9754695,"gate_30",1,FALSE,FALSE
9754767,"gate_40",5,FALSE,FALSE
9754770,"gate_40",3,FALSE,FALSE
9754860,"gate_30",5,FALSE,FALSE
9755021,"gate_40",2,FALSE,FALSE
9755028,"gate_40",74,TRUE,FALSE
9755041,"gate_30",4,FALSE,FALSE
9755103,"gate_30",96,TRUE,TRUE
9755251,"gate_40",2,FALSE,FALSE
9755328,"gate_30",2,FALSE,FALSE
9755385,"gate_40",94,FALSE,FALSE
9755512,"gate_40",14,FALSE,FALSE
9755524,"gate_40",7,FALSE,FALSE
9755529,"gate_40",11,FALSE,FALSE
9755580,"gate_30",3,FALSE,FALSE
9755668,"gate_40",18,FALSE,FALSE
9755670,"gate_40",68,TRUE,FALSE
9756014,"gate_40",4,FALSE,FALSE
9756040,"gate_30",5,FALSE,FALSE
9756058,"gate_30",5,FALSE,FALSE
9756104,"gate_30",4,FALSE,FALSE
9756256,"gate_40",168,TRUE,TRUE
9756437,"gate_40",24,TRUE,FALSE
9756571,"gate_40",23,FALSE,FALSE
9756584,"gate_40",1,FALSE,FALSE
9756597,"gate_30",16,FALSE,FALSE
9756601,"gate_30",5,FALSE,FALSE
9756781,"gate_30",0,FALSE,FALSE
9756808,"gate_40",0,FALSE,FALSE
9756895,"gate_30",191,TRUE,TRUE
9756898,"gate_30",226,TRUE,TRUE
9757285,"gate_30",6,FALSE,FALSE
9757294,"gate_30",7,FALSE,FALSE
9757564,"gate_40",16,FALSE,FALSE
9757651,"gate_40",62,FALSE,FALSE
9757824,"gate_30",186,TRUE,TRUE
9758166,"gate_30",13,FALSE,FALSE
9758383,"gate_40",59,TRUE,FALSE
9758595,"gate_40",8,FALSE,FALSE
9758761,"gate_40",8,FALSE,FALSE
9758934,"gate_30",8,TRUE,FALSE
9758953,"gate_30",58,TRUE,FALSE
9759002,"gate_30",4,FALSE,FALSE
9759080,"gate_40",2,FALSE,FALSE
9759186,"gate_40",11,FALSE,FALSE
9759292,"gate_30",61,TRUE,TRUE
9759388,"gate_30",95,TRUE,FALSE
9759556,"gate_30",162,TRUE,TRUE
9759681,"gate_40",20,FALSE,FALSE
9759721,"gate_40",37,FALSE,FALSE
9759863,"gate_30",34,FALSE,FALSE
9760027,"gate_30",0,FALSE,FALSE
9760705,"gate_30",109,TRUE,FALSE
9760853,"gate_30",73,TRUE,TRUE
9760955,"gate_30",6,FALSE,FALSE
9760986,"gate_30",7,FALSE,FALSE
9761094,"gate_30",92,TRUE,FALSE
9761206,"gate_40",167,TRUE,TRUE
9761324,"gate_30",20,TRUE,FALSE
9761371,"gate_40",22,FALSE,FALSE
9761430,"gate_30",5,FALSE,FALSE
9761446,"gate_30",11,TRUE,FALSE
9761451,"gate_40",33,TRUE,FALSE
9761499,"gate_40",12,FALSE,FALSE
9761559,"gate_30",13,TRUE,FALSE
9761633,"gate_30",42,TRUE,FALSE
9761693,"gate_30",55,TRUE,FALSE
9761834,"gate_40",305,TRUE,TRUE
9761931,"gate_40",3,FALSE,FALSE
9762072,"gate_40",7,FALSE,FALSE
9762397,"gate_30",30,TRUE,FALSE
9762620,"gate_30",4,FALSE,FALSE
9762665,"gate_40",161,TRUE,FALSE
9762670,"gate_40",2,FALSE,FALSE
9762767,"gate_40",81,TRUE,FALSE
9762932,"gate_30",164,TRUE,FALSE
9763020,"gate_30",3,FALSE,FALSE
9763112,"gate_30",16,FALSE,FALSE
9763227,"gate_40",11,FALSE,FALSE
9763416,"gate_30",8,FALSE,FALSE
9763527,"gate_40",2,FALSE,FALSE
9763539,"gate_40",45,TRUE,TRUE
9763562,"gate_40",28,FALSE,FALSE
9763702,"gate_40",50,TRUE,FALSE
9763765,"gate_30",8,TRUE,FALSE
9763866,"gate_40",0,FALSE,FALSE
9763920,"gate_30",6,FALSE,FALSE
9764191,"gate_40",6,FALSE,FALSE
9764429,"gate_40",89,TRUE,TRUE
9764610,"gate_40",13,TRUE,FALSE
9764726,"gate_30",34,TRUE,FALSE
9765024,"gate_40",251,TRUE,TRUE
9765045,"gate_30",85,TRUE,TRUE
9765113,"gate_30",24,TRUE,FALSE
9765187,"gate_30",0,FALSE,FALSE
9765226,"gate_40",23,TRUE,FALSE
9765369,"gate_40",24,FALSE,FALSE
9765382,"gate_40",2,FALSE,FALSE
9765513,"gate_30",8,FALSE,FALSE
9765621,"gate_30",31,FALSE,FALSE
9765658,"gate_40",0,FALSE,FALSE
9765691,"gate_30",31,TRUE,FALSE
9765753,"gate_30",15,TRUE,FALSE
9765882,"gate_40",28,TRUE,FALSE
9766075,"gate_40",30,TRUE,FALSE
9766135,"gate_40",2,FALSE,FALSE
9766415,"gate_40",21,FALSE,FALSE
9766689,"gate_40",63,TRUE,FALSE
9766769,"gate_40",5,FALSE,FALSE
9766869,"gate_30",3,FALSE,FALSE
9766916,"gate_30",69,FALSE,FALSE
9767054,"gate_30",11,FALSE,FALSE
9767275,"gate_30",100,TRUE,TRUE
9767581,"gate_30",2,FALSE,FALSE
9767624,"gate_40",38,FALSE,FALSE
9767632,"gate_40",16,FALSE,FALSE
9767679,"gate_30",10,FALSE,FALSE
9767812,"gate_30",349,TRUE,FALSE
9768035,"gate_40",2,FALSE,FALSE
9768077,"gate_40",1,FALSE,FALSE
9768250,"gate_30",60,FALSE,FALSE
9768439,"gate_30",164,TRUE,FALSE
9768486,"gate_40",10,FALSE,FALSE
9768648,"gate_30",4,FALSE,FALSE
9768739,"gate_40",287,TRUE,TRUE
9768756,"gate_30",12,TRUE,FALSE
9768849,"gate_40",12,FALSE,FALSE
9768889,"gate_30",21,TRUE,FALSE
9769193,"gate_40",13,TRUE,FALSE
9769420,"gate_30",4,FALSE,FALSE
9769459,"gate_40",469,TRUE,TRUE
9769530,"gate_30",18,TRUE,FALSE
9770336,"gate_40",5,FALSE,FALSE
9770785,"gate_30",412,TRUE,TRUE
9770843,"gate_30",26,TRUE,FALSE
9770966,"gate_40",24,TRUE,FALSE
9771033,"gate_40",33,TRUE,FALSE
9771136,"gate_30",92,TRUE,FALSE
9771153,"gate_40",25,FALSE,FALSE
9771191,"gate_40",8,FALSE,FALSE
9771199,"gate_40",55,TRUE,TRUE
9771471,"gate_40",541,TRUE,TRUE
9771627,"gate_40",119,TRUE,FALSE
9771696,"gate_30",4,TRUE,FALSE
9771978,"gate_30",49,TRUE,FALSE
9771981,"gate_40",15,TRUE,FALSE
9772279,"gate_40",3,FALSE,FALSE
9772418,"gate_30",34,FALSE,FALSE
9772549,"gate_40",160,TRUE,TRUE
9772795,"gate_40",274,FALSE,TRUE
9772806,"gate_40",52,FALSE,FALSE
9772823,"gate_30",8,TRUE,FALSE
9772962,"gate_30",3,FALSE,FALSE
9773538,"gate_40",52,TRUE,FALSE
9773835,"gate_30",14,FALSE,FALSE
9774326,"gate_40",194,TRUE,FALSE
9774359,"gate_40",54,TRUE,FALSE
9774460,"gate_40",13,FALSE,FALSE
9774505,"gate_40",1,FALSE,FALSE
9774512,"gate_30",2,FALSE,FALSE
9774513,"gate_40",43,FALSE,TRUE
9774599,"gate_40",6,FALSE,FALSE
9774643,"gate_40",158,TRUE,TRUE
9774875,"gate_40",0,FALSE,FALSE
9774935,"gate_40",8,FALSE,FALSE
9775065,"gate_40",74,TRUE,TRUE
9775071,"gate_40",176,TRUE,TRUE
9775580,"gate_40",103,TRUE,FALSE
9775766,"gate_30",42,TRUE,FALSE
9775796,"gate_40",28,FALSE,TRUE
9775834,"gate_30",9,FALSE,FALSE
9775871,"gate_30",9,FALSE,FALSE
9775879,"gate_40",44,TRUE,FALSE
9775917,"gate_40",465,TRUE,TRUE
9776165,"gate_40",30,TRUE,FALSE
9776284,"gate_40",31,TRUE,FALSE
9776309,"gate_40",39,TRUE,FALSE
9776539,"gate_30",4,FALSE,FALSE
9776605,"gate_30",221,TRUE,FALSE
9776641,"gate_30",4,FALSE,FALSE
9776682,"gate_30",88,TRUE,FALSE
9776718,"gate_30",4,FALSE,FALSE
9776815,"gate_40",71,TRUE,TRUE
9777093,"gate_30",2,FALSE,FALSE
9777106,"gate_30",13,TRUE,FALSE
9777349,"gate_30",18,TRUE,FALSE
9777580,"gate_30",47,FALSE,FALSE
9777806,"gate_40",4,FALSE,FALSE
9777874,"gate_30",12,FALSE,FALSE
9777894,"gate_40",98,TRUE,FALSE
9777906,"gate_30",2,FALSE,FALSE
9778085,"gate_30",272,TRUE,TRUE
9778229,"gate_40",11,TRUE,FALSE
9778364,"gate_40",245,TRUE,TRUE
9778848,"gate_40",10,FALSE,FALSE
9778866,"gate_40",51,TRUE,FALSE
9778967,"gate_40",10,FALSE,FALSE
9778977,"gate_40",126,TRUE,FALSE
9778994,"gate_30",4,FALSE,FALSE
9779075,"gate_30",7,FALSE,FALSE
9779084,"gate_40",0,FALSE,FALSE
9779165,"gate_40",0,FALSE,FALSE
9779432,"gate_40",19,TRUE,FALSE
9779487,"gate_30",1,FALSE,FALSE
9779539,"gate_40",1,FALSE,FALSE
9779764,"gate_30",6,TRUE,FALSE
9779992,"gate_40",42,TRUE,FALSE
9780122,"gate_40",60,FALSE,TRUE
9780373,"gate_30",229,TRUE,TRUE
9780472,"gate_30",6,FALSE,FALSE
9780523,"gate_40",9,FALSE,FALSE
9780626,"gate_40",7,FALSE,FALSE
9780805,"gate_30",3,FALSE,FALSE
9780919,"gate_30",325,TRUE,TRUE
9780931,"gate_40",16,FALSE,FALSE
9781174,"gate_30",5,FALSE,FALSE
9781195,"gate_40",123,TRUE,TRUE
9781234,"gate_40",407,TRUE,TRUE
9781467,"gate_30",34,FALSE,TRUE
9781615,"gate_40",1,FALSE,FALSE
9781813,"gate_40",28,TRUE,FALSE
9781919,"gate_40",1,FALSE,FALSE
9781977,"gate_30",11,FALSE,FALSE
9782049,"gate_40",383,TRUE,FALSE
9782149,"gate_40",3,FALSE,FALSE
9782688,"gate_30",0,FALSE,FALSE
9782834,"gate_30",18,FALSE,FALSE
9782844,"gate_40",33,FALSE,FALSE
9782929,"gate_30",10,TRUE,FALSE
9782932,"gate_40",14,TRUE,FALSE
9783062,"gate_30",0,FALSE,FALSE
9783173,"gate_30",2,FALSE,FALSE
9783289,"gate_40",2,TRUE,FALSE
9783623,"gate_30",23,TRUE,FALSE
9783655,"gate_30",75,TRUE,FALSE
9783694,"gate_30",21,FALSE,FALSE
9783736,"gate_40",42,TRUE,FALSE
9783798,"gate_40",107,TRUE,TRUE
9783904,"gate_30",8,FALSE,FALSE
9783945,"gate_30",14,TRUE,FALSE
9783993,"gate_40",4,FALSE,FALSE
9784113,"gate_40",16,FALSE,FALSE
9784141,"gate_30",5,FALSE,FALSE
9784168,"gate_40",23,FALSE,FALSE
9784239,"gate_40",5,FALSE,FALSE
9784339,"gate_40",8,FALSE,FALSE
9784353,"gate_30",1,FALSE,FALSE
9784763,"gate_40",1,FALSE,FALSE
9784941,"gate_30",11,FALSE,FALSE
9784981,"gate_30",55,TRUE,TRUE
9785102,"gate_40",12,TRUE,FALSE
9785175,"gate_40",107,TRUE,TRUE
9785286,"gate_30",71,TRUE,FALSE
9785530,"gate_40",25,FALSE,FALSE
9785718,"gate_40",1,FALSE,FALSE
9785730,"gate_30",16,TRUE,FALSE
9785804,"gate_30",105,TRUE,TRUE
9785896,"gate_40",148,FALSE,FALSE
9785969,"gate_30",572,TRUE,TRUE
9786050,"gate_40",11,FALSE,FALSE
9786331,"gate_30",13,FALSE,FALSE
9786432,"gate_30",141,FALSE,TRUE
9786541,"gate_30",94,TRUE,FALSE
9786545,"gate_40",1,FALSE,FALSE
9786751,"gate_40",19,TRUE,TRUE
9787079,"gate_30",24,FALSE,FALSE
9787135,"gate_30",180,FALSE,TRUE
9787192,"gate_40",5,TRUE,FALSE
9787348,"gate_30",35,FALSE,TRUE
9787380,"gate_30",3,FALSE,FALSE
9787442,"gate_40",95,FALSE,FALSE
9787602,"gate_30",5,FALSE,FALSE
9787919,"gate_30",56,TRUE,FALSE
9788071,"gate_40",45,TRUE,FALSE
9788238,"gate_40",286,TRUE,TRUE
9788279,"gate_40",23,FALSE,FALSE
9788308,"gate_30",41,FALSE,FALSE
9788682,"gate_30",5,TRUE,FALSE
9788874,"gate_40",4,FALSE,FALSE
9789024,"gate_30",2,FALSE,FALSE
9789182,"gate_30",130,TRUE,TRUE
9789207,"gate_30",4,FALSE,FALSE
9789357,"gate_40",19,TRUE,FALSE
9789579,"gate_30",1,FALSE,FALSE
9789773,"gate_30",4,FALSE,FALSE
9789809,"gate_30",4,FALSE,FALSE
9789869,"gate_40",78,TRUE,FALSE
9789902,"gate_40",66,TRUE,FALSE
9790149,"gate_30",161,TRUE,FALSE
9790234,"gate_40",133,TRUE,FALSE
9790418,"gate_40",16,TRUE,FALSE
9790636,"gate_30",130,TRUE,TRUE
9790651,"gate_40",13,FALSE,FALSE
9790698,"gate_30",12,FALSE,FALSE
9790706,"gate_40",88,FALSE,FALSE
9790893,"gate_30",105,TRUE,FALSE
9790920,"gate_30",38,TRUE,FALSE
9790955,"gate_30",1,FALSE,FALSE
9790969,"gate_30",10,FALSE,FALSE
9791102,"gate_30",35,FALSE,TRUE
9791126,"gate_30",8,FALSE,FALSE
9791264,"gate_30",27,FALSE,FALSE
9791407,"gate_40",9,TRUE,FALSE
9791409,"gate_30",5,FALSE,FALSE
9791488,"gate_40",7,TRUE,FALSE
9791599,"gate_40",2063,TRUE,TRUE
9791826,"gate_30",2,FALSE,FALSE
9791972,"gate_40",9,FALSE,FALSE
9792002,"gate_40",35,TRUE,FALSE
9792054,"gate_40",37,TRUE,TRUE
9792088,"gate_30",26,TRUE,FALSE
9792090,"gate_30",8,TRUE,FALSE
9792194,"gate_40",1,FALSE,FALSE
9792263,"gate_40",0,FALSE,FALSE
9792371,"gate_40",21,FALSE,FALSE
9792621,"gate_30",5,FALSE,FALSE
9792638,"gate_40",40,TRUE,FALSE
9792670,"gate_40",9,FALSE,FALSE
9792885,"gate_40",40,TRUE,FALSE
9793025,"gate_40",148,TRUE,TRUE
9793098,"gate_30",3,FALSE,FALSE
9793220,"gate_40",3,FALSE,FALSE
9793323,"gate_30",0,FALSE,FALSE
9793373,"gate_40",52,TRUE,FALSE
9793515,"gate_30",223,TRUE,TRUE
9794086,"gate_40",27,TRUE,FALSE
9794142,"gate_40",6,FALSE,FALSE
9794196,"gate_30",143,TRUE,FALSE
9794259,"gate_40",17,FALSE,FALSE
9794268,"gate_30",4,TRUE,FALSE
9794300,"gate_40",119,TRUE,TRUE
9794383,"gate_40",846,TRUE,TRUE
9794525,"gate_30",30,FALSE,FALSE
9794587,"gate_40",5,FALSE,FALSE
9794730,"gate_40",26,TRUE,FALSE
9794790,"gate_30",1,FALSE,FALSE
9794801,"gate_40",53,TRUE,FALSE
9794893,"gate_40",9,FALSE,FALSE
9795042,"gate_30",355,FALSE,TRUE
9795061,"gate_40",0,FALSE,FALSE
9795268,"gate_30",65,TRUE,FALSE
9795307,"gate_30",1,FALSE,FALSE
9795455,"gate_40",1,FALSE,FALSE
9795806,"gate_40",6,TRUE,FALSE
9795874,"gate_40",13,FALSE,FALSE
9796124,"gate_30",14,TRUE,FALSE
9796134,"gate_40",3,FALSE,FALSE
9796308,"gate_40",22,TRUE,FALSE
9796402,"gate_30",3,FALSE,FALSE
9796599,"gate_40",2,FALSE,FALSE
9796847,"gate_30",17,FALSE,FALSE
9796911,"gate_40",74,TRUE,FALSE
9797090,"gate_30",2,FALSE,FALSE
9797158,"gate_40",27,TRUE,FALSE
9797490,"gate_40",13,TRUE,FALSE
9797641,"gate_30",4,FALSE,FALSE
9797788,"gate_30",1,FALSE,FALSE
9797994,"gate_40",33,FALSE,FALSE
9798020,"gate_30",25,TRUE,FALSE
9798050,"gate_30",2,FALSE,FALSE
9798203,"gate_40",3,FALSE,FALSE
9798356,"gate_30",1,FALSE,FALSE
9798438,"gate_30",16,TRUE,FALSE
9798645,"gate_30",53,FALSE,TRUE
9798994,"gate_30",3,FALSE,FALSE
9799040,"gate_30",12,TRUE,FALSE
9799104,"gate_30",7,FALSE,FALSE
9799122,"gate_30",2,FALSE,FALSE
9799224,"gate_30",1,FALSE,FALSE
9799231,"gate_30",95,TRUE,TRUE
9799265,"gate_30",3,FALSE,FALSE
9799567,"gate_30",16,FALSE,FALSE
9799611,"gate_40",3,FALSE,FALSE
9799726,"gate_30",9,FALSE,FALSE
9799756,"gate_40",47,FALSE,TRUE
9799897,"gate_40",47,TRUE,FALSE
9799997,"gate_40",35,FALSE,FALSE
9800030,"gate_40",7,FALSE,FALSE
9800126,"gate_30",18,TRUE,FALSE
9800309,"gate_30",9,FALSE,FALSE
9800324,"gate_30",168,TRUE,FALSE
9800430,"gate_30",61,TRUE,TRUE
9800680,"gate_30",3,FALSE,FALSE
9800866,"gate_30",3,FALSE,FALSE
9801043,"gate_40",10,FALSE,FALSE
9801221,"gate_40",99,TRUE,FALSE
9801304,"gate_40",7,FALSE,FALSE
9801335,"gate_30",0,FALSE,FALSE
9801409,"gate_40",4,FALSE,FALSE
9801485,"gate_30",7,TRUE,FALSE
9801577,"gate_30",189,TRUE,TRUE
9801766,"gate_30",11,FALSE,FALSE
9801875,"gate_40",6,FALSE,FALSE
9801943,"gate_30",2,FALSE,FALSE
9801972,"gate_40",10,FALSE,FALSE
9801973,"gate_30",76,TRUE,FALSE
9801978,"gate_30",167,TRUE,FALSE
9801991,"gate_30",15,TRUE,FALSE
9802236,"gate_40",16,FALSE,FALSE
9802377,"gate_30",32,TRUE,FALSE
9802399,"gate_30",7,FALSE,FALSE
9802542,"gate_40",54,TRUE,FALSE
9802580,"gate_30",347,TRUE,TRUE
9802970,"gate_40",9,TRUE,FALSE
9803063,"gate_30",470,TRUE,TRUE
9803106,"gate_40",5,FALSE,FALSE
9803147,"gate_40",24,TRUE,FALSE
9803275,"gate_40",64,TRUE,FALSE
9803341,"gate_30",9,FALSE,FALSE
9803403,"gate_40",124,FALSE,TRUE
9803428,"gate_40",6,FALSE,FALSE
9803464,"gate_40",30,TRUE,FALSE
9803492,"gate_40",1,FALSE,FALSE
9803531,"gate_40",21,TRUE,TRUE
9803539,"gate_30",42,TRUE,FALSE
9803830,"gate_40",22,TRUE,FALSE
9804031,"gate_30",40,TRUE,FALSE
9804036,"gate_30",1,TRUE,FALSE
9804066,"gate_30",47,TRUE,TRUE
9804104,"gate_40",54,TRUE,FALSE
9804117,"gate_40",5,FALSE,FALSE
9804315,"gate_40",13,FALSE,FALSE
9804331,"gate_30",9,FALSE,FALSE
9804414,"gate_30",107,TRUE,FALSE
9804505,"gate_40",3,FALSE,FALSE
9804565,"gate_40",0,FALSE,FALSE
9804569,"gate_40",469,TRUE,TRUE
9804570,"gate_30",38,FALSE,FALSE
9804685,"gate_40",82,TRUE,FALSE
9804895,"gate_30",55,TRUE,FALSE
9804952,"gate_40",165,FALSE,TRUE
9805090,"gate_30",10,TRUE,FALSE
9805112,"gate_40",19,FALSE,TRUE
9805444,"gate_40",27,FALSE,FALSE
9805471,"gate_40",82,FALSE,FALSE
9805521,"gate_40",59,TRUE,FALSE
9805585,"gate_30",10,FALSE,FALSE
9805597,"gate_30",6,FALSE,FALSE
9805620,"gate_30",82,TRUE,TRUE
9805702,"gate_40",5,FALSE,FALSE
9805803,"gate_40",2,FALSE,FALSE
9805815,"gate_30",70,TRUE,FALSE
9805976,"gate_40",164,TRUE,TRUE
9806060,"gate_40",33,FALSE,FALSE
9806241,"gate_40",14,FALSE,FALSE
9806786,"gate_40",6,FALSE,FALSE
9806822,"gate_40",147,TRUE,TRUE
9806842,"gate_40",4,TRUE,FALSE
9806898,"gate_30",1,FALSE,FALSE
9806969,"gate_40",33,TRUE,FALSE
9807020,"gate_30",8,FALSE,FALSE
9807113,"gate_40",21,FALSE,TRUE
9807140,"gate_40",36,TRUE,FALSE
9807561,"gate_40",3,FALSE,FALSE
9807764,"gate_40",138,FALSE,TRUE
9808016,"gate_30",64,TRUE,TRUE
9808169,"gate_40",8,FALSE,FALSE
9808206,"gate_40",14,TRUE,FALSE
9808235,"gate_30",15,TRUE,FALSE
9808253,"gate_30",52,FALSE,FALSE
9808284,"gate_30",42,FALSE,FALSE
9808305,"gate_40",5,TRUE,FALSE
9808546,"gate_40",2,FALSE,FALSE
9808555,"gate_30",0,FALSE,FALSE
9808575,"gate_40",174,TRUE,FALSE
9809085,"gate_40",179,TRUE,TRUE
9809271,"gate_40",6,TRUE,FALSE
9809277,"gate_30",112,TRUE,TRUE
9809363,"gate_30",46,FALSE,FALSE
9809368,"gate_30",42,TRUE,FALSE
9809388,"gate_30",31,TRUE,FALSE
9809557,"gate_40",118,TRUE,TRUE
9809560,"gate_30",117,TRUE,TRUE
9809682,"gate_30",19,FALSE,FALSE
9809754,"gate_40",14,TRUE,FALSE
9809798,"gate_30",49,TRUE,FALSE
9810092,"gate_40",1,FALSE,FALSE
9810317,"gate_40",70,FALSE,FALSE
9810591,"gate_30",148,TRUE,TRUE
9810600,"gate_40",36,FALSE,FALSE
9810826,"gate_30",1,FALSE,FALSE
9810853,"gate_30",25,FALSE,FALSE
9810857,"gate_40",1,FALSE,FALSE
9811112,"gate_40",12,FALSE,FALSE
9811175,"gate_40",81,TRUE,FALSE
9811199,"gate_30",99,TRUE,TRUE
9811516,"gate_40",174,TRUE,TRUE
9811710,"gate_40",0,FALSE,FALSE
9811826,"gate_30",12,FALSE,FALSE
9812078,"gate_30",123,FALSE,FALSE
9812079,"gate_40",30,TRUE,FALSE
9812184,"gate_30",88,TRUE,FALSE
9812468,"gate_30",65,TRUE,FALSE
9812498,"gate_30",292,TRUE,TRUE
9812523,"gate_30",21,TRUE,FALSE
9812574,"gate_30",199,TRUE,TRUE
9812851,"gate_40",13,TRUE,FALSE
9812863,"gate_40",0,FALSE,FALSE
9813244,"gate_30",142,TRUE,TRUE
9813430,"gate_30",33,TRUE,FALSE
9813443,"gate_40",287,TRUE,TRUE
9813712,"gate_40",32,TRUE,TRUE
9813766,"gate_40",6,TRUE,FALSE
9813807,"gate_30",16,TRUE,FALSE
9813849,"gate_30",371,TRUE,FALSE
9813876,"gate_40",16,TRUE,FALSE
9814033,"gate_40",183,TRUE,FALSE
9814316,"gate_30",6,FALSE,FALSE
9814843,"gate_40",3,FALSE,FALSE
9815160,"gate_40",0,FALSE,FALSE
9815444,"gate_30",93,TRUE,TRUE
9815537,"gate_40",32,TRUE,FALSE
9815920,"gate_40",33,TRUE,FALSE
9816053,"gate_30",6,TRUE,FALSE
9816117,"gate_40",8,TRUE,FALSE
9816168,"gate_40",3,FALSE,FALSE
9816253,"gate_40",172,TRUE,FALSE
9816541,"gate_40",13,FALSE,FALSE
9816646,"gate_30",351,TRUE,TRUE
9816674,"gate_30",295,TRUE,TRUE
9816841,"gate_40",45,TRUE,FALSE
9816845,"gate_30",14,TRUE,FALSE
9816884,"gate_30",42,TRUE,FALSE
9817051,"gate_40",4,FALSE,FALSE
9817214,"gate_40",36,FALSE,FALSE
9817326,"gate_40",1,FALSE,FALSE
9817418,"gate_30",8,FALSE,FALSE
9817552,"gate_30",75,TRUE,FALSE
9817594,"gate_30",16,FALSE,FALSE
9817613,"gate_40",1,FALSE,FALSE
9817847,"gate_40",37,TRUE,FALSE
9818254,"gate_40",29,FALSE,FALSE
9818501,"gate_40",34,TRUE,FALSE
9818702,"gate_40",112,TRUE,TRUE
9818705,"gate_40",44,FALSE,FALSE
9818722,"gate_30",4,FALSE,FALSE
9818785,"gate_30",26,TRUE,FALSE
9818829,"gate_40",125,TRUE,FALSE
9818886,"gate_30",297,TRUE,TRUE
9819354,"gate_40",4,FALSE,FALSE
9819429,"gate_30",77,TRUE,FALSE
9819667,"gate_30",157,TRUE,TRUE
9819693,"gate_40",153,TRUE,TRUE
9819845,"gate_30",0,FALSE,FALSE
9819987,"gate_30",5,FALSE,FALSE
9820011,"gate_40",28,FALSE,FALSE
9820187,"gate_30",2,FALSE,FALSE
9820222,"gate_30",18,FALSE,FALSE
9820322,"gate_40",28,TRUE,FALSE
9820414,"gate_30",91,TRUE,TRUE
9820572,"gate_30",37,TRUE,FALSE
9820647,"gate_30",15,TRUE,FALSE
9820674,"gate_30",10,FALSE,FALSE
9820753,"gate_30",39,TRUE,FALSE
9820860,"gate_30",3,FALSE,FALSE
9821350,"gate_30",8,TRUE,FALSE
9821360,"gate_30",22,TRUE,FALSE
9821869,"gate_30",22,TRUE,FALSE
9821889,"gate_30",2,FALSE,FALSE
9821930,"gate_40",160,TRUE,TRUE
9821951,"gate_40",505,TRUE,TRUE
9822034,"gate_40",0,FALSE,FALSE
9822053,"gate_40",41,FALSE,FALSE
9822094,"gate_30",29,TRUE,FALSE
9822101,"gate_30",9,TRUE,FALSE
9822210,"gate_40",3,FALSE,FALSE
9822235,"gate_30",5,FALSE,FALSE
9822327,"gate_40",768,TRUE,TRUE
9822330,"gate_30",43,TRUE,FALSE
9822390,"gate_40",22,TRUE,FALSE
9822409,"gate_40",1,FALSE,FALSE
9822485,"gate_30",4,FALSE,FALSE
9822649,"gate_30",42,TRUE,FALSE
9822668,"gate_30",21,FALSE,TRUE
9822675,"gate_30",17,TRUE,FALSE
9822764,"gate_40",69,TRUE,FALSE
9822783,"gate_40",0,FALSE,FALSE
9822793,"gate_40",9,FALSE,FALSE
9822795,"gate_40",99,TRUE,FALSE
9822965,"gate_40",43,TRUE,FALSE
9823025,"gate_30",44,TRUE,FALSE
9823442,"gate_30",34,FALSE,FALSE
9823452,"gate_40",9,FALSE,FALSE
9823504,"gate_30",2,FALSE,FALSE
9823661,"gate_30",46,FALSE,FALSE
9823692,"gate_30",40,FALSE,FALSE
9823696,"gate_40",0,FALSE,FALSE
9823766,"gate_30",2,FALSE,FALSE
9823826,"gate_40",5,FALSE,FALSE
9823842,"gate_30",161,FALSE,TRUE
9823932,"gate_40",0,FALSE,FALSE
9824223,"gate_30",138,TRUE,TRUE
9824370,"gate_30",58,TRUE,TRUE
9824502,"gate_40",122,TRUE,TRUE
9824569,"gate_30",6,FALSE,FALSE
9824765,"gate_40",103,TRUE,FALSE
9824775,"gate_30",9,FALSE,FALSE
9824793,"gate_40",38,FALSE,FALSE
9824843,"gate_40",44,FALSE,FALSE
9825049,"gate_30",58,TRUE,TRUE
9825246,"gate_30",4,FALSE,FALSE
9825252,"gate_30",6,FALSE,FALSE
9825302,"gate_30",1,FALSE,FALSE
9825311,"gate_30",19,FALSE,FALSE
9825336,"gate_30",131,TRUE,TRUE
9825481,"gate_30",5,FALSE,FALSE
9825522,"gate_30",37,TRUE,FALSE
9825548,"gate_40",20,TRUE,FALSE
9825612,"gate_40",125,FALSE,TRUE
9825672,"gate_30",0,FALSE,FALSE
9825691,"gate_40",58,TRUE,FALSE
9825855,"gate_30",4,FALSE,FALSE
9825886,"gate_30",16,FALSE,TRUE
9825918,"gate_30",44,TRUE,FALSE
9825996,"gate_40",27,TRUE,FALSE
9826022,"gate_30",11,TRUE,FALSE
9826367,"gate_30",0,FALSE,FALSE
9826374,"gate_30",1,FALSE,FALSE
9826441,"gate_30",19,FALSE,FALSE
9826460,"gate_40",7,FALSE,FALSE
9826480,"gate_40",5,FALSE,FALSE
9826667,"gate_40",1,FALSE,FALSE
9827013,"gate_30",1,FALSE,FALSE
9827136,"gate_30",34,FALSE,FALSE
9827204,"gate_30",14,TRUE,FALSE
9827561,"gate_40",0,FALSE,FALSE
9827572,"gate_30",5,FALSE,FALSE
9827699,"gate_30",101,TRUE,FALSE
9827722,"gate_30",8,FALSE,FALSE
9827724,"gate_40",1,FALSE,FALSE
9827766,"gate_40",19,FALSE,FALSE
9827832,"gate_40",55,TRUE,FALSE
9828089,"gate_40",1,FALSE,FALSE
9828924,"gate_30",2,TRUE,FALSE
9828950,"gate_40",0,FALSE,FALSE
9828979,"gate_30",5,FALSE,FALSE
9828999,"gate_40",225,TRUE,TRUE
9829038,"gate_30",33,TRUE,FALSE
9829202,"gate_40",46,TRUE,FALSE
9829228,"gate_40",0,FALSE,FALSE
9829241,"gate_40",27,TRUE,TRUE
9829406,"gate_40",13,FALSE,FALSE
9829672,"gate_40",4,FALSE,FALSE
9829703,"gate_40",15,TRUE,FALSE
9829888,"gate_30",2,FALSE,FALSE
9830057,"gate_40",271,FALSE,FALSE
9830081,"gate_30",23,TRUE,FALSE
9830097,"gate_30",152,TRUE,FALSE
9830174,"gate_40",0,TRUE,FALSE
9830263,"gate_40",208,TRUE,TRUE
9830363,"gate_30",0,FALSE,FALSE
9830367,"gate_40",107,TRUE,FALSE
9830639,"gate_30",384,TRUE,TRUE
9830676,"gate_40",161,TRUE,TRUE
9830928,"gate_30",26,FALSE,FALSE
9830954,"gate_30",18,FALSE,FALSE
9831006,"gate_30",14,FALSE,FALSE
9831111,"gate_40",4,FALSE,FALSE
9831251,"gate_30",0,FALSE,FALSE
9831366,"gate_30",55,TRUE,FALSE
9831369,"gate_40",5,FALSE,FALSE
9831379,"gate_40",1,FALSE,FALSE
9831453,"gate_30",37,FALSE,FALSE
9831813,"gate_30",1,FALSE,FALSE
9832052,"gate_30",5,FALSE,FALSE
9832077,"gate_30",9,FALSE,TRUE
9832158,"gate_40",17,FALSE,FALSE
9832287,"gate_40",54,TRUE,FALSE
9832530,"gate_40",15,TRUE,FALSE
9833285,"gate_40",6,FALSE,FALSE
9833453,"gate_30",7,FALSE,FALSE
9833478,"gate_30",68,TRUE,FALSE
9833554,"gate_30",4,FALSE,FALSE
9833662,"gate_30",50,TRUE,TRUE
9833690,"gate_40",58,TRUE,FALSE
9833743,"gate_40",17,FALSE,FALSE
9833899,"gate_30",64,FALSE,FALSE
9834001,"gate_40",5,FALSE,FALSE
9834101,"gate_30",6,FALSE,FALSE
9834146,"gate_40",9,FALSE,FALSE
9834154,"gate_30",2,FALSE,FALSE
9834160,"gate_30",3,FALSE,FALSE
9834179,"gate_40",0,FALSE,FALSE
9834354,"gate_40",18,FALSE,FALSE
9834486,"gate_40",11,FALSE,TRUE
9834954,"gate_30",536,TRUE,TRUE
9834968,"gate_40",5,TRUE,FALSE
9835272,"gate_30",26,TRUE,FALSE
9835284,"gate_40",1,FALSE,FALSE
9835698,"gate_40",8,TRUE,FALSE
9835989,"gate_30",22,TRUE,FALSE
9836186,"gate_30",8,TRUE,FALSE
9836357,"gate_40",6,TRUE,FALSE
9836395,"gate_40",224,TRUE,TRUE
9836403,"gate_40",12,TRUE,FALSE
9836449,"gate_30",53,FALSE,FALSE
9836475,"gate_40",13,FALSE,FALSE
9836486,"gate_30",4,FALSE,FALSE
9836526,"gate_40",14,FALSE,FALSE
9836691,"gate_40",39,TRUE,FALSE
9836838,"gate_40",217,TRUE,FALSE
9836910,"gate_30",3,FALSE,FALSE
9837049,"gate_30",70,TRUE,FALSE
9837253,"gate_30",47,FALSE,FALSE
9837393,"gate_30",0,FALSE,FALSE
9837561,"gate_30",6,FALSE,FALSE
9837708,"gate_30",51,TRUE,FALSE
9837715,"gate_40",19,TRUE,FALSE
9837835,"gate_40",10,FALSE,FALSE
9838044,"gate_30",102,TRUE,FALSE
9838203,"gate_40",171,TRUE,TRUE
9838398,"gate_40",8,FALSE,FALSE
9838567,"gate_40",50,TRUE,FALSE
9838575,"gate_30",9,FALSE,FALSE
9838793,"gate_30",9,FALSE,FALSE
9838815,"gate_40",62,TRUE,FALSE
9839144,"gate_30",37,TRUE,FALSE
9839819,"gate_30",309,TRUE,TRUE
9839970,"gate_30",202,TRUE,TRUE
9840111,"gate_30",2,FALSE,FALSE
9840171,"gate_30",115,TRUE,TRUE
9840207,"gate_30",56,FALSE,FALSE
9840280,"gate_30",3,FALSE,FALSE
9840482,"gate_30",5,TRUE,FALSE
9840748,"gate_30",267,TRUE,TRUE
9840768,"gate_30",9,FALSE,FALSE
9840798,"gate_30",1,FALSE,FALSE
9840912,"gate_30",31,TRUE,FALSE
9841119,"gate_40",256,FALSE,TRUE
9841201,"gate_30",33,TRUE,FALSE
9841460,"gate_40",19,TRUE,FALSE
9841516,"gate_40",23,TRUE,FALSE
9841603,"gate_40",181,FALSE,FALSE
9841619,"gate_30",17,FALSE,FALSE
9841646,"gate_40",629,TRUE,TRUE
9841708,"gate_30",14,FALSE,FALSE
9842046,"gate_30",38,TRUE,FALSE
9842100,"gate_40",8,FALSE,FALSE
9842266,"gate_40",2,FALSE,FALSE
9842317,"gate_40",140,TRUE,TRUE
9842423,"gate_30",34,FALSE,FALSE
9842431,"gate_30",2,FALSE,FALSE
9842457,"gate_40",5,FALSE,FALSE
9842718,"gate_30",144,TRUE,TRUE
9842760,"gate_30",41,FALSE,FALSE
9842765,"gate_40",21,FALSE,FALSE
9842786,"gate_30",19,TRUE,FALSE
9842939,"gate_40",1,FALSE,FALSE
9843026,"gate_40",46,FALSE,FALSE
9843228,"gate_30",2,FALSE,FALSE
9843252,"gate_40",32,FALSE,FALSE
9843260,"gate_30",18,FALSE,FALSE
9843444,"gate_30",308,TRUE,TRUE
9843517,"gate_30",301,TRUE,TRUE
9843619,"gate_30",21,TRUE,FALSE
9843637,"gate_40",7,FALSE,FALSE
9843835,"gate_30",8,FALSE,FALSE
9843855,"gate_30",364,FALSE,FALSE
9843888,"gate_30",157,TRUE,FALSE
9844106,"gate_40",1,FALSE,FALSE
9844365,"gate_30",8,FALSE,FALSE
9844384,"gate_40",67,FALSE,TRUE
9844385,"gate_30",19,FALSE,FALSE
9844386,"gate_30",4,FALSE,FALSE
9844404,"gate_40",403,TRUE,FALSE
9844586,"gate_30",6,FALSE,FALSE
9844710,"gate_40",14,FALSE,FALSE
9844897,"gate_30",1,FALSE,FALSE
9844985,"gate_30",28,FALSE,FALSE
9845016,"gate_40",8,FALSE,FALSE
9845090,"gate_40",17,FALSE,FALSE
9845161,"gate_30",2,FALSE,FALSE
9845352,"gate_30",93,TRUE,TRUE
9845416,"gate_40",27,FALSE,FALSE
9845578,"gate_40",4,TRUE,FALSE
9845733,"gate_40",17,FALSE,TRUE
9845735,"gate_30",14,FALSE,FALSE
9846140,"gate_40",0,FALSE,FALSE
9846164,"gate_30",27,TRUE,FALSE
9846214,"gate_30",3,FALSE,FALSE
9846226,"gate_40",3,FALSE,FALSE
9846238,"gate_30",23,TRUE,TRUE
9846321,"gate_40",50,TRUE,FALSE
9846397,"gate_40",60,FALSE,FALSE
9846418,"gate_30",16,FALSE,FALSE
9846784,"gate_40",132,TRUE,FALSE
9846954,"gate_40",244,FALSE,FALSE
9847135,"gate_40",161,TRUE,TRUE
9847456,"gate_30",1,FALSE,FALSE
9847699,"gate_40",18,FALSE,FALSE
9847891,"gate_40",2,FALSE,FALSE
9847959,"gate_30",72,TRUE,FALSE
9847971,"gate_40",28,TRUE,FALSE
9848124,"gate_40",395,TRUE,TRUE
9848212,"gate_40",3,FALSE,FALSE
9848315,"gate_40",56,TRUE,FALSE
9848481,"gate_40",1,FALSE,FALSE
9848613,"gate_30",36,FALSE,TRUE
9848691,"gate_40",17,TRUE,FALSE
9848872,"gate_30",6,FALSE,FALSE
9848992,"gate_40",16,FALSE,FALSE
9849022,"gate_30",8,FALSE,FALSE
9849066,"gate_40",325,TRUE,TRUE
9849128,"gate_30",12,FALSE,FALSE
9849183,"gate_40",10,FALSE,FALSE
9849218,"gate_30",1,FALSE,FALSE
9849260,"gate_30",30,FALSE,FALSE
9849417,"gate_30",19,TRUE,FALSE
9849569,"gate_40",1,FALSE,FALSE
9849862,"gate_30",17,TRUE,TRUE
9849959,"gate_40",7,TRUE,FALSE
9850062,"gate_40",20,FALSE,FALSE
9850346,"gate_40",7,FALSE,FALSE
9850412,"gate_30",10,FALSE,FALSE
9850429,"gate_40",104,TRUE,TRUE
9850480,"gate_40",270,TRUE,TRUE
9850561,"gate_40",2,FALSE,FALSE
9850642,"gate_40",22,TRUE,FALSE
9850810,"gate_40",4,FALSE,TRUE
9850910,"gate_40",0,FALSE,FALSE
9851141,"gate_40",80,FALSE,TRUE
9851146,"gate_30",18,TRUE,TRUE
9851367,"gate_40",4,FALSE,FALSE
9851400,"gate_30",28,TRUE,FALSE
9851558,"gate_30",6,FALSE,FALSE
9851694,"gate_40",4,FALSE,FALSE
9851743,"gate_40",23,FALSE,FALSE
9852015,"gate_40",11,FALSE,FALSE
9852080,"gate_40",7,TRUE,FALSE
9852157,"gate_40",4,FALSE,FALSE
9852348,"gate_30",34,TRUE,FALSE
9852396,"gate_30",17,TRUE,FALSE
9852427,"gate_30",5,FALSE,FALSE
9852443,"gate_40",19,TRUE,FALSE
9852470,"gate_40",69,TRUE,FALSE
9852668,"gate_40",340,TRUE,FALSE
9852677,"gate_30",4,FALSE,FALSE
9852684,"gate_30",87,FALSE,TRUE
9852808,"gate_40",0,FALSE,FALSE
9852910,"gate_40",24,TRUE,FALSE
9853043,"gate_30",109,TRUE,FALSE
9853197,"gate_30",256,TRUE,TRUE
9853239,"gate_30",20,FALSE,FALSE
9853410,"gate_40",2,FALSE,FALSE
9853437,"gate_30",28,TRUE,FALSE
9853469,"gate_30",6,FALSE,FALSE
9853860,"gate_40",4,FALSE,TRUE
9853867,"gate_30",382,TRUE,TRUE
9853932,"gate_30",2,FALSE,FALSE
9854100,"gate_30",276,TRUE,TRUE
9854293,"gate_40",13,TRUE,FALSE
9854306,"gate_30",14,FALSE,FALSE
9854349,"gate_40",6,TRUE,FALSE
9854525,"gate_30",23,FALSE,TRUE
9854886,"gate_40",3,FALSE,FALSE
9854897,"gate_30",4,FALSE,FALSE
9855091,"gate_40",31,FALSE,FALSE
9855141,"gate_30",32,TRUE,FALSE
9855309,"gate_40",45,TRUE,FALSE
9855456,"gate_30",48,FALSE,FALSE
9855499,"gate_30",11,FALSE,FALSE
9855581,"gate_40",2,FALSE,FALSE
9855613,"gate_40",43,TRUE,FALSE
9855686,"gate_30",2,FALSE,FALSE
9855814,"gate_40",3,FALSE,FALSE
9855999,"gate_30",16,FALSE,FALSE
9856226,"gate_30",434,TRUE,TRUE
9856273,"gate_30",11,FALSE,FALSE
9856394,"gate_40",36,FALSE,TRUE
9856424,"gate_40",87,TRUE,TRUE
9856427,"gate_30",3,FALSE,FALSE
9856695,"gate_40",50,TRUE,FALSE
9856777,"gate_30",60,FALSE,FALSE
9856781,"gate_30",30,FALSE,TRUE
9856878,"gate_40",24,TRUE,FALSE
9856994,"gate_40",2,FALSE,FALSE
9857269,"gate_40",13,FALSE,FALSE
9857346,"gate_30",47,TRUE,FALSE
9857448,"gate_30",17,TRUE,FALSE
9857677,"gate_30",7,FALSE,FALSE
9857738,"gate_40",4,FALSE,FALSE
9857836,"gate_40",5,FALSE,FALSE
9858015,"gate_30",10,TRUE,FALSE
9858628,"gate_30",158,TRUE,TRUE
9858638,"gate_30",45,TRUE,FALSE
9858859,"gate_40",46,FALSE,FALSE
9859200,"gate_40",228,TRUE,TRUE
9859203,"gate_30",2,FALSE,FALSE
9859255,"gate_40",75,TRUE,TRUE
9859379,"gate_30",18,FALSE,FALSE
9859393,"gate_30",11,TRUE,FALSE
9859398,"gate_40",3,FALSE,FALSE
9859457,"gate_30",14,TRUE,TRUE
9859543,"gate_30",33,TRUE,FALSE
9859557,"gate_30",30,TRUE,FALSE
9859693,"gate_40",20,FALSE,FALSE
9859755,"gate_30",2,FALSE,FALSE
9859817,"gate_30",11,FALSE,FALSE
9860016,"gate_30",1,FALSE,FALSE
9860039,"gate_30",71,TRUE,TRUE
9860143,"gate_40",6,FALSE,FALSE
9860287,"gate_40",3,FALSE,FALSE
9860462,"gate_40",9,FALSE,FALSE
9860614,"gate_40",328,TRUE,TRUE
9860765,"gate_40",30,TRUE,FALSE
9860810,"gate_40",1,FALSE,FALSE
9860978,"gate_30",16,TRUE,FALSE
9861022,"gate_30",2,FALSE,FALSE
9861161,"gate_30",172,TRUE,TRUE
9861178,"gate_40",34,TRUE,FALSE
9861186,"gate_40",0,FALSE,FALSE
9861267,"gate_30",2,FALSE,FALSE
9861504,"gate_30",31,TRUE,FALSE
9861523,"gate_40",17,FALSE,FALSE
9861697,"gate_30",3,FALSE,FALSE
9861731,"gate_30",5,FALSE,FALSE
9861811,"gate_40",122,TRUE,FALSE
9861862,"gate_30",7,FALSE,FALSE
9861880,"gate_40",66,FALSE,FALSE
9862014,"gate_40",2,FALSE,FALSE
9862086,"gate_30",12,FALSE,FALSE
9862226,"gate_30",4,FALSE,FALSE
9862228,"gate_40",6,FALSE,FALSE
9862268,"gate_30",5,FALSE,TRUE
9862294,"gate_40",21,TRUE,FALSE
9862348,"gate_40",21,FALSE,FALSE
9862412,"gate_30",106,TRUE,FALSE
9862472,"gate_30",8,TRUE,FALSE
9862522,"gate_30",1,FALSE,FALSE
9862541,"gate_40",14,FALSE,FALSE
9862587,"gate_30",0,FALSE,FALSE
9862632,"gate_30",131,TRUE,TRUE
9862742,"gate_40",1,FALSE,FALSE
9862744,"gate_30",22,TRUE,FALSE
9862785,"gate_30",12,FALSE,FALSE
9863020,"gate_30",52,TRUE,FALSE
9863078,"gate_40",387,TRUE,FALSE
9863128,"gate_30",5,FALSE,FALSE
9863223,"gate_30",8,FALSE,FALSE
9863244,"gate_30",11,FALSE,FALSE
9863256,"gate_30",3,FALSE,FALSE
9863273,"gate_40",42,TRUE,FALSE
9863599,"gate_30",67,TRUE,TRUE
9863615,"gate_30",14,FALSE,FALSE
9863675,"gate_40",13,TRUE,FALSE
9863713,"gate_30",11,TRUE,FALSE
9863886,"gate_40",6,FALSE,FALSE
9863947,"gate_40",2,FALSE,FALSE
9864097,"gate_40",2,FALSE,FALSE
9864151,"gate_40",3,FALSE,FALSE
9864384,"gate_30",5,TRUE,FALSE
9864396,"gate_40",0,FALSE,FALSE
9864693,"gate_40",3,FALSE,FALSE
9864735,"gate_30",19,TRUE,FALSE
9864850,"gate_40",3,FALSE,FALSE
9864869,"gate_30",30,FALSE,FALSE
9864961,"gate_30",48,TRUE,FALSE
9864969,"gate_30",9,FALSE,FALSE
9865094,"gate_30",82,TRUE,FALSE
9865206,"gate_30",20,FALSE,FALSE
9865234,"gate_40",13,FALSE,FALSE
9865295,"gate_40",6,FALSE,FALSE
9865422,"gate_40",2,FALSE,FALSE
9865461,"gate_40",32,TRUE,TRUE
9865563,"gate_30",18,FALSE,FALSE
9865591,"gate_30",5,FALSE,FALSE
9865673,"gate_40",22,FALSE,FALSE
9865847,"gate_30",2,FALSE,FALSE
9866010,"gate_40",48,FALSE,FALSE
9866207,"gate_30",6,TRUE,FALSE
9866275,"gate_30",45,TRUE,TRUE
9866467,"gate_30",47,TRUE,FALSE
9866547,"gate_30",127,TRUE,TRUE
9866639,"gate_30",6,FALSE,FALSE
9866679,"gate_30",12,FALSE,FALSE
9866692,"gate_30",8,FALSE,FALSE
9866713,"gate_40",0,FALSE,FALSE
9866992,"gate_30",1,FALSE,FALSE
9867099,"gate_40",41,FALSE,FALSE
9867167,"gate_40",65,FALSE,FALSE
9867365,"gate_30",32,TRUE,FALSE
9867368,"gate_40",51,TRUE,TRUE
9867540,"gate_30",0,FALSE,FALSE
9867914,"gate_30",23,FALSE,TRUE
9868185,"gate_30",9,FALSE,FALSE
9868268,"gate_40",39,TRUE,FALSE
9868511,"gate_30",132,TRUE,TRUE
9868649,"gate_40",57,TRUE,TRUE
9868722,"gate_30",115,FALSE,FALSE
9868778,"gate_40",11,FALSE,FALSE
9868788,"gate_40",174,TRUE,TRUE
9868820,"gate_30",106,FALSE,TRUE
9868876,"gate_30",52,TRUE,TRUE
9868881,"gate_40",14,FALSE,FALSE
9869023,"gate_30",37,TRUE,FALSE
9869100,"gate_30",191,TRUE,TRUE
9869183,"gate_40",10,TRUE,FALSE
9869184,"gate_40",10,FALSE,FALSE
9869371,"gate_40",1,FALSE,FALSE
9869394,"gate_40",16,TRUE,FALSE
9869421,"gate_40",21,FALSE,FALSE
9869552,"gate_30",1,FALSE,FALSE
9869563,"gate_30",3,FALSE,FALSE
9869687,"gate_40",7,FALSE,FALSE
9869727,"gate_30",8,FALSE,FALSE
9869868,"gate_40",606,TRUE,TRUE
9870003,"gate_30",10,FALSE,FALSE
9870121,"gate_40",24,TRUE,FALSE
9870199,"gate_40",58,TRUE,FALSE
9870458,"gate_30",1,FALSE,FALSE
9870529,"gate_30",2,FALSE,FALSE
9870950,"gate_30",18,FALSE,FALSE
9871007,"gate_30",99,FALSE,FALSE
9871102,"gate_40",67,TRUE,FALSE
9871212,"gate_40",5,FALSE,FALSE
9871269,"gate_40",4,FALSE,FALSE
9871273,"gate_30",17,FALSE,TRUE
9871452,"gate_30",14,TRUE,FALSE
9871512,"gate_40",0,FALSE,FALSE
9872033,"gate_30",14,TRUE,FALSE
9872117,"gate_30",1,FALSE,FALSE
9872206,"gate_30",58,TRUE,FALSE
9872391,"gate_30",9,FALSE,FALSE
9872446,"gate_40",22,TRUE,FALSE
9872501,"gate_30",261,TRUE,TRUE
9872505,"gate_30",28,FALSE,FALSE
9872901,"gate_30",31,FALSE,FALSE
9872947,"gate_40",17,FALSE,FALSE
9873117,"gate_40",18,FALSE,FALSE
9873311,"gate_30",10,FALSE,FALSE
9873318,"gate_40",9,TRUE,FALSE
9873435,"gate_40",356,TRUE,TRUE
9873529,"gate_30",42,FALSE,FALSE
9873617,"gate_40",41,TRUE,FALSE
9873672,"gate_40",10,FALSE,FALSE
9873721,"gate_30",23,TRUE,TRUE
9873766,"gate_30",98,FALSE,TRUE
9873788,"gate_30",21,TRUE,FALSE
9873842,"gate_40",33,FALSE,FALSE
9874019,"gate_40",7,FALSE,FALSE
9874118,"gate_40",259,TRUE,TRUE
9874157,"gate_40",0,FALSE,FALSE
9874490,"gate_30",9,FALSE,FALSE
9874548,"gate_40",2,FALSE,FALSE
9874651,"gate_40",14,FALSE,FALSE
9874871,"gate_40",96,TRUE,FALSE
9875011,"gate_30",25,FALSE,FALSE
9875088,"gate_30",26,TRUE,FALSE
9875111,"gate_40",3,FALSE,FALSE
9875112,"gate_30",23,FALSE,FALSE
9875156,"gate_30",52,TRUE,FALSE
9875181,"gate_30",37,TRUE,FALSE
9875508,"gate_30",7,FALSE,FALSE
9876408,"gate_40",4,TRUE,FALSE
9876415,"gate_30",46,FALSE,FALSE
9876741,"gate_40",5,FALSE,FALSE
9876857,"gate_30",2,TRUE,FALSE
9876908,"gate_40",33,TRUE,FALSE
9877026,"gate_40",7,FALSE,FALSE
9877224,"gate_40",386,TRUE,TRUE
9877297,"gate_30",7,FALSE,FALSE
9877470,"gate_30",0,FALSE,FALSE
9877655,"gate_30",490,TRUE,TRUE
9877767,"gate_40",14,FALSE,FALSE
9877794,"gate_30",8,FALSE,FALSE
9877814,"gate_30",6,FALSE,FALSE
9877887,"gate_40",145,TRUE,TRUE
9878059,"gate_40",2,FALSE,FALSE
9878139,"gate_40",38,TRUE,FALSE
9878177,"gate_30",1,FALSE,FALSE
9878225,"gate_40",38,TRUE,FALSE
9878541,"gate_30",11,FALSE,FALSE
9878550,"gate_40",3,FALSE,FALSE
9878590,"gate_30",1,FALSE,FALSE
9878730,"gate_40",10,TRUE,FALSE
9878816,"gate_40",0,FALSE,FALSE
9878826,"gate_30",24,TRUE,FALSE
9878979,"gate_30",46,TRUE,FALSE
9879063,"gate_30",2,FALSE,FALSE
9879161,"gate_40",33,TRUE,TRUE
9879306,"gate_40",2,FALSE,FALSE
9879519,"gate_40",97,TRUE,TRUE
9879538,"gate_30",69,TRUE,FALSE
9879658,"gate_30",1,FALSE,FALSE
9879678,"gate_30",68,TRUE,TRUE
9879729,"gate_40",4,FALSE,FALSE
9879732,"gate_30",5,FALSE,FALSE
9879747,"gate_40",11,FALSE,FALSE
9879792,"gate_30",53,TRUE,FALSE
9879831,"gate_30",2,FALSE,FALSE
9880023,"gate_30",6,FALSE,FALSE
9880028,"gate_40",92,TRUE,TRUE
9880030,"gate_40",90,TRUE,FALSE
9880115,"gate_30",9,TRUE,FALSE
9880207,"gate_40",24,TRUE,FALSE
9880286,"gate_40",25,TRUE,FALSE
9880376,"gate_30",1,FALSE,FALSE
9880482,"gate_40",12,TRUE,FALSE
9880499,"gate_30",383,TRUE,TRUE
9880512,"gate_40",34,FALSE,TRUE
9880525,"gate_40",7,FALSE,FALSE
9880822,"gate_40",18,FALSE,FALSE
9880850,"gate_30",25,FALSE,TRUE
9881081,"gate_30",145,FALSE,TRUE
9881277,"gate_40",70,FALSE,FALSE
9881307,"gate_30",6,FALSE,FALSE
9881479,"gate_40",63,TRUE,TRUE
9881532,"gate_30",10,FALSE,FALSE
9881570,"gate_40",30,FALSE,TRUE
9881792,"gate_40",15,FALSE,FALSE
9881991,"gate_30",80,TRUE,FALSE
9882052,"gate_40",29,FALSE,FALSE
9882138,"gate_30",15,TRUE,FALSE
9882171,"gate_40",97,FALSE,FALSE
9882233,"gate_30",42,TRUE,FALSE
9882279,"gate_40",27,FALSE,FALSE
9882488,"gate_40",70,TRUE,TRUE
9882729,"gate_40",31,TRUE,FALSE
9882997,"gate_40",35,TRUE,FALSE
9883061,"gate_30",16,FALSE,TRUE
9883076,"gate_30",2,FALSE,FALSE
9883129,"gate_30",8,TRUE,FALSE
9883405,"gate_40",45,FALSE,FALSE
9883460,"gate_30",6,TRUE,FALSE
9883474,"gate_30",2,FALSE,FALSE
9883945,"gate_30",11,TRUE,FALSE
9884023,"gate_40",46,TRUE,FALSE
9884070,"gate_30",1,FALSE,FALSE
9884192,"gate_40",10,FALSE,FALSE
9884257,"gate_30",13,FALSE,FALSE
9884280,"gate_40",29,FALSE,FALSE
9884292,"gate_40",22,FALSE,TRUE
9884304,"gate_40",18,TRUE,FALSE
9884328,"gate_40",174,TRUE,TRUE
9884365,"gate_30",24,TRUE,FALSE
9884406,"gate_30",5,TRUE,FALSE
9884447,"gate_40",0,FALSE,FALSE
9884481,"gate_40",7,FALSE,FALSE
9884499,"gate_40",33,TRUE,FALSE
9884515,"gate_30",51,TRUE,TRUE
9884534,"gate_40",85,TRUE,TRUE
9884604,"gate_40",9,FALSE,FALSE
9884890,"gate_40",43,TRUE,FALSE
9884958,"gate_40",3,FALSE,FALSE
9885045,"gate_30",44,TRUE,FALSE
9885067,"gate_30",133,TRUE,FALSE
9885126,"gate_40",0,FALSE,FALSE
9885240,"gate_30",219,TRUE,TRUE
9885366,"gate_30",170,TRUE,TRUE
9885460,"gate_40",7,TRUE,FALSE
9885502,"gate_30",140,TRUE,TRUE
9885910,"gate_40",2,FALSE,FALSE
9885977,"gate_30",0,FALSE,FALSE
9886016,"gate_30",1,FALSE,FALSE
9886181,"gate_40",1,TRUE,FALSE
9886257,"gate_40",3,FALSE,FALSE
9886420,"gate_30",98,TRUE,TRUE
9886446,"gate_40",0,FALSE,FALSE
9886452,"gate_40",20,FALSE,FALSE
9886472,"gate_40",0,FALSE,FALSE
9886522,"gate_40",2,FALSE,FALSE
9886714,"gate_40",126,TRUE,TRUE
9886851,"gate_30",134,TRUE,TRUE
9886930,"gate_40",5,FALSE,FALSE
9886944,"gate_30",363,TRUE,TRUE
9886961,"gate_40",153,TRUE,TRUE
9886976,"gate_30",357,TRUE,TRUE
9887088,"gate_40",4,FALSE,FALSE
9887209,"gate_40",54,TRUE,TRUE
9887226,"gate_40",3,FALSE,FALSE
9887422,"gate_30",6,FALSE,FALSE
9887744,"gate_40",60,TRUE,TRUE
9887747,"gate_40",37,FALSE,FALSE
9887808,"gate_40",13,TRUE,FALSE
9887872,"gate_40",35,TRUE,FALSE
9887948,"gate_30",10,FALSE,FALSE
9888362,"gate_40",8,TRUE,FALSE
9888687,"gate_40",7,TRUE,FALSE
9888688,"gate_30",6,FALSE,FALSE
9888689,"gate_30",2,FALSE,FALSE
9888776,"gate_30",67,TRUE,FALSE
9888855,"gate_30",130,TRUE,FALSE
9889030,"gate_30",5,TRUE,FALSE
9889227,"gate_30",3,FALSE,FALSE
9889353,"gate_30",59,TRUE,FALSE
9889540,"gate_40",30,TRUE,FALSE
9889840,"gate_40",7,FALSE,FALSE
9889886,"gate_40",6,TRUE,FALSE
9889904,"gate_30",0,FALSE,FALSE
9890246,"gate_30",1,FALSE,FALSE
9890262,"gate_30",0,FALSE,FALSE
9890284,"gate_40",5,FALSE,FALSE
9890463,"gate_30",1,TRUE,FALSE
9890521,"gate_30",25,TRUE,FALSE
9890565,"gate_40",45,TRUE,FALSE
9891130,"gate_40",176,FALSE,TRUE
9891556,"gate_30",1,FALSE,FALSE
9891560,"gate_40",4,FALSE,FALSE
9891666,"gate_30",10,FALSE,FALSE
9891760,"gate_30",27,TRUE,FALSE
9891917,"gate_30",85,TRUE,FALSE
9891936,"gate_40",2,FALSE,FALSE
9892025,"gate_30",15,FALSE,FALSE
9892067,"gate_40",5,FALSE,FALSE
9892296,"gate_40",8,FALSE,FALSE
9892463,"gate_30",6,FALSE,FALSE
9892608,"gate_30",9,FALSE,FALSE
9892621,"gate_40",14,FALSE,FALSE
9892639,"gate_40",0,FALSE,FALSE
9892697,"gate_30",31,TRUE,FALSE
9892787,"gate_40",12,FALSE,TRUE
9892932,"gate_40",3,FALSE,FALSE
9893172,"gate_30",44,TRUE,FALSE
9893246,"gate_30",13,FALSE,FALSE
9893740,"gate_40",3,FALSE,FALSE
9893792,"gate_30",92,FALSE,FALSE
9893996,"gate_40",31,FALSE,FALSE
9894255,"gate_30",204,TRUE,FALSE
9894367,"gate_30",18,FALSE,FALSE
9894488,"gate_30",0,FALSE,FALSE
9894844,"gate_40",15,FALSE,FALSE
9895032,"gate_30",1,TRUE,FALSE
9895507,"gate_30",31,TRUE,FALSE
9896030,"gate_30",10,FALSE,FALSE
9896244,"gate_40",15,TRUE,FALSE
9896257,"gate_40",7,TRUE,FALSE
9896424,"gate_30",21,FALSE,FALSE
9896428,"gate_40",43,TRUE,FALSE
9896445,"gate_30",9,FALSE,FALSE
9896456,"gate_40",7,FALSE,FALSE
9896465,"gate_40",68,TRUE,TRUE
9896625,"gate_30",163,TRUE,TRUE
9896900,"gate_30",62,FALSE,FALSE
9896934,"gate_30",3,FALSE,FALSE
9897021,"gate_30",36,TRUE,TRUE
9897501,"gate_30",5,FALSE,FALSE
9897527,"gate_30",6,FALSE,FALSE
9897587,"gate_30",35,TRUE,FALSE
9897661,"gate_30",33,TRUE,TRUE
9897664,"gate_30",1,TRUE,FALSE
9897681,"gate_30",2,FALSE,FALSE
9897734,"gate_30",13,FALSE,FALSE
9897745,"gate_30",1,FALSE,FALSE
9897828,"gate_40",5,FALSE,FALSE
9898266,"gate_30",12,FALSE,FALSE
9898475,"gate_40",24,FALSE,FALSE
9898515,"gate_30",0,FALSE,FALSE
9898543,"gate_40",1,FALSE,FALSE
9898684,"gate_40",2,FALSE,FALSE
9898735,"gate_30",21,FALSE,FALSE
9898746,"gate_30",7,FALSE,FALSE
9898751,"gate_30",209,TRUE,TRUE
9898859,"gate_40",1,FALSE,FALSE
9898953,"gate_40",55,TRUE,FALSE
9898970,"gate_30",18,TRUE,TRUE
9899030,"gate_30",7,FALSE,FALSE
9899089,"gate_40",3,FALSE,FALSE
9899258,"gate_40",0,FALSE,FALSE
9899416,"gate_40",21,FALSE,FALSE
9899509,"gate_40",1,TRUE,FALSE
9899615,"gate_40",7,FALSE,FALSE
9899626,"gate_40",75,TRUE,FALSE
9899652,"gate_40",10,TRUE,FALSE
9899737,"gate_30",47,TRUE,FALSE
9899856,"gate_30",26,TRUE,FALSE
9899904,"gate_40",18,TRUE,FALSE
9900192,"gate_30",0,FALSE,FALSE
9900264,"gate_30",225,TRUE,TRUE
9900341,"gate_40",75,FALSE,FALSE
9900450,"gate_30",11,FALSE,FALSE
9900576,"gate_40",19,FALSE,FALSE
9900598,"gate_30",17,FALSE,FALSE
9900712,"gate_40",17,FALSE,FALSE
9900797,"gate_30",27,TRUE,FALSE
9901412,"gate_30",13,FALSE,FALSE
9901438,"gate_30",134,TRUE,FALSE
9901564,"gate_40",391,TRUE,FALSE
9901631,"gate_40",573,TRUE,TRUE
9901822,"gate_40",44,FALSE,TRUE
9901892,"gate_30",24,TRUE,FALSE
9902288,"gate_40",118,TRUE,FALSE
9902581,"gate_40",65,FALSE,FALSE
9902612,"gate_30",19,FALSE,FALSE
9902733,"gate_30",21,TRUE,FALSE
9902890,"gate_40",1,FALSE,FALSE
9902907,"gate_40",7,TRUE,FALSE
9902973,"gate_30",2,FALSE,FALSE
9903092,"gate_40",4,FALSE,FALSE
9903196,"gate_40",50,FALSE,FALSE
9903209,"gate_40",128,TRUE,FALSE
9903217,"gate_30",7,FALSE,FALSE
9903284,"gate_30",38,TRUE,FALSE
9903399,"gate_40",1,FALSE,FALSE
9903539,"gate_40",155,FALSE,FALSE
9903612,"gate_40",546,TRUE,TRUE
9903762,"gate_40",27,TRUE,TRUE
9903812,"gate_30",10,FALSE,FALSE
9903875,"gate_30",14,FALSE,FALSE
9904147,"gate_40",22,TRUE,FALSE
9904377,"gate_30",2,FALSE,FALSE
9904616,"gate_30",1,FALSE,FALSE
9904673,"gate_30",17,TRUE,FALSE
9904726,"gate_40",8,FALSE,FALSE
9904728,"gate_30",8,FALSE,FALSE
9904825,"gate_40",1,TRUE,FALSE
9904927,"gate_30",19,TRUE,FALSE
9904937,"gate_40",0,FALSE,FALSE
9904966,"gate_30",9,FALSE,FALSE
9904970,"gate_40",35,TRUE,FALSE
9905195,"gate_30",0,FALSE,FALSE
9905234,"gate_40",0,FALSE,FALSE
9905289,"gate_40",176,TRUE,FALSE
9905354,"gate_40",38,TRUE,TRUE
9905633,"gate_30",48,TRUE,FALSE
9905648,"gate_30",41,TRUE,FALSE
9905689,"gate_30",22,FALSE,FALSE
9905736,"gate_30",17,FALSE,FALSE
9905805,"gate_40",14,FALSE,FALSE
9906025,"gate_40",7,FALSE,FALSE
9906079,"gate_30",40,TRUE,FALSE
9906163,"gate_30",10,FALSE,FALSE
9906191,"gate_40",15,FALSE,FALSE
9906564,"gate_30",62,TRUE,FALSE
9906876,"gate_30",13,TRUE,FALSE
9907135,"gate_30",4,FALSE,FALSE
9907146,"gate_30",77,FALSE,TRUE
9907274,"gate_40",14,TRUE,FALSE
9907292,"gate_30",6,FALSE,FALSE
9907446,"gate_30",7,FALSE,FALSE
9907593,"gate_30",31,TRUE,TRUE
9907792,"gate_40",8,FALSE,FALSE
9908024,"gate_40",2,FALSE,FALSE
9908108,"gate_30",49,TRUE,TRUE
9908419,"gate_30",3,FALSE,FALSE
9908476,"gate_30",113,TRUE,FALSE
9908503,"gate_40",54,TRUE,FALSE
9908615,"gate_40",8,FALSE,FALSE
9908641,"gate_40",3,FALSE,FALSE
9908765,"gate_30",26,FALSE,FALSE
9908936,"gate_40",3,FALSE,FALSE
9909101,"gate_30",3,FALSE,FALSE
9909133,"gate_40",6,FALSE,FALSE
9909237,"gate_40",29,FALSE,FALSE
9909366,"gate_40",2,FALSE,FALSE
9909395,"gate_30",58,TRUE,FALSE
9909457,"gate_40",10,FALSE,FALSE
9909512,"gate_30",1,FALSE,FALSE
9909652,"gate_40",37,TRUE,FALSE
9909807,"gate_40",10,FALSE,TRUE
9910110,"gate_30",140,FALSE,FALSE
9910155,"gate_40",156,TRUE,TRUE
9910291,"gate_30",24,FALSE,FALSE
9910419,"gate_30",0,FALSE,FALSE
9910535,"gate_40",66,TRUE,FALSE
9910750,"gate_30",43,TRUE,FALSE
9910760,"gate_40",23,TRUE,FALSE
9910855,"gate_40",368,TRUE,TRUE
9910963,"gate_40",77,TRUE,TRUE
9911138,"gate_30",19,FALSE,FALSE
9911172,"gate_30",5,FALSE,FALSE
9911256,"gate_40",36,TRUE,FALSE
9911385,"gate_30",28,TRUE,FALSE
9911421,"gate_30",1,FALSE,FALSE
9911444,"gate_40",7,FALSE,FALSE
9911485,"gate_30",8,FALSE,FALSE
9911623,"gate_40",0,FALSE,FALSE
9911685,"gate_30",46,FALSE,FALSE
9911742,"gate_40",1,FALSE,FALSE
9911943,"gate_40",1,FALSE,FALSE
9912550,"gate_30",1,FALSE,FALSE
9912652,"gate_30",0,FALSE,FALSE
9912940,"gate_40",13,FALSE,FALSE
9913134,"gate_40",22,FALSE,TRUE
9913248,"gate_40",148,TRUE,FALSE
9913304,"gate_40",181,TRUE,TRUE
9913426,"gate_40",94,TRUE,FALSE
9913518,"gate_30",34,TRUE,FALSE
9913530,"gate_30",289,TRUE,TRUE
9913605,"gate_30",150,TRUE,FALSE
9913771,"gate_30",69,TRUE,FALSE
9913818,"gate_40",0,FALSE,FALSE
9913931,"gate_40",86,TRUE,FALSE
9913941,"gate_30",0,FALSE,FALSE
9914064,"gate_40",2,FALSE,FALSE
9914170,"gate_40",9,FALSE,FALSE
9914182,"gate_30",16,FALSE,FALSE
9914247,"gate_40",3,FALSE,FALSE
9914257,"gate_30",15,TRUE,FALSE
9914277,"gate_40",20,TRUE,FALSE
9914852,"gate_30",25,TRUE,FALSE
9915133,"gate_40",27,TRUE,FALSE
9915313,"gate_40",2,FALSE,FALSE
9915321,"gate_30",13,FALSE,FALSE
9915429,"gate_30",3,FALSE,TRUE
9915712,"gate_30",9,FALSE,FALSE
9915753,"gate_30",5,FALSE,FALSE
9915782,"gate_40",6,FALSE,FALSE
9915789,"gate_40",57,TRUE,TRUE
9915839,"gate_40",5,TRUE,FALSE
9915840,"gate_40",0,FALSE,FALSE
9915860,"gate_40",28,TRUE,FALSE
9915882,"gate_40",1,FALSE,FALSE
9916251,"gate_30",0,FALSE,FALSE
9916346,"gate_30",6,TRUE,FALSE
9916540,"gate_40",7,TRUE,FALSE
9916597,"gate_40",218,TRUE,TRUE
9916647,"gate_40",279,FALSE,TRUE
9916774,"gate_30",2,FALSE,FALSE
9916786,"gate_40",4,FALSE,FALSE
9916845,"gate_30",49,TRUE,FALSE
9916853,"gate_30",398,TRUE,TRUE
9916981,"gate_40",7,FALSE,FALSE
9916983,"gate_30",44,TRUE,FALSE
9917151,"gate_30",3,FALSE,FALSE
9917605,"gate_30",0,FALSE,FALSE
9917821,"gate_30",61,TRUE,FALSE
9917917,"gate_30",25,FALSE,FALSE
9917923,"gate_30",18,FALSE,TRUE
9917932,"gate_30",0,FALSE,FALSE
9918007,"gate_30",30,TRUE,FALSE
9918099,"gate_40",56,TRUE,FALSE
9918104,"gate_30",7,FALSE,FALSE
9918331,"gate_30",90,TRUE,TRUE
9918439,"gate_30",16,TRUE,FALSE
9918453,"gate_40",4,FALSE,FALSE
9918520,"gate_30",7,FALSE,TRUE
9918616,"gate_40",65,FALSE,TRUE
9918693,"gate_30",90,TRUE,FALSE
9918706,"gate_30",90,TRUE,FALSE
9918802,"gate_40",62,TRUE,TRUE
9918845,"gate_30",9,TRUE,FALSE
9918871,"gate_40",14,FALSE,FALSE
9918884,"gate_30",49,TRUE,FALSE
9919214,"gate_30",3,FALSE,FALSE
9919290,"gate_40",1,FALSE,FALSE
9919394,"gate_30",44,FALSE,FALSE
9919460,"gate_30",5,FALSE,FALSE
9919705,"gate_40",6,FALSE,FALSE
9920005,"gate_30",13,FALSE,FALSE
9920021,"gate_30",21,FALSE,FALSE
9920072,"gate_30",7,FALSE,FALSE
9920243,"gate_40",122,TRUE,TRUE
9920333,"gate_40",11,FALSE,FALSE
9920471,"gate_40",43,FALSE,FALSE
9920474,"gate_30",5,FALSE,FALSE
9920482,"gate_30",69,TRUE,TRUE
9921146,"gate_30",56,TRUE,FALSE
9921187,"gate_40",37,TRUE,TRUE
9921202,"gate_30",1,FALSE,FALSE
9921397,"gate_40",2,FALSE,FALSE
9921667,"gate_40",95,TRUE,FALSE
9921820,"gate_30",8,FALSE,FALSE
9921862,"gate_30",177,TRUE,FALSE
9921893,"gate_40",8,FALSE,FALSE
9921916,"gate_30",57,TRUE,FALSE
9922036,"gate_40",3,FALSE,FALSE
9922092,"gate_40",19,FALSE,FALSE
9922893,"gate_40",3,FALSE,FALSE
9922970,"gate_40",57,TRUE,FALSE
9923032,"gate_30",38,TRUE,FALSE
9923061,"gate_30",69,TRUE,FALSE
9923164,"gate_40",485,TRUE,TRUE
9923217,"gate_40",13,FALSE,FALSE
9923352,"gate_30",108,TRUE,TRUE
9923360,"gate_30",3,FALSE,FALSE
9923816,"gate_30",70,FALSE,TRUE
9924043,"gate_30",41,TRUE,FALSE
9924099,"gate_40",22,FALSE,FALSE
9924113,"gate_30",4,FALSE,FALSE
9924311,"gate_30",20,TRUE,FALSE
9924426,"gate_40",184,TRUE,TRUE
9924428,"gate_40",102,TRUE,FALSE
9924460,"gate_40",2,FALSE,FALSE
9924465,"gate_30",81,TRUE,FALSE
9924533,"gate_40",16,FALSE,FALSE
9924582,"gate_40",1,FALSE,FALSE
9924857,"gate_30",4,FALSE,FALSE
9925034,"gate_40",8,FALSE,FALSE
9925063,"gate_40",16,FALSE,FALSE
9925095,"gate_40",7,FALSE,FALSE
9925138,"gate_30",3,FALSE,FALSE
9925154,"gate_30",25,TRUE,TRUE
9925377,"gate_40",17,FALSE,FALSE
9925448,"gate_40",90,TRUE,FALSE
9925450,"gate_40",124,TRUE,TRUE
9925452,"gate_40",18,FALSE,FALSE
9925610,"gate_40",3,FALSE,FALSE
9925615,"gate_40",6,FALSE,FALSE
9925629,"gate_30",15,TRUE,TRUE
9925688,"gate_30",12,FALSE,FALSE
9926001,"gate_40",16,FALSE,TRUE
9926080,"gate_40",1,FALSE,FALSE
9926361,"gate_40",56,FALSE,FALSE
9926669,"gate_30",28,TRUE,FALSE
9926701,"gate_40",11,FALSE,FALSE
9926869,"gate_40",176,TRUE,FALSE
9926985,"gate_40",239,TRUE,TRUE
9927030,"gate_40",414,TRUE,TRUE
9927033,"gate_30",263,TRUE,FALSE
9927083,"gate_30",44,TRUE,FALSE
9927218,"gate_40",35,FALSE,FALSE
9927256,"gate_40",3,FALSE,FALSE
9927382,"gate_40",244,TRUE,TRUE
9927445,"gate_30",68,TRUE,FALSE
9927450,"gate_30",10,TRUE,FALSE
9927688,"gate_30",9,FALSE,TRUE
9927795,"gate_30",1,FALSE,FALSE
9928063,"gate_30",90,TRUE,TRUE
9928083,"gate_40",1,TRUE,FALSE
9928231,"gate_40",37,TRUE,FALSE
9928270,"gate_30",2,FALSE,FALSE
9928301,"gate_30",48,TRUE,FALSE
9928342,"gate_30",223,TRUE,TRUE
9928556,"gate_30",9,FALSE,TRUE
9928584,"gate_40",11,FALSE,FALSE
9928622,"gate_30",15,FALSE,FALSE
9928640,"gate_30",80,TRUE,FALSE
9928766,"gate_30",19,TRUE,FALSE
9929089,"gate_40",114,TRUE,TRUE
9929186,"gate_30",7,TRUE,FALSE
9929195,"gate_40",1,FALSE,FALSE
9929331,"gate_30",332,TRUE,TRUE
9929621,"gate_30",11,FALSE,FALSE
9929989,"gate_40",65,TRUE,TRUE
9930011,"gate_30",109,FALSE,TRUE
9930104,"gate_30",8,FALSE,FALSE
9930156,"gate_40",131,FALSE,TRUE
9930222,"gate_30",285,TRUE,TRUE
9930333,"gate_40",34,TRUE,FALSE
9930449,"gate_40",13,FALSE,FALSE
9930672,"gate_30",11,TRUE,FALSE
9930818,"gate_40",7,TRUE,FALSE
9931295,"gate_40",348,TRUE,TRUE
9931317,"gate_30",6,FALSE,FALSE
9931390,"gate_30",99,TRUE,TRUE
9931484,"gate_30",149,TRUE,TRUE
9931509,"gate_40",5,FALSE,FALSE
9931949,"gate_30",0,FALSE,FALSE
9932072,"gate_30",0,FALSE,FALSE
9932289,"gate_40",89,TRUE,TRUE
9932352,"gate_30",5,FALSE,FALSE
9932436,"gate_40",19,FALSE,FALSE
9932507,"gate_30",70,TRUE,FALSE
9932653,"gate_40",2,FALSE,FALSE
9932673,"gate_30",9,FALSE,FALSE
9932734,"gate_30",10,FALSE,FALSE
9932781,"gate_30",1,FALSE,FALSE
9933001,"gate_40",11,FALSE,FALSE
9933082,"gate_30",135,TRUE,TRUE
9933178,"gate_40",5,FALSE,FALSE
9933436,"gate_30",0,FALSE,FALSE
9933569,"gate_40",66,TRUE,FALSE
9933659,"gate_40",178,TRUE,TRUE
9933718,"gate_40",20,FALSE,FALSE
9933791,"gate_30",31,TRUE,FALSE
9933923,"gate_40",40,FALSE,FALSE
9934043,"gate_30",0,FALSE,FALSE
9934166,"gate_40",84,TRUE,FALSE
9934296,"gate_40",235,TRUE,TRUE
9934349,"gate_40",3,FALSE,FALSE
9934493,"gate_40",0,FALSE,FALSE
9934495,"gate_40",1,FALSE,FALSE
9934568,"gate_40",0,FALSE,FALSE
9934773,"gate_30",187,TRUE,FALSE
9934837,"gate_30",232,TRUE,TRUE
9934927,"gate_40",166,TRUE,TRUE
9934999,"gate_40",19,FALSE,FALSE
9935032,"gate_40",36,TRUE,FALSE
9935180,"gate_40",9,TRUE,FALSE
9935215,"gate_40",198,TRUE,TRUE
9935454,"gate_40",96,TRUE,FALSE
9935567,"gate_30",14,FALSE,FALSE
9935728,"gate_30",70,TRUE,TRUE
9935981,"gate_40",8,FALSE,FALSE
9936118,"gate_30",51,TRUE,FALSE
9936321,"gate_40",17,FALSE,FALSE
9936439,"gate_30",4,TRUE,FALSE
9936704,"gate_30",2,FALSE,FALSE
9936742,"gate_40",18,FALSE,FALSE
9936829,"gate_40",3,FALSE,FALSE
9936864,"gate_40",3,FALSE,FALSE
9936884,"gate_30",24,TRUE,FALSE
9936948,"gate_30",115,FALSE,TRUE
9937027,"gate_40",21,FALSE,FALSE
9937066,"gate_40",205,TRUE,TRUE
9937075,"gate_30",22,TRUE,FALSE
9937084,"gate_40",50,TRUE,TRUE
9937101,"gate_40",4,FALSE,FALSE
9937146,"gate_40",39,TRUE,FALSE
9937187,"gate_40",16,FALSE,FALSE
9937405,"gate_30",52,TRUE,FALSE
9937469,"gate_30",60,TRUE,TRUE
9937542,"gate_40",27,TRUE,FALSE
9937781,"gate_40",19,TRUE,FALSE
9937932,"gate_40",11,TRUE,FALSE
9938160,"gate_40",10,TRUE,FALSE
9938256,"gate_30",5,TRUE,FALSE
9938269,"gate_40",27,TRUE,FALSE
9938347,"gate_40",0,FALSE,FALSE
9938725,"gate_40",5,FALSE,FALSE
9938737,"gate_30",2,TRUE,TRUE
9938925,"gate_40",9,FALSE,FALSE
9938980,"gate_40",243,TRUE,TRUE
9939054,"gate_40",14,FALSE,FALSE
9939214,"gate_40",9,FALSE,FALSE
9939578,"gate_30",81,TRUE,TRUE
9939633,"gate_40",96,TRUE,FALSE
9939813,"gate_40",7,TRUE,FALSE
9939879,"gate_30",17,FALSE,FALSE
9940123,"gate_30",62,TRUE,TRUE
9940154,"gate_40",9,TRUE,FALSE
9940277,"gate_40",4,FALSE,FALSE
9940297,"gate_40",105,TRUE,FALSE
9940317,"gate_30",0,FALSE,FALSE
9940569,"gate_30",7,FALSE,FALSE
9940666,"gate_40",3,FALSE,FALSE
9940744,"gate_30",56,TRUE,TRUE
9940747,"gate_30",14,FALSE,FALSE
9940819,"gate_30",7,FALSE,FALSE
9941060,"gate_30",26,TRUE,TRUE
9941128,"gate_30",17,TRUE,FALSE
9941202,"gate_30",5,FALSE,FALSE
9941569,"gate_30",194,TRUE,TRUE
9941625,"gate_30",3,FALSE,FALSE
9941667,"gate_30",4,TRUE,FALSE
9941743,"gate_30",3,FALSE,FALSE
9941781,"gate_40",23,FALSE,TRUE
9941784,"gate_40",27,TRUE,FALSE
9941793,"gate_40",127,FALSE,TRUE
9941847,"gate_40",20,TRUE,FALSE
9941973,"gate_40",1,FALSE,FALSE
9942121,"gate_30",19,TRUE,FALSE
9942246,"gate_40",24,TRUE,FALSE
9942344,"gate_40",2,FALSE,FALSE
9942405,"gate_40",0,FALSE,FALSE
9942527,"gate_30",25,TRUE,FALSE
9942529,"gate_40",11,FALSE,FALSE
9942591,"gate_30",104,TRUE,TRUE
9942652,"gate_40",129,TRUE,TRUE
9942826,"gate_30",88,TRUE,TRUE
9942927,"gate_40",5,FALSE,FALSE
9943022,"gate_30",587,TRUE,TRUE
9943130,"gate_30",44,TRUE,TRUE
9943548,"gate_30",81,FALSE,FALSE
9943578,"gate_40",59,TRUE,TRUE
9943735,"gate_30",8,FALSE,FALSE
9943868,"gate_30",4,FALSE,FALSE
9943898,"gate_40",4,FALSE,FALSE
9943931,"gate_40",33,TRUE,FALSE
9944262,"gate_30",33,TRUE,FALSE
9944291,"gate_40",27,FALSE,FALSE
9944425,"gate_30",23,TRUE,FALSE
9944455,"gate_40",0,FALSE,FALSE
9944539,"gate_30",41,TRUE,FALSE
9944742,"gate_40",1,FALSE,FALSE
9944805,"gate_30",14,FALSE,FALSE
9944816,"gate_40",92,TRUE,TRUE
9944979,"gate_30",15,TRUE,FALSE
9945008,"gate_30",6,FALSE,FALSE
9945088,"gate_30",145,TRUE,FALSE
9945153,"gate_30",186,TRUE,TRUE
9945184,"gate_30",90,TRUE,TRUE
9945220,"gate_30",7,FALSE,FALSE
9945297,"gate_40",10,FALSE,FALSE
9945621,"gate_30",8,FALSE,FALSE
9945650,"gate_30",13,FALSE,FALSE
9945734,"gate_30",1,FALSE,FALSE
9945980,"gate_30",86,FALSE,TRUE
9946181,"gate_30",87,TRUE,TRUE
9946197,"gate_30",6,FALSE,FALSE
9946260,"gate_30",5,TRUE,FALSE
9946361,"gate_30",28,FALSE,FALSE
9946901,"gate_40",4,TRUE,FALSE
9946956,"gate_30",8,FALSE,FALSE
9947028,"gate_40",15,TRUE,FALSE
9947211,"gate_40",23,FALSE,FALSE
9947423,"gate_30",35,FALSE,FALSE
9947592,"gate_40",107,TRUE,FALSE
9947798,"gate_40",84,TRUE,FALSE
9947819,"gate_40",13,FALSE,FALSE
9947987,"gate_30",14,TRUE,FALSE
9948032,"gate_40",4,FALSE,FALSE
9948163,"gate_30",309,TRUE,FALSE
9948221,"gate_40",28,TRUE,FALSE
9948268,"gate_40",25,TRUE,TRUE
9948384,"gate_40",3,FALSE,FALSE
9948409,"gate_30",12,FALSE,FALSE
9949157,"gate_30",23,TRUE,FALSE
9949162,"gate_40",10,FALSE,FALSE
9949170,"gate_30",48,FALSE,FALSE
9949202,"gate_30",111,FALSE,TRUE
9949311,"gate_40",14,TRUE,FALSE
9949385,"gate_30",7,FALSE,FALSE
9949409,"gate_40",13,FALSE,FALSE
9949531,"gate_40",17,TRUE,FALSE
9949586,"gate_30",30,TRUE,TRUE
9949589,"gate_40",708,TRUE,TRUE
9949622,"gate_40",24,TRUE,FALSE
9949709,"gate_40",17,FALSE,FALSE
9949822,"gate_40",4,FALSE,FALSE
9950102,"gate_40",33,FALSE,FALSE
9950111,"gate_30",53,TRUE,FALSE
9950142,"gate_30",56,TRUE,FALSE
9950281,"gate_30",4,FALSE,FALSE
9950448,"gate_30",19,FALSE,FALSE
9950562,"gate_40",2,FALSE,FALSE
9950696,"gate_40",6,FALSE,FALSE
9950957,"gate_30",30,FALSE,FALSE
9950961,"gate_30",3,FALSE,FALSE
9951192,"gate_40",166,TRUE,FALSE
9951653,"gate_40",3,FALSE,FALSE
9951711,"gate_30",83,FALSE,FALSE
9951829,"gate_30",35,FALSE,TRUE
9951945,"gate_40",8,FALSE,FALSE
9952002,"gate_40",0,FALSE,FALSE
9952010,"gate_30",4,FALSE,FALSE
9952208,"gate_40",47,FALSE,TRUE
9952235,"gate_30",2,FALSE,FALSE
9952425,"gate_40",1,FALSE,FALSE
9952470,"gate_40",135,FALSE,FALSE
9952508,"gate_40",2,FALSE,FALSE
9952532,"gate_30",2,FALSE,FALSE
9952650,"gate_30",2,FALSE,FALSE
9952732,"gate_40",25,TRUE,FALSE
9952981,"gate_40",5,TRUE,FALSE
9953008,"gate_40",3,TRUE,FALSE
9953053,"gate_40",110,FALSE,FALSE
9953105,"gate_30",44,FALSE,TRUE
9953130,"gate_40",1,FALSE,FALSE
9953149,"gate_30",0,FALSE,FALSE
9953244,"gate_30",64,TRUE,FALSE
9953337,"gate_40",182,TRUE,FALSE
9953602,"gate_40",124,FALSE,FALSE
9953607,"gate_40",10,FALSE,FALSE
9953671,"gate_40",111,TRUE,TRUE
9953692,"gate_30",0,FALSE,FALSE
9953704,"gate_40",502,TRUE,TRUE
9953857,"gate_40",1,TRUE,FALSE
9953868,"gate_30",70,TRUE,FALSE
9953870,"gate_30",18,FALSE,TRUE
9954069,"gate_40",12,FALSE,FALSE
9954094,"gate_40",1,FALSE,FALSE
9954186,"gate_30",31,TRUE,FALSE
9954560,"gate_30",152,TRUE,TRUE
9954781,"gate_40",34,TRUE,TRUE
9954937,"gate_40",202,TRUE,TRUE
9954971,"gate_40",6,FALSE,FALSE
9955308,"gate_30",2,FALSE,FALSE
9955623,"gate_40",48,TRUE,FALSE
9955779,"gate_40",1,FALSE,FALSE
9955823,"gate_40",39,FALSE,FALSE
9955838,"gate_40",17,TRUE,FALSE
9955887,"gate_30",75,TRUE,FALSE
9956013,"gate_40",342,TRUE,TRUE
9956097,"gate_40",8,TRUE,FALSE
9956570,"gate_30",277,TRUE,TRUE
9956655,"gate_40",17,TRUE,FALSE
9956685,"gate_40",31,FALSE,FALSE
9956726,"gate_30",7,FALSE,TRUE
9956910,"gate_40",3,FALSE,FALSE
9956993,"gate_40",5,FALSE,FALSE
9957054,"gate_30",6,FALSE,FALSE
9957127,"gate_40",20,FALSE,FALSE
9957250,"gate_40",30,FALSE,FALSE
9957499,"gate_30",9,FALSE,FALSE
9957614,"gate_30",5,FALSE,FALSE
9957703,"gate_30",4,FALSE,FALSE
9957843,"gate_40",1,FALSE,FALSE
9957878,"gate_30",211,TRUE,TRUE
9957942,"gate_30",17,FALSE,FALSE
9958199,"gate_40",19,TRUE,FALSE
9958396,"gate_40",87,TRUE,FALSE
9958718,"gate_40",49,TRUE,FALSE
9958799,"gate_40",5,FALSE,FALSE
9959008,"gate_40",11,TRUE,FALSE
9959012,"gate_30",28,FALSE,FALSE
9959297,"gate_30",12,TRUE,FALSE
9959345,"gate_40",3,FALSE,FALSE
9959424,"gate_30",86,TRUE,FALSE
9959433,"gate_30",10,TRUE,FALSE
9959435,"gate_30",44,FALSE,FALSE
9959699,"gate_40",17,FALSE,FALSE
9959907,"gate_30",33,TRUE,FALSE
9960124,"gate_30",23,TRUE,FALSE
9960153,"gate_30",92,TRUE,FALSE
9960167,"gate_40",19,TRUE,TRUE
9960188,"gate_30",67,TRUE,FALSE
9960202,"gate_40",12,FALSE,FALSE
9960240,"gate_30",3,FALSE,FALSE
9960453,"gate_30",1,FALSE,FALSE
9960649,"gate_40",494,TRUE,TRUE
9960686,"gate_30",18,FALSE,FALSE
9960771,"gate_30",4,FALSE,FALSE
9960943,"gate_30",86,TRUE,FALSE
9961055,"gate_40",31,TRUE,FALSE
9961098,"gate_30",1,FALSE,FALSE
9961148,"gate_30",121,FALSE,FALSE
9961150,"gate_40",28,TRUE,TRUE
9961196,"gate_30",15,FALSE,FALSE
9961212,"gate_40",1,FALSE,FALSE
9961315,"gate_40",7,FALSE,FALSE
9961401,"gate_40",3,FALSE,FALSE
9961447,"gate_30",16,FALSE,FALSE
9961549,"gate_30",5,FALSE,FALSE
9961573,"gate_30",1,FALSE,FALSE
9961718,"gate_40",4,FALSE,FALSE
9961771,"gate_40",3,FALSE,FALSE
9961895,"gate_30",17,TRUE,FALSE
9961964,"gate_40",16,TRUE,FALSE
9962069,"gate_30",7,FALSE,FALSE
9962155,"gate_40",11,FALSE,FALSE
9962175,"gate_40",33,TRUE,FALSE
9962208,"gate_30",5,FALSE,FALSE
9962429,"gate_30",0,FALSE,FALSE
9962487,"gate_40",12,FALSE,FALSE
9962512,"gate_40",0,FALSE,FALSE
9962521,"gate_30",4,FALSE,FALSE
9962662,"gate_30",381,TRUE,TRUE
9962783,"gate_40",41,TRUE,FALSE
9962915,"gate_40",15,TRUE,FALSE
9963019,"gate_40",39,TRUE,FALSE
9963148,"gate_40",49,TRUE,TRUE
9963178,"gate_30",44,TRUE,FALSE
9963393,"gate_40",2,FALSE,FALSE
9963435,"gate_40",31,TRUE,FALSE
9963527,"gate_40",20,FALSE,FALSE
9963603,"gate_30",0,FALSE,FALSE
9963619,"gate_40",1,FALSE,FALSE
9963838,"gate_40",31,TRUE,FALSE
9964017,"gate_30",65,TRUE,FALSE
9964085,"gate_40",1,FALSE,FALSE
9964194,"gate_30",47,TRUE,FALSE
9964206,"gate_40",23,FALSE,FALSE
9964233,"gate_30",154,TRUE,TRUE
9964381,"gate_40",3,FALSE,FALSE
9964424,"gate_30",7,TRUE,FALSE
9964519,"gate_30",3,FALSE,FALSE
9964647,"gate_40",27,FALSE,FALSE
9964709,"gate_40",8,FALSE,FALSE
9964751,"gate_30",6,FALSE,FALSE
9964819,"gate_40",22,TRUE,TRUE
9964866,"gate_30",15,FALSE,FALSE
9964897,"gate_30",62,TRUE,FALSE
9965139,"gate_30",48,TRUE,FALSE
9965169,"gate_40",226,TRUE,FALSE
9965238,"gate_40",24,FALSE,FALSE
9965307,"gate_30",45,FALSE,TRUE
9965378,"gate_40",21,FALSE,FALSE
9965414,"gate_30",0,FALSE,FALSE
9965423,"gate_40",5,FALSE,FALSE
9965428,"gate_30",119,FALSE,FALSE
9965640,"gate_30",2,FALSE,FALSE
9965728,"gate_40",4,FALSE,FALSE
9965844,"gate_30",2,TRUE,FALSE
9965923,"gate_40",229,TRUE,TRUE
9966079,"gate_40",0,FALSE,FALSE
9966296,"gate_40",1,FALSE,FALSE
9966395,"gate_30",18,TRUE,FALSE
9966412,"gate_40",3,FALSE,FALSE
9966458,"gate_30",14,FALSE,FALSE
9966523,"gate_30",76,TRUE,FALSE
9966592,"gate_40",0,FALSE,FALSE
9966745,"gate_30",14,TRUE,FALSE
9966786,"gate_40",136,TRUE,FALSE
9966921,"gate_40",1,FALSE,FALSE
9966947,"gate_30",76,FALSE,FALSE
9966977,"gate_40",0,FALSE,FALSE
9967003,"gate_30",16,FALSE,FALSE
9967192,"gate_30",7,FALSE,FALSE
9967208,"gate_40",21,FALSE,FALSE
9967290,"gate_40",17,FALSE,FALSE
9967351,"gate_30",27,FALSE,FALSE
9967362,"gate_40",3,FALSE,FALSE
9967430,"gate_40",13,FALSE,FALSE
9967532,"gate_40",48,TRUE,FALSE
9967612,"gate_40",71,TRUE,FALSE
9967625,"gate_40",26,FALSE,FALSE
9967953,"gate_30",5,FALSE,FALSE
9968060,"gate_30",18,TRUE,FALSE
9968196,"gate_40",442,TRUE,TRUE
9968371,"gate_40",22,FALSE,FALSE
9968442,"gate_30",7,FALSE,FALSE
9968478,"gate_40",3,FALSE,FALSE
9968560,"gate_40",113,TRUE,FALSE
9968698,"gate_30",496,TRUE,TRUE
9968748,"gate_40",1,FALSE,FALSE
9968879,"gate_30",7,FALSE,FALSE
9968977,"gate_40",13,FALSE,FALSE
9969142,"gate_30",52,TRUE,TRUE
9969379,"gate_40",5,FALSE,FALSE
9969405,"gate_40",84,TRUE,TRUE
9969542,"gate_40",6,TRUE,FALSE
9969645,"gate_40",0,FALSE,FALSE
9969675,"gate_40",1,FALSE,FALSE
9970281,"gate_30",32,FALSE,FALSE
9970517,"gate_30",0,FALSE,FALSE
9970608,"gate_40",1,FALSE,FALSE
9970873,"gate_40",219,TRUE,TRUE
9971042,"gate_30",892,TRUE,TRUE
9971050,"gate_40",11,FALSE,FALSE
9971122,"gate_40",4,FALSE,FALSE
9971214,"gate_40",255,TRUE,FALSE
9971252,"gate_30",9,FALSE,FALSE
9971279,"gate_40",14,FALSE,FALSE
9971333,"gate_30",52,FALSE,FALSE
9971555,"gate_30",46,FALSE,FALSE
9971758,"gate_40",76,TRUE,FALSE
9971767,"gate_40",15,FALSE,FALSE
9971778,"gate_30",44,FALSE,FALSE
9971944,"gate_30",33,TRUE,FALSE
9972050,"gate_30",33,TRUE,FALSE
9972294,"gate_30",150,TRUE,FALSE
9972358,"gate_30",22,FALSE,FALSE
9972446,"gate_30",25,TRUE,FALSE
9972460,"gate_30",2,FALSE,FALSE
9972756,"gate_40",25,TRUE,FALSE
9972779,"gate_40",7,FALSE,FALSE
9972836,"gate_40",13,TRUE,FALSE
9973045,"gate_40",2,FALSE,FALSE
9973240,"gate_40",36,FALSE,FALSE
9973342,"gate_40",2,FALSE,FALSE
9973460,"gate_30",5,TRUE,FALSE
9973480,"gate_30",1,FALSE,FALSE
9973528,"gate_30",1,FALSE,FALSE
9973666,"gate_30",27,FALSE,FALSE
9973876,"gate_30",3,FALSE,FALSE
9974017,"gate_40",125,TRUE,FALSE
9974025,"gate_30",64,FALSE,FALSE
9974108,"gate_40",9,FALSE,FALSE
9974160,"gate_30",4,FALSE,FALSE
9974169,"gate_40",103,TRUE,FALSE
9974260,"gate_40",3,FALSE,FALSE
9974349,"gate_40",19,FALSE,FALSE
9974373,"gate_30",13,FALSE,FALSE
9974459,"gate_30",2,FALSE,FALSE
9974512,"gate_40",102,TRUE,FALSE
9974687,"gate_40",16,TRUE,FALSE
9974739,"gate_40",3,FALSE,FALSE
9974942,"gate_40",17,FALSE,FALSE
9974954,"gate_40",12,FALSE,FALSE
9974993,"gate_30",55,TRUE,FALSE
9975004,"gate_30",13,FALSE,FALSE
9975020,"gate_40",19,FALSE,TRUE
9975091,"gate_40",6,FALSE,FALSE
9975174,"gate_30",26,FALSE,TRUE
9975248,"gate_40",100,TRUE,FALSE
9975306,"gate_40",2,FALSE,FALSE
9975350,"gate_40",34,FALSE,FALSE
9975455,"gate_30",341,TRUE,TRUE
9975527,"gate_40",73,TRUE,TRUE
9975534,"gate_30",21,TRUE,FALSE
9975562,"gate_40",35,TRUE,FALSE
9975697,"gate_40",5,FALSE,FALSE
9975925,"gate_30",17,TRUE,FALSE
9975994,"gate_30",270,TRUE,TRUE
9976000,"gate_30",132,TRUE,TRUE
9976037,"gate_30",20,FALSE,FALSE
9976045,"gate_30",15,FALSE,FALSE
9976142,"gate_40",69,TRUE,FALSE
9976223,"gate_40",15,FALSE,FALSE
9976296,"gate_40",6,FALSE,FALSE
9976431,"gate_40",10,FALSE,FALSE
9976508,"gate_40",149,TRUE,FALSE
9976720,"gate_30",7,FALSE,FALSE
9976968,"gate_30",3,TRUE,FALSE
9977015,"gate_40",5,FALSE,FALSE
9977064,"gate_40",8,FALSE,FALSE
9977067,"gate_40",296,TRUE,TRUE
9977191,"gate_40",36,TRUE,FALSE
9977224,"gate_30",4,FALSE,FALSE
9977405,"gate_40",23,FALSE,FALSE
9977493,"gate_30",2,FALSE,FALSE
9977639,"gate_30",41,TRUE,TRUE
9977676,"gate_40",2,FALSE,FALSE
9977773,"gate_40",20,FALSE,FALSE
9978116,"gate_40",31,TRUE,FALSE
9978266,"gate_30",4,FALSE,FALSE
9978418,"gate_40",16,FALSE,FALSE
9978444,"gate_40",82,TRUE,FALSE
9978492,"gate_30",1,FALSE,FALSE
9978648,"gate_30",3,FALSE,FALSE
9978972,"gate_40",3,FALSE,FALSE
9978973,"gate_40",27,FALSE,FALSE
9979052,"gate_30",20,TRUE,FALSE
9979148,"gate_40",0,TRUE,FALSE
9979214,"gate_40",13,FALSE,FALSE
9979330,"gate_40",29,TRUE,FALSE
9979349,"gate_30",23,FALSE,FALSE
9979373,"gate_40",108,TRUE,TRUE
9979558,"gate_40",22,TRUE,FALSE
9979720,"gate_30",183,TRUE,TRUE
9979964,"gate_30",3,FALSE,FALSE
9979999,"gate_40",35,TRUE,FALSE
9980011,"gate_40",164,TRUE,TRUE
9980080,"gate_30",438,TRUE,TRUE
9980212,"gate_40",15,TRUE,FALSE
9980378,"gate_30",3,FALSE,FALSE
9980511,"gate_30",248,TRUE,TRUE
9980600,"gate_40",129,TRUE,FALSE
9980675,"gate_40",7,FALSE,FALSE
9980746,"gate_40",14,FALSE,FALSE
9980958,"gate_40",114,TRUE,FALSE
9981047,"gate_40",141,TRUE,TRUE
9981068,"gate_40",131,TRUE,FALSE
9981101,"gate_30",6,TRUE,FALSE
9981348,"gate_30",0,FALSE,FALSE
9981384,"gate_40",9,FALSE,FALSE
9981421,"gate_40",317,TRUE,TRUE
9981465,"gate_40",149,TRUE,TRUE
9981544,"gate_30",24,FALSE,FALSE
9981794,"gate_40",1,FALSE,FALSE
9981866,"gate_30",0,FALSE,FALSE
9981969,"gate_30",13,TRUE,FALSE
9981998,"gate_30",9,FALSE,FALSE
9982278,"gate_30",25,TRUE,FALSE
9982377,"gate_40",5,FALSE,FALSE
9982451,"gate_40",3,FALSE,FALSE
9982470,"gate_40",44,TRUE,FALSE
9982565,"gate_30",27,FALSE,FALSE
9982592,"gate_40",51,TRUE,FALSE
9982710,"gate_30",109,TRUE,TRUE
9982773,"gate_30",1,FALSE,TRUE
9983025,"gate_30",11,FALSE,FALSE
9983040,"gate_30",137,FALSE,TRUE
9983273,"gate_30",18,TRUE,FALSE
9983520,"gate_40",46,TRUE,FALSE
9983691,"gate_40",10,FALSE,FALSE
9983936,"gate_40",1,FALSE,FALSE
9984218,"gate_30",1,FALSE,FALSE
9984296,"gate_40",2,FALSE,FALSE
9984616,"gate_30",7,FALSE,FALSE
9984766,"gate_30",16,TRUE,FALSE
9985255,"gate_30",85,TRUE,FALSE
9985288,"gate_30",25,TRUE,FALSE
9985292,"gate_40",58,TRUE,FALSE
9985312,"gate_30",8,FALSE,FALSE
9985460,"gate_40",81,TRUE,TRUE
9985529,"gate_30",13,FALSE,FALSE
9985561,"gate_40",90,TRUE,FALSE
9985662,"gate_40",2,FALSE,FALSE
9985832,"gate_40",10,FALSE,FALSE
9985860,"gate_40",24,FALSE,FALSE
9985899,"gate_30",0,FALSE,FALSE
9986070,"gate_40",42,TRUE,FALSE
9986185,"gate_30",0,FALSE,FALSE
9986230,"gate_30",23,TRUE,FALSE
9986235,"gate_30",146,TRUE,FALSE
9986250,"gate_30",2,FALSE,FALSE
9986314,"gate_30",72,TRUE,FALSE
9986552,"gate_40",2,FALSE,FALSE
9986579,"gate_30",100,TRUE,TRUE
9986582,"gate_40",298,FALSE,FALSE
9986609,"gate_30",34,TRUE,FALSE
9986622,"gate_40",5,FALSE,FALSE
9986903,"gate_40",5,TRUE,FALSE
9986962,"gate_30",4,TRUE,FALSE
9987117,"gate_30",8,TRUE,FALSE
9987258,"gate_30",13,FALSE,FALSE
9987268,"gate_30",2,FALSE,FALSE
9987287,"gate_30",55,TRUE,TRUE
9987299,"gate_40",4,FALSE,FALSE
9987301,"gate_40",45,TRUE,FALSE
9987363,"gate_40",7,FALSE,FALSE
9987502,"gate_30",14,TRUE,FALSE
9987607,"gate_40",17,TRUE,FALSE
9987669,"gate_30",151,TRUE,TRUE
9987915,"gate_40",63,TRUE,FALSE
9987940,"gate_40",2,FALSE,FALSE
9988059,"gate_40",76,TRUE,FALSE
9988170,"gate_30",34,FALSE,FALSE
9988600,"gate_40",0,FALSE,FALSE
9988650,"gate_40",1,FALSE,FALSE
9988747,"gate_30",20,TRUE,FALSE
9988827,"gate_30",119,TRUE,FALSE
9988907,"gate_30",8,FALSE,FALSE
9989059,"gate_30",1,FALSE,FALSE
9989060,"gate_40",9,TRUE,FALSE
9989079,"gate_40",4,FALSE,FALSE
9989316,"gate_40",3,FALSE,FALSE
9989376,"gate_40",17,TRUE,FALSE
9989465,"gate_30",10,FALSE,FALSE
9989681,"gate_40",5,FALSE,FALSE
9989923,"gate_40",19,FALSE,FALSE
9989930,"gate_30",1,FALSE,FALSE
9989991,"gate_40",1,FALSE,FALSE
9989993,"gate_40",45,TRUE,FALSE
9990089,"gate_40",6,FALSE,FALSE
9990140,"gate_30",1,FALSE,FALSE
9990200,"gate_30",8,FALSE,FALSE
9990326,"gate_40",2,TRUE,FALSE
9990474,"gate_30",34,FALSE,FALSE
9990555,"gate_30",13,FALSE,FALSE
9990636,"gate_40",569,TRUE,TRUE
9990773,"gate_30",0,FALSE,FALSE
9990782,"gate_40",6,TRUE,FALSE
9990828,"gate_40",2,FALSE,FALSE
9990952,"gate_40",9,FALSE,FALSE
9991030,"gate_30",4,FALSE,FALSE
9991145,"gate_30",328,TRUE,TRUE
9991175,"gate_30",9,TRUE,FALSE
9991347,"gate_30",86,TRUE,FALSE
9991376,"gate_40",11,TRUE,FALSE
9991408,"gate_40",186,TRUE,TRUE
9991477,"gate_30",37,TRUE,FALSE
9991540,"gate_30",117,TRUE,TRUE
9991564,"gate_40",3,FALSE,FALSE
9991628,"gate_30",45,FALSE,FALSE
9991708,"gate_40",5,FALSE,FALSE
9991765,"gate_40",58,FALSE,FALSE
9991771,"gate_30",7,FALSE,FALSE
9991830,"gate_40",4,FALSE,FALSE
9991949,"gate_30",191,TRUE,TRUE
9991965,"gate_30",71,FALSE,FALSE
9992503,"gate_40",21,TRUE,FALSE
9993228,"gate_30",3,FALSE,FALSE
9993282,"gate_40",13,FALSE,FALSE
9993614,"gate_40",66,TRUE,FALSE
9993877,"gate_30",13,FALSE,FALSE
9993893,"gate_40",3,FALSE,FALSE
9993937,"gate_40",23,TRUE,FALSE
9994108,"gate_30",25,FALSE,FALSE
9994151,"gate_30",18,FALSE,FALSE
9994184,"gate_40",11,FALSE,FALSE
9994217,"gate_30",19,FALSE,FALSE
9994604,"gate_30",0,FALSE,FALSE
9994647,"gate_40",1,FALSE,FALSE
9995246,"gate_40",1,FALSE,FALSE
9995412,"gate_40",253,TRUE,TRUE
9995500,"gate_30",51,TRUE,FALSE
9995551,"gate_40",4,FALSE,FALSE
9995638,"gate_30",67,TRUE,FALSE
9995985,"gate_40",15,FALSE,FALSE
9996018,"gate_40",17,FALSE,FALSE
9996093,"gate_40",23,FALSE,TRUE
9996140,"gate_40",17,FALSE,FALSE
9996172,"gate_30",14,FALSE,FALSE
9996209,"gate_40",40,TRUE,FALSE
9996269,"gate_30",143,FALSE,FALSE
9996426,"gate_30",5,TRUE,FALSE
9996480,"gate_40",4,FALSE,FALSE
9996688,"gate_30",83,TRUE,TRUE
9996750,"gate_30",48,TRUE,FALSE
9996935,"gate_30",35,FALSE,TRUE
9996999,"gate_30",3,FALSE,FALSE
9997037,"gate_40",44,FALSE,FALSE
9997049,"gate_30",7,FALSE,FALSE
9997628,"gate_40",3,FALSE,FALSE
9997747,"gate_30",14,FALSE,FALSE
9997757,"gate_30",84,TRUE,FALSE
9997864,"gate_30",14,FALSE,FALSE
9997873,"gate_40",6,FALSE,FALSE
9997928,"gate_30",2,FALSE,FALSE
9998125,"gate_30",30,FALSE,FALSE
9998285,"gate_30",0,FALSE,FALSE
9998376,"gate_40",53,FALSE,FALSE
9998555,"gate_40",32,FALSE,FALSE
9998576,"gate_30",14,TRUE,FALSE
9998623,"gate_30",7,FALSE,FALSE
9998733,"gate_40",10,TRUE,FALSE
9999178,"gate_30",21,TRUE,FALSE
9999349,"gate_30",10,FALSE,FALSE
9999441,"gate_40",97,TRUE,FALSE
9999479,"gate_40",30,FALSE,FALSE
9999710,"gate_30",28,TRUE,FALSE
9999768,"gate_40",51,TRUE,FALSE
9999861,"gate_40",16,FALSE,FALSE
